0.6226768023813988
0.600519747357796
0.5928106350026374
0.6278041948173918
0.6197415353855769
0.6202290683061553
0.6248731716334409
0.610367244784282
0.6177260591752476
0.6199184470984348
0.6137773016774944
0.6092820312617641
0.6307152057552246
0.6404514213342661
0.6106155145949765
0.6142730949706837
0.612362343420728
0.5884236453205693
0.5903555679178625
0.5928031120728366
0.5928295952201281
0.5857617617614121
0.5956284465921586
0.5903904697143619
0.6006945575621896
0.6144514067768111
0.6037186813889126
0.6114009803416828
0.6037422691701699
0.6130828180317266
0.5947534257614796
0.5892519094463217
0.5981031612511905
0.5837914971233089
0.6028924329103662
0.6034730534127369
0.5819816139672476
0.5752639431478891
0.5859369394736287
0.5876917023173323
0.5806375123045342
0.5873098040322687
0.5997721517401523
0.6204635151195036
0.6216081033842259
0.6103121369864294
0.587572250471027
0.5741013621117066
0.5772238083684874
0.5654786726346875
0.5695569297147123
0.5985021332263413
0.5944283596638518
0.6001029546793489
0.5971389572668815
0.5981880354391133
0.5970179291467352
0.6010616186073933
0.5901716147190932
0.5772063924664244
0.5755647726453482
0.5608869314271763
0.5434645874112737
0.52910998093781
0.5233249565028985
0.5413908063351668
0.5249711765782794
0.5379474107338637
0.561966048474201
0.5715926627078165
0.5767820017590389
0.5845258348594484
0.6027048762014331
0.5944242564262228
0.6068360570944028
0.6183010053116037
0.6199972840204079
0.6226078469851934
0.6142392255369745
0.6039077960331899
0.6092339513112852
0.5993657189875222
0.5995698757323864
0.5582384818791645
0.5148779517840886
0.5340310266535865
0.5463834803662816
0.5667014183245377
0.5825757137602336
0.5678138396946008
0.569759000541981
0.5685929599352623
0.5579788653751743
0.542531810521815
0.5321533009836722
0.5273949349135583
0.5117696635105998
0.513293871982976
0.5113243785735705
0.5172881848397793
0.5002760722825141
0.4891803807911245
0.49323394725241826
0.4883510140848271
0.4807997463394519
0.450572957445061
0.4724071082794961
0.4926449183652013
0.4996330053272858
0.5160528056269764
0.5201154746612914
0.5208186551153499
0.5316768552999616
0.526731028537645
0.533333493964049
0.5318927990890715
0.5488998971740128
0.5535194185052512
0.5570628564429957
0.5519043015087084
0.5267607999534052
0.5247662680504764
0.504953111413191
0.5042270944082831
0.5064201337334902
0.5036736841172085
0.5077151058872998
0.5224077173684691
0.5275956670939118
0.529546927497264
0.5445420747992297
0.5432244677061502
0.535053678164649
0.5389942820908098
0.5215181485119471
0.520136807227908
0.5228728090545895
0.5151416787140124
0.5239767612545051
0.5039069960887306
0.4974488233134148
0.48820956590291453
0.4835257412478324
0.4755012504669959
0.44211634465823324
0.4686743279900295
0.48439362986478807
0.49852615840122794
0.496550482327806
0.49003928404220637
0.5069301792438012
0.5045477282034526
0.4917816383200337
0.4794778354842059
0.5103210768812134
0.5150058851917635
0.5327344393339898
0.5328426248403213
0.5315474958455165
0.5188746417970246
0.5256393055638977
0.523430730043621
0.5105846235479685
0.4987811849290504
0.4991076968317081
0.4820066880445863
0.5057371044195893
0.5211374019092372
0.5256410769094475
0.5364145693066855
0.5262959389119142
0.539166985835478
0.549197690948009
0.555577009519016
0.5613246928666973
0.5702809266893074
0.5570620538241021
0.5641317303709489
0.5587901962968115
0.5560272282888754
0.5513671571608609
0.541485025655744
0.5542293937103087
0.5517427077336019
0.5291014421638626
0.5378503671846634
0.5297819639806269
0.5300394182574585
0.5146587435815471
0.5128907972171306
0.5112798943412722
0.49724556695166583
0.49334335039353183
0.48246146993968
0.48950925482939894
0.46580473548682055
0.46840567129117827
0.46032491062429876
0.45645258401656513
0.4577570026535988
0.4510997674867235
0.440832341879267
0.4378932974129143
0.4322557314537682
0.4412533822611763
0.437832452155007
0.451955148222953
0.4516089673721838
0.4336242877383729
0.4490301140662603
0.443461100322775
0.4461051248334541
0.4513938225682516
0.44602161782790306
0.4515015028038062
0.43062302627877647
0.4488419515048917
0.42480271959378335
0.42594366597486827
0.4126859519854877
0.4195058578077707
0.4207029882859195
0.4053916276563602
0.41449649404077465
0.3957974743395663
0.3936444548193682
0.3701578784203886
0.3780017517965045
0.3818895547300401
0.3670785280978729
0.37396774728080945
0.3611120075854385
0.37615409795676225
0.37048209001041416
0.37152079554696754
0.3753708258368894
0.39463839891020386
0.3839839686166185
0.3759691299626229
0.380481543727593
0.39074022867048996
0.4105388611585567
0.3844239058216265
0.39829514134124955
0.39466089835316615
0.40701328637455303
0.4125120505084705
0.4106129670499254
0.4154812318356953
0.4096898438311304
0.4100795299375492
0.4228616469830896
0.41783865938736103
0.3920373776797494
