0.8495061005475975
0.8072714979116499
0.7911623316870303
0.8387030158560289
0.8236530066696013
0.84674356331492
0.8458364930849697
0.8418970793451641
0.8469285282632208
0.8461064282053028
0.8423054311224734
0.8390466816952452
0.8525885136383887
0.8537975488715048
0.8119445465256345
0.8186347012027104
0.8083737678441288
0.8040718922217726
0.8307326782815802
0.8340275738101461
0.8177321510873251
0.8054381079833594
0.8162479434669371
0.828969960117908
0.8142421821675236
0.8270814218847163
0.8246834051941692
0.8253091342883921
0.8541193522831806
0.8552665113844086
0.8177436984947964
0.7885525961550194
0.8022354246095078
0.8137390352373092
0.8231305150352299
0.8246511950077909
0.8210757042605047
0.8051569583125511
0.805208991465885
0.8031547654804925
0.829479027112531
0.8528761232199604
0.8490328500537871
0.8598892989268072
0.8555809885414
0.8447922182503934
0.8424775705050419
0.8153184319801559
0.8067795316086247
0.7993776481280986
0.80095527913618
0.8044740076849252
0.7943521595200996
0.8128895949331071
0.8180748952743427
0.8227079188430855
0.7975669164177579
0.7995426878915763
0.8050340909365727
0.8091228668526198
0.797450134008533
0.7963591346645239
0.7801401044169839
0.7612828528910924
0.7575184845142251
0.7721142817818174
0.7834860879021422
0.7869663554620027
0.8017436214744125
0.795284479544421
0.8012230800685758
0.8100134538763236
0.8117781575412882
0.8200478140413787
0.8347690870397502
0.8490551397699976
0.8480644525143418
0.8615258921669323
0.8656596532197105
0.8471825159819764
0.8571187150846001
0.8390921658160958
0.819063026587633
0.8043259548889901
0.7721063694257844
0.7666992825424734
0.7821969592770859
0.7945273818943283
0.8228223984888602
0.7945096803806471
0.8036022833066099
0.7794161155356604
0.7747993152715075
0.7916837345922901
0.777005167027282
0.7676032806327728
0.7525119594111476
0.7637479718815944
0.7731706211054624
0.7665930435925807
0.7509286472325808
0.730966826278181
0.7025097494741009
0.6995629107340045
0.6981513569206375
0.6882240692382428
0.7217443432368974
0.6856169231140552
0.7331511546172325
0.7531212008788196
0.7453436017616176
0.7577490477019516
0.7607090123335283
0.7636270691184911
0.7738801635941293
0.7703597775109666
0.7765564213704714
0.7962145958198947
0.8050696466223284
0.7960276991040653
0.7914772934578714
0.7776234687944121
0.7649593341700015
0.7648595600928393
0.765062019925704
0.7568745795071086
0.7733282292822283
0.7697493532834221
0.7788946858210817
0.7796320236330391
0.7722287113082135
0.7687871848643045
0.7626103213189916
0.7730637283184165
0.7619693251111587
0.7692630640802242
0.7736609129030912
0.772598897654342
0.7597668135235526
0.7595244266644358
0.7653720380334053
0.7513666257001008
0.7402478913267014
0.7141433093113113
0.7251678609452208
0.7375496119669865
0.7528894394810014
0.756671710382869
0.7695879804536382
0.7749777517922413
0.7830448584032178
0.780709530184319
0.7785214661592516
0.7816226565655646
0.7825432481455178
0.7921097788209264
0.787045423503361
0.7746416058035205
0.7830271983843692
0.7870065441836905
0.7835408283009893
0.7688797095950237
0.7757906252057231
0.7626581081204974
0.7607268921303199
0.7466425038558607
0.7398502580278357
0.7450848303987441
0.7556109562682279
0.7643801288802426
0.762168790875607
0.781490807008769
0.7769958750404616
0.7874363290285531
0.7984871796127097
0.8056067856067819
0.7901854208182257
0.7852062824381436
0.7945350180542131
0.7929041137092251
0.7915769516208125
0.7787015373451367
0.7699988536659659
0.7730029055096016
0.7696922513859049
0.7622320768856113
0.764194721763281
0.7567171478651687
0.7412133645369318
0.7397509330106292
0.7272986587052415
0.7368028311717915
0.7051542352379626
0.6963446743559506
0.6804443157668569
0.6673696834937382
0.6540010281560887
0.6594735392113977
0.6706574604043685
0.6884003816755871
0.6899566682874304
0.7019286446546436
0.6936550955507873
0.6907174486757881
0.6767984013959123
0.6846069127324242
0.6818791024635982
0.6592028908660773
0.6486230512394063
0.6821519100123256
0.651038396061043
0.6473031301138157
0.64959907350465
0.6166895044365575
0.6287704762746155
0.6176582498909174
0.6092667162450569
0.6117032169102237
0.5875980881825692
0.5814300422059339
0.6343756994587875
0.6774737327937326
0.6424332667167129
0.6650659259754959
0.6489915397591759
0.6469870407563367
0.6562479141027853
0.6512331592249719
0.6534605292415476
0.6677301971680274
0.6706839495680288
0.6730057865582487
0.6726660541923154
0.6719669946776559
0.6872474984999458
0.6845579245276605
0.682996562843811
0.6877743006351047
0.6946585522530065
0.6936045852262468
0.7189741533090405
0.6937395945555812
0.7070260497988672
0.7105646320157127
0.7001770168574591
0.7155865666568126
0.7143285547013655
0.7049192883653966
0.7117635979617276
0.7068038967252309
0.7160663801446259
0.7278251667020261
0.7281648421519639
0.7164112308810948
