1.3400028567286686
1.3338108635754975
1.317012070774498
1.360562750077032
1.3518001644916164
1.3541778539314617
1.351172972481604
1.3338508824299418
1.3360813483616427
1.349013602084489
1.35171441205531
1.3397555304673252
1.3564270785863826
1.3648841713386701
1.3295774935377456
1.3229802964469626
1.3217295260135824
1.3059007367481787
1.3254633835752352
1.329083548701465
1.316080563422587
1.2908292936694312
1.299570406685341
1.3012994574423913
1.2929684435499917
1.3111775901277465
1.3129732443604887
1.3129281086143627
1.324370708457263
1.3416552602716356
1.3183870982113919
1.3064052200765017
1.3001961674790352
1.2996911860647926
1.3310559204163583
1.3199840750703313
1.3068046615254603
1.279050133311728
1.2607867836678124
1.2539629792825646
1.25384430441674
1.287007297202514
1.3093720137648024
1.317618636395149
1.321540643919154
1.2970647076332305
1.308738627663875
1.3047235372462478
1.2938353589487548
1.2379367450481265
1.2505488329440977
1.2557273339059265
1.244993949937281
1.2553330082394132
1.2612585746632832
1.2674674938511694
1.2634958975401496
1.2631192976653645
1.2637213188434946
1.2594720290159842
1.2625976166986541
1.2323252214521092
1.2132276407075153
1.193914711711859
1.1562613004756712
1.1199985810442203
1.1910070648724898
1.2174072971196643
1.2411520841305548
1.2628642940141737
1.2728748269168606
1.2683398310009464
1.2922567608700741
1.290056257036385
1.3038212384240662
1.3170482554725051
1.301305131253112
1.3054746216351814
1.308479062846328
1.2999028876305965
1.302964851213946
1.2879865385773441
1.2547424098251674
1.2277694054924781
1.1844600683028883
1.2069246135696852
1.2268238694865456
1.240538933460249
1.2624903032811252
1.2495639205023998
1.248935750883566
1.2464456244520594
1.2415089042550669
1.2191225717633827
1.1973617790610258
1.1737554004782433
1.1691350949052923
1.1759219943916142
1.16857522149036
1.1609858091908365
1.156661835595055
1.1569538356987925
1.1461430311168428
1.1430281973996275
1.1484887333990002
1.1473798400577568
1.1524045218244618
1.1674098218131972
1.1901932010774228
1.1951232408227082
1.201618418603087
1.2047959494607998
1.216238629079052
1.2269405184609805
1.214226002465754
1.233963605164693
1.2441021362984528
1.2423795818331638
1.2398684147683479
1.2263740253977555
1.2168074428992255
1.1842210653222656
1.1933431653616309
1.1809626312497885
1.1879946487940007
1.1954978181525309
1.2033683091397962
1.2094192329389852
1.2083310112895476
1.2087582099100387
1.2139275108587173
1.2063012147146839
1.1963561689334243
1.2045187587429433
1.1914274805570317
1.1820007551679428
1.1785141076587302
1.1767230702342715
1.1690340383921218
1.1599816684323963
1.175932198421311
1.1628170868006267
1.1441418422449208
1.1301060514290167
1.135824268649335
1.1556771049300936
1.1809919394710753
1.1925773456507447
1.1878613341699273
1.1875426875753468
1.183688845634951
1.1830597372320977
1.1913368171363887
1.208421103026944
1.2189463761004202
1.2211889420606632
1.2166182222237938
1.2099895806882968
1.1910529386247006
1.1924885607961555
1.1886475370365555
1.1899999135054056
1.1872996388313033
1.1944908552481768
1.1837435220392192
1.1866272867097958
1.194029578479156
1.1957828722297115
1.1985860996017392
1.2019350067551742
1.2149041550821906
1.2092979139490343
1.220432148778947
1.2210664021040483
1.2294035593269124
1.226052070997023
1.2163433674458493
1.2267143155269638
1.2307092178824302
1.2336632180652956
1.216545476828954
1.2208391260149998
1.2223962883515256
1.2233941766465857
1.2231688953827862
1.204399717166938
1.207745152828176
1.1911816820156091
1.1681468348929218
1.1703870203319973
1.1685161954460777
1.171359860086359
1.1513815993951964
1.1496878506371575
1.1551584261673449
1.1522899306779124
1.1520142454392135
1.1552528582222035
1.1706203296798543
1.1593942190131628
1.178057037505066
1.1675265875190899
1.1693293829764266
1.1653355810948345
1.1646297683478466
1.1595845678588828
1.1594996619083282
1.1594233846174269
1.1544528042900486
1.15274307984042
1.148402490660099
1.1556754519396715
1.1499104525403203
1.1443315801280036
1.154846135779228
1.1495947887852158
1.1383432375760514
1.1422631404276462
1.137334287275351
1.1323687401155373
1.1447317123285867
1.1309816085786732
1.1254631015648138
1.0817498650051651
1.0816447832749183
1.123410423457929
1.1071190476712862
1.091720507739171
1.1207663435230903
1.0926714775409976
1.0933942875831482
1.0981517914592862
1.0902013931335837
1.0917449559178731
1.1022835063034024
1.100405098677455
1.1087134551139999
1.111325329470214
1.1112586139953655
1.1178543910303695
1.1364321927533394
1.1373128288580312
1.1448933552614526
1.1380837819245424
1.1368704147793518
1.1412087525576053
1.14094128590778
1.1374830736058847
1.1324903462246667
1.1418852729786753
1.1444051683137388
1.1351386721136583
1.151240184274171
1.1433283821908635
