1.2290352246955172
1.2288682666996686
1.2070931125796127
1.259685407521704
1.2477484605818514
1.2316615875607422
1.2580478264406811
1.236468847125158
1.2312577610163957
1.2329478962001112
1.2177691934999193
1.2252852554196518
1.2371151101410411
1.2482082732040292
1.197676859016549
1.2009212686872606
1.2356249632760667
1.2119114324546418
1.21308452045938
1.2194567799867067
1.212308370468171
1.1889355129485346
1.1963838259536403
1.1904555786831472
1.1897614954015587
1.200750207772555
1.1941792161500546
1.1937131368857423
1.1967572719913968
1.2102282846224754
1.1962671569675745
1.1721909236091899
1.1856653175198268
1.2008277215218564
1.2197239589995417
1.2147093396236999
1.2113453829640468
1.1606678201152887
1.151995468479408
1.136159312829231
1.152721489514997
1.1654682389490738
1.1629772553367566
1.176867228836112
1.1868069678608575
1.1881126470950216
1.1919900622855792
1.167286041748103
1.1350912387010057
1.1190738268016103
1.1054007071472
1.1508074392474301
1.1428778364302892
1.1491314036340141
1.1416012106524358
1.147756235213366
1.1573605879548716
1.1360500102634976
1.136942035652024
1.1271551937504176
1.131475178775724
1.1306571655487259
1.123370626376411
1.1250330287212325
1.106793917623002
1.0863725026829714
1.093054098174692
1.0962147736295387
1.0928711683617274
1.119899703186666
1.1391335257008672
1.146561094512188
1.1586255098411515
1.1529098747859856
1.1866570158146938
1.185497675355842
1.166727791702285
1.1744157847535375
1.1618632089228214
1.1377283216570657
1.1369751993670814
1.1294138236785831
1.1261914905206898
1.1040009253056815
1.0981265506081008
1.0964163335965535
1.100850515899932
1.0860611816685832
1.1027862051689599
1.0977736283377761
1.10280068628302
1.1080763154218503
1.0992479934900035
1.0915873987801026
1.087674868399066
1.0665066991899737
1.062803961036661
1.0488775944289466
1.0354842898189127
1.0188174909613494
0.9849359891574215
0.9847835843800792
0.9752669630587064
0.9942261219197452
1.026201331347621
1.047694809468549
1.0521707162816896
1.0505556868511436
1.0700250970824432
1.067199247862865
1.0732582638649273
1.0774674039418972
1.073941914285837
1.0979334159869871
1.0894598282607362
1.0907735158323055
1.1065271081726142
1.1223544650186978
1.1117060973973711
1.103904334133506
1.090296453529278
1.048395305864555
1.0585738581849173
1.0500245911662343
1.0512689042025871
1.03402835651129
1.0504017166004833
1.0365889850984815
1.0460101529078578
1.0589454568864207
1.067437109121314
1.0553625840220755
1.0557099079741161
1.0512898438403875
1.0269803750587545
1.0461098327975995
1.0181200895159026
1.0170592952278044
1.0163014466835605
1.0033342294579182
0.9919255941920101
1.0069083853346956
1.0123451466002868
1.0125229639158784
1.0438790459200395
1.0463255470141595
1.0522224574376793
1.0549851994843622
1.071710279069993
1.0673732760457333
1.0746525365154624
1.0607183953700734
1.0634288999477288
1.0615845386302125
1.0722060834056175
1.0456447326828604
1.0329940011661425
1.0388453680354541
1.0494535223918116
1.0511464707648948
1.0425903305473987
1.0377749999212154
1.0376924936103102
1.025738764136274
1.0432286544901301
1.0352829500724086
1.0325974630409172
1.0199021439576792
1.0309334366907008
1.03641984956798
1.0392528371943737
1.0283821922503602
1.053661286138218
1.0530668686666644
1.062625282647972
1.0480307905164152
0.99923527810006
0.9656810233279587
0.9546309650700652
0.9847302992161352
1.0089849765724304
1.0097677644422691
1.0361621802005243
1.0095757152904488
1.031336063844539
1.0282122084632024
1.0437943588406684
1.0310102745400662
1.0078784416195377
1.027861160166319
1.0517594507210053
1.0482556086158001
1.0461371075941577
1.0521945254825047
1.0386019327094786
1.0328641189825134
1.0445720645415746
1.0354309842521816
1.0408776131142883
1.0438436495031373
1.0354817588951248
1.037198937208419
1.02817869986433
1.035409811693204
1.0298965718291695
1.0268109017056501
1.0366617685456698
1.0347724659831836
1.0368327241214979
1.036145309766828
1.040760849872217
1.0326191417081783
1.0284986235132827
1.018407582334077
1.0102217087184824
1.0154822556894636
0.998794339656135
0.9945359008134824
0.9731003605312971
0.9727868791896215
0.985193738308029
1.0034185128769695
0.9952666626254812
0.9874779645540249
1.0026058612778355
0.9797649330195368
0.9633651895928025
0.9212973624788409
0.9861411506142097
1.0010061437353162
1.0047932475113992
1.009022936841637
1.0224915564332653
1.0141614693724919
1.0248289320178627
1.0181894380314256
1.0318555396959215
1.0366029736708307
1.0280929213657934
1.0384289384822325
1.03500467543247
1.0282680542756975
1.0311985000194008
1.0336947734571618
1.0308913550871526
1.0286317979706854
1.0330501304301627
1.038953484124878
1.038523327102988
1.0319978133331398
1.0379163722721227
1.0379430218469072
1.0404829674511638
1.0380022703316905
