0.9031886343559191
0.9109772909590866
0.9059047189730597
0.9170788448738728
0.9164798582149879
0.9137575204532645
0.917684102365602
0.9065962132118965
0.9133561149624461
0.9336582994014325
0.9214324971903648
0.9072568363982662
0.9153790662979158
0.93244730012205
0.8980319205459152
0.8804215838888308
0.9147982272642763
0.8856357112458438
0.918010641989126
0.9171845811198697
0.890522665493186
0.8919840317547056
0.8804046982748939
0.8760721535191914
0.8819848402410482
0.8833279665332842
0.8977939157101738
0.8892711426984703
0.9000963973616188
0.9091367823902191
0.8890658658419652
0.876445277834017
0.8739137735400702
0.8803927705358521
0.9007946007301589
0.8948119364948082
0.8919994046081599
0.8676101742223469
0.8448552710587054
0.8550335440067024
0.8779268446063361
0.8898213127827462
0.8915990034051449
0.8970734621275308
0.9076402232852285
0.8954667558871872
0.8892417293943276
0.8722861695516809
0.8549501200622033
0.8389867964273161
0.8088219714792757
0.82972497265224
0.8118749850426665
0.8298920826558857
0.8389348187091432
0.848597113106008
0.8545958721800112
0.8599392411164616
0.8605896943244598
0.8476392830742734
0.8370602125219869
0.8414841251124285
0.8483444586234764
0.8482374907384241
0.8222427231778455
0.8036384782690787
0.8461192692776378
0.8560671341887883
0.8620005326822272
0.8624647486750331
0.8706386169499731
0.8657932655446914
0.8719158000685691
0.8437077430868738
0.8602217246378596
0.8707935066648784
0.8723366020561615
0.8661396426254253
0.8587951973911895
0.8374293089813731
0.8383399908965208
0.8321335764101209
0.8170454068433758
0.8287596448464855
0.8145915070167148
0.8145392540672778
0.8360524177827229
0.8385653184477656
0.8432669513389234
0.8444398059849205
0.8368446436667348
0.838160807831487
0.8261610426370612
0.8230953531897112
0.8030146288012667
0.7894787033246453
0.7977085008606328
0.789488511112725
0.7876656776112804
0.7775609478637154
0.7678561809438244
0.7580227922422381
0.7718704836900634
0.771160049628584
0.7714565287038125
0.7964810973257457
0.7802285991723917
0.7628355281249057
0.7893619078919213
0.8007715402774315
0.8137195855452803
0.8161113140256436
0.8136641306888273
0.8150175931968795
0.828474319808289
0.8247926932071077
0.8402092628848025
0.8417782890519253
0.8340176347977328
0.813167048984959
0.8001824857322359
0.7908831153108397
0.7836028605812152
0.8043912465847136
0.7929370512025934
0.7809850204688925
0.7760655542920962
0.7850482979578615
0.7910585195226514
0.7991994689461765
0.7890181537484119
0.7971628994021832
0.7987877984887739
0.8040677093581409
0.7913623861170249
0.795946099455623
0.7805051842473341
0.7782257732431175
0.755045498519282
0.7590522653255665
0.7470905261187116
0.7369629105913929
0.7249624052858973
0.7361999204576946
0.7181664644984688
0.6961445395595894
0.6901179065964012
0.6815129095344846
0.7252537999284987
0.7442842748323166
0.7649029122273358
0.7617741471922344
0.7629588425862384
0.7764546667721962
0.7824120103117541
0.7761455984582147
0.7748467284215931
0.7805961676829737
0.7763336484152459
0.7799320168609328
0.7804094892814519
0.7815739723510495
0.7802557362717663
0.7734069809283417
0.7821282705123465
0.7862950895158584
0.7896607118882795
0.7882629230073455
0.8008098734898047
0.7862023320997781
0.8047723322572985
0.8171658586295649
0.8096032083053705
0.8405488597956007
0.8320019395899014
0.8436450536078864
0.82569643869106
0.8302986005462312
0.8274393450359464
0.8204406232765089
0.8271280888316497
0.8344165255196982
0.8369901586486513
0.8268820879087908
0.8224378397187162
0.815550732074419
0.8148664352976431
0.8135881525579299
0.8055957142218302
0.7993584255199869
0.7968846415754066
0.7983326637326066
0.8088681084251838
0.807330705107126
0.798871741928577
0.798129988303802
0.806270337892745
0.8092805795946635
0.7967293542837379
0.8037581862746616
0.7965802145239171
0.7977960174862808
0.7950226189096867
0.792773871090938
0.7940510398707942
0.7952134203877481
0.7902304641161128
0.7816478338820543
0.7782537800259925
0.7737866921803724
0.7803011147011172
0.7711802637515376
0.7773357088526787
0.7749990637761505
0.7736432037277352
0.7597866639402682
0.7724153542735358
0.7747593906627039
0.7662029018714638
0.7675702045736442
0.7688259542995763
0.7648348110548574
0.7559815784502901
0.7491235234381063
0.745413227053979
0.739334113309845
0.7222736864125188
0.680407335822524
0.7094438100291214
0.7131149489137973
0.7053287243230442
0.7072310383630938
0.7174173921703937
0.7193499496837451
0.7372033449883872
0.7329369157876235
0.7406953367788331
0.7517740095981225
0.7522967789052658
0.7709814323362272
0.7575514853463731
0.7689336245777618
0.7582803380421755
0.764954908661176
0.7758318683419279
0.7807541211965235
0.7840845655084612
0.781141498143076
0.7727281675672533
0.7766080431880997
0.7723628861176886
0.7693400150599373
0.7817148982771736
0.7823487583534195
