0.8614185969253738
0.8306366498250422
0.8268271288225242
0.8547579321545312
0.8531559185835746
0.8589031037128365
0.867901021561005
0.8444884484344694
0.8624493480081792
0.8731025186424171
0.8632679638829895
0.8543569971097729
0.8636195810517117
0.8848881278204845
0.8366164059835767
0.8231493776514164
0.8440318098372721
0.8305110513655396
0.8515861377825827
0.8552892741556666
0.844088530935503
0.8264171915375087
0.8309395851636096
0.8458403853795182
0.8428363672358217
0.8408910743994223
0.8195559496611502
0.8147554195773675
0.8345480029828498
0.8525928135769232
0.8381615127317712
0.8179446102026674
0.8164564852429678
0.8134916894868682
0.818011532112598
0.826281263159373
0.811640381281389
0.8126656824668378
0.8068125602153416
0.8002203763627795
0.8132523687719536
0.8150473610721095
0.8355667047189221
0.8588254591787775
0.8567289430810006
0.8203894605297446
0.8303018167611382
0.811458383122492
0.801713741447707
0.8135490057981812
0.81063783888286
0.8203352736721286
0.8106689914149969
0.824257994808286
0.827585338643506
0.8265877448103097
0.8107824779096197
0.8025866488088663
0.8040106222804715
0.7965590548560286
0.7918386686685286
0.8045632840981554
0.7934544829057641
0.7822767909044661
0.7526533924505656
0.7544324935953951
0.7605232988159762
0.774413690331478
0.8032265872359875
0.8065857451244602
0.8170461462467731
0.8208554662902516
0.8147505976800378
0.8248613566585656
0.841909169539595
0.8548693602023621
0.8461020117636633
0.8665123003274692
0.8485113949983374
0.8459198513295204
0.8489530871403206
0.8344778766165571
0.8268460952788126
0.7979914886867174
0.7713664613337925
0.7881983493301397
0.800551104407291
0.817371950647153
0.8161613330229732
0.8160647997030582
0.765353307186849
0.7938655976125649
0.8004341474352525
0.8013944045704469
0.7811444634344776
0.7607927752304382
0.7783251513886299
0.7752252092881871
0.7707667338910559
0.768964864247301
0.7611175433809942
0.7719434138109477
0.7560741551643874
0.7214467727576176
0.7035645866215465
0.696243900579626
0.7170400238410428
0.7225206112089997
0.7410750931714875
0.7560656516956105
0.76558309125663
0.7690712186701295
0.76591312892634
0.7730020978481544
0.7769164150345885
0.7775624585390757
0.8021705900198309
0.7943514208619534
0.8111222421472151
0.8019221610981471
0.7912284354565083
0.7750015856550457
0.7689597555986587
0.7500207907023926
0.7376785202524422
0.7701895961732208
0.7746271653884944
0.775618175730907
0.7944421847415533
0.783935648278962
0.7863745207423198
0.779063860508406
0.7881589115141654
0.7822010866245649
0.76900071336227
0.7521923019041965
0.7487157374096096
0.758557820655243
0.7492742218187471
0.7473817452426162
0.7566673209928619
0.7549682950607227
0.7439580065158705
0.715927805562829
0.707067640643803
0.7434767086922124
0.7460061449235595
0.7573256164685724
0.764619508127156
0.7754251599018704
0.7785685772237154
0.7819890457186212
0.7794243145600874
0.7765896932169638
0.763709228269294
0.7659529017739327
0.7758529621325327
0.7849796467978597
0.8013536119391992
0.7864977065609758
0.7708060956429624
0.7723111987401596
0.7643825016457336
0.7332244992203459
0.71764158728946
0.7071368166849744
0.7186997143145818
0.7146541853843682
0.7403754606638747
0.7425191839307218
0.7573063336190381
0.7657303364140489
0.7691829138595572
0.7937773569545693
0.7937209791659179
0.7896371394794974
0.7907713819233501
0.7922700015298397
0.7902737779057141
0.800694511523776
0.7935808933907523
0.8047309698202035
0.7853675090492307
0.7788434614489314
0.7818396153050997
0.7771565535774069
0.7749644485080546
0.7701941261797673
0.7507785248501565
0.7574658367422463
0.7444077155163535
0.739198888090664
0.7234953980895834
0.7331266605231432
0.6932907239089362
0.6958000008403932
0.6782978737747622
0.6534359443372123
0.6539463657339099
0.651176643122929
0.6625237308017398
0.6379773675464327
0.6229797257657608
0.6356051723999814
0.6426616046992488
0.6496627312096444
0.6397156038858289
0.6650673953338951
0.6530704055909824
0.6558380587037782
0.6298369341334329
0.6240769825298169
0.6262148233551791
0.6334208689737376
0.6054483341655443
0.5793088297811511
0.5886736854791058
0.6044609978771586
0.6337942235207674
0.6487259270247027
0.6636615379655592
0.6450597648551428
0.6760241973107908
0.6641470480524818
0.6665352585895323
0.6601839250178074
0.6595467938615768
0.6618937898855959
0.6625763977692901
0.6525750902229477
0.6562898582031572
0.6642267867402047
0.6668015139359008
0.6718473738772234
0.6794283860620656
0.6719118664259969
0.6770682862154185
0.6801199432911442
0.6854869334728312
0.6819748272189033
0.6820827869849108
0.7095422544656341
0.699680668963481
0.7034073606289329
0.7109438731948503
0.7039278510571226
0.6985253133428087
0.7048005147993958
0.7116383114187049
0.7058940798153268
0.7124972477424576
0.7037936598678325
0.7035329029617458
0.7097409203838526
