1.1225889425784659
1.1182149824226562
1.1129183311212179
1.1329822527411777
1.133923690108321
1.1247415856955323
1.1354386659572664
1.1189737058840086
1.1306920522805837
1.1271525028619234
1.131179168577178
1.1082560950674967
1.1236486323389154
1.1346204151732528
1.0939170879793985
1.0988399599278602
1.1068689697159326
1.0921395653328463
1.0906019824814412
1.1021820996276372
1.0939834840728808
1.0763668133420141
1.0801398184768596
1.0912484783065493
1.082517702629476
1.075708095446718
1.0771536668335162
1.091032461454597
1.1018397776739417
1.0958573457862093
1.0819043549664347
1.0668133736324728
1.0689388309535668
1.083885213960735
1.1023494182029725
1.097949271441368
1.0998340431917542
1.09924725003856
1.0666389854223146
1.0435334786432164
1.0330119219678469
1.041572127964954
1.0349413346680894
1.05233573847745
1.074889540388091
1.0589616385755378
1.0649163562189763
1.0369038870585119
1.0379202896066648
1.0294829701659205
1.0274087948104502
1.0566257093267277
1.0517083530625189
1.0485502406244287
1.0411813123443783
1.0434950549561146
1.040508321701959
1.0406879427594293
1.0425125492031664
1.020982211303656
1.016790068198682
1.0100873227481026
1.0146160843872387
1.0169234898589155
0.9998768857798737
1.0019004498926194
1.0059050916270424
1.006504955125295
1.0389045982329792
1.0268691272814279
1.025623008113495
1.0499337868712149
1.0462330641023716
1.0407445726481204
1.0556169049758775
1.0579418632022193
1.0468696298112157
1.0558036745826922
1.0407781403491554
1.0393741640590783
1.0315464396948453
1.0123466822898852
0.9937318178689921
0.9734768232627359
0.9786439947569695
0.9786036195222267
0.9783759723085108
1.001670812951629
1.0112667125319814
1.0069363012738837
1.031868268053385
1.0189715197271272
1.0323611015199174
1.0119761824825957
1.0056095151468831
0.9863672422812487
0.9807034958821133
0.9806383045949908
0.963921575835958
0.9651184873405545
0.9594314469394299
0.944469890467957
0.9273874943336426
0.9583371359454079
0.9586712706910192
0.9615878301713195
0.9511752763571573
0.9523692019046919
0.9650360858692111
0.9555501079416602
0.9792098365318582
0.9852278497796564
0.9835939866215311
0.9821712162638596
0.9736096699054808
0.9908407858418761
1.0008092833884787
1.0122222924443798
1.012393254040305
0.9931726987003636
0.9928432931783612
0.9877890017943343
0.973983012208472
0.9703023528906584
0.9771585976319824
0.9560901080341367
0.9568205694598033
0.9567237796237736
0.9711921889369991
0.9718397011920327
0.9694826940957141
0.9886104948451626
0.977092642492467
0.9776975536185674
0.9648958571847309
0.9634431891202729
0.9670511057315666
0.96037200893749
0.9534954502897581
0.9563442973985652
0.9508965356836556
0.9309183048529677
0.9467658235479054
0.9439860649062506
0.9450841222414263
0.9307495155597665
0.9325323307586119
0.9406612664370144
0.9419885963778425
0.935182808615429
0.9299021020158885
0.9209509327110708
0.9057324522929837
0.8988283876838676
0.8683083011396349
0.8446673512510909
0.8471772228970222
0.8672399756760377
0.8918944618886249
0.8961218351222707
0.9128608401337133
0.9010712779011364
0.9043223279676885
0.9181146569574719
0.9121717817797467
0.89931409841998
0.9232745625796507
0.9339617345440885
0.9469723302518852
0.951192272966725
0.9656241233081798
0.9846189848387344
0.9952659241152011
0.9947784724613344
1.0057290405811272
1.0019690911599537
0.9955814920389622
0.9902532610509032
1.00386716528276
0.9982130484731165
1.0031960109087192
0.9935785054637405
0.9988791880735602
0.9789201131370604
0.9855139073528112
0.980279881308153
0.9739688059811163
0.9874305716689588
0.9876671256447969
0.96856705886765
0.9761897883667494
0.9811647952464356
0.9733659054527517
0.9588756515816579
0.9783960785888729
0.952515526907063
0.9568997256188453
0.9483446023480148
0.9561822637955049
0.9406396433945708
0.9450262026626481
0.9380970751131856
0.9365118522920645
0.9435953138792602
0.9303949989915526
0.9328760179439141
0.9308289149443724
0.9396396981095372
0.9318963067844841
0.9317891699558998
0.9327156342091427
0.915205943279363
0.931661080482539
0.9251246910374897
0.9266015686663357
0.9248177543524837
0.9281090475826279
0.9215985527351251
0.9250816214308181
0.9114152678914418
0.9348328715495536
0.9207184521392772
0.9147357562159149
0.9162365082809811
0.9077370602705228
0.9053298176016858
0.8915551908609333
0.8632573292374134
0.8791388465663972
0.8931691736806028
0.8977780288990005
0.9030934642796077
0.905614289461755
0.9083143275525435
0.9004640503128654
0.9073104632068847
0.9048933649909837
0.9091752254435362
0.9088184754442676
0.90007557410006
0.924833240633554
0.9124854111776735
0.9173155363137819
0.9083712533691006
0.9161195031965488
0.9133022608896235
0.9183221567381632
0.9178854716437231
0.9165293968961506
0.9228243215344651
0.9172791326185389
0.9273831982363789
0.9339192614358619
0.9307207546473594
