0.8350960837279947
0.8020937488746395
0.796816364612082
0.8101294406204633
0.8176022452382353
0.8456160167691442
0.8416550258998291
0.8243611338404985
0.8330377988847374
0.8239049238613049
0.8215710162670987
0.8236747695879703
0.8357336419864525
0.8400922560036008
0.8258943086489364
0.7985772838052583
0.7869236132281962
0.8002068159311814
0.808055466596419
0.8117708121989119
0.8049217898405246
0.7905231896700369
0.8090629211855095
0.8148011406161818
0.8060561577604296
0.8079228953015674
0.809687929215372
0.8167891051436268
0.8132790695189758
0.8325179155611078
0.8209978024450968
0.7696421706316829
0.8036262410684727
0.8141671538324685
0.811450599262978
0.8109827384083236
0.8157775442364958
0.8192775871439343
0.7993515001078882
0.7710743479832584
0.8007596025302047
0.8027757940077924
0.8102067127998535
0.8139090801360642
0.813198352520285
0.7948977916631683
0.8237399963601618
0.7950591976679071
0.7812268916736064
0.7792444497990562
0.7920357735764078
0.8122638717024983
0.79126766808221
0.7912122007380074
0.7908890110723568
0.793764929270391
0.7734036076116626
0.7856846969911153
0.7818969483838645
0.7659398734495637
0.7843669635993502
0.7650411764443277
0.7549254910370977
0.7429898763145036
0.7389547228806173
0.7407368462468891
0.7669602900916699
0.7584810652992754
0.7712656237894245
0.7933508826055513
0.7992977547171934
0.7982163219125475
0.8068722761312336
0.792386567329187
0.8096861634262353
0.8299659623025882
0.8233803215244571
0.8455244833777993
0.8364091868022546
0.8218270814014877
0.8394896944293249
0.8312694654892576
0.8082227251063888
0.7845963571019787
0.7579439466593757
0.7596339594688508
0.7725092705505384
0.7972019390970198
0.8061702760493786
0.7867838573883477
0.7507431354601388
0.7814002835886732
0.7762084301728388
0.7892190107529733
0.7541436708081556
0.7556534825574823
0.741770931067732
0.7395822465641197
0.7461904370715563
0.7447473914543443
0.7493633978685835
0.7410957026559594
0.727258995645259
0.6897443859580419
0.6778553104087387
0.6836088721791204
0.6969501510744532
0.6656932789340975
0.6986235421417876
0.7254426508861419
0.7286545127203136
0.7423212366570923
0.7398760102390584
0.748736694124384
0.7555068141517299
0.7563803272422551
0.7733719367371852
0.7878789273981535
0.783754227196065
0.7697683645121768
0.7794953372297302
0.7633361646203123
0.7639044956567697
0.7453764928417235
0.7430798423224192
0.7455918700401435
0.760358060793553
0.7664639644560957
0.7732081174271385
0.768343832449986
0.7586680446425607
0.7392226644189205
0.7643470003180128
0.7455951121954864
0.7487660122324715
0.7563261227703052
0.7482728907075921
0.7547263300768126
0.7515444771409318
0.753234177333839
0.7463069134216522
0.7368654366966841
0.7332459736454922
0.6970795961854882
0.7078808567893999
0.7267525625850377
0.7292891905473158
0.7323149011915872
0.7555199446719921
0.763345442120712
0.7649761815438395
0.7526077672519464
0.7591499864645694
0.7557170782224418
0.7614219947110421
0.7551572345076958
0.7653342826788633
0.7679606167213289
0.7813774982346
0.7541033828347
0.7662633254524258
0.7623772239598604
0.7624394815422524
0.7588667272767077
0.727024098938436
0.7231449478498204
0.7234506462001545
0.7071573832418143
0.7044789453672403
0.7136015906302917
0.7290849477066237
0.7385745850886574
0.7483910774718988
0.7533230814970934
0.7585441390314963
0.756789277629753
0.7596203618981835
0.753902168912068
0.755989383358199
0.7644780666799232
0.7512642635389701
0.7560055402118167
0.751054503688159
0.7339066292679475
0.7426175845285824
0.733551228272966
0.7264582067173525
0.721071546034752
0.7091233270969878
0.7112243927812294
0.7063823543253066
0.6852456685903091
0.6766428553312718
0.6671578961781863
0.656706410919284
0.635046757228302
0.6395882802235439
0.6289766416095894
0.6312502027568083
0.6362819837134805
0.6376784108979009
0.649494700177265
0.6558968431671293
0.6603017252230977
0.666122151063403
0.6477492277922664
0.6483648275903576
0.662427289034551
0.6472691268639633
0.6410059548788742
0.6370726922672724
0.615910448925616
0.6197054355154196
0.6167044401998438
0.613753982720718
0.6161454533138314
0.6193554343586589
0.58668504863191
0.5820431473099577
0.6190076925578736
0.6412368861245252
0.6664764919410131
0.6595026207132249
0.6497744883498607
0.6461601413164606
0.6451018037660468
0.6322787760295071
0.6436045633943833
0.646960499536739
0.6456801613710734
0.6585274302168849
0.6604638836931643
0.6524094163876243
0.6589315132400264
0.658929945867942
0.6727588607091122
0.679316063687347
0.6811004273836087
0.6875346837858671
0.6828307350641258
0.6911043672816604
0.6903244628513706
0.6998421098349523
0.6985743158565182
0.6907556141227951
0.7038906449198142
0.6999440553267943
0.6958556486219504
0.7033424825194448
0.6880720692756521
0.7018590376799275
0.7015369711452606
0.7007946918275784
0.6880032130678122
