0.8539232757425732
0.7980193764046376
0.7923668178445294
0.8224169987746712
0.8126587329272392
0.8292240358389376
0.8217008250262339
0.8301642323340429
0.8293414542425811
0.840015342416256
0.8315873118288347
0.8259384347524653
0.8472337958309802
0.843525652997462
0.8121923858898858
0.8080795527664825
0.7994782040131171
0.793699775015514
0.8180291817353911
0.8282695265839324
0.8138313932420786
0.8041194203736541
0.8084981141312181
0.8221642085815734
0.8002069114181902
0.8183842512515987
0.827760217991008
0.8181607290370284
0.8333521494344498
0.8355589517460904
0.8198474343683818
0.7832215465676728
0.7965062168020615
0.806932498071477
0.822597736241638
0.8234955807481206
0.8117400928791099
0.800872235482873
0.7989590461277257
0.7964991750370122
0.8078054186944259
0.8353529732541407
0.8237207824559297
0.8432973694275359
0.840836240901266
0.8192686992280526
0.8316704830081436
0.8140725066071919
0.8019847733823164
0.7883078587731501
0.7705305022770232
0.8032119071607668
0.791342185614853
0.788142001833721
0.7799560867907678
0.8039753025460923
0.7980056404766775
0.8025897088645473
0.8000221948252046
0.7899263715197559
0.7858126956990384
0.7878947983778837
0.7753273261094253
0.7536617389812362
0.7312434335642425
0.7555399282863049
0.7709879257606611
0.7869337740117017
0.7904352730158627
0.7898866696476173
0.7950250076879393
0.8045784416668259
0.8075866562573101
0.8087582658773045
0.832214868175481
0.8426374284174928
0.8411013169378905
0.8534573781508488
0.8375957880244946
0.8296159412940908
0.8312757112336943
0.8373329086297399
0.8155372362435163
0.7939621052350504
0.7423219493946979
0.772907392769528
0.7782795236562665
0.7940860596976127
0.8183795476738404
0.7999223486099701
0.7907468060912619
0.7809384446414193
0.7601971385227647
0.7614264065608555
0.7634971461176633
0.7446746492205408
0.7433160605633735
0.755779654607298
0.7520504004843781
0.7352950465982173
0.7163728747470977
0.7099418468538337
0.7018402426833602
0.7001207292970213
0.6955740339707668
0.6811356365595306
0.7147674740137897
0.6786903448500593
0.7120106011973747
0.7238273823997043
0.7308491929371526
0.7519029978235731
0.7489500571374025
0.7520945479051093
0.7566143221108874
0.7697443367273958
0.77405774962241
0.7920791808810345
0.7934026770521585
0.7795778138159047
0.7812687861684916
0.7585708827137285
0.752622061925654
0.7502488404697125
0.7546507237365399
0.7441420240764781
0.7631033460530061
0.7755130022533596
0.7581608771676795
0.757039149899917
0.7489938311005986
0.7579531858791494
0.7577815657521739
0.7691120969143281
0.7658423095611786
0.7720417854988151
0.7708741325120508
0.7581743921939216
0.7550829657457816
0.7496056602721803
0.7577981615741091
0.7399429798298321
0.7419521793702007
0.6997761083112322
0.7173101350507199
0.7327818250983599
0.7384561929886032
0.7460628705443039
0.758697203695332
0.7715079756716596
0.7628404730508888
0.7598192625934049
0.7641732145151496
0.7745187126758883
0.7582861665049628
0.7601904107082407
0.7623595948747965
0.7676462790474466
0.7697448999736347
0.7734083460775605
0.7687834732178376
0.7695601927890233
0.7633060077973686
0.7409623591513301
0.7560321667205177
0.7390628253773875
0.7419436408018806
0.7340369995622005
0.7331712391971572
0.746276579509142
0.7547413352872058
0.7749751657545033
0.7803689439077646
0.7854493868736353
0.7896016297283724
0.7816457785643152
0.78733925614427
0.7861029232912653
0.7804994192750356
0.7807483974139123
0.7822045916648419
0.7720653402823601
0.7633187569030225
0.7799997833879484
0.7632245675959778
0.760896816602662
0.7517136083331096
0.746784039110476
0.729637996344741
0.7232714403081468
0.7237944065383175
0.7080315191138307
0.6925375021094924
0.6862037671934309
0.6782948481225006
0.669790546444899
0.652684026603294
0.6669146349192595
0.6938065708168184
0.6903352980791502
0.707484404311212
0.7047106518116459
0.698914611017048
0.6821395703474693
0.6776677298903465
0.6757191458668808
0.6843480368376404
0.6748901199053792
0.6670618861757334
0.6745734058929012
0.657164524041052
0.638391773361767
0.6550874075110726
0.6210440526370892
0.6288705007404152
0.6182313116168484
0.6070472997855184
0.6100746211738767
0.6057354746213904
0.5634137554305598
0.6010849226692997
0.6543438993629227
0.6596028868152884
0.6589940820440425
0.6493555146041192
0.6418216872717681
0.6465349551233057
0.641453728981108
0.6597899819942958
0.6613413915417008
0.6538513628128193
0.6508342515610626
0.6677979960865252
0.6746401822990151
0.6750093823529532
0.6873847776367672
0.6757598332177254
0.6807663717905906
0.6839730397286511
0.6962685342201959
0.7012641977246239
0.6925735416265235
0.6920325574792565
0.6981835351212748
0.7025775743748055
0.7029931660846721
0.699166790651309
0.7044969402169654
0.6943412264374457
0.712076392433293
0.7092622357466518
0.7013685395976808
0.7090420653750115
0.7119222765390238
