0.4703090920107595
0.4461056884459439
0.45129091729304177
0.48121237095268404
0.4651397212022646
0.46263156563177604
0.49754911718386413
0.4789017826928406
0.4726481355308031
0.4840835367064826
0.4877167441611537
0.4852016276431783
0.4747098434979899
0.487171667450066
0.4577835813942722
0.4481792812505537
0.4457424550111472
0.44274563168848996
0.45671370955856044
0.45322345999731894
0.4549812086704846
0.44040768412907344
0.44396554234202007
0.43616607017280506
0.4395347063171289
0.4692165700268758
0.47041674651732396
0.45914694641762654
0.4523812567313463
0.47389415319331457
0.45648111200702596
0.4342854682927151
0.44398709966671923
0.4488829347835217
0.4594850522566535
0.4574033940844743
0.44375182056634804
0.4167800104190449
0.4478938440129603
0.45792728169807845
0.46431327478810164
0.45558514529412314
0.474702328385902
0.4926294733334933
0.5091337622644965
0.48509404407544426
0.4808395970115638
0.4601956281599078
0.4394240917936218
0.4684873578796999
0.4268207161845796
0.4272857826517381
0.42387630135828336
0.4525028119799757
0.45578646653485194
0.45601108432758425
0.44640382973761344
0.43143187775717184
0.4386268100964682
0.4362577609859801
0.4313992222398215
0.4363933812139024
0.4511917340760516
0.4509887996164694
0.42660079633174586
0.42583491103499826
0.4208574948000421
0.42392298320350086
0.4303647764793364
0.4161932982915661
0.4347079340638997
0.44187673447564846
0.4421167228639039
0.44868824883407804
0.4583437877758586
0.47092803185149235
0.463790188012825
0.47248487314088256
0.4670402918649069
0.4589947123678264
0.4664190792333953
0.4644601180517973
0.4463805063552287
0.4203146529515548
0.3977216387295104
0.4210281158292402
0.4125368691828654
0.4256287118297632
0.4221963912371001
0.4237538245638443
0.4359281080587503
0.4260819903765655
0.42278881669935203
0.4326234276296639
0.43456635271101074
0.4198151581520849
0.4184489338301711
0.4053951035849356
0.4024084054898266
0.3815641923761909
0.39214432991157844
0.4030373607003277
0.3918712851160796
0.3759838317951889
0.3740704750083035
0.3624512065936683
0.3819393368947198
0.3969115275686745
0.4071158870960074
0.42390046412770965
0.426977655916583
0.4218638325219507
0.4371297715293256
0.43910218882415575
0.4442365905340749
0.4477879889619479
0.4538304532387715
0.45529153619809576
0.46422531695378694
0.4525887176055057
0.43328077033825385
0.4291234826281155
0.40691965472643227
0.38886529586889085
0.4042848773372119
0.3911905928411881
0.40828627786103294
0.3947117055759984
0.3931874968617286
0.411505768664074
0.399885562555453
0.3948294002380334
0.3946099824357516
0.38712494884443044
0.3899461029619903
0.38940500701974007
0.3739410634485707
0.39042112935258355
0.38089330067982036
0.38183211057501054
0.385289145473367
0.3788310861588695
0.37451243279654156
0.3546504016767338
0.3428276729448144
0.3797592801561433
0.3903014747431152
0.39888874901396787
0.4036756717443266
0.40932524897382755
0.42009685989872764
0.4225188128718747
0.4206144691200796
0.42308282603110287
0.4233730556634138
0.42587916046622415
0.41941392281407786
0.4251444002764303
0.41687095291689513
0.41463804120080083
0.41695359339221644
0.41014719227709295
0.4153211800245336
0.4015241336089475
0.3919727839036408
0.3751178747753082
0.38956037301916674
0.3936367321958074
0.4010448694088368
0.40662598934180666
0.4110465015319908
0.4099462124490194
0.4139020384291622
0.42587791335441866
0.41683920040276035
0.4106615477169615
0.41056870071935
0.41655032643905704
0.39996733176916793
0.39120533169958926
0.39796416160113113
0.40310691567885487
0.40187693884498193
0.4077440962049767
0.4044603767341551
0.41277011715384976
0.41397268956631406
0.42129078621064475
0.40848345431234895
0.4175188577897222
0.42776261098197216
0.41351277065487474
0.4006229955037621
0.37532344047242805
0.3922901896380656
0.38556837214904216
0.38181794370007904
0.38096039287784694
0.3700183291532426
0.36862416019391964
0.38986577400193173
0.38424621031105166
0.3603653030498071
0.34648796979018226
0.3348511367467845
0.3472820235233221
0.33995109898017367
0.33455961656818534
0.3429282594736522
0.3449652926707217
0.35102086710935576
0.35266204461881573
0.3386334569195075
0.3377781237445355
0.33558564684413816
0.33897052060492733
0.3272799244101803
0.3351620720184416
0.33617175055133136
0.3221483674735973
0.3341725264150741
0.3220312250260423
0.3150735315149098
0.3251356767219951
0.31103067003608964
0.3131934584505281
0.2699170702431881
0.2524306300327681
0.30627358324004317
0.31373823618161495
0.33679632338782667
0.33041768075276207
0.3462075152005494
0.3591532011104764
0.35951252073824186
0.34896444308620794
0.3652572401010425
0.3603068199268041
0.3587766645443637
0.3736931048017891
0.38025127203290326
0.37785089537763406
0.38047408774762986
0.3782779281737635
0.3693525490498238
0.3772799343586937
0.3755038388053767
0.3741066010887684
0.3692915496618931
0.3724546923949043
0.36822163661376406
0.3680397577900689
0.3727591271131079
0.37733363614340376
