2.2463945658780724
2.2174390884836273
2.199380830770049
2.254791033462066
2.239668093847623
2.228098901954485
2.250350462582329
2.232138587166112
2.2360617113234156
2.245153861696621
2.2560280596479023
2.2270744229721466
2.2554793225752894
2.2546154102083436
2.2137669944294025
2.2143155958092047
2.2266544163991773
2.210202650543037
2.2297077257510924
2.2393814654911774
2.219410748508941
2.2065388248166045
2.2174479900060877
2.211333796266159
2.2142238725063668
2.218409683289104
2.2082677180201173
2.208692809269877
2.2254971703996564
2.2242749784705147
2.2119042870742947
2.198139605072327
2.2072134278900712
2.2181209228988505
2.252839098632603
2.2388196460924483
2.2181545216709164
2.206111322010217
2.180458720076804
2.17100222126685
2.1873064831337787
2.186947900865315
2.2052692811864647
2.2087104437462575
2.222568334747524
2.2169673033441253
2.213172251582388
2.2002099386805094
2.1744829500234437
2.145010671796411
2.141340223380775
2.1541202010958482
2.140071468575494
2.1508450745772003
2.161521063552154
2.1662276670425635
2.168342226778665
2.1718013882534306
2.164409953230543
2.155223931392395
2.169851106581383
2.1710661228214576
2.1743052662162046
2.1598498209750367
2.1318024309390107
2.121867205018293
2.138595749062995
2.1495531763206004
2.157293444032027
2.1796717245049937
2.1927764736462
2.1926852380641275
2.187971439891907
2.1837628946176486
2.204182235532741
2.2130523890223093
2.199092001228349
2.1956072618884437
2.1884716660280534
2.1732979895123443
2.1771894397582825
2.1722528775469465
2.162310879068417
2.1381517217598938
2.1241577391410615
2.1259666576895038
2.1394399573592535
2.141704565323538
2.128458789742971
2.1228975106306742
2.1163947097142906
2.121782950199862
2.1079422797848815
2.116614315193808
2.1122885106015046
2.0988125261027992
2.108173841186882
2.1020360720574045
2.0978311945005292
2.102050187455468
2.0822095235120366
2.0701301376230856
2.059611524900573
2.071549061848036
2.086656925342167
2.088653446636249
2.091781114100953
2.0730026791600795
2.101793854655546
2.1224207740571357
2.1149016289779663
2.12580924326956
2.135680373414612
2.136985622046234
2.1383133918199215
2.1583131745796664
2.1647757236868244
2.179809114542263
2.181508373630054
2.158403771627754
2.1573749258024453
2.1353298148595603
2.125153441398736
2.095409109453055
2.0904554020411794
2.0856679176961417
2.1025967783105908
2.1189555569717093
2.1315053885675446
2.1285296731493193
2.1402143908837767
2.1437430845184693
2.136233742669342
2.1338723509747473
2.1206615384887577
2.1140687294959566
2.0956553547460244
2.0889007835352187
2.0805461816589688
2.0702409376109987
2.067046080236874
2.0630188367180757
2.067991953468584
2.057117447341868
2.054324504890444
2.047362746143296
2.1091479331634555
2.119378666056266
2.1255591246933583
2.1249166541108915
2.128690310943567
2.127135262054472
2.1284047847224103
2.1354090420791496
2.1240582734462397
2.1177700062515084
2.094042013299024
2.088398303533181
2.094866180268813
2.0978870231499127
2.100386403256111
2.104479323166942
2.1005833106554754
2.1136815514154392
2.106841504711227
2.070878721872007
2.086602131905792
2.0900665877437805
2.093795709825608
2.1106434018365983
2.1256530834244414
2.129583616018759
2.143464699132921
2.1452317728142694
2.1507026756632723
2.1474492694270926
2.150526616687104
2.145464842924599
2.1479861738738073
2.1465549042381222
2.1556106461313083
2.1488930196778107
2.150895115631704
2.144938145646058
2.1392533217880967
2.137478878232564
2.125000091582033
2.1216681441671468
2.1103532805957514
2.112091600492385
2.104638270207825
2.0967970463927643
2.0921342161298573
2.0936195299593834
2.0951609614493947
2.0702337984603236
2.0868427468340887
2.085655752048673
2.0885713671019595
2.0909623707871194
2.087768827773237
2.0859824026264753
2.081045514191587
2.0785455052026443
2.0772549800860514
2.0739503883680026
2.070390671984527
2.073840994376331
2.06311766985352
2.0657422266905487
2.062767711935064
2.0603542544358797
2.052003306855948
2.0433126210518218
2.0431616472451903
2.0376307685756947
2.0312874279076847
2.0365488826316307
2.037212616816994
2.029952464352254
2.0137458491007023
2.004798038660609
1.9931335604424383
1.9787297114630717
1.9918012378249246
1.9826378621463077
1.925780276740779
1.908616709431823
1.9744205493050107
1.9830884586183513
2.010717844394021
2.020887182700781
2.0514253789362185
2.060826490995591
2.0628368238738752
2.0790971255293575
2.0840444915263627
2.088199339290055
2.092153409083724
2.092082299771209
2.0992190675205027
2.099193299831812
2.105056687535205
2.100935934573106
2.108373884835395
2.108038846837613
2.111380085545607
2.1107474268195974
2.111465940652992
2.1119309867208607
2.1145225981225755
2.113535814736917
2.1122919345941447
2.1132951488710754
