1.0817413813458248
1.0750096672015232
1.0515036275978258
1.0998314301183383
1.0934712135551634
1.0922351827403098
1.0952486774497292
1.0788930637314011
1.0964549075001337
1.0919030788402544
1.0925434520330508
1.074261286165288
1.1005413378045272
1.1028546309609284
1.0745593868162662
1.0587833063059855
1.0876171833106851
1.064541753922115
1.0647086504731176
1.0696204405400667
1.061405612293649
1.0655121686466709
1.063670670214433
1.0747482995692013
1.0542346205518276
1.0625338559091222
1.0625754256473643
1.0478849883459844
1.0562128944442373
1.08599703106932
1.0791640245098986
1.0465221487054714
1.0535505488223982
1.0683372886372848
1.082414977748559
1.0671304058108801
1.0415201128999036
1.032772342758022
1.0288611057112924
1.0006503472005508
1.0117861371210974
1.0099339490090744
1.0292874948796789
1.0583603271059174
1.0610444121306855
1.044307738304237
1.047374059468056
1.0307847540738946
1.0173202232918095
0.9953408118149784
0.9855637045591996
1.0152016462206972
1.0342044923455564
1.025980393568931
1.0241658010139427
1.0424455369469143
1.0323736833741213
1.0374744353671637
1.023796334377708
1.0166030927911889
1.007683335755417
1.0136034731076573
0.9930188167869067
1.0074890971075796
0.9919803733387949
0.9503369085513024
0.9837422898607785
0.9763236381355995
1.0049435842520524
1.0373277568605994
1.025006007422114
1.0285527856181393
1.0358809781109921
1.018980022450046
1.0373254856094616
1.049329934097727
1.0335780422945762
1.0533595321082987
1.0261832457511602
1.0191818766532774
1.02733860451468
0.9997397613680571
0.9860321908029074
0.9726021678288941
0.9595452007162313
0.9708902850346023
0.9746474935860342
0.9968441300801238
1.0001790395880714
0.9879192039976251
0.9807486486469648
0.9855777594223849
0.9728569198297295
0.9792915169306584
0.9520565730027594
0.9368814237393842
0.9302522009747836
0.9189581143788226
0.9282277061673475
0.9154763832477233
0.891514899891083
0.885534824940365
0.9097907444041222
0.922629969172384
0.9327380643859335
0.9306669634094198
0.91932278728206
0.9169578457427395
0.9355444301590545
0.9488152662476356
0.956505524698006
0.9488750164217836
0.9632414795905729
0.9782349900875236
0.9768249040426493
0.9833983366166886
0.9933233295217853
0.9991597696222425
0.9832143257458267
0.98428989401071
0.9730663164762277
0.9461406280937922
0.9384223096561877
0.9393974799369855
0.9362353389515871
0.932791473790733
0.9330985915982435
0.9241982789726657
0.950584276869196
0.9394797568566301
0.9275432823534906
0.936529308955767
0.9267822236743366
0.9366297066390953
0.9060007090510793
0.90701131237505
0.8784025125800037
0.8622048066079621
0.8305796155821535
0.8056932753237734
0.8186956236948357
0.8262573150361331
0.8435861718719442
0.8562780269951592
0.8725115812448822
0.9110194374071797
0.9221326019839758
0.9388099675887368
0.9504930838387686
0.9510862338166627
0.9556087187474953
0.9601542271779925
0.9621045831103323
0.9562573557078426
0.9455142193329963
0.9505377889620449
0.9560074255907235
0.9656148969663381
0.9593554921397586
0.9523022002674605
0.9346011569933351
0.9444290167248108
0.9296590949861177
0.9433665045878977
0.9468939430897723
0.9461018303200894
0.9374630151533104
0.9423541949025026
0.9489880495277474
0.9448784517518855
0.9641494869748668
0.9616908397112389
0.9864695185971754
0.975081602126815
1.0066464811655371
0.9991370504037342
0.9966859635955199
0.9942899145120503
0.9963499622430327
0.9814007721500654
0.967704810887159
0.9630834436605946
0.9671620961730364
0.9551800055442146
0.982359149238893
0.9763271342480975
0.9873313078118755
0.977996096931557
0.9730560983090226
0.9833735458823507
0.9585870668261038
0.9538218155156388
0.9512983252728432
0.9489315171983346
0.9468342034191151
0.9428453041343358
0.9407557475944528
0.9385458970869309
0.9378444075757452
0.9370576376467216
0.9387554518629186
0.9337185272049848
0.9451957691941713
0.93693024190194
0.9425317561781055
0.9344644626766374
0.9232678049323451
0.9286731977185742
0.9278825729795717
0.9268601362367734
0.9258216139371397
0.9278575924558812
0.9251368508787807
0.925752867242611
0.9132460779734947
0.9138275877302274
0.9156393261285956
0.9218340575208807
0.9157615629762912
0.9117209696632853
0.9156274236844062
0.9117028081957808
0.9137573069756073
0.9063346074686658
0.9051925463284249
0.8864323943237629
0.8547146735937261
0.8008103320809443
0.8520197797947965
0.8670415929146488
0.8795691670298961
0.8942968717674313
0.8977899607458507
0.8953463891445427
0.9159163694935343
0.9047220783032264
0.9010258305443991
0.916903031873178
0.9119400006636885
0.9140133390276632
0.9098374596392489
0.9160610162271385
0.9075075799613769
0.912280311288356
0.9058964738705825
0.9165596320115321
0.9332139076464124
0.9196679547206461
0.9219268999032704
0.9165266915647937
0.9074355487771327
0.8999884761880961
0.9109757533160024
0.9073268640363963
