1.1893984212191033
1.1879091636073391
1.168648298788438
1.2096691813417535
1.1946731557575594
1.2049560041910055
1.2157894174446688
1.173798365442001
1.184299650253495
1.196734429691138
1.1898416372876586
1.186015150889619
1.2123074366623197
1.222635556858369
1.1864940723851265
1.1943948792942911
1.1876235602187837
1.1758053303178668
1.1948655975239386
1.182648000869214
1.1781675867953252
1.163693517772333
1.1577652209298177
1.1543008629917848
1.162019552228923
1.1720908624531006
1.1980689042341095
1.1788926853436466
1.1836809222704432
1.1764630229235404
1.172844333923118
1.1560745742804057
1.1846075465236758
1.1860352485151957
1.1943832881222536
1.1837207326394885
1.175370060092618
1.1600327591187851
1.133350862673482
1.1292784160171723
1.1372574344730684
1.133714727185776
1.1335454446395399
1.1408716242220627
1.1663584051915796
1.1512071988061279
1.1485067912658014
1.1349309571454058
1.1120323386635094
1.1185842644177997
1.099203869508996
1.1086879896927486
1.1037470809414032
1.0977025865002474
1.1138686716666306
1.0959715439839788
1.1068610536072345
1.097716669666836
1.0990844323458158
1.1004896866709044
1.1148670958802864
1.1203354153663765
1.1103889666031523
1.1138166387050978
1.0873851817969626
1.1015204054567187
1.1137526213160203
1.1053958473966639
1.0965206743193059
1.1208135146027822
1.1205361655929165
1.1262763297048548
1.1282367174327437
1.1134111648910139
1.1255782325760708
1.1352184241323962
1.1044321164322215
1.118580141952444
1.1128127327187625
1.113513726658636
1.1291250351799458
1.1323008432469555
1.1198065142920834
1.0954569795743745
1.0973030659011598
1.0897556599146854
1.0966237207836083
1.09323272549333
1.1406668954692365
1.1329354845960726
1.112068290561195
1.1047506182138789
1.1136231938975423
1.1004358393539864
1.0830221460623215
1.0672626365109932
1.0722982420169767
1.0661471107712497
1.055522714977661
1.0255721345686417
1.0188503235755673
1.001896621613094
0.9885572634301096
0.9818592471266737
0.9710415991675785
0.9678498410761449
0.9690092838931103
0.9586481950184097
0.9430129762685089
0.9542196720344568
0.9610213897895292
0.9934259507958536
0.9621377101394386
0.9779537408689194
0.9848768669356022
1.0041543566902793
1.0185792946069387
1.0462135729849784
1.0543799299986663
1.0413546511917429
1.0351399680624613
1.0193781558509136
0.9944638562102899
0.9975009297779677
0.9970288300990593
1.0018669546718812
1.0053200713088464
1.018002228541445
1.0445519711699407
1.0602949981076872
1.0601659035797109
1.086872408156603
1.063211350757908
1.0782061033454133
1.051274241807939
1.0563756883070863
1.035774895357127
1.0298661121449293
1.0254970895744926
1.0121976919030016
1.0303003089794842
1.0314451861040863
1.0361973688610826
1.0361437896290497
1.031904999152181
1.0380810835250764
1.0444791062754613
1.0565073938050884
1.063509787190415
1.062490374194396
1.0568166181449936
1.036334548228406
1.0385403024861877
1.0211796413973964
1.0238699375634168
1.04114936581838
1.0459377018490617
1.0366175713545618
1.032939168000127
1.0320989107966725
1.0312645418608741
1.026651820654377
1.0113296811285024
1.0123096306909776
1.0164095453773843
1.008172020032877
1.0176069291741945
1.0262456165971987
1.0202061211743407
1.0346814333628185
1.0546154958393468
1.054227966343722
1.0852570865048674
1.0778427952345204
1.0998670824924257
1.1002535750707303
1.0976539814772033
1.0926921294352843
1.0873471590492878
1.0907844954578487
1.0833288429871846
1.1033788109659757
1.0770839030306965
1.075501498521439
1.068917381546672
1.0523922014142255
1.0518044028805702
1.0355366877195118
1.031664222593528
1.0265411921950083
1.0203719743057302
0.9762323931634521
0.9671941406323131
1.0112569373306433
1.0193835837396206
1.0223837770307338
1.0264653271819135
1.019666984809935
1.0131646347723746
1.018752008438833
1.0112894291205123
1.0102666074098128
0.9976545558528332
0.9956252912539043
0.9948254622226381
0.9905004333783127
0.9727447487924666
0.9896133354484443
0.9806112690181322
0.9845455472426798
0.978502288281423
0.9797915343005197
0.9833984360014362
0.9798535357512944
0.9833773402300768
0.979205808922505
0.9884131520932096
0.9960949120195467
0.9878091514796428
0.9746613098179151
0.9707142760122975
0.9600610835237275
0.95514152231081
0.9501758521773199
0.9758363112493961
0.9892646909027141
0.9692004071858876
0.9603757241925059
0.9371919549939812
0.942692644826819
0.9726989390447155
0.9917380222035395
0.9956424088714806
0.9969862155110313
1.0010453501600418
1.0002842264941165
1.0027658862016968
1.007809514680415
0.9978157885957786
1.010283180522669
1.0116727161222134
1.016329827347185
1.010254265668264
1.0057249105144292
1.0075629161503783
1.0200967830742265
1.0100444446249581
1.0125271458416822
1.010781961668149
1.021236750065076
1.0225615931246808
1.0162749368474429
1.0179027463863475
1.006540987934332
