2.0704983618596073
2.0595384509877537
2.040703667662891
2.0944941473693177
2.0742473727089585
2.0825996188442444
2.0913557055528824
2.0588352998688144
2.076666454896801
2.0815578007359385
2.081685636436359
2.0656997164914848
2.090060857860194
2.0889837389482344
2.060942005167224
2.04678643740413
2.05583158672005
2.0426250394973713
2.044169853925389
2.0543701807379335
2.0194816839997967
2.00571719297606
1.999692068583143
1.9953462195129221
1.9682821540800495
2.0203774635186007
2.039539229113985
2.034720813898939
2.049190368085916
2.063308534026144
2.050178204887374
2.035205360113027
2.044021100780178
2.055233480220594
2.0774298790262624
2.0708003169144784
2.03551824407535
2.0184555636106056
2.000373132561596
1.9717213282718218
1.993617961603386
1.9872439643622657
2.0086868262806723
2.0284972373074317
2.032386622190791
2.0133258277863306
1.9967293195920324
1.9963898888692078
1.9782419534823266
1.9513445881557148
1.9195471507897237
1.955069936214455
1.9527619543337644
1.969178666873549
1.9587790834173024
1.975768669161113
1.9673181466054015
1.9783312880386401
1.9723781833253577
1.9615717293909587
1.9819216550008758
1.974286086952321
1.9652742673731884
1.9468789604717163
1.9222596670829162
1.9080122733965115
1.9436228726436526
1.946611633932751
1.9733180276712963
1.9905755842340616
1.986783932817138
1.9771141311749947
1.99472463704382
1.995896411110969
2.007600128241159
2.014440530274111
1.9899516767892846
1.9928601135434467
1.9790487161312416
1.971258195100768
1.984923177982922
1.9722272497196571
1.9687175542850042
1.9471461367834162
1.9154077492061712
1.918534366575627
1.9222854222448196
1.9330359901590874
1.9340081830545224
1.928985639246736
1.9196901182522637
1.9128152305995048
1.9033958621753329
1.9029522187656454
1.898186138488982
1.8751458897902464
1.8816573834800565
1.872694269218939
1.8760561594415464
1.877419209654952
1.8586561661692544
1.8472361705686968
1.854823653589398
1.840437469158459
1.8544400498026445
1.857760697537269
1.863444879966657
1.847392800085026
1.851732595765121
1.864938945531808
1.8776465874417279
1.8923082164045484
1.9116390564940928
1.9148416735130498
1.9129615121466772
1.931755670008865
1.9398829082910156
1.9568223453432794
1.9557791138087386
1.954563529146971
1.9387014296349003
1.9134958375016697
1.8965028981452914
1.9027578511507142
1.8923368315298161
1.8956358575922003
1.903629957018507
1.9044241593514306
1.9215323284689998
1.928220258352852
1.9176276716474518
1.9231009404634818
1.9246207108705071
1.9177079855977264
1.9146211601714693
1.9017346381276266
1.8812536917277858
1.875412448541435
1.8504836528497788
1.8239085650511657
1.8388518170205848
1.8306517608825514
1.8353000928653587
1.8178870365369957
1.8305447553019618
1.8401504981386057
1.887249693350616
1.8908237482958221
1.9041962797160215
1.9083714819913895
1.925735755533102
1.9232673716257251
1.9219362044040804
1.920379274584472
1.9144415799568975
1.9142647950507632
1.8857828283198743
1.8916406349054111
1.8924706273512837
1.8909248060621335
1.8895326051776602
1.892761919154616
1.89125930133038
1.887881324477749
1.8793175621826506
1.8436218904800175
1.8657259560184563
1.8796239718190895
1.894623663965984
1.906619181298824
1.9152773250725355
1.9259288923426545
1.9413177960296015
1.9440136278055564
1.9439495043944994
1.9386452293817
1.9382261678853736
1.9300670480190911
1.938566002186942
1.944890367921131
1.9415693538033016
1.9392954950505432
1.9425380188613406
1.9353801433544702
1.931447681142551
1.92353039915224
1.9163579614182225
1.9076676120550893
1.8884307058999146
1.887438651690549
1.8854081556648083
1.885084296290738
1.8706202538302146
1.868775203151134
1.8556540024170323
1.8282052506530357
1.8518045496746172
1.8589439324779484
1.8733468139454694
1.8662463730494174
1.8674011701200917
1.8661965809829428
1.8717607920187944
1.8626077933911886
1.86651084381266
1.8509054661819424
1.8616400846178902
1.8581226399760677
1.8387723761440025
1.8547384102592157
1.8365615258639632
1.8388259312490733
1.8435704776426944
1.8229904641750807
1.8266900837006235
1.8191940351117333
1.8125167553803958
1.8139308640894114
1.8077085042221557
1.7860323210961022
1.7778189451561481
1.7786386270908632
1.7774481622346834
1.7732125716127256
1.785345949243883
1.7553523835668015
1.698583153040662
1.7189377548370333
1.767384002990959
1.7678894810971868
1.7875726447232987
1.7885087425933108
1.8110158062880926
1.8156769617021509
1.8163316087568924
1.8295802555240632
1.8382261342609683
1.8307463993123483
1.8491074467908857
1.8463470460661933
1.8570754750647012
1.8577394853847027
1.8587247524604447
1.8564343137546926
1.8632967114910535
1.8664538087296976
1.8718430247762112
1.8733146613470755
1.8681120132893163
1.8770772926778954
1.877121904629264
1.8714455943378907
1.872568244697222
1.8749228772694901
