1.201270622715531
1.1853461986852962
1.1752342452431417
1.2142062960363211
1.1943073638202273
1.1919318216227013
1.2081092945563336
1.1788817169860144
1.2003845776979836
1.2162687405494408
1.1964394097861601
1.1767783983796924
1.2107584637858801
1.2259519336240567
1.1721642888612605
1.170988808087226
1.1940294965592253
1.179994368552485
1.1935872955842879
1.2128896419223767
1.188444333982325
1.159578395869356
1.1673750722859346
1.1756220610341848
1.1825346719495058
1.1931234815774625
1.1951669084544094
1.1868580773350517
1.1932388570718437
1.213266709434454
1.2017205451881852
1.1697350840937013
1.1632338691642974
1.1774811077783478
1.1965349254984636
1.2152592857192135
1.208246921704605
1.159061081048063
1.172212599577683
1.156271780855321
1.1620687253264588
1.1510543098394332
1.1570131833716835
1.1512245756703172
1.1510112590096242
1.129960586351582
1.1358673210179897
1.1362307792244322
1.1190140294167688
1.1352612952159749
1.1213565238973147
1.155186080307232
1.148553000992332
1.1448988354441896
1.132390646640348
1.1508699147733472
1.1463149737447207
1.1437513200437293
1.1479878764493883
1.1443146458464706
1.1443332753988067
1.1497514524806196
1.132982161075808
1.117564133309744
1.1180105398306497
1.0934024087815182
1.121024809685542
1.1000675220095244
1.1284754505620445
1.1542306464697365
1.151154648700159
1.1546782426406228
1.1691386829653998
1.1561788998051712
1.165341162310213
1.166300038472423
1.1575207022824059
1.16822218655462
1.1571725714729448
1.1456907789347572
1.1521837467623819
1.1599072456540058
1.1416813253610767
1.108108449759833
1.095469247042456
1.0699747183965334
1.066410303185344
1.0806873280819005
1.0768381064719104
1.0888780144931012
1.0734212028833032
1.074606543612851
1.0657298811379528
1.0499278347052323
1.0142279449367626
0.9659590193188126
0.9624045091912633
0.9803760546787145
0.9753827237046535
0.987657596586526
0.9805916178021813
0.9880625255204238
1.013645886242785
1.0324517436718226
1.041561905681765
1.0152279431890538
1.0160778974903915
1.030104887901973
1.0424088264145879
1.0567904144715183
1.0589677817772347
1.0725506993675313
1.078947492804796
1.0813690927543913
1.076816335565315
1.1018824219146897
1.0947807127927518
1.1071914688016626
1.1238803924836076
1.0961411503690373
1.081768842383028
1.064915836876388
1.0517888444277543
1.0472209151654615
1.0377614064750498
1.0653068943992516
1.05103748542355
1.0512106020929344
1.0850174057257556
1.0768200492539826
1.0797607920502463
1.0732790852570915
1.0741490526449682
1.0730336913088674
1.0659371463112512
1.0543985501722855
1.0464961300824882
1.0346049425883659
1.0182583163366599
1.023130725799752
1.00911948121805
0.981921325746705
0.9793152650857285
0.9974791967112133
1.018314322515575
1.0197981512832843
1.0356210943360256
1.0477791052644223
1.05202095734319
1.0740940946859183
1.0692577305544504
1.0760620549826307
1.0822289716166327
1.0778332129821526
1.0732913273927676
1.0744861822405904
1.050008581864087
1.0583576569969033
1.0562825066716541
1.0788559006543594
1.0598960563147892
1.0618326317535371
1.067135397904302
1.0700027343170373
1.074248450949121
1.054719222735741
1.0733845175016101
1.0866569413265934
1.0990632998559977
1.0861495555110836
1.0989397894660993
1.09973030457162
1.095802351649888
1.111480966523971
1.1129379364907628
1.1041717719610564
1.101014363640697
1.0894153051490274
1.078611967707799
1.0683266135075402
1.0721221212462988
1.076351464159119
1.0712593589243893
1.0823449186602694
1.0931310549372575
1.09337305030339
1.0980753017449696
1.0732382089344372
1.0742342929640416
1.0795255158808383
1.048079055046658
1.043625623135052
1.053319694845465
1.0484449592660008
1.0410818205569932
1.023378961142251
1.0388268537490424
1.0350803016490273
1.032377092955476
1.0478123984276781
1.0347897994812092
1.0424675749338643
1.0361311750931952
1.044233473872417
1.0383803547220254
1.0429013233953892
1.0409626718520384
1.0347526417326247
1.0332006422645725
1.0258534006431865
1.0234019095985938
1.0228911404494707
1.0259226267466266
1.0332752863231585
1.0303036371922936
1.0273444553192554
1.0184835259168108
1.0122174862202966
1.0069856952153566
1.0073350802109848
0.9948173963529227
0.9572092790853014
0.916385765352659
0.9324923952989953
0.9501375818122726
0.960546285937517
0.9443278104473362
0.9040215043155095
0.9431657935878754
0.9519067836479076
0.9577426668974647
0.9504563340078235
0.9847127526758392
0.9717427866096623
0.981263419225146
0.994002536037805
1.0150721059437404
1.0226104082922316
1.0221844625814944
1.0301781128555234
1.0341816055737243
1.0380035833902734
1.0334892671753957
1.046676974972022
1.0470521088891804
1.0332060927347986
1.0427565482628343
1.039011418600607
1.0439557425859975
1.0446362261661053
1.0469493936644416
1.0518183400577314
1.0366666751428075
1.0441100720916878
