1.157802254287419
1.1459045965845207
1.13389152664643
1.158176884098586
1.1534724812160844
1.1486632197534268
1.1517128723647505
1.1545339470352074
1.1474017980325397
1.147370160049102
1.128383167876946
1.1359746808394324
1.1610573191501785
1.1717039782459222
1.1398595602244495
1.1290863662517057
1.1506575820715863
1.145752446991317
1.1433282461176208
1.142842165612997
1.1392316804336386
1.1095607576290585
1.1161609214173838
1.1174192571315293
1.0957812026028475
1.1159791774454775
1.1202225552327338
1.1135685257232382
1.1291778347140524
1.1277811027507405
1.1270191715222442
1.1164458109508804
1.1202409193395455
1.125433055095135
1.1465697240684598
1.1410835468070752
1.1295435520887758
1.1006654758801453
1.0869762817306652
1.06687163253439
1.0875054794551222
1.0733191021704802
1.0713958699463904
1.1044355563898711
1.1130584856647914
1.1271846720954355
1.1227686379175605
1.1034701058232057
1.0908409166789546
1.0751186187172075
1.0665061346508151
1.0870211778688628
1.0886503099177736
1.0755675498083463
1.0815986401604119
1.0816508372365319
1.0812527960804919
1.0717199797548547
1.089117819965526
1.0774145590100606
1.0795891885577535
1.0719192642714106
1.0666609392299105
1.0463096601052537
1.0228137491927105
1.044674000361033
1.0564626131940154
1.0558324316722925
1.0597835315477104
1.083469336435195
1.0851262586778474
1.0940227374763318
1.0911516144714386
1.0945536868913186
1.091694839646045
1.0971975976903268
1.0785059461558295
1.0801429855554732
1.0688481316167127
1.0639394957868886
1.0803264699855137
1.0806761363324549
1.0578216939834508
1.0527284629183098
1.0325745743981385
1.0256828660782928
1.0312737575483697
1.0507199068454716
1.0654231571511583
1.0637575858736394
1.0549242604426958
1.0444384825190953
1.049024773021584
1.0450144832699024
1.037851007138268
1.0244567464510552
1.0166077129195938
0.9964419205338154
0.9811734767208092
0.9697507175921282
0.9521988578192138
0.9444405321376884
0.9536810985278502
0.9547859936809319
0.967935721871533
0.9615518992297903
0.9825871673587389
0.9786632769461895
0.9676924034634272
0.9845884278115933
0.9781244976566299
0.9922351227008683
1.0008378574198835
1.009890511860958
1.0076933388718368
1.012014277478369
1.0300985064351884
1.0404786961942125
1.0269260884447273
0.9977611095288947
0.9907351456451546
0.9208184798133671
0.8840441478406682
0.8751815055232779
0.8945046552817681
0.9007813744918145
0.9208216992102688
0.9234994252050828
0.9600572415250149
0.9711448174727813
0.9796869293216085
0.9872388197746484
0.9965084016984499
1.0091419116361782
0.9936549882903535
1.0042153090863324
0.9890553857265064
0.9886267948876262
0.9866452633184496
0.9841779753248405
0.9981779693396537
0.9906842041853091
0.9879398154498599
0.9949754649636892
1.0003160959603015
0.9974095986160817
1.0173082023744455
1.024209714389232
1.0326243174538758
1.0336550917197829
1.0285937133496488
1.0232564869039984
1.0181953749495114
1.012049606113144
1.0083371179432539
1.0108409376938101
1.0174172479611645
0.9974214263936577
0.9933438840856528
0.987856069900562
0.9831483098507023
0.9700663309161588
0.9689601703738338
0.9635082202775426
0.9627852493923985
0.958921508757026
0.9574372006015963
0.9501290122231137
0.9590775978624544
0.962581268865731
0.9760496464305775
0.9803221616027218
0.9931109062687096
0.989192799826802
1.0037050914774706
1.0230746186977506
1.0053783760663955
1.0145158358054815
1.0291764211066488
1.0149756487905137
1.014610153146795
1.0126023414129786
1.006895660689005
1.0067952732363414
1.0001650690746573
1.0094686482649429
1.0050079533942131
0.9933392284039768
1.000196832139368
0.9892978168001351
0.9721092134358056
0.9583810312216658
0.9386403395739576
0.9663702277111998
0.9714841784781789
0.9755457037409955
0.9732123945025911
0.9628072959301582
0.9695917993690263
0.9815914710975822
0.9681076824020188
0.9683115215905215
0.9528333974118215
0.954043967647695
0.9539821638202548
0.9476630840148808
0.9377204420929526
0.9598024717051847
0.9464322721311239
0.9497894082394096
0.9469128310323881
0.947770699003334
0.954339367588205
0.9464458134841365
0.9484410622540244
0.9422494395361126
0.9373164395595847
0.9515771350078637
0.9483166744657865
0.9466616495555066
0.9216148031118622
0.9132429583698808
0.909106348313042
0.896896143516935
0.9224836846140274
0.9268813067690773
0.9165301923665982
0.9065969327822943
0.8837877761903447
0.8952571357152999
0.9276712209274847
0.9463228479561816
0.9590723608460188
0.9495746418573799
0.957819351200824
0.9615396231521574
0.9695415562551469
0.959121723072077
0.9668729042093515
0.9885892109157962
0.977098342902199
0.9781075769026659
0.9858932408290467
0.9872273284291287
0.9811402245083648
0.9846795711486146
0.9742539371957454
0.9940059600375348
0.9867432157633275
0.9935704804092195
0.9848024768521484
0.9783624650521278
0.9874920829913361
0.9798063973648015
