1.1730411541350527
1.184703227248849
1.1578762105732658
1.2001434369541324
1.1886974737066562
1.1754722509196824
1.1950617935466927
1.177239630677163
1.1941306597039651
1.1929810246684758
1.1823294208204953
1.1606747835001519
1.185782032193936
1.2045566955089158
1.1622350383572229
1.148907136651976
1.1663702569938121
1.1541546985392044
1.1591464290908318
1.169796852680366
1.1475818315461437
1.1295671548444004
1.14084221959261
1.1417465794908745
1.1410402170011342
1.1466954846424529
1.1501648768221868
1.1465206974308781
1.1604070601940717
1.1782432574769193
1.1535848144023575
1.1246565083632383
1.1259510394758956
1.1300763268868204
1.1590521925961428
1.1551679691537837
1.1323463604159414
1.1027330482752282
1.111096041854807
1.0788738650046696
1.0850884601239212
1.0994780179861272
1.0943994491499132
1.1293763795792189
1.1290647998234287
1.1303955287434186
1.1230509377305604
1.1036047865261682
1.0878995781298957
1.064860252847161
1.0537972640005835
1.084137722416258
1.0732237389580783
1.0924057677851964
1.0872177362165565
1.0880120194573064
1.0861251561595773
1.0936275203658408
1.0794068760166795
1.0756992416342444
1.0759982590590509
1.0675910063815224
1.0673699043300995
1.0582585851688426
1.0544564401174459
1.0319080735579564
1.0588402868072448
1.050274979623809
1.0627133571698164
1.0808663241254917
1.0960192568485791
1.0906769884151548
1.0923316486650891
1.084285174880299
1.1024269366438662
1.1015532553951486
1.0973919639068377
1.0925199855735268
1.0930676087650426
1.0717938668706257
1.086158866697053
1.0733845693547381
1.04472055206971
1.0294830217488702
1.0233188226989514
1.031463395012621
1.0365549029584196
1.049430808110824
1.0566089802616356
1.0615142433731892
1.0690181893659252
1.0754834988345254
1.0634477716232584
1.0607304412516216
1.0388967510684681
1.0089713647032008
1.0039071826477521
0.9950084270875442
0.9741423110425831
0.961567867501642
0.9564717044416311
0.9552275642195611
0.968213957445686
0.9803592259510472
0.9843553608671817
0.9896668898158878
0.9930145309631826
0.9961475804259977
1.0078750036871786
1.0065867870562604
1.0100848594274279
1.0103272238963172
1.0211017486458245
1.031877084441366
1.0293900159870497
1.0377695933871582
1.0482074669533334
1.0618109354733671
1.0589950193127997
1.0579180501889196
1.0387693617150693
1.0083681607784287
1.0056610465647484
0.9975015322235818
1.001841647667062
0.9871915745206827
0.9942948588559541
0.9859684281577107
0.9825598681108049
0.9855273467535158
0.9766147223991246
0.9636584350667409
0.9579482433899843
0.9431852701544347
0.9444585695742604
0.9199770233074211
0.9247977209742825
0.9289143058627498
0.9253476712224825
0.9306672329528591
0.9624686270323131
0.9517266798351491
0.9581906987359082
0.9585056004308226
0.9593154268953574
0.9581823749393307
0.9860359994629638
0.9965779043184689
0.9960698194956172
1.0075841348114176
1.012289093949488
1.0040203065893774
1.0123246180804923
1.0112188889102862
1.008015489385886
1.0147943573983362
1.0083591097582334
1.0282609679509143
1.0016528589731728
0.9966873232140159
0.9930611394150126
0.9942761146618044
1.0108456958047167
0.9955059390646552
0.9941752461917773
1.0071002784899157
1.0018190000329628
1.0048482847056395
1.0109887497888723
1.024107325908796
1.0304530532137621
1.02631381967702
1.0373043133297792
1.0412595740728599
1.0525742529725521
1.049995521938096
1.0574645409647239
1.0540645796148012
1.0382169187760657
1.0415186592739967
1.0502262199065089
1.0350780305842058
1.027057788553461
1.0217895999838
1.0230273126482408
1.0350806857440094
1.0331916617226913
1.035528528737584
1.0318956621688111
1.030024922941099
1.0347214928593365
1.032326938399651
1.015604474341931
1.0091197701355654
1.0131028321120208
0.9997494209946973
0.9884588618822342
1.0021542677692963
0.9952839947020985
0.9926964270652983
0.9874216830370287
0.9932243368846381
0.9994565560677084
0.9904158709514045
0.991765879089944
0.9900328415064078
0.9936795212856644
1.0029762815514125
0.9943426834825181
0.9895597478341978
0.9833686382148906
0.9888819209915687
0.982228960517561
0.9828573504664736
0.9773823677072069
0.9821954990872664
0.9913506929205476
0.9777738939326021
0.9856533130925637
0.9782462433903201
0.9775789381220965
0.9719788068493891
0.9789219927237699
0.960857882322807
0.957808590994166
0.939635106322568
0.9072505734364703
0.8510978508964472
0.9258526589929144
0.9374372422754735
0.9498664866242492
0.9485128288801615
0.9670990588458037
0.9716341601764578
0.964895031262765
0.9776633115824575
0.9736923024805014
0.9609022338560708
0.9805477078708
0.9781860149564142
0.9736315398460789
0.970063429137551
0.976232729052288
0.9693817681221627
0.9741516119721044
0.9765347250203529
0.9772047239481969
0.9792459752782777
0.9898823148176853
0.9741068146167159
0.9930429513148017
0.9870468295116875
0.9717410169774428
0.9783655050301805
