1.5190556216959725
1.4905955880196655
1.4702267035794183
1.5132223962732443
1.5052002004259843
1.501442387316584
1.5198849420522842
1.4879848687010737
1.5137553106596546
1.5100258109333031
1.5045068410160884
1.4775599376113275
1.5173573059808627
1.521897644554507
1.495605415360089
1.4862057990797
1.487010477631587
1.4799153657959783
1.486974495629233
1.4921329409465025
1.4707616221270574
1.4673396028509411
1.465425355698953
1.4827738661569847
1.484925784544732
1.47983807602538
1.4807058197874265
1.4730888389191668
1.4871888297793807
1.5188970852861385
1.5038951304403296
1.4669093277299934
1.483994147461986
1.49337744323738
1.5166016244809195
1.4943777550437325
1.4783312248383609
1.48724646849584
1.4782782775237504
1.461087794837446
1.4702600937466324
1.4623888801359075
1.4610847692018447
1.4843361120824958
1.4928220881103993
1.4640679505271426
1.465412451685987
1.4578637682761555
1.4126358524386735
1.4163851906866223
1.4233224051519866
1.4383049750736876
1.4289073220107504
1.43475626889655
1.420195946095739
1.4438496451441172
1.4453884050857972
1.4390662144368307
1.4543266166212974
1.4438925863477885
1.4429993448138976
1.4402526874042636
1.4319965875720608
1.4097032049566338
1.4160514341408414
1.3960685738637175
1.4161782476292684
1.4208468578319762
1.4339222269318022
1.4686505373512753
1.4749556120210339
1.467214015259544
1.4762406876935088
1.4628940428721726
1.4793226240678015
1.480631119494476
1.4690386224341399
1.469245136707421
1.4450701905674683
1.4222685352076287
1.4269674022219838
1.4316693370547888
1.4094351798308142
1.3906194357301398
1.3827203322864325
1.3642137948730815
1.359016706495391
1.3511980129778647
1.363765347485323
1.304747438904313
1.284393270172895
1.2814358423264294
1.3071991747779768
1.3076027963545782
1.2861843120961116
1.2874371427224436
1.2911919525144284
1.2950503854045416
1.3216566514694077
1.3287487966247473
1.3322029990118962
1.3499627119636668
1.338863459759746
1.3340434428127372
1.3672292935697967
1.3487822204620967
1.3375108987518614
1.3231320692185418
1.356613539578267
1.3812019379829403
1.3792354986060074
1.399726553868104
1.3904116378417153
1.394793871071797
1.3969828085788698
1.412934153774569
1.4224505709454527
1.4244244572283793
1.4090702825020738
1.4084494858822607
1.3909490201819283
1.3753780314150648
1.3612456222750777
1.3481347442333231
1.3426282336547037
1.3285551510106715
1.3388011055032523
1.3396107924723337
1.3590798574521135
1.3745163175797277
1.3647530647377506
1.3592557327392158
1.3764366912959027
1.3779199055164473
1.366394981184776
1.3716816364755477
1.3525919713221446
1.3440657184404015
1.3410264266514835
1.3097087804201564
1.3066180694651999
1.3005724941078252
1.2942781985363703
1.307820081448753
1.3315313153183677
1.3456691532998442
1.3591134864001702
1.3639364985272233
1.3837300754688315
1.3834123242771648
1.3853023648555494
1.3863180758236215
1.3905881632014516
1.370390928341391
1.3790938258361827
1.3659418704526856
1.351836177649945
1.3587815540756647
1.3588781979540758
1.3684133850294975
1.364514388701271
1.3808678263506067
1.3691970105711548
1.3765723043734148
1.3675001188881633
1.3568297165634258
1.3558179611052232
1.3757404172292838
1.3565578395488254
1.3689360082299544
1.3543867342402267
1.3678051436942853
1.3653364496963059
1.362631785482111
1.384439243615296
1.350170404579402
1.3607553416638163
1.3362014599701744
1.3378020566359796
1.3472073986741055
1.3774008065874435
1.3740735528092487
1.3915634953690263
1.391739295374979
1.3874270874704688
1.3811138659342412
1.3813775257752712
1.354952057143984
1.3317137033765822
1.3590078024480097
1.3535633609757045
1.3345881731264908
1.3333000010990912
1.3272087561320152
1.3035008774283188
1.3017565429025753
1.3064800666561895
1.3165921229141686
1.3357691789035078
1.3297833217207884
1.344916988089453
1.3308489690506031
1.3297560697170439
1.3293874577355564
1.3336449564660542
1.3135381817231548
1.327412112314152
1.3127022610173518
1.2938860705710906
1.3198067677682443
1.3099803480340337
1.3176272785946328
1.3056790893693897
1.2744270839792737
1.2755166906624544
1.276711328833503
1.2527474985455564
1.2566734775557789
1.2420870520486427
1.2558283435435083
1.2760062515927915
1.2853988982134723
1.2721725023322605
1.2629197674927308
1.2682358630514794
1.2711826503306092
1.2348393928884298
1.2308259156268482
1.2830816518407437
1.2613986395364403
1.265089142986934
1.2868821939372526
1.3105604531099009
1.3324567879453695
1.3322701852718624
1.3360562407008478
1.3362440902919646
1.339179005138994
1.3473125901726417
1.3445492623299042
1.3445415232851559
1.3598144311017075
1.3549470392145033
1.3579252072773038
1.3587645860074031
1.3497353933360456
1.3602762598456621
1.3607563858511962
1.3578633568381675
1.361967892710557
1.3654618350913967
1.365527800030513
1.3688979449882648
1.3660551222863353
