1.5691608274702709
1.5697200744666484
1.5579244400912933
1.596023214418595
1.582775564671615
1.5736166205625755
1.5939823849870083
1.5654598071487151
1.578843651330357
1.5735444436088395
1.5682687440700573
1.551911342003965
1.5820844067646065
1.5926317105895542
1.5482643055360623
1.5486565962053398
1.5598662422271425
1.5369138883537552
1.5531581324426618
1.5496841024681869
1.5499185707023364
1.5406832519870173
1.5517941449955763
1.5348312127210897
1.5476361602345268
1.5503408537941379
1.5412634898358275
1.5475845614816364
1.5552222396511117
1.5617082961869875
1.5506460079212052
1.51324022739147
1.5068035546396954
1.5102535270975956
1.5463191595473944
1.5526449728980103
1.5487049663471162
1.524153416919497
1.486980189793479
1.4784460233258734
1.4722105996890769
1.4810203653765186
1.4846112186562845
1.491561416972692
1.524901127201557
1.5166483430434452
1.50276018145902
1.4825149328734502
1.4600158575943596
1.454820592738974
1.4538769171304857
1.4872996814361379
1.4664746169722656
1.4749230776730156
1.4719624183346989
1.4855385510889334
1.4713637678736993
1.4647889773018226
1.4674163257046093
1.4672195478576597
1.4769035033257714
1.467980359635244
1.468717833964206
1.4515341166046691
1.4300268104839404
1.39363543944614
1.3965697761831437
1.4125324198770783
1.3863716788053242
1.383974448813575
1.3755006569031734
1.3720160197808458
1.3764469385335651
1.4073271712387818
1.441407193737085
1.4570651594980033
1.4544919158054326
1.4733780888537766
1.4592622198153222
1.4538955105633309
1.4703009397619902
1.4571958066121153
1.4501442411344099
1.4256937561732843
1.423007168808975
1.4383003573301987
1.4530726293787923
1.4682803882965616
1.4691456893080477
1.4765542529244395
1.4533662544828645
1.4538792350971437
1.4611519804764164
1.4591901262568818
1.4363389508352917
1.419015058076315
1.42068403837141
1.4148812867996285
1.3914052974820605
1.370802338908214
1.3751305123677182
1.3539033205921782
1.3427135945732407
1.325834267999431
1.330151528164941
1.3630496299158685
1.3636051416250634
1.3665798359922947
1.3697547913155064
1.3843262870603825
1.3909611929132137
1.4000572045314217
1.3970523735188245
1.400304307957698
1.402507278019763
1.4062865145918795
1.414562549562509
1.431299196557053
1.437657171457675
1.423573026287027
1.4185017093961083
1.416470275601663
1.4072147871270209
1.3917482212763257
1.37759571205948
1.3774209186131823
1.390044368400514
1.3991904596848277
1.405440637652893
1.4123501879174807
1.413339794068893
1.410794316041313
1.4120669868137157
1.396528720625467
1.3586565641862227
1.363444158332625
1.3515345686108886
1.347465509746658
1.3472251368264807
1.3472431388850252
1.360649008653827
1.3774095305922316
1.3877271348210016
1.3782267759466973
1.3817136123474003
1.3426163660548844
1.380447903900513
1.3969587518752804
1.409707358012637
1.4187453799643817
1.4177428509045522
1.406159256381077
1.3985290063821636
1.3860091843001747
1.3784497841335874
1.3923980057635554
1.3856412334633925
1.3967581700367777
1.386048626158105
1.3791674757886982
1.3830216875536927
1.3783630389922703
1.378785579860699
1.3649037094911858
1.3649596866287743
1.3735422623167786
1.362597556591518
1.3640689205625143
1.3668094387764889
1.370288765641668
1.3762679698685905
1.3755737409465658
1.40128229885362
1.4067082707725946
1.4069032531069336
1.396918729887291
1.4116251911566735
1.4074646798676056
1.4145569192418677
1.4216635969926903
1.4158293056673796
1.4066044112793454
1.3970708985646674
1.3863903066091856
1.3825729317679867
1.3818704963930633
1.366583440455332
1.3655162621624675
1.3506884482120103
1.3604832672263627
1.3720779442129876
1.3676744894465482
1.3622809447731967
1.3668451636689898
1.3759659749096078
1.363253271834213
1.3623846611468846
1.360635540499906
1.3664075879806459
1.3628771952546201
1.359108942867733
1.3605714943493148
1.3539556624081055
1.3535969210136116
1.366449511241414
1.3547683400251853
1.3496482432046755
1.3614390988950222
1.3511128831264378
1.35867596605961
1.3537030843341227
1.351813577828316
1.3492583638081863
1.345172446977
1.345891854504199
1.3423243508750278
1.3241994177394594
1.3503438982820763
1.3521836504647928
1.3508250135137527
1.3560344003892517
1.3492197447850298
1.3541801766302703
1.3370159140927251
1.3519680393312408
1.324413039209194
1.308528373254594
1.2686712701323795
1.3409024377727172
1.3381249413173257
1.3460480274254483
1.3622680638707994
1.357706630423356
1.3699796643616067
1.3745975178500134
1.3699418451278347
1.372049217691021
1.365769932695183
1.3676177979527493
1.3653978618745206
1.3631227176970133
1.3722441295985461
1.3720373496026104
1.378912071502482
1.375532486825171
1.3705624009272965
1.3811272912213945
1.371455929325908
1.3782833279379538
1.3748716779098848
1.3728722454360305
1.3735235867115472
1.3778163187963288
1.375021043466545
