0.8585334882834532
0.822055140517001
0.8213650887805864
0.8494595722498044
0.8456688591345397
0.862757273199654
0.8743564051216859
0.8476809030852018
0.8470465822908381
0.8574014593317619
0.8658271701479003
0.8567800514500473
0.8677738133702493
0.8650615806366151
0.8267260566490031
0.8275564561366852
0.8303241443579819
0.820208103837037
0.8350224003035321
0.8407348690741525
0.8420282682195549
0.8072266823463546
0.8322675894557775
0.8465823601556671
0.8346042841969386
0.833029054072507
0.8240276257387371
0.8328317859364807
0.8452750161450959
0.859423003524649
0.8570752523776964
0.8150258722347705
0.8291325052539993
0.8370035199118724
0.836175784506397
0.8426875500637598
0.8280450149266981
0.8209849392205909
0.8205732825257501
0.7936781917930764
0.8171436099233047
0.7982347076509043
0.8400525690686691
0.8399297559770188
0.84164377539417
0.8322609418760744
0.8283224563208745
0.8192086352816925
0.8112424278302344
0.8242883192112489
0.8043757273371157
0.8298839375756191
0.8070735230041189
0.806399216427236
0.8117488891801405
0.8084513322686446
0.7937894391972685
0.8070872916100825
0.7986202615625967
0.7942952797150677
0.7918905317294297
0.7804519229156278
0.7713066139617999
0.769299136296173
0.7597898078736562
0.7565270557872826
0.7774370295686673
0.7924687855465778
0.7849949806626332
0.8054729553433974
0.8263794704109738
0.8111086771035575
0.8187394478910249
0.8216735667852098
0.8337086274181679
0.8409331210567582
0.8557405388251105
0.8553449700143778
0.8481797121032959
0.8455537858651933
0.8534651781066273
0.8367155766106749
0.8114555079138656
0.79054915682627
0.775207497539818
0.7860424077491804
0.8039833509888773
0.8037168399694988
0.8114703294155095
0.8104871367981733
0.7571989654796505
0.8062334286616434
0.8195039256008764
0.8184645520647799
0.7887708290414837
0.769036905126523
0.7645953213954103
0.7657808562764653
0.7733703805086342
0.7700278949845062
0.7560482458096132
0.771436274706155
0.7467958338012424
0.7193489930138629
0.6939973052835857
0.6939484421355662
0.7221865206506729
0.7089227520252361
0.734015291627118
0.7528166862949519
0.7609585255190108
0.7648175340813422
0.7726380276358071
0.787287287888653
0.7761153188082087
0.7886583689857372
0.7940224096028188
0.808732096364139
0.805242345758086
0.796126194130119
0.7849468277218339
0.7802684336684615
0.7773119025399471
0.7692562418998371
0.7463292542245042
0.7709393319200942
0.7798501545949745
0.7910708520291176
0.8023521532078215
0.7800012870863005
0.7818336118706072
0.7839145500351059
0.7755827335915233
0.7737063069829391
0.7668875610259616
0.7705749837459581
0.7498627007306953
0.761485795984972
0.7696302271239331
0.7558896787222052
0.7590844612972972
0.7554612299068127
0.7346601395471166
0.7095409176312838
0.7197985181784056
0.7447204400755275
0.7625354430834809
0.7705121078572886
0.7641194485715492
0.7733909426310575
0.7859944730659609
0.7782528552893133
0.7890037628481443
0.7859658512573708
0.7811580379511774
0.7808843445711423
0.7828991132253473
0.7830946996101938
0.7911649310553909
0.7902819015721185
0.7881784224701776
0.7884489407885529
0.7560696690941113
0.7409059567785479
0.7237086472296613
0.7140136460637335
0.7188045485000559
0.7208689981621087
0.7371502619524701
0.7299656536340561
0.7414944006070504
0.7531468430768387
0.7731613449320678
0.7781060336886371
0.7905754863164798
0.7967835944342941
0.7970494339424015
0.7957333090218626
0.7962144323066839
0.7954011030662165
0.795876892648879
0.7850458383188248
0.7925547781670079
0.7753491979038668
0.7835923320172132
0.7650054314579365
0.7674970431058827
0.7680017151018823
0.7632050919534054
0.7565572664054728
0.7472858039885654
0.7344304761658794
0.7270716021673466
0.7131271004899845
0.6951063087122492
0.6970934703764695
0.6601579405622591
0.649141168988937
0.6340266052554571
0.6210062014296848
0.6338577802076346
0.6252307005959739
0.6105620229500087
0.6095387246082764
0.6159076665738579
0.6305712452678687
0.6217102305871286
0.6390049873293884
0.6459823285240961
0.6341074853245734
0.6194090640978027
0.6313922408844672
0.6347378748823328
0.6171004644476844
0.5972716618023616
0.6018610015959911
0.5757543231798313
0.6276225454936379
0.6372930813658958
0.6641470843642433
0.6715952701542347
0.6853655640889593
0.6879023014402971
0.6674572459784232
0.6542285828528608
0.6741542825271897
0.670121159767522
0.6610349657480907
0.6743606283627337
0.6649219278312641
0.6709020505725787
0.6620382680520223
0.681675556918637
0.6755856106545047
0.6748105715078296
0.6906705582699122
0.6886555222924657
0.6945840129109028
0.6935984754738598
0.7045832719492714
0.71724620469259
0.7022756681968699
0.7080424447947239
0.7209095367183759
0.6973668173540257
0.7260488183853727
0.7264481106742988
0.721124543738833
0.713274747659768
0.719877920403268
0.714474066353621
0.7258070784321645
0.7207436355741506
0.7141491729564714
