1.5927148363106223
1.595873779005107
1.5830550117038624
1.6224959426303018
1.6034582302207592
1.6086689517610884
1.6180594364646053
1.60209101998251
1.6069106651643934
1.5956353873598816
1.5940400989945271
1.5775897182051575
1.5975697783489606
1.6168221106966247
1.5772729661118323
1.581652478545086
1.5718913848919285
1.5577668248784229
1.5762950644130627
1.5881923456757514
1.5716886668858205
1.541337027513464
1.5609801650518766
1.548618261364468
1.5583072969931087
1.5702673710990407
1.560874249266349
1.565616472898166
1.5807508163208805
1.583927770960052
1.562103084161947
1.5485729907068595
1.5354261272492575
1.5307119012294543
1.5683511826426382
1.5696877069515327
1.5659011082306484
1.5547077566752776
1.5423384791721737
1.5126256205836173
1.5011857826977781
1.494666161463883
1.5242409202092504
1.5399226455691348
1.5580934513367732
1.5469889924475282
1.542726724146038
1.5158517320396943
1.499659779641036
1.469416605383997
1.487659594788158
1.505851492309731
1.4929061237075725
1.4967833752306499
1.4885194299698437
1.4851758303164957
1.489703626589608
1.499560320640534
1.4934761472872717
1.4821266773917199
1.4970305981066667
1.486529044058975
1.489375880260902
1.4812877680525414
1.4696407077005083
1.447165160855964
1.4717485350595638
1.4747128234330875
1.4877015660585546
1.4759583240111538
1.4582592172548408
1.4392135599236024
1.4399223744471192
1.402763691723883
1.3502765811328319
1.4351573762650982
1.4464780212609283
1.4720614421412213
1.4645180744006736
1.456355353571564
1.470697909463052
1.461966352609029
1.4530248970673603
1.442108841528805
1.4531836550139532
1.4708332100044914
1.4812203164415294
1.508586856538864
1.5085747854308649
1.5139073538255452
1.4990624810761584
1.4942456926568966
1.5009116434358425
1.493143484512448
1.4821991171046864
1.456480233496549
1.4568297963050418
1.4578999403700186
1.447307529241901
1.4290107295867496
1.3992697761543946
1.3876433564591182
1.3810767177736272
1.3862000089075703
1.3755880097643363
1.4030571556190103
1.416151821606222
1.4060577973527535
1.4159549600457257
1.4163246248547248
1.4332884200058402
1.4388630303837964
1.4496815342709148
1.4311013839766362
1.4469195507283674
1.445901634585928
1.4504875854625057
1.4778866475187538
1.4643429876098508
1.4666462743120294
1.461143782253446
1.4477030195117162
1.4471526375397172
1.4328311912937615
1.4179937491488475
1.4114068557364416
1.4191759001099276
1.4356757135669314
1.4416053070000263
1.433985625232907
1.4320111053230347
1.4261751008250685
1.4202362264721347
1.4118026630218279
1.405631247178005
1.3933501591992674
1.397411349260267
1.4029067464714875
1.3924230939329607
1.3965299295816984
1.4024275610728374
1.4110672330903027
1.4140245035973729
1.4160127269274716
1.4082597200677038
1.383471181005257
1.418910004771229
1.4275599786869138
1.434812524386022
1.4396487795438602
1.4326051482595341
1.4321777750944615
1.4291599399143886
1.4262696404850599
1.4101552166138591
1.4016319269393447
1.4125600652538275
1.42119947089255
1.4051512185369204
1.4144083121146813
1.401661488849454
1.40256511748877
1.4003579051131791
1.394217574635171
1.37771371660379
1.3900310547830173
1.386242965603814
1.3914186601308547
1.398995165725729
1.4061845698531499
1.4071217009688446
1.4171735947356938
1.4339615656120588
1.440024078922049
1.4465475950313804
1.4396652610427099
1.4559426020462205
1.4578899305939887
1.4489243634719793
1.4393370808160453
1.4562193276780626
1.4353033062774898
1.451156685003258
1.4426400457042092
1.4362756142491018
1.436678497384829
1.4337359461577612
1.426579692735773
1.4051486196396887
1.4208006479702766
1.4137270914721325
1.409790235620657
1.4110670295116454
1.4097943374188373
1.4119253605923134
1.4035226363604891
1.3980824750714353
1.3940135658132968
1.395082589863161
1.3999155012601052
1.3935994486046603
1.3821511114853342
1.3874345719502874
1.3882053829086394
1.3915233253851877
1.3799572404796818
1.3884495772483543
1.3948281508543356
1.387067874536008
1.39167684588192
1.3907700238900111
1.3883769357369318
1.3781927826728757
1.3672907083992836
1.3794283606588422
1.3736732605173947
1.360405210687077
1.3861782568420338
1.4068836390826474
1.3948019818213058
1.3992686842415112
1.4020433164648272
1.403145822037951
1.3742263178263214
1.385416545140669
1.3744274912343868
1.3520617200322258
1.3240008906659047
1.3512947642443947
1.3802596088969945
1.3990608429822753
1.4049831340806056
1.4042125917042287
1.4114516293370192
1.40256013871393
1.4074980213986985
1.406969243301932
1.4066625120263647
1.4117383517403463
1.4062256336114844
1.4097167488373443
1.4094682568804067
1.4135868403117335
1.414950202477825
1.4149857918919215
1.4160950808335906
1.42575266054287
1.4115514790051709
1.4126529319493981
1.414900045123679
1.4171167096169295
1.4142977876468834
1.4152996735234415
1.4120837141779077
