1.1537123539346412
1.1377955391417562
1.108804185166817
1.1511960904424958
1.1433522603083475
1.1464616336706384
1.155196025997917
1.1333262496152945
1.1418305861247726
1.1513362268863692
1.135633075174989
1.1291669622028035
1.146707004971904
1.1621798228873315
1.1374853289348927
1.1391082787005946
1.138557676154565
1.1360506204574412
1.1131317563737613
1.1351295549324814
1.138206919094563
1.127668922386965
1.115909533638057
1.1148308160071836
1.1206321857653825
1.1365881687558232
1.1268445633928756
1.1316890130270474
1.136424123776874
1.1456009175017188
1.1283355755527382
1.1130324287149977
1.1153515804477137
1.1208753572957713
1.1460463565122838
1.1396656831642138
1.130758293384278
1.1188201606470307
1.0917778111979264
1.072134894208192
1.0755579048449508
1.0906623516510463
1.095044094832284
1.1192110279336933
1.1259571937858133
1.1162505667577423
1.112838504309073
1.1015879695426714
1.0773681415456524
1.0705393858587124
1.0653734485405915
1.096935531720342
1.0897450218074025
1.0933957852328953
1.086587487190718
1.0753709617182468
1.071846858287092
1.0739474878848458
1.0617178913503933
1.0642734791355435
1.0577445147168396
1.0728501086140674
1.0632981359182077
1.0681929963900993
1.038757880635104
1.0491852860704098
1.058900264750234
1.0734577914823773
1.0680055280028533
1.0700311207115274
1.0799859336575917
1.0893672981169982
1.090909411320458
1.0756322332005759
1.1000404836850608
1.104596687734879
1.0983013210356831
1.1061490220048513
1.0916019024928494
1.0845814916465923
1.0831771172449995
1.0763807768287608
1.0607086536906802
1.0365097131841428
1.0232042988720587
1.0197370465019373
1.0149271162629794
1.0471374970360954
1.063551558813846
1.0609864122069241
1.0404878950446632
1.0526093459152115
1.053635035169261
1.05091726719959
1.0351109796568032
1.0311543135492618
1.0053645023394968
1.0079208771341792
1.0091496355384495
0.9810958705168346
0.9896511071005976
0.9902517426113537
0.9694021321599147
0.9701507004083901
0.9779174164399381
0.9950813817329186
0.9793711631508437
0.9951376591943922
1.0028944896449
1.0076172719403043
1.010180338650829
1.0219324422794696
1.0311035582816364
1.0235673940963743
1.0288394584527787
1.0364818859332612
1.0403066318026133
1.0496842327854958
1.0355441545728836
1.0276043439141345
1.0086715272825812
1.0189499747048871
1.0214894085532802
0.9936249030728478
0.9758935442697012
0.9738222802817006
0.9953706230314519
1.0016878794052162
1.0054894684112783
1.0180111008498747
1.023470820019037
1.0171393054082096
1.0325741056841236
1.0270108345115625
1.0342483118274697
1.0163342641551902
1.0140537777674525
1.0166894638120278
1.0119234279658949
1.0094950753648744
0.99686692604027
1.001620147250739
1.001084869914367
0.9864763365926965
0.9934483741843997
1.0018204837630578
0.9991372618750366
1.0073232307024085
1.005396194495145
1.0110824879931601
1.0075491275781983
0.9972089196210386
0.9929024663076382
0.9993433938235453
0.9848721303553614
0.975116652405156
0.9901996880350585
0.9808294738142664
0.9591675704506923
0.9760591143148075
0.9327101596420246
0.9187047241536895
0.9259152988291409
0.8892346319856032
0.8817304134257934
0.8717838916459733
0.8756512415736356
0.9042311534306984
0.9291843639032599
0.9411774095616624
0.9552750931581727
0.9727668200639771
1.0012584658529842
1.0187987307823823
1.024899700004753
1.0189673698905832
1.0404047344298117
1.0291292984208518
1.0233868279630527
1.032225854441871
1.0396507812217084
1.0437472763849427
1.0393545796250958
1.0100512917038342
1.0170334752340222
1.013399475869783
0.9993101635819622
0.9925965012432212
0.9875876552125835
0.9973881318666065
1.012996146689683
1.0029949334644461
0.9851357553967355
0.9847956471495909
0.977639853720418
0.9526476648918156
0.9497564434528215
0.9464301353177472
0.9437680737377937
0.9375450153431024
0.940942655378086
0.9372320780239347
0.9220266533983028
0.9194389911567958
0.9313779515072362
0.9203750762729624
0.9396472794074447
0.936623037503218
0.9253867212239998
0.9351760890294084
0.9285984160188422
0.9318231638397164
0.9383205805378982
0.9056153753192462
0.9081441526552878
0.8982293875423515
0.8982868306306331
0.9358009309570325
0.9367950423023329
0.9576908835163787
0.9516712579395108
0.9480375401851667
0.9427388761951724
0.9314925602257527
0.9526867844833439
0.9438527785569466
0.9178170812673363
0.8986639532112569
0.94112444861778
0.9339271615662271
0.9447781735828565
0.9469074664141934
0.95766935886759
0.954849397636103
0.9606539860200907
0.9514799639634455
0.9585015512291494
0.9599320347888733
0.9663671525155532
0.970843674012594
0.9694712941821015
0.9606569138641158
0.9699322380174398
0.9699743197340288
0.9856545949527485
0.9699820637286584
0.9751260350343052
0.9783058904748829
0.980996498584065
0.9851147362771101
0.9848670591888625
0.9819867589851621
0.9670497004481233
0.9769691511427964
