1.1494149452725233
1.1427372002208502
1.1311705062554926
1.1626239972346213
1.154514345698213
1.1401001115024905
1.159671005736881
1.140091546351965
1.1596498550217909
1.159179686120062
1.1540222383310046
1.132914414117561
1.1511250015221444
1.1601294501526138
1.125380124482461
1.1255248971768603
1.1417488708733954
1.1364541301388427
1.1346112378469289
1.1447164314099276
1.1216776570603768
1.100863637796055
1.1041181803356694
1.1070664453507308
1.1164800328258424
1.1187014760382739
1.110732913367815
1.1232878792293866
1.1184570099691296
1.1529268197040046
1.133857069538742
1.0957320297447868
1.0936724766292676
1.1012801368837717
1.127793235656109
1.127073335255455
1.1079243360707558
1.0767280985797258
1.0813165505566633
1.0655959697304256
1.0652522062756655
1.0630012649652532
1.0650103310083507
1.0888481624273196
1.11339715708667
1.0931257426859244
1.0660635916937842
1.0651447042442643
1.0425790267443495
1.04492298638821
1.0338269231310588
1.0524426382855046
1.0527286911251508
1.0609820164400243
1.06959198050996
1.074448217911772
1.068529725133413
1.0693755409325627
1.0539581876377657
1.0479869402692383
1.0535549516426754
1.0544226512667465
1.0334355502561365
1.0436810686784384
1.0224520879774954
0.9971452599668007
1.0353146811976788
1.03795314730276
1.03333698845073
1.067740333911696
1.0745991609279912
1.0701063617234423
1.0658007031920662
1.0629832186968737
1.0791898823190076
1.0853947550012013
1.0593745599377384
1.0836941871183716
1.0675157576532024
1.0558581567159786
1.0566027886392706
1.053534284710255
1.0393611825694753
0.9997164912420987
1.0062396260266562
1.0231368229926274
1.0088327966413886
1.0281651259248354
1.0295947741105753
1.044300986308564
1.0397450700143385
1.0453664159773952
1.0384564551183701
1.0232501577524578
1.0211026117768787
0.9767845660848702
0.9628071251197643
0.9647032736481334
0.9414553083079795
0.9303104550748762
0.9249382579109894
0.9304499917104438
0.9449655128284945
0.9474725741338241
0.9633863475132789
0.9570762677452227
0.9605872155783907
0.9697519845383943
0.973351052975342
0.9838292785744007
0.981751894684315
0.9881305240790272
0.9997436047536882
0.9915352237352607
1.0042117869346676
1.0146272672697947
1.01331495323334
1.0363806990974584
1.029590684459916
1.0169597357742957
1.0020939820763062
0.9921451593156475
0.9940181890869578
0.983764697192342
0.973680479202907
0.9664948000771691
0.9633382127368086
0.951227643169336
0.9556969684376199
0.9446857954548841
0.9526105483488453
0.9474765368600095
0.9349622369264164
0.9290116649018679
0.9080166153834174
0.9043171478878013
0.8922329140730054
0.8918166068743384
0.8832812815447262
0.8974172503128265
0.9000782979556732
0.9266125413055666
0.9121167169082798
0.938670022036107
0.936611174130037
0.9363984890142566
0.9675925285059007
0.9796814562476459
0.9892541384764882
0.9823195076992296
0.993197204541687
0.9998753713943805
0.995338985068446
0.9848984755709367
0.9831310258134758
0.9888280190485237
0.9964461595375959
1.005085994801215
0.9936852729477367
0.9703084814834931
0.9756402176280946
0.9740158812898935
0.9715644944183691
0.9815756043162758
0.986381172250911
0.9759731454617413
0.9812661226559495
0.9827125190149858
0.99638499269362
0.9917988845460224
0.9985949633636901
1.0038949840011138
1.012302510854544
1.0305651948066723
1.0266739506328812
1.0385722999466984
1.0259240183948648
1.0316371213857163
1.0295749159210894
1.0129828715421
1.0163718247053353
1.015457888448974
1.0091736872561932
1.00572067226332
1.0085633146625663
1.0069660009115726
1.019539616795838
1.0111127150727448
1.0081907841715296
1.0036461749567986
0.986315957902292
0.9941952656842789
0.9961624652474675
0.9994489676469099
0.9798885049238387
0.9873418607591129
0.9725364488766846
0.9679343385205628
0.9614554690598018
0.9804576116005267
0.9777213967517582
0.9699464462194792
0.9622463131216027
0.9705177967051364
0.9779717666573978
0.9721181864293138
0.9707531715103327
0.9656128554640919
0.9620961679043707
0.9548027963486214
0.9535185033795295
0.958308026639597
0.9571974046844699
0.9562015891613347
0.9578645656229429
0.9495799455828223
0.9606428118146397
0.9532852900549864
0.9516658733795875
0.951647584214051
0.9448854091775004
0.9382754701496618
0.9402496449652274
0.9356462484086671
0.9273823293031882
0.9061552674125121
0.8832859980846541
0.8365185443720278
0.902302537080371
0.9098242906684059
0.932215649932286
0.9273725987729229
0.9338874254107536
0.9384497577202169
0.9381386904375737
0.9303299439018247
0.9322265450970628
0.9494447748694409
0.9448178270312662
0.9543846142341802
0.9488452972609767
0.9484092236464068
0.9553269520802448
0.9504361529301575
0.9610269285187241
0.9622957315410263
0.9526602492951851
0.949408601375604
0.9539455630498428
0.9554140694892485
0.9513871753853493
0.9451472232542182
0.9558544258395661
0.9535199315301836
