1.0670276762078985
1.0738177386232435
1.0583867954563413
1.088813019862052
1.0829212884466852
1.0780678866830442
1.091388218127804
1.0603709878104786
1.0788708683828887
1.0761085047788845
1.0690767499528637
1.0621749909107838
1.0723267874105933
1.0786976078116233
1.0364391241604358
1.0365527004280848
1.05662701436056
1.0502963962506664
1.060917529084253
1.0350813351220087
1.054469265084596
1.0439021255072682
1.0474349221287065
1.0508474346875314
1.0512181094492377
1.0513005121104206
1.0527107516951983
1.0474068900994786
1.0503230408203075
1.0628055191365566
1.0593914233095802
1.044014250425938
1.0499657838007648
1.0330056945466333
1.0571041410773565
1.0473002167852044
1.0365278174097219
1.0351200756646284
1.022177180153671
0.9987901670277729
0.9986044497415855
1.015618026880312
1.028726090053791
1.0222417971246818
1.0407389408119
1.0243297872420132
1.0191126583663195
0.9946624927229806
0.9779664649224692
0.9812460184101615
0.9763057148413801
1.0010389474552528
0.9917093531555267
0.9880335724962923
0.9907706720612705
1.0044638117942717
1.0034251590167398
1.011897540010079
1.003309261410178
0.9861971663516095
0.9840947499760272
0.9863491481111138
0.9788380642917223
0.9717259231290684
0.9522088973735227
0.9639788459041658
0.9554914376698919
0.9674158140531368
0.997423455768894
0.9915519602200916
0.9844778330223165
0.9900347950360908
1.0035542558559305
1.0064579416975994
1.012139491958636
1.0098518503944565
1.0162646708702894
1.0189154482358718
0.9924678741374234
0.985102654466693
0.9897419641914739
0.9865952256518459
0.9790016971080724
0.9481662136526114
0.9485558390547302
0.944931314572208
0.9617566195371218
0.9830221789803257
0.9888532815730005
0.9845875554413764
0.9855769572391263
0.9632589412830773
0.9653377440611326
0.953562978786648
0.9529504518874624
0.9483596254302414
0.9412553708773269
0.9267096226575197
0.9245149521577545
0.9025311756935995
0.8977624627778391
0.8977342813662297
0.8979368782650405
0.9059658591146282
0.9103155497614454
0.9064229595566609
0.9061818665897018
0.9098274283309774
0.897899350315375
0.9198772131145253
0.9195885562375679
0.9407867967678599
0.9270500246673656
0.9426453237359361
0.9382833275656429
0.9568448164793047
0.9627490299101201
0.9703355029952405
0.9731323494448137
0.9679776844758529
0.9538418083088062
0.9425248916420185
0.945440459464314
0.9362479809345907
0.9384714900570054
0.9264670882444183
0.9248792604597329
0.9394392188859472
0.9363643760221867
0.9269770906843257
0.9279857662739477
0.9454385637950575
0.9331355672074505
0.9362869700207336
0.9231584288868778
0.9268756135393207
0.9106951037135691
0.9028916373077955
0.8953344559040759
0.8982922897401829
0.8852375957080242
0.8838178836220717
0.8848822665837649
0.8580755636514144
0.8524648463653693
0.8467009086711951
0.8563853891126686
0.8563847107299362
0.8523252193173887
0.8056248880013905
0.8325231644216576
0.8444555755828448
0.8656390305825432
0.8789108783945427
0.8979764722210365
0.8953868759140996
0.8922285297746291
0.9087583087822537
0.9096898896888876
0.8974616800662755
0.912557970739364
0.9030277305259007
0.9060110408906734
0.9077121209677108
0.9148484756786085
0.9156775711607584
0.9061776769082385
0.9205504175945433
0.9166909468245262
0.9337014973720646
0.940592957186161
0.9374939626009203
0.9549687545429041
0.9495138014962455
0.9680121719586087
0.9558769141016257
0.9618849649922371
0.96929803628543
0.9653446000537206
0.9660494040455466
0.9733603808075431
0.9577241887892949
0.9451606041903821
0.955427015116997
0.9556010552266042
0.9382357553136309
0.9380752654426425
0.9508162674020545
0.9418122213593475
0.9367424290402921
0.9376494994795627
0.9280050143296645
0.9186232898985196
0.9203817956483875
0.9238474101362191
0.9255475732687286
0.9113528366029069
0.909162543476244
0.9153338965858961
0.9060146471706079
0.9087010558695982
0.9081449198027699
0.9012690346168754
0.9017918897818452
0.8921110616054796
0.8992768182201428
0.8943510009792468
0.8966783502642948
0.8894824249153849
0.8942627103437364
0.8920918945237641
0.8937859308906667
0.8950037253187645
0.8871689901869254
0.8868060066492847
0.8800250269214828
0.8865740767420717
0.8897789416161296
0.8778847852320011
0.8790222942154722
0.8807746034090969
0.8791386486653013
0.8816314026182195
0.8714926267144769
0.8636524903793146
0.8582031333730229
0.8331153713093857
0.8150967817207805
0.834961587692555
0.8252647057171271
0.8315985704160699
0.8313755573059712
0.8213821708638693
0.8278621864316998
0.8292033676702825
0.8364210235061036
0.8291201625051021
0.8334788908860848
0.8397446818062082
0.8364536812773609
0.8479386728829724
0.8651834589251691
0.8660681508196988
0.8515903117709499
0.8627853463367771
0.859026866307036
0.8789862549512854
0.8758591094482853
0.8718299587835278
0.8757247712514954
0.8819024644892483
0.8920212124699775
0.8879910667328493
0.8710758672756195
