1.7792238988422586
1.7597020605696028
1.7436922180494228
1.7953877478828113
1.7757964030999336
1.7793569402393574
1.7981608745354933
1.7641352142560547
1.7756914365759575
1.782612270441255
1.7747260994522343
1.772539735882376
1.7980265975725502
1.7976610951651686
1.7453197341328932
1.7506194601364558
1.7751928675692596
1.7665150137009333
1.754207246318514
1.7598829310221402
1.7511492189575537
1.707549820460547
1.7088873319417486
1.7106860107973905
1.7101264901973283
1.7408170158309575
1.7429479402257773
1.7503617507436497
1.7852395008459376
1.785728129244838
1.7759000282664306
1.746396174443093
1.7525269503258927
1.7725189799725403
1.8065058591878969
1.8022466566050017
1.7830444481693009
1.7350975988942026
1.7237827277147082
1.6981843043316043
1.6965190991701657
1.709875662723061
1.74423016242147
1.7653280928048154
1.7704443663382259
1.7426719031844462
1.7380306667646506
1.7233519012716225
1.7041667733003418
1.6834614203564553
1.634627346684835
1.6073128792428986
1.5645749860897709
1.6025779042372488
1.6188482398543356
1.6448999277766223
1.658216497164111
1.66238799699919
1.6525236367640541
1.669411925743758
1.6701504312945668
1.662158187720862
1.6421216997756518
1.6511377516755545
1.6511939222003256
1.65702313861121
1.6484914770527677
1.6468354947434862
1.6629080127340279
1.6823939097401084
1.6855619265004493
1.683681049115071
1.6885463362277044
1.6947652822889137
1.7246313978443397
1.7249005382408729
1.7006930656786252
1.7072699506474465
1.6892392484748149
1.685502612387016
1.7067834125878738
1.6969683854113422
1.6889206395832836
1.6580057349575248
1.615187271118809
1.643886622462777
1.6591199277097393
1.6758325181203721
1.6795661602644674
1.6778666954237316
1.6669492365357934
1.6438555658010046
1.6386660885933217
1.6466447327735336
1.6404300736342625
1.587915389735539
1.6008847221641198
1.5846927445293184
1.5733073379297238
1.581402629575179
1.586850666865486
1.5847094410445803
1.5848422462782186
1.586606245787595
1.5803702565740103
1.5730703899973295
1.5630876255788122
1.5417440502742183
1.565650661741563
1.5724759892304778
1.577363473710646
1.5814123306812484
1.5802001691751635
1.6028292410534901
1.615175648877706
1.626589920954824
1.653864407233245
1.654647568348122
1.6595249597589603
1.6452065776954186
1.630901265828098
1.5969398968690025
1.6000631801376992
1.5949085364506603
1.616484329649432
1.6157927403729215
1.613644206401655
1.6122957490810985
1.6296361113369704
1.6449048233202193
1.6425449330888118
1.6301908058909598
1.6398352290634284
1.630690375298939
1.6236499806408666
1.620875459982935
1.6051718118799727
1.598555225126343
1.5906820026191597
1.5651428874542341
1.5809790388599059
1.5701064306707682
1.5707502515631295
1.5822067762779297
1.6062524539167446
1.6022807395144014
1.6181008943491253
1.6146497813902427
1.6016691444764788
1.608252785561431
1.6265584348839655
1.6323521862645674
1.6200226287378907
1.6265422840655888
1.6128776479879385
1.600791523302922
1.582708094030726
1.5919247557380738
1.5931251549859378
1.5743812128889008
1.5745853018150564
1.5815746675381768
1.5806211143462616
1.576213588722911
1.5818521266378658
1.5622058623781243
1.575523026938562
1.5779115326699298
1.5862010578267267
1.604316786184572
1.6097231808095975
1.621765956500815
1.6316181767872946
1.647355400056821
1.6467016061767141
1.6399481966797267
1.6313264756483905
1.6305499592337567
1.6351768210267057
1.6615240724893963
1.6408373491590982
1.6488241991785018
1.6464849281209364
1.6363266465537578
1.6426280093889423
1.640354212141468
1.6297897137224695
1.6292705373667833
1.6137983958873883
1.6137953616784728
1.582176244078466
1.5638739860067683
1.5702223410415468
1.5855047361416035
1.5803662037041302
1.563995445054889
1.5734345855609597
1.579487386583079
1.584294175055721
1.5898849254549958
1.5935663094760049
1.5964163350077416
1.590216905998081
1.5918635720865113
1.5841816938230153
1.5729229003776768
1.5774204988719707
1.5762531661204735
1.5587358099319333
1.5686532436486285
1.5644244397916687
1.5596340616281115
1.5722733055222082
1.5606275695378
1.5596496159446949
1.555919635450321
1.5807628457328815
1.5728299036658737
1.581616244521605
1.5824998421760572
1.57122202612825
1.5563329979961402
1.567004817888439
1.5410632829401225
1.5471368237180716
1.5012739981923033
1.4648816995781855
1.4752007244011436
1.4916789374929795
1.4934194023474407
1.5270129831764183
1.5499090252084406
1.5540176193275488
1.5500368332888006
1.5424448313091716
1.5487409019530753
1.562511768360323
1.5588722496552305
1.570958882383005
1.5659054643755617
1.574896016796396
1.5795629312579516
1.573851358422665
1.5682327856644034
1.5842794493081245
1.576632350049653
1.5857160307109717
1.5850309433470469
1.5840157557519008
1.5854298262885014
1.5866220724711197
1.5903931651190362
1.5859632532418988
1.5944568753496093
