1.6176977665868104
1.6050585265374366
1.6020532123594164
1.6462953282137331
1.6193526885668317
1.6164375075510706
1.638598661084222
1.6217918840362464
1.62017748163264
1.6229002291739618
1.6267373871066317
1.6121149001751096
1.6152203551120468
1.6427206743089584
1.6029647904176496
1.606025846926062
1.6074540528177035
1.5741613865892279
1.5941765408196922
1.6172474985038667
1.5933956943172443
1.561011032590138
1.5929505909846686
1.585821935313888
1.5898156941807788
1.6010065078613294
1.594977404277246
1.5865376292944715
1.5953489403828116
1.5912703042983158
1.5929954798481425
1.5702849826929657
1.5680710407518423
1.5632931573482636
1.5992936940984848
1.6006055591522617
1.5903528298703784
1.5732185422898473
1.5629671502531832
1.53982810473905
1.5236554980863624
1.5408969417473544
1.542643606459
1.5543695184590771
1.573695585287293
1.5756830520582863
1.5696599136342202
1.5432670944914475
1.51974394102252
1.526040519757398
1.523700676741365
1.5431343592476665
1.5273357457360737
1.5468444520836553
1.5171936945485298
1.5272636865613018
1.5160436147688396
1.5060554157203274
1.5201441997412966
1.512940943329705
1.5149334494602538
1.5290858762787927
1.5142289523577444
1.5283329874499652
1.5158169018817653
1.4914629030339288
1.5086144831244424
1.5264513551620171
1.5256494293226772
1.5367630818472333
1.5155919955997832
1.4983142185298874
1.475763254140306
1.4615284504626993
1.4706994658861874
1.4811792262607857
1.4349035677369453
1.4779015349534983
1.4663404664680078
1.4625451276893169
1.470121336998541
1.463989374061923
1.4528528713769078
1.4644809452313428
1.4703237836819183
1.4806599263405076
1.5027752276252804
1.535598811446597
1.5361616879681683
1.5251145035410216
1.5021669658374093
1.5026421853264298
1.5080165352158947
1.5138896468554244
1.4939644950664195
1.4762963555775865
1.4907540555573906
1.4816367591719843
1.475584213449536
1.4491376256832387
1.4246807023111565
1.4178585795781284
1.4165057074363572
1.418048518329266
1.4082233785280214
1.4353412259681682
1.4509545544422544
1.4467111075898218
1.4501310354137427
1.4587460255203666
1.4644303407751886
1.466387194654804
1.4794731691525784
1.470430087093483
1.4751810242081287
1.4866562694797478
1.487248945206659
1.4875313495989975
1.4868664017729205
1.475954877854147
1.4685192767806192
1.4636840137320697
1.4558337687725098
1.4466853278264107
1.4559524744090786
1.4393688542376009
1.4277919153037515
1.4369483082198062
1.4494257406085576
1.450256607321806
1.4545648483949103
1.448409788955147
1.4469565991955824
1.4491125106113314
1.4401252136423894
1.4316062570812087
1.4239861078036669
1.4337078908051257
1.4255363804822074
1.4291870565290243
1.4448354955133644
1.4436374383333777
1.4333205766614905
1.4467511333906862
1.4425872527660564
1.4168915657836605
1.443028410380063
1.450070487444617
1.4455964385757478
1.4419595614739793
1.45173554382852
1.4577901604777634
1.4576353597131844
1.4573937745512826
1.4521417490007804
1.4523179884828243
1.4372947457639258
1.448955402930967
1.4380632452844981
1.439283998769048
1.432176212693925
1.4309944580259006
1.4162598950074416
1.4117931523215275
1.4039072222248796
1.4008511867337408
1.4070537362931241
1.4115477910148246
1.4218219508263004
1.4324065904703875
1.4429276317601682
1.447825251200389
1.464230668132392
1.473165218856539
1.482187791676906
1.482108949848451
1.4861393977921926
1.4893247896960706
1.4910703987145117
1.4868845758322937
1.5054698018514583
1.484858498559021
1.4914559561826113
1.4834634989806825
1.4776623752546791
1.4793367033567202
1.4713687695301292
1.4667351395364305
1.4495276654882492
1.4670722787159036
1.4529586104464598
1.4465546603481507
1.438544622561299
1.4392931890772886
1.444448570927109
1.4241336185272875
1.4225476123136802
1.4163994062009335
1.4119548942970457
1.4240910220470313
1.4115752483826551
1.4037584492481532
1.4054137345236446
1.4096172273242942
1.4000053211309669
1.3873905416394832
1.3977611536156211
1.3923605120812985
1.3892909841853194
1.3942817633869962
1.3922707812110222
1.3922410944937762
1.3944521842138409
1.3774923402835866
1.384826900732844
1.381744213794874
1.3779266269181814
1.4102434920368843
1.4094746786445622
1.4217601465022387
1.4273247456592868
1.4313341535906554
1.4231896125002068
1.400890772265639
1.4034373246524416
1.395918610908727
1.3713847584775454
1.3359289018129257
1.3692763435809163
1.3942231868423622
1.4121527722698406
1.4225312211983083
1.4295118490425083
1.4314829754783922
1.422091182906515
1.4323189221602386
1.4362435111799403
1.4405346880360823
1.4351926060707725
1.435722129612637
1.4452909137883834
1.4435199575627953
1.4350270313087627
1.4402519370594262
1.4446775513423116
1.4410618646118731
1.4491833473076634
1.4405498425231495
1.4390574726856808
1.443143271168019
1.44730416922209
1.447080914390246
1.4462111868451906
1.445723782637192
