1.0958259557391703
1.0944018201605716
1.0811443155996177
1.1012819073468612
1.0973694165919086
1.10477532117323
1.1145120323760502
1.1001772649015464
1.0913685806852158
1.0931356483200618
1.103398032096199
1.0832120966248295
1.090796973679325
1.1094793471183895
1.0855747364779271
1.0693378601307817
1.0762604397589413
1.0713911845488937
1.0683807210092364
1.0703659970415091
1.0630513318844563
1.0492568774001216
1.0565292738452028
1.0492665291292815
1.0653197004920387
1.0728139869419302
1.0662942101394322
1.0690976668247238
1.0684740108055075
1.0786147961696344
1.0616680978390003
1.0512903794806254
1.0562405981138452
1.0612451425232372
1.0774740384622787
1.0762366329469812
1.0795763967259697
1.067560279605929
1.0474627412924589
1.0269564421431998
1.0220396646194074
1.0078558493260699
1.0256017375441209
1.040388198062683
1.0535465492253346
1.0477936962819863
1.0434294784725182
1.0297828657560741
0.9983011042709469
0.9891107605467526
0.9787708614785086
1.0165054709680343
1.0108640849236723
1.0041653984245436
0.998361259636877
1.016220815948969
1.0136461818020186
1.0067276903516575
1.0144538962411185
1.0082739612960547
1.0034592422656925
0.9814856041994781
0.9878253981892713
0.9804312936082391
0.9738421258306681
0.9654500077170675
0.9888658195153301
0.9859503122696816
0.9991733791316691
1.0025027433337022
1.00077494551229
0.9954167361075363
0.9941913149713998
1.020872272792335
1.0079748084675726
1.0250978479381683
1.0185648653616355
1.0173938151646196
1.0047887562726525
1.0112980528939444
1.0180900515697595
1.0074804729241393
0.9876399773945636
0.9794983912868641
0.9739442738925578
0.977614849407723
0.9794885602746937
0.9824080929249166
1.0016361763549804
1.01063561106153
1.0153438582714243
0.9916192937728858
0.9927713369487813
0.9752332701436973
0.9623998594039509
0.9475664867703546
0.9571627803683848
0.9491905917801139
0.9427914229623765
0.9285481817395868
0.9138475605495762
0.9127017144281512
0.9163537675350253
0.9267391580509255
0.9233163310924495
0.9263828584149452
0.9220287400528898
0.9114354783337596
0.9231212702830962
0.9406971653232458
0.945899678975549
0.9390145709463289
0.9543434337225037
0.9462438028385595
0.9385191937171757
0.96132727448513
0.9722637790831293
0.9845874307436954
0.9759594422716986
0.9763489317122175
0.9737074249505568
0.9517756952746959
0.9469753261048103
0.9429423908981996
0.9442926651696711
0.9322683485195756
0.9401346904131691
0.9476256114767728
0.9514183731976725
0.9503698443354516
0.9512272872433716
0.9557541112681603
0.9521584007839978
0.9570200958650367
0.9470426526561241
0.9330053366427546
0.9227691568885593
0.9234899482685623
0.9176041099365138
0.9127846591217612
0.910799792687792
0.9032982469185178
0.9084648026138616
0.9110413747562713
0.8992770748296761
0.8964689176993856
0.9004259677057517
0.8988416680731391
0.9058916311729963
0.9030388025388265
0.8920644074605386
0.876383632660009
0.8691070830395794
0.8217404839622177
0.838663872500786
0.8432540305292133
0.8778132369708953
0.9054451996938013
0.8883225287314696
0.8885105216336443
0.9174389669030978
0.8992925515611183
0.899955056829881
0.9148793814718496
0.9132665283185335
0.914974924078195
0.9138908048165978
0.9177379756662248
0.9320147847418141
0.9367393218192013
0.9392007346965089
0.9517891626661924
0.9722430047837299
0.9765123305257233
0.9967488323838862
0.9737960721892074
0.9908133012004944
0.978575300672744
0.9790182882155236
0.9647534285102258
0.9698093510073907
0.9579012964486603
0.9569857813474196
0.9700343460444392
0.9768380934082882
0.9468349630268963
0.9569539335639157
0.9538515400067143
0.9469350060840861
0.9485546785598822
0.9485235569411878
0.9417483197313496
0.9317321101794515
0.9363314097540858
0.9257103951483481
0.9325902815806633
0.9282325651188513
0.9349681940287706
0.9284745365200688
0.926989755425883
0.9314009273204066
0.9173023812645218
0.9254873188353258
0.9147448267746272
0.9071442115672039
0.9072921789080668
0.9115722760462959
0.9054392339507227
0.908941972049214
0.9111455221705783
0.9082143706323773
0.9115988587468858
0.9058512677332421
0.9006286560881687
0.9031111982933749
0.9168839125611773
0.8992532934494545
0.8997371675335007
0.8987475004104601
0.8915891486834333
0.88978025966403
0.8854459345868201
0.8960455330245152
0.8911279444624399
0.8864775652096013
0.8671059473129262
0.8582767256052678
0.8501772375824072
0.8564668494767075
0.8676551327379269
0.8691535176580535
0.8633588506453815
0.8714546573511955
0.8705558102740582
0.8755602695081116
0.8757380033549966
0.8725473869667392
0.8767449351263261
0.8668830415323557
0.8539041770074514
0.8638209903943923
0.8577816929136493
0.8626664668194839
0.8540889156540793
0.8502021206853269
0.877516767040203
0.8604379000884284
0.869888687192251
0.8631242843587579
0.8700567051000873
0.8638908654504435
0.8817586299431088
0.8710829124676466
0.8704014478441249
