1.814218070446512
1.8164029861507116
1.7971435818260688
1.8332525678844154
1.8267171060714362
1.8149808598593424
1.8363526065485798
1.8115241925281242
1.8260678530123304
1.8282358600402673
1.8164306504154997
1.8036268922370626
1.8335772538012514
1.8449908728352509
1.8031247695914014
1.797896251947644
1.77611601960305
1.7587670580146713
1.7870228391999616
1.7830327311570036
1.7763895646700578
1.7687357550666962
1.7774878902947804
1.7687268667200224
1.7660308019769895
1.7820658655619646
1.7971978285249326
1.7949395168547218
1.8038797755993312
1.8108719018221722
1.7822287458191362
1.7382628728239202
1.7176306140022872
1.6625568933460722
1.7337763285613654
1.7554255507165297
1.7597437482920029
1.7544492000541108
1.7358011615932987
1.698337735654735
1.712852394383254
1.7256303632000394
1.7270897523408868
1.740702752872318
1.7694727429953165
1.7471718067207445
1.7534136323768836
1.737624045099452
1.7102621740450998
1.6945260124967993
1.663740547349456
1.7026045243053116
1.7024282008380898
1.716695476447959
1.7195188628027307
1.7095586329866548
1.6970988937528575
1.6901831952925201
1.6787450843233696
1.6662332272530351
1.6706989840063808
1.6770923508908693
1.679022635843144
1.6726915834946354
1.6386111502190495
1.6280740324225738
1.6728695062281553
1.684602569908798
1.6861301481513247
1.701452704223596
1.7018255595825025
1.710591754520005
1.7093118720976201
1.7173402994593465
1.7455870995611218
1.7506622272962789
1.7362974361119246
1.7336872511652854
1.7385526212117037
1.7266075375076728
1.74162025184519
1.7285109940885712
1.70607207438484
1.6828888147084664
1.6694257274246662
1.6688983114504599
1.667675982091402
1.683552472665973
1.6769259191426698
1.6823134060549898
1.679995344268936
1.6796199697066378
1.6842491834421776
1.6948837620019275
1.688202787665086
1.6689731077993513
1.6720415986268538
1.6604314186281879
1.65238152632327
1.6389695245847244
1.616399306505326
1.608379050239221
1.5985941725853783
1.592399890331737
1.592098780958294
1.6059157428649615
1.6283771531586162
1.6043800660838987
1.608827952018946
1.616093243824654
1.6230173094611384
1.6403589950623434
1.654123221083485
1.6567459097182957
1.6469847991135562
1.6567706104482605
1.662999819296889
1.6743366591847957
1.6912476257729883
1.677385877318898
1.6684054882613086
1.6676223159641832
1.647314757323159
1.6194691039465448
1.613607901219098
1.6084780340337614
1.643384897121518
1.6439791159591783
1.6618921304456467
1.6647027017992435
1.6795046801762692
1.6733332798465008
1.6704201654307513
1.6670672827409025
1.6638870750147436
1.6561133029514867
1.6386039119568385
1.6407361841436043
1.6281503006619695
1.622964908858736
1.6321519424807047
1.6192769147213648
1.629240866495797
1.6117428788295263
1.5933221745837272
1.5784264437948077
1.628460758002704
1.6272908078416808
1.6281602586004043
1.6296426931732004
1.6399753517639006
1.6383757092985014
1.6400690354776783
1.6318895206352928
1.6250041647551687
1.6191481537108268
1.6136708945613325
1.6034223566184636
1.6129586556563633
1.613572491717548
1.6224801871574643
1.630456457883932
1.6235086484944086
1.6297062397336308
1.6307898894365207
1.611454460300078
1.6189785268042967
1.6300587666730428
1.6366338351960474
1.6438667384627725
1.6530494596443452
1.650268193549245
1.6711436038316185
1.6812382667563557
1.679359013951031
1.6829643144315964
1.6871732913075057
1.6803757793316678
1.6860283094454827
1.6922859117898423
1.6867227267632372
1.676875940378666
1.669579128999208
1.666382394198108
1.663380540447656
1.6585977706173671
1.6522086831039984
1.6450874987719561
1.6359222555343316
1.6216555189421111
1.6116386510739111
1.6122969269826066
1.6052951131581445
1.6000310347630786
1.612297723497879
1.5897238139859473
1.5989200569245539
1.5966845289267984
1.5982869812972513
1.6031602662294162
1.6006445876761226
1.5963369556307452
1.5923220712041424
1.5924285435968428
1.594137583416882
1.57472944027997
1.5822311085349559
1.5877024329091072
1.5644585405365217
1.58279599643971
1.5718749119628554
1.5684416075367982
1.5719683130051363
1.555914670985147
1.5612093754554133
1.5537434841115774
1.5476053714662452
1.5622357899581585
1.5357854219844016
1.5404522744111466
1.5435146895717102
1.5336091246868753
1.5378955867951254
1.52331384199108
1.4856406693257334
1.505464919106818
1.4754157130913264
1.4884244465297507
1.5020060256586518
1.4970625437646705
1.5123385857445444
1.5194428277222634
1.5569171974064446
1.565487520453224
1.5711428199086073
1.5745073731869654
1.582630504567781
1.5784814749796894
1.5879385848806733
1.581667800614594
1.5803413806398443
1.5782259947249861
1.5780352036966534
1.580761403336033
1.5790658011766492
1.5845585447838049
1.585000994409144
1.5858380541383637
1.5852160293503041
1.579784910837581
1.5839216228909703
1.5809690224541875
1.581096129542207
1.5858553929798058
