2.200604862429252
2.1717464948588234
2.15535820749657
2.1982228676330324
2.191174159504483
2.1926223022478837
2.1980912806836796
2.17371021585695
2.1827712090259968
2.185279158066953
2.1902945050936324
2.1632037704055946
2.1848871799678085
2.1934932194730923
2.1615044341172873
2.1488037674130345
2.1619002111438412
2.1524490438045456
2.165781581484421
2.1643557508157207
2.1661035461968763
2.1477238309735824
2.14495759247908
2.1490377327700663
2.153010006105022
2.1606457484840877
2.157670582118525
2.166277516870519
2.1779240680597582
2.1759257672490384
2.158683131378096
2.153088528738473
2.1583957193065637
2.156568558206515
2.1853009971819155
2.188482180797084
2.1692829154750717
2.1666957911161076
2.148126520570584
2.1279738162395083
2.1280258435693744
2.122450350531562
2.147591523350816
2.1525003370672566
2.1640232991194464
2.156399950536776
2.1485794156502793
2.1344572460682323
2.117904704606699
2.1006088484799235
2.0941079999325907
2.1207308794221387
2.114757098768278
2.117194857545238
2.109422925753178
2.121176002073732
2.115652711558159
2.1044139709850054
2.099859476113331
2.085302118352883
2.103709009760824
2.1079992910380105
2.114883474919071
2.1077907114934096
2.0917270706782802
2.0716823795919366
2.0927687612726986
2.105637025644532
2.1251313077926346
2.1290008560366154
2.1316633613107103
2.1383120335135444
2.1434185059162125
2.1346528705578294
2.1467659627151594
2.159675225899197
2.1428998189487225
2.150287601592588
2.1359376950226903
2.1260836138899957
2.1316985393346672
2.1261283321002438
2.1181502526223155
2.1019437567805945
2.0838817798869234
2.0900739604135734
2.099140636186235
2.1130886001725235
2.1145538289169776
2.1006837962194003
2.0941797262064346
2.078707773120691
2.0819666435260715
2.0947540215741043
2.085055536817827
2.070653523170752
2.0643794682385916
2.0607918762938238
2.0616182889341395
2.062750655616768
2.0469651969947424
2.039758933168134
2.0299507614201446
2.028642751085312
2.0401124069997545
2.0525066779755066
2.054595261164881
2.0414796883502766
2.0497495055582253
2.0580918775273975
2.0623580720223122
2.0656860089837354
2.081134423185195
2.0825147618643274
2.0829412340239903
2.094036815104487
2.1042283852911443
2.1191534003028814
2.1083029610707116
2.0938059968931935
2.0885065946689063
2.0670204421836234
2.055019383671357
2.0243385888760583
2.025987372429676
2.0440053135545773
2.060054118428066
2.0791341167664723
2.0840683214853337
2.0948068869623997
2.0907150305491684
2.0988149260116646
2.09588743912574
2.0973527004282673
2.0801473689441563
2.076972716697256
2.060628106987595
2.0557434982754637
2.0506002704915454
2.0200959600784336
2.0242849184544047
2.023954800512065
2.018104046587315
2.006658562216236
1.9932294242654445
1.9917214449527503
2.0484333222740845
2.0586820822452445
2.0627272557124003
2.0640817642633458
2.0729472226179464
2.0706091284332686
2.07113446005215
2.0700852788481785
2.0703265046794908
2.0610066200281887
2.051890876510123
2.065389148386736
2.0700958479405642
2.0644312643007297
2.0666876113758454
2.070398764424135
2.0653978935797244
2.0715753000269017
2.0689886741144172
2.0490736375482492
2.057463513846432
2.065702709249454
2.0741277255860977
2.078572335245634
2.0920046751800703
2.09463921425687
2.1099745302440063
2.1114520944224067
2.1169367296856296
2.1062948267560095
2.1044349538635805
2.1034503905260653
2.0989531175825875
2.096622500768418
2.101452687064848
2.094507630147122
2.098222080176636
2.0925714590640787
2.089239297860868
2.090628904315828
2.081590818438566
2.0722406460920064
2.0608249149536784
2.056954948010534
2.054837665255273
2.050275811398101
2.042018563429992
2.049319418842454
2.055025337917493
2.037109695867343
2.049252592230898
2.0501832947458656
2.057895883017113
2.0524894899277943
2.0501532251587533
2.0479156795186397
2.0402690248327553
2.035072362744988
2.0314206900179226
2.0164055270829135
2.023123291361652
2.0252518830941155
2.0125129234436816
2.021627535897939
2.0193958690491445
2.017071519819187
2.0206734039975873
2.007281407163398
2.00795297451773
2.007089670803342
2.0003232959530917
2.0087785652945036
1.9952784682339804
1.981601864976067
1.9724984273281587
1.9695988321207356
1.9502968239524456
1.9498385923941226
1.9468473395165564
1.9524219600187682
1.9235626226691223
1.9046538840063303
1.9636695691800239
1.959769414183387
1.9839232731376137
1.9951752751347085
2.0095953658699406
2.020343689771291
2.0241767931048447
2.030629925089932
2.0373108426391546
2.036957222240121
2.0429071438848085
2.0460952370070777
2.0502366507012453
2.053976143030875
2.054018070619814
2.053035928172526
2.052372564789188
2.056680787066379
2.058027661605501
2.061298727804804
2.0568275932171156
2.0617796376545496
2.0637267920685844
2.0632209194114344
2.062208275601785
2.0636393813481515
