1.1720543209424221
1.1734337613388164
1.1648442541746242
1.1991629011854046
1.192653193625638
1.1719958136705975
1.1969722334966058
1.175689673138974
1.1865723516512838
1.1932028913787505
1.179492948911986
1.1646067641402653
1.184053017043059
1.194367586999766
1.162176498826887
1.15368750487003
1.157473302128455
1.1541190492216733
1.1633136359916871
1.1663336505483706
1.1319626184926768
1.1310344382760034
1.1402884135059637
1.1478773957499122
1.135084819208262
1.141576249442453
1.1441230429657174
1.1394895316940818
1.1479032218910499
1.149326266598625
1.1435755992030692
1.119535022324612
1.1274322066680427
1.127913001010289
1.148132076292102
1.1448027844734414
1.1374723170026784
1.1154252871087087
1.1022413541287006
1.0927167329034622
1.0864235516020442
1.1079640252724707
1.0998340439999814
1.1157646374930643
1.1319076507807666
1.1244937770642611
1.1126506690561098
1.095211208696737
1.0771822025933788
1.0744932893617238
1.0650767207988459
1.090223254317435
1.0888658975059733
1.0918768736208104
1.0899086598071521
1.0796483690075809
1.0880706620851486
1.0851272709025521
1.0800142759627789
1.082989796385898
1.0774722916323238
1.0618564372244377
1.049285807865619
1.0517035563931922
1.0418075543842027
1.043493534889347
1.0504747731291457
1.060196989051382
1.0618423360523332
1.0888335058890743
1.096550360696016
1.0887761159313345
1.0810701836038448
1.0793041199451205
1.0975673024550616
1.1098786480030252
1.0913140475551775
1.0926731844715232
1.0793553308327062
1.0748866372439911
1.0777725387045458
1.0713491128649961
1.0458819746552361
1.0343819996982133
1.0290734252990574
1.0220752471811578
1.0361394754138125
1.042848872338019
1.057611871955192
1.0714161996128415
1.0715770494850634
1.0789651942158613
1.0670111444420776
1.0624249060001916
1.0545247821504706
1.0136728130769155
1.018273510410025
0.9925927321181983
0.985824947216285
0.9515216954986471
0.948138975617098
0.9510030942123286
0.9615492904960407
0.959816651109013
0.9798704064156228
0.9850959619935065
0.988673874199027
0.9830454882888333
0.9911457072563759
1.0079657029925786
1.0016475020998068
1.0210658626604596
1.0228384844655525
1.0184056669794384
1.036777284095286
1.0467030046831827
1.0397577461032583
1.047870648221593
1.0594263432243225
1.0462128335843461
1.035192543552001
1.0161873154525263
1.019923731561011
0.9990028571096033
1.00597596487147
0.9757723039183577
0.9761856524174168
0.9823648638827494
0.9729941377689035
0.9690719291618417
0.9689127282947332
0.9559925976667019
0.929807953387005
0.9423405749362566
0.9256463782508422
0.9411317181903553
0.9357538505232809
0.932300315484413
0.9490735195988945
0.9465920278692135
0.9558229810109401
0.9558864791826402
0.945547440812593
0.9635517658326737
0.9550144804540106
0.9539235380748032
0.9861457742011912
0.9892945052093512
1.0057878233702977
1.0041949596906914
1.0240687170089244
1.0063884862390164
1.007393457842424
0.9972214722441451
1.0155902618555785
1.0086190417879721
1.0069529177907215
1.026874483499635
1.001319118947919
0.9922837604550495
0.9987371338020987
0.9907302079339974
0.9957958815306798
1.0008479814031166
0.996997323649168
1.0050554907182336
1.0013506601840414
1.0041186769349328
1.005690676399083
1.0171991141262873
1.0199464965465257
1.0333493609234328
1.0425456351552278
1.0444039537910095
1.0541336165177557
1.0448931332647222
1.0360067159577464
1.044869647866936
1.0351526763449137
1.0388500437690165
1.0364714530476062
1.0400456014574913
1.0220962268978218
1.004061040566388
1.0123142036732173
1.0160418201647743
1.0040569648862872
1.0262324239193714
1.0255845526216283
1.0280245282165468
1.0216748873336665
1.017814695904675
1.0060354509933163
1.0000965558936907
1.0068898194081264
0.9966818691821169
0.998484060338272
0.9937389592003388
0.9930623207534298
0.9897135330142626
0.9837921885632481
0.9795011336381272
0.9769124948991773
0.9798414630998757
0.981189756601186
0.98589546642509
0.984736384493735
0.9805022685490904
0.9851920832204786
0.9868920764245932
0.9767745661014973
0.9793415003847988
0.9831940721237963
0.9811488473940791
0.9813409681720046
0.9804400130710156
0.9796065374178057
0.9724178367023573
0.971885189085362
0.9748217602920975
0.9696540360063781
0.9689024721372722
0.957013922279576
0.9582825953480585
0.9423935738971602
0.9255728720309029
0.9008829291156202
0.8521436891924379
0.913621638805389
0.9365831600053273
0.9413844717593376
0.9537722837563336
0.9523457323827844
0.9545528738707548
0.9552763790898793
0.9670232605459337
0.9693281532724511
0.9715902453249605
0.9669116446812127
0.981583690716771
0.9665699686197139
0.9701868974815666
0.9814435559819608
0.9719610866085069
0.9755150991048416
0.9802585665337219
0.972539892406371
0.9782043619677885
0.9730346804542992
0.9741248698281909
0.9711481493351384
0.9784103079381391
0.9765394549517864
0.9775067893694146
