0.9998973710539877
0.9948689819906954
0.9927208987053077
1.0276682069348768
1.0059386016117475
1.006519613964351
1.002130519522207
1.009899836695033
1.0148289167268036
1.0214563498739364
1.0128654111224629
0.9866409532244345
1.0089343055329303
1.021212716499064
0.9660738297807406
0.9861910798364093
1.003455519250802
0.9786776883255225
0.9762842886618164
0.9848878731305852
0.9848555575942266
0.9813767853001338
0.9770650692609936
0.9777859456232143
0.9732418069437244
0.9991175633555119
0.9974574706089132
0.9939060733140999
1.0054076714844289
1.0252735969771867
1.0050492690184987
1.0016612862650172
1.0050852058755388
0.9992830878932509
1.0085648367699758
0.9949171027598072
0.9861983379807426
0.9630316741496507
0.9737547115179277
0.9669517127362484
0.9581204035862284
0.9697016636960022
0.9674154195596012
0.9819636852352966
1.0095331525732893
1.0099983183419332
1.0110076110228512
0.9874101571735946
0.9534360021739682
0.9387783364375732
0.9128070127914999
0.9404110052048043
0.936862308197959
0.9451933545362008
0.9382208967655481
0.9591340007521202
0.983966675480433
0.978761550893934
0.9918452145332864
0.9662604988990106
0.9694065829031656
0.9621831513345094
0.9594173649478002
0.9699694284801399
0.9528590850412814
0.9187809838233058
0.9316338223879199
0.9515633682752261
0.9593191243360639
0.9826037526103124
0.9723770002615626
0.9841853719424797
0.9937645264858213
0.9840208156959092
0.9922907006423634
1.0086135019352067
0.9941866374894757
0.9962950049416492
0.9937999174387272
0.9761311927488988
0.9756626988968125
0.9768417340217296
0.9570417198674642
0.9314214934163498
0.9283054515595592
0.9268914667705361
0.930193864296189
0.9522213571616354
0.9472846218381806
0.9367620975012628
0.9489374260260607
0.93755289668218
0.9304835824905383
0.9174781118420736
0.909390731502961
0.9028288360008422
0.9010005375412159
0.8940515186772076
0.8728007881013146
0.8759031521089118
0.8605154407360636
0.8623413351357865
0.8548675098956159
0.8652133043017655
0.8900734474114692
0.8669403774771149
0.8626486245724414
0.8607945602142865
0.8856540178006265
0.9236788474753188
0.9394455346782414
0.9334544746803117
0.936797922658206
0.945134154391269
0.95329369352807
0.9562552159223867
0.9554408391566965
0.9643662745768621
0.9674749580692754
0.9434147338910008
0.9358427478912194
0.9249935507965491
0.9207377497819739
0.9138598552792544
0.9090174206379226
0.8941784458036914
0.8936069149203256
0.891144488686009
0.904525513912227
0.907852850434697
0.912680839607526
0.910424886081058
0.9160942066307511
0.9278541523119823
0.9224659742316559
0.9175728443087431
0.8865177165446954
0.8910438977661855
0.870025444162954
0.8540957972479626
0.8639963855960686
0.8463062359116295
0.7880045448159766
0.7669895042551591
0.760493286561107
0.768633348570464
0.8064066081966355
0.8426110536819923
0.8748410063202273
0.8726574531856565
0.8908606582207675
0.8884895436106185
0.9067902128938135
0.901111867529228
0.8989484609469077
0.8964449705659197
0.8923911089702333
0.9004856998591728
0.8947823588655774
0.9029578316000423
0.896503279683171
0.905342821012288
0.9005138617687174
0.9073622783625364
0.8959678997303696
0.9087296370940575
0.9054939137921466
0.9122619593712151
0.9118644085005019
0.916865698279975
0.9198723785795334
0.9254551074951152
0.9506135932219467
0.9481622008672399
0.9595132402177574
0.9488989642987355
0.95690735396189
0.9560438787953977
0.9403762771109078
0.9488610497252362
0.9541621887281494
0.9424301615245974
0.9398186648473839
0.9272844379502186
0.9291937593059925
0.9243149147707332
0.9283327170340286
0.9476598247740669
0.9354655454366215
0.921809105357035
0.9280627478179957
0.9204815123243311
0.9171966224406586
0.9165897636696385
0.9124519101732332
0.9093247994782088
0.9054124077136397
0.9065524464908358
0.9074250075057374
0.8978413202135112
0.8908525519573917
0.8933976059314024
0.8911738050080382
0.8883932362941004
0.8901757825192295
0.8921547808603215
0.8995496387611985
0.8928035458347753
0.8721016105215745
0.8742111240941868
0.8777272003369829
0.8758430222828294
0.880232399145545
0.8816947108831475
0.8754171107948553
0.8731220369183473
0.8723262741484876
0.8842483694540005
0.8760137625060359
0.8626826164850185
0.8555163185574111
0.8647128269990895
0.8527859882493624
0.8536109221975862
0.8452035484173496
0.8448142957965064
0.8183850796019075
0.7807712085324304
0.7926820820026441
0.8038159317843013
0.8008827584863425
0.8216226770415563
0.8243889934088581
0.8357843862703271
0.8403247053395833
0.846972900699534
0.8614652116503708
0.8598377959332663
0.8556694950986112
0.8574153668619572
0.8678492901337308
0.8654022936687737
0.8597384084320239
0.871985934673685
0.8597422846319733
0.8644063665021323
0.8667939893705872
0.868168342152113
0.875192868370386
0.8617461736891899
0.8639363195906745
0.8775050348649
0.8703186454363365
0.8776529363587787
