1.1724729988694282
1.160172059020471
1.1605257761541676
1.1843880329935068
1.1693381855970926
1.1501553711839314
1.1850985648004544
1.1657259570274399
1.1742574953712646
1.1798828903620902
1.1656523363516718
1.1432149928174427
1.1760159727282353
1.1827120397194362
1.1482873496835846
1.137567811268253
1.1497473896489352
1.1373355938204532
1.1459971171696643
1.1487751010239255
1.1249992960921658
1.1142970517268065
1.1114727119260188
1.1297162481587177
1.1319609684872007
1.1203785316160737
1.1132566344324824
1.1108128315286683
1.1291663335752462
1.145583737191348
1.1348483426154716
1.1178799773579464
1.1148558875283885
1.102302311500666
1.1411202186177214
1.136369726843502
1.1109091635182784
1.094188093529814
1.0859800088460663
1.0775149534406738
1.0706367906617804
1.0922913138013586
1.0953234038907167
1.1058595865842709
1.1392488771451525
1.1294000517711091
1.1107825193121406
1.0921178350959448
1.0625470606427576
1.0293915688903645
1.0329367309804187
1.0796880051811337
1.067535368660664
1.0806327865902925
1.0562575894677138
1.0744516494177854
1.0818129294156171
1.0675834324805296
1.065326391198272
1.0678929144374687
1.056872663994886
1.043956779283923
1.039495181121863
1.0435489998423177
1.0362427934848315
1.0415353841027573
1.0468183483337774
1.055001005180976
1.0613092566148625
1.0624164540801062
1.0699543097826845
1.07976333497218
1.0636225855576065
1.06720981869142
1.0770375747628465
1.0882873116680454
1.0688438133606024
1.0820562329786674
1.071653582567506
1.0615032121402916
1.0671986965918807
1.0515396002638857
1.0248344894262498
1.0146378447967943
1.0164169995799988
1.014061638903907
1.0083440941124255
1.0337914847086878
1.044561352645697
1.0510898055670523
1.0548351133440512
1.0603468648453247
1.0496691481787996
1.0453984905782383
1.026443502300494
0.99649469420679
0.9877875288792974
0.9896711671799138
0.9636994079980767
0.9450017001805346
0.94295406316424
0.9314891278347375
0.9381773667674099
0.9438369306809693
0.9667700162048875
0.9699972515361083
0.9520670978757579
0.9365484591858919
0.9702206230042799
0.9744465427873167
0.9873661640407433
1.017239999836927
1.001428563513885
1.0292792568369384
1.008121955109289
1.0202575304037838
1.026073078196187
1.0286073732721668
1.0249833767197067
1.0183162114310307
1.01517117164154
0.9848708386418532
0.9870531462697716
0.976365962635179
0.9632647492404544
0.9568617417158205
0.9577591829053732
0.9534107406166796
0.9463218152868629
0.9426712928602271
0.9280608465892392
0.9168075470525395
0.9350702296935315
0.9256829184111414
0.924955861642241
0.916013871040517
0.9284594370548607
0.936370791035676
0.9381635426118307
0.9503979202590161
0.9570095565075125
0.9443609965272431
0.9528007113524195
0.9466519671362708
0.9279021292183112
0.931404872532577
0.9766986955478741
0.9890046741396284
0.9796374860563697
0.9857794803260296
0.9910939141756543
0.9756817441952927
0.99362885593826
0.9939945538213155
0.9813035760194101
0.9994266987097701
0.9883062320063235
0.9939050150079871
0.9808558249094885
0.971252618983963
0.9854876563143891
0.9730714068914741
0.9695483062947335
0.9757755180703255
0.9752779896797693
0.9703865591435319
0.9745408568219995
0.9817139959330513
0.9731696306123411
0.9847677517024921
0.9966704146381814
0.9989775045056914
1.0164715605105106
1.0279529123376083
1.0311599353664962
1.0163317086302432
1.0244982197335077
1.019464661688027
1.0220894149416506
1.0210058438357088
1.0229663009889705
1.0117792678955029
1.0067338982390563
0.9992310386879636
1.0076365129935376
0.9965185743685643
0.9935106116453644
1.0134180939603679
1.0228979520410968
1.0105151000930783
1.0037542388653435
1.0011469301039098
0.9789354932217277
0.9851028922312909
0.9771713144274717
0.9707510562925874
0.9524995573492991
0.9657864132699522
0.9574668776216086
0.9690617682000111
0.9703800592288943
0.9678898254240207
0.9653650195430333
0.9707917717174852
0.9618397105110493
0.9669114376789053
0.9665964041636028
0.9608292091972431
0.9578030745235131
0.9520568715168418
0.9535256094620846
0.9536363201719305
0.9556791015032211
0.954348117192252
0.9545434125997769
0.9581886350568813
0.9447572764063805
0.9519723956302644
0.9537210417879136
0.9429429870931707
0.9481716597134815
0.9503559842226068
0.950518422265317
0.9356206595068273
0.9303582476729256
0.9021837434089637
0.8779408186573728
0.8300797238842365
0.8922974800226854
0.9192345539554392
0.9137016943906053
0.9232673793872443
0.9320115981424697
0.9354678873860771
0.9435804084075259
0.9483359864784822
0.9524746022640764
0.9553630167749118
0.9464419321020588
0.9513585112970102
0.958233870203715
0.9604309666367847
0.9488402867616402
0.9520456163035727
0.9630427104009194
0.9490126287534041
0.9588552447712263
0.955475794088563
0.9540809311813926
0.961245644881901
0.9486768163728255
0.9517450833030883
0.9526824716942864
0.9537846966576985
