1.0466275324329797
1.040134315657192
1.0226593089313523
1.0640835387382557
1.0426957885800432
1.0457779011681918
1.0521004650922041
1.0388127986980773
1.0481790408671785
1.0496764104031222
1.0462598633761566
1.0414747530161608
1.0558311346498994
1.062611723550172
1.0417543994012204
1.0297505229943493
1.0283995773912669
1.0163220275509794
1.0415338215462697
1.0388920633784076
1.0314315907695015
0.976646445874965
0.9878130479417876
1.0053182665484826
1.0028297486046958
1.0313435279587484
1.020376484532232
1.0152532902177018
1.0150162523954793
1.0183992505266428
1.0245773166334808
1.0417799316542637
1.0228556085181728
1.027080181019669
1.036236226179383
1.025250401164541
1.0219267089610715
0.9940240779319677
0.9998534292830574
0.9888261881293333
1.0054803895182385
1.0072731912422301
0.9973885799688386
1.028957636181979
1.04888029826985
1.0320524759010734
1.001649443796311
1.0122652134110883
1.004088810598134
0.9843167883869833
0.9931696784322422
0.9843077761732381
0.9677515869192043
0.9843973702077781
0.9762430681598072
1.000013573113111
0.9857808763762804
0.9880339949863448
0.9798000806884481
0.9820291182550451
0.9979880708246991
0.9942009848571135
0.9947716667850789
0.9805520315820178
0.9511466119662493
0.9704304421197366
0.9892827252540262
0.9896071288000737
0.985801220374799
0.9774434411513684
0.9684740428930385
0.9790295339102323
0.9829853374203655
0.9829400478174266
0.9877467453748495
1.001891935430254
0.9785805826389746
0.9903903671146282
0.984564426575205
0.9936188324811579
1.0045419088820309
1.0076393616388732
0.9870413153299609
0.9668622677785912
0.9343284776873819
0.9368602596148321
0.9516519763640441
0.9496207788952835
0.9637787816871801
0.9533813012217277
0.9441868591129006
0.9249541146671795
0.9253410204547429
0.9285233600325291
0.9275762019829015
0.9298899261827789
0.936243298684617
0.9167899677258241
0.9266912157804851
0.8959835606878098
0.8876222550052436
0.8779520958755024
0.8337222615672216
0.8075822384460993
0.8070962397614942
0.8229115824359724
0.8075342409509227
0.7792639483920067
0.8009183682098033
0.833197055423007
0.8693474944878462
0.8766043756632582
0.8875958486766456
0.907370964836175
0.9166513570719145
0.9286329001960162
0.9418933919406252
0.9448569479215729
0.964214672083384
0.9349380204582465
0.9146779632677772
0.914726452349284
0.9111984068751834
0.9065409908460175
0.9025448033335571
0.9085491922716019
0.9094238498306072
0.9073780397679899
0.9107254655205235
0.8958217043600407
0.8963204886253296
0.9068520471236307
0.9515306434396281
0.968667841306025
0.9626841729458832
0.953501430669841
0.9478988695777951
0.9298773461414211
0.9282152557408382
0.9009921503203773
0.9048742225573647
0.8860252819597972
0.8998729866244832
0.9214989229376689
0.9043145440221364
0.9107938849636483
0.9221312275435467
0.9205802931539556
0.9133628367356035
0.9195752752301332
0.9140216791065748
0.9328238372950358
0.9441465445133427
0.9399567965015441
0.9432814454594797
0.9325304955929969
0.9332026466163105
0.9340220713173634
0.9267208306964776
0.915594722659741
0.9277885149667103
0.9043341797878949
0.8968525711936128
0.9011595263055772
0.8860411657771656
0.8955926308847852
0.8956286676254426
0.8976546789874954
0.8907314074045987
0.8989207033258984
0.9063723557706761
0.9139945447478987
0.9283489684012111
0.9575007150238882
0.9765259103668622
0.9561746870111022
0.9592895662140338
0.9596900156704566
0.9605176579983178
0.9697565059053168
0.9577492906103706
0.9481912278262689
0.9441440466433698
0.9382173802882219
0.9381594709169413
0.9252903523649166
0.9108074347928143
0.9036075346291619
0.8890907248607477
0.8803078978297083
0.8729753411018025
0.8648582644498252
0.8631000053715892
0.8644527404944504
0.8505052528776373
0.8527437034166975
0.8559594305671587
0.8635656461897288
0.8615820536729323
0.863906694190261
0.860532409184206
0.8551132797708053
0.8585032002581663
0.8431593268638111
0.8449308468815188
0.8237273533788081
0.8379939619601421
0.8394942462052338
0.8191470931393593
0.8476350754732935
0.8232398865133986
0.8231958625606274
0.837016213127123
0.8062028955478729
0.8095578516995182
0.8100261074540005
0.816197937630473
0.821916631839623
0.8217496054432166
0.8320312682600055
0.831281329332614
0.8286721788248119
0.8324846633549173
0.8259570889526646
0.8371278794825913
0.8457014876433817
0.8230744913509602
0.8160821854910081
0.8026482904388971
0.8132762222574295
0.8385331381829159
0.860291375035
0.85589514972898
0.8694314571177922
0.8654578427196685
0.871334266162101
0.8637438941271098
0.8636071790288984
0.8727819749159847
0.8740896017142462
0.8845514960764028
0.8781535229584642
0.8693063749838533
0.880054028859715
0.8836072126126489
0.884500659857741
0.8808021912306859
0.8820165369805415
0.8798970254208752
0.8839592040672972
0.880760116517105
0.8852043082346917
0.8921672437083837
0.8918506536201503
