1.7257944965992937
1.7047274899012252
1.6862699431541093
1.7301055189331962
1.7190752756105312
1.7109268615218773
1.7336926903640302
1.7065867143408318
1.7246287566032745
1.7292207840772897
1.723221717408997
1.702810013074505
1.7206433664481358
1.7368612646128216
1.698963510491772
1.7047351167176827
1.6956355995944183
1.6751310594886086
1.7053844146593942
1.699432549127953
1.7051742599292115
1.70941772796727
1.679665812777641
1.671204568969094
1.6607792285054988
1.675424051308918
1.7121541056995748
1.688390784138031
1.6837161781888004
1.6878105784582862
1.6838862115223052
1.6711136922522503
1.6688822086860573
1.6535610994343355
1.6861050387872258
1.6715469056786048
1.6418654392304204
1.6146210470836975
1.5631145254806225
1.5890830974193988
1.6159838327461757
1.6281298030246
1.6419735217394074
1.6619695502416696
1.669859814130808
1.6751819831591699
1.6521922310365311
1.6442421905695144
1.6269069322879537
1.598249548644869
1.5948903849856069
1.6391015337279495
1.6317010762917696
1.64931133991413
1.649412067931753
1.640759830515685
1.6350464632700294
1.6293359474216198
1.6109525129781808
1.5954030047921575
1.6012196825076452
1.6102882175790652
1.6002676308094321
1.5908681263887672
1.5470671877295832
1.5351566450089453
1.5815721741608753
1.5740375811883807
1.6111821040809582
1.620830893215136
1.630765880103199
1.6365247546810904
1.6424761518569002
1.6290887535816647
1.6451069998243495
1.6661742463204146
1.6472716804313574
1.6564224418576612
1.643952338468766
1.635513384904495
1.6404631827198746
1.6384209255948812
1.615100630087836
1.6002346126048475
1.5859647568001245
1.5866636923048159
1.5938723243320647
1.5969633129610508
1.5976980010442523
1.5962810760605293
1.584756669061977
1.5683086298208793
1.570522812823307
1.5801047294255184
1.5594938751560716
1.5478589497037323
1.5506645419701677
1.5392283368902606
1.540719953603859
1.5251942016097584
1.523504429671665
1.5058369624686663
1.4881177131571455
1.4768724978343948
1.489138911760035
1.499750460490829
1.52277051108241
1.519129229935957
1.5115560829510333
1.5331456851337923
1.5465728950809499
1.569492051033768
1.5700941884490573
1.5674444525165796
1.5722105844878576
1.5711884305560013
1.5942655784991224
1.6024923449677624
1.5825349372843756
1.5792817066456042
1.5736733739211917
1.5476087092261834
1.5414682895311276
1.5067687541816097
1.526314328398093
1.5256694149625818
1.5355592813712624
1.5443352217705995
1.5557501841342434
1.5592589985238177
1.5796984141895636
1.570148007669728
1.5774601135066548
1.5708194149693413
1.559687369692867
1.5534857151011368
1.5309046268480577
1.5406312900433676
1.5319194462815584
1.50521486447272
1.513427991045408
1.4967433480271215
1.4962246826709364
1.4951760410035972
1.5085222205517563
1.4948767134148044
1.5282825066348018
1.521068779059913
1.5142902729444612
1.5330411020961783
1.5416273816544843
1.5357176008503222
1.5513585581802711
1.5575862156424933
1.5479777043609735
1.5296362706219317
1.5242505761698601
1.5211751398928077
1.5286579075775797
1.528779021934053
1.5192651765527772
1.5169710737515567
1.5124357662769392
1.519532684733594
1.508825770028865
1.4817412463683137
1.5100196286814482
1.5245525920447653
1.5302598874882214
1.5437351949093265
1.556656372908006
1.557557386782893
1.5752329039991457
1.5702724844126241
1.5906507301647212
1.5907424742127338
1.5822514508351446
1.5908346025988438
1.5793443377684548
1.583531490413488
1.5860816265362865
1.5929609993009424
1.5803503756581172
1.5847229927594018
1.5750264692058522
1.5644066228694316
1.561781272151933
1.5563891475092215
1.5396009526735592
1.5417457301948914
1.5510000586249346
1.548309779927946
1.5302639639715134
1.5348723884616877
1.539982115489427
1.499031053018895
1.519000426023816
1.5177829452066762
1.5231670693596118
1.5308496216142726
1.5179747401597117
1.5091389421899835
1.5046774543659516
1.5091951366425695
1.4945788051745446
1.4859986332944815
1.499148441604988
1.4991396081703823
1.489843884446231
1.4869147893314691
1.4915208860273843
1.4849718894073343
1.484341884739664
1.4717082727956279
1.488411186505582
1.4812005559503143
1.4774132985430624
1.4855469866611688
1.4753909621160501
1.474042787721141
1.470149323890941
1.4724020891277534
1.461410420315987
1.454721213158602
1.4641588671629346
1.465293842479211
1.4245289281826758
1.3745762361816598
1.4399859385971348
1.4544692830117205
1.4609135844479362
1.4584374770661046
1.464428067511889
1.4646715861779487
1.4625216864802406
1.47731045361661
1.481649629278024
1.4932397050284785
1.49595794933709
1.500572399348264
1.5059005825435405
1.4997045628268335
1.5075008654928455
1.499568567091191
1.4954002567247864
1.5018019772503863
1.5009809990098593
1.503230721271625
1.5051377265108379
1.495480222769724
1.5038796249595578
1.5050582161522477
1.5033058232898961
1.4993512711330808
