1.1030492400101932
1.1028452792122236
1.0865428469573557
1.1227290059879653
1.1183147464631835
1.1168412257438083
1.1191099919473801
1.1045336109145292
1.114145673095344
1.116275583047154
1.1182557796207495
1.0976917495564118
1.1193520123245018
1.132727022809583
1.0878647756609245
1.0958140039507394
1.1038074492392203
1.0858373309134601
1.0894123699068432
1.1020485261357968
1.0853284798888885
1.078866053257732
1.0731070143680768
1.1015155146781999
1.0895233380902638
1.0884461854604905
1.0760793540494646
1.0633572304241468
1.0693033032651262
1.1150170972970666
1.0994581454859338
1.0772043213945137
1.0787079479733983
1.0731621435997662
1.0898422730941268
1.0871616922653498
1.0609663041407222
1.0367769849963484
1.0434776587096206
1.0211910489933826
1.0344194976760372
1.0258605641621994
1.0365329831699623
1.042489073644717
1.0835609611568304
1.0624490576369718
1.0417483962713356
1.0444664780484054
1.021819832946695
1.0176703995165952
1.0124094375427495
1.0388270544380258
1.0390266601941038
1.056374672379266
1.0496076532381575
1.0540866078409012
1.053913121637802
1.0518479868744577
1.036517107250832
1.0335744778864109
1.0358349461419842
1.0153711303492858
1.0150164795486756
1.0197415588684344
1.0070092314643522
0.9529576427171436
0.9972655874060928
1.00769866752967
1.004473073618836
1.0442103959837072
1.0536463655754742
1.0466367237363163
1.0423960781420873
1.040907679072858
1.0625986039752275
1.0622517396315005
1.0563506093086763
1.065828225039961
1.0417484720582397
1.0237440794460007
1.0279119254110824
1.0326705926222308
0.9928833712815349
0.9767015997974605
0.971918153092713
0.9885655484261022
0.9918224042846027
1.0162876396393186
1.006599441534497
1.0032539133351526
1.006252140440528
1.0076247787230477
1.0077910780208594
0.9857382002679068
0.9755700254274602
0.964529370325726
0.9644042389799051
0.9327065922878551
0.9314139974561648
0.9291434814463178
0.907809111483769
0.9044703518011546
0.9215428445242588
0.9394548455201975
0.9465184844401682
0.9452670970073843
0.9247231693077493
0.9252475808521381
0.9482545366525378
0.964503722064225
0.9719455511224675
0.9670675681153513
0.967676743292838
0.9722509636865112
0.984684032825539
0.9929166381260431
0.998000638253137
1.0076747182834003
1.0102920049127442
0.9871021611289245
0.9764163418120291
0.9623797727259988
0.9461403235761034
0.9521638010914457
0.9458670966579966
0.9406701891467848
0.9473021950885725
0.938284461984013
0.9410197508542486
0.9315792064734663
0.9408248964599293
0.942614198332267
0.9297961397447249
0.9324651868031713
0.9168144387650342
0.9134414337387295
0.8836381334777161
0.8533237756546419
0.8592570819563727
0.8357234443916247
0.8464300463410097
0.8480050186357644
0.8640209383746152
0.8719355931907598
0.8912229333131666
0.904801096181439
0.9367290850104396
0.9513356555755036
0.9497624735762807
0.9676509405774342
0.9715499257332305
0.9730540776408128
0.9594106433786289
0.9755841285281571
0.9643085652806335
0.9721441670502181
0.9564234788316046
0.9764766756394542
0.9753374352395345
0.9670019601189437
0.9579810959101793
0.954747191152531
0.9627478105957362
0.9480386425970131
0.9525303672557589
0.9442751009189239
0.9516309607116578
0.9522720209992906
0.947941137970567
0.9646400264729422
0.9664201121686296
0.9716809949451275
0.9906276885796614
1.0043062489252856
1.0055539673532714
1.0135609672808665
1.01239183005341
1.028010386501759
1.0050019114339999
0.9976072365097731
0.9772231832600049
0.9862966523794967
0.9742014119445509
0.9791038425948323
0.9758625829985159
1.0048287199552617
0.988416595447389
0.986050055512488
0.984272803817849
0.9830932432823141
0.9753690371681498
0.9690040928950446
0.9641279551869792
0.9700904741409787
0.9598742930230233
0.9528577618545401
0.9642396002454543
0.9566933239152603
0.9476893007291076
0.955869100663199
0.9498383430401114
0.9474978479993564
0.9497873013617572
0.9517611131311656
0.9535273698801331
0.9487531542757014
0.948359677154804
0.9319798449357846
0.9418336505396776
0.9425976293204098
0.9400752571457871
0.9402344305301346
0.9402867415765228
0.9364490286683369
0.9415936571684633
0.942120924261916
0.9362867855048859
0.932657365233218
0.9390563444183989
0.9283563131450694
0.9162348317910763
0.9228547174438154
0.9174958313533605
0.9259287252729478
0.912395702313627
0.8945483516159068
0.8628551762622364
0.8109523335845281
0.8740654259861835
0.8797763187982817
0.9039141059540625
0.9116993020109453
0.9155213392653057
0.9150235559050699
0.922832579277454
0.9173937725622394
0.9161348606210568
0.9139225752020501
0.9193637925257019
0.9255024529190442
0.9211087747374912
0.921291454081942
0.930671417672277
0.9262889873887306
0.9245402433980919
0.9283098177829467
0.9250532923105154
0.9225889851240611
0.9150356926266296
0.9361383231283956
0.9282519917295776
0.9192783360780041
0.927402940925468
0.9218782712435916
