1.1085389166027373
1.1195735909809093
1.1071822470315418
1.135795292304722
1.1293913892445937
1.1203764987202487
1.1318952150792168
1.1143927325866019
1.121882761445043
1.1193472274891785
1.1089585634494732
1.082707991628711
1.1215926961828286
1.1328930422993673
1.0898908736525261
1.089734922041277
1.1065920734332901
1.089312147480418
1.0949272223379158
1.0891828916888897
1.0873632961197637
1.0840816030908484
1.0850349060524396
1.0898864022136125
1.0963139250931337
1.0846259202066304
1.0973125747980215
1.0905687106903803
1.0913888170289723
1.0973057905293087
1.0913381706946423
1.0882239471232036
1.082146595438169
1.0710005902083846
1.090091346943868
1.0860348410649916
1.078883988878869
1.0695652897756989
1.065510012475064
1.03889041231085
1.0525433978456409
1.0529715719095216
1.0542743459148494
1.0573812472464577
1.0781024434504527
1.0662099264799645
1.0621937258334047
1.041181933009167
1.026761726690084
1.0214940487389308
0.9999176953800414
1.0283687395752368
1.028025834109209
1.0240327643364828
1.0151813225943431
1.0423741353496796
1.0440198294132352
1.0381320786062276
1.0365718055270614
1.0264898000227742
1.0253040083061542
1.0136510610767
1.0067046540188307
0.9961360733655272
0.9764321931471917
0.998014070643658
1.0022863996316655
1.0031970568172397
1.0253119743165569
1.0375009965558188
1.023850015497189
1.0199013609879741
1.021841913978892
1.0266338629063427
1.0298692346902347
1.0602011852931066
1.0553402119137199
1.0486083494592586
1.0411352410276231
1.0326230152269966
1.038752364345302
1.02196676136673
1.0076677539690713
0.9954859296254279
0.9875647934804545
0.994342989184062
0.9971086433531302
1.0178178990244406
1.0295345038481214
1.026189978884628
1.0249594090926033
1.0145173693266405
1.007709389876061
1.0017352602216638
0.9858043160927681
0.9965451578562934
0.9670273767092733
0.9621603599804137
0.9526160434927845
0.9494180906596158
0.9375824052864865
0.9265839349373441
0.933733148262311
0.9447422261580095
0.9408799977086276
0.9351188602386851
0.9414840129499077
0.9360834192548412
0.9470013323123673
0.9427162732377853
0.9587484578549226
0.9596572265524574
0.9603276578260138
0.9719073741377798
0.9662789544157229
0.9713753605916834
0.9949065987123599
1.002244354695921
0.9972386526884589
0.9896491595905749
0.9807393216569782
0.9652420749081414
0.9724676313216141
0.9732995156620986
0.9686305117308847
0.9707245672331041
0.9616268645926322
0.964351207645676
0.9705266687556574
0.9678910219341375
0.9734518197300699
0.975374708564715
0.9782237627049745
0.9773495165178149
0.9709679354379913
0.9419289779411586
0.942121965009011
0.947896749362103
0.9393083956023333
0.9232186986888686
0.915840103551162
0.9134164752045763
0.904204617620528
0.9066735435052304
0.9028042632053602
0.8976889580684654
0.8929399536996615
0.8878296988488177
0.8987251346638947
0.8871530876263175
0.8564068771502844
0.8644836197234493
0.8754757778630519
0.8894857520858239
0.9309298974224461
0.936306874713314
0.9278614783679817
0.9387395784507782
0.9401917866668706
0.9350012547416823
0.9420210952744169
0.9487615496718746
0.9442485812882128
0.9470456390429377
0.9450888232123359
0.9444208614695847
0.9579712002587467
0.9504691406352758
0.9494507881747143
0.9662627502833591
0.9809616097656614
0.9686549091916686
0.9897066093045774
0.99204478196014
0.993351651888414
1.0086735203761716
1.0113132069991337
0.999406929889049
1.002953959517825
0.9946407285956804
0.9921354725712286
0.9943266551160483
1.000053816497418
0.9906938795096955
0.9988693704261947
0.9926429482903606
0.982662550280497
0.9784571399129228
0.9735356555485669
0.9759132078229269
0.9763291488617503
0.9610614345748361
0.9521671623802234
0.9507956444901998
0.9563765855937149
0.9476781140257025
0.9513175219418578
0.9563536821958107
0.9467867707463345
0.9317073396661992
0.9530064473244686
0.940344402078148
0.9392347076831413
0.9414428128603325
0.9363522329838554
0.9296640372292094
0.9338913760684269
0.9392165886579261
0.9344391686455633
0.9273162139973565
0.9347060178280095
0.9254028083409688
0.9206595979197333
0.9322274789648882
0.9338033428370617
0.9264182616677328
0.9287380393590893
0.9192448622541345
0.9294825782817594
0.9200623308041852
0.9153345029638328
0.912787386752019
0.9055498430645834
0.9114144378899381
0.9110516030638937
0.8916946115916022
0.8974013335062339
0.8540027673534284
0.8697383495049918
0.8831696358122932
0.8754853759468799
0.8749199092430067
0.8753705488132907
0.8633825172972639
0.8637246213967921
0.8640873263850212
0.8639161250741997
0.8742133635210678
0.8618335009787799
0.8676545878817541
0.8876995132071475
0.8794562159144252
0.8809898554796752
0.887283367824388
0.8806925210124485
0.8901791689393831
0.8873384656447025
0.8968386907899804
0.8951659985320599
0.89923310465529
0.9126960448472933
0.9118350851808177
0.8901252236826698
0.8980015188674754
