1.9323632947242495
1.9214781325976928
1.9056124283484248
1.9397502250789262
1.9292682311081155
1.9244765801570627
1.9468138511586863
1.9157961439344287
1.9264511760948795
1.9386487426126533
1.9243898302504645
1.911304866164698
1.9406892204637956
1.9474212086617495
1.8999049524560203
1.8817442067060066
1.9009429820449921
1.879462166084521
1.902693225805689
1.9122302174100843
1.885869916919089
1.867592418388334
1.8687870279805572
1.8747425690876074
1.8601723058973878
1.8487577824650911
1.8243154713187466
1.8011081309669592
1.8494136888746031
1.865602214075915
1.8499750553223706
1.8355201341970737
1.866051999853709
1.8916197897533258
1.9070807923172075
1.8989331265570724
1.8743071864834395
1.8639381459242816
1.852229019287869
1.8338372350285497
1.8504777300339599
1.8475658937828927
1.861658745423366
1.856930134075238
1.8927757461443673
1.8851811741538889
1.8697414111598027
1.8564464226271813
1.8384930776194393
1.8071752040085376
1.792635232339562
1.8250312726820346
1.8038913364509508
1.7915431292994835
1.7826576639149723
1.7986990437176882
1.7839787125576279
1.7943226206142047
1.799439794780723
1.8067183562382594
1.827586905675009
1.8111359980402277
1.7917380147506052
1.800976982007068
1.797458012021172
1.8068170446519298
1.8033345644226537
1.8103291486928064
1.8344710824379111
1.8359392593947084
1.8425821921175012
1.831870956668531
1.8314894316937103
1.8348723303755352
1.8321446056347075
1.8401944344451646
1.8227110980596293
1.8240340492532148
1.8053274032742783
1.785257515271303
1.7967439420249398
1.8039528883470355
1.795162930060538
1.7861288013956542
1.7546795048281165
1.7593873575181866
1.7768934100107172
1.7873626600228527
1.7869967616712967
1.779293207095871
1.7695941648133053
1.786132164368249
1.7713779944606063
1.7635983049896458
1.7477145025080099
1.7251663377401933
1.7311927240442035
1.7207674487214066
1.7231775667200364
1.7045676698066774
1.6986932233730707
1.6943179282815293
1.7122557469376396
1.702192845289624
1.7028587033898694
1.7113559801767
1.7317510656930013
1.6900418449654337
1.7330421476871707
1.7380130296585314
1.7442505531871193
1.755110655484102
1.757728463056488
1.753357213797418
1.7491474900184452
1.7734151017152104
1.782559217927731
1.7895314897944912
1.7863863682178371
1.7836094282584094
1.7692083863070096
1.7568166629760051
1.7409521378339492
1.7309555720947332
1.7344066824779034
1.7234881050134654
1.7290300366703406
1.739479990683729
1.7537460255353943
1.7429371666074178
1.7527697013845442
1.7476436362446137
1.7493771837640149
1.7510672489652825
1.7392350918357768
1.7383997986352058
1.7264395113491362
1.7402989785530207
1.7312267623100037
1.7134701354853066
1.7219001342913691
1.7172075144724457
1.7087981489253519
1.704738539247099
1.7070120287162693
1.6974721611308417
1.7307244953024306
1.7367442213714528
1.7497436722711308
1.750493521641381
1.754428378861454
1.7535549264711827
1.7563166639159131
1.7535949486821154
1.7525198647539166
1.7405341409003399
1.7411364907641782
1.717765186584308
1.7147289598499649
1.7172318202896475
1.7114465384892872
1.718856590371557
1.722810228097163
1.7308747756358225
1.728013798214623
1.710009897022477
1.7257778740526108
1.7413445638078775
1.745908127861857
1.754242805078586
1.7586066338936523
1.7600422488327638
1.7711869833747929
1.7863044374462747
1.7910596709621394
1.7901773894606179
1.792325399459565
1.7889650935299362
1.7946599785652797
1.794523635527491
1.7988235340806815
1.7957127630589713
1.7937219413558547
1.7933511611610484
1.7721638508742517
1.7761921046549047
1.7600804749447536
1.7517347236919643
1.7298379182751111
1.7177873911515484
1.7138654700340754
1.7126855603792115
1.718939737648396
1.7241653271070214
1.707084915149364
1.6925128286504614
1.6904412891973464
1.690100751086211
1.6964183227750302
1.703588144591594
1.7079900769912002
1.7080530794209674
1.7133159477786752
1.713154748899538
1.7088266074982403
1.7014110925288455
1.7154826232647302
1.7207753102361003
1.6901056378293924
1.7015604507865578
1.6947055999359069
1.6947899693219897
1.6897370122849187
1.6709315607375244
1.6685033993351284
1.6592212975186043
1.6553076758634981
1.6552719367632742
1.6431343806605943
1.655184039249691
1.6672566380166487
1.654722214215626
1.6533140248706482
1.6417869695998597
1.6349963397379457
1.607368509611244
1.570478886133181
1.5723589632582364
1.6188833086641858
1.6318445663020713
1.6519969505669099
1.6613461546673602
1.6698398741977871
1.6691263957706022
1.6678569948834725
1.6702783011511897
1.685020993748795
1.6820664106524998
1.6908314402586992
1.6879261873519726
1.6968524034266623
1.697936492353841
1.6982537175594579
1.7004547301751036
1.7013422421809004
1.70794942845294
1.7064378179413764
1.711426148529106
1.7139693142734562
1.7161782770477576
1.7153948990763752
1.717575762631863
1.7142470695993473
1.7157076610598243
