1.7074458666490078
1.7038013775603886
1.6677264828039275
1.7272318598608856
1.7160252059816015
1.7075372314299087
1.7209385266285269
1.6873407908240883
1.7108586850824619
1.716351763865854
1.7111165179869847
1.6954180230789282
1.7116934902694665
1.7268611091719293
1.6737930762673168
1.6730767611748896
1.671000379999323
1.665963853886844
1.6836095852297632
1.6998964131030008
1.6795104439930426
1.6402204391957225
1.6654218612616467
1.651646554226869
1.6547257602374652
1.6617979418249182
1.6823283577561248
1.6743719581498198
1.6917666978304287
1.69698517252159
1.6787521334022932
1.6627133577099422
1.663553888125996
1.6710896811223284
1.7060055579832651
1.70238913788951
1.6892582806967311
1.6462082821956847
1.6412800063141089
1.594989437398331
1.5940273166951184
1.6059332764675458
1.6314433539487088
1.6139054447817314
1.6534980951173774
1.6365018691636566
1.6342534142383565
1.636067562172168
1.618806205693996
1.6050712880158176
1.5818449232205622
1.5824766333307207
1.5507379570134279
1.5509975705636758
1.5128244111881157
1.5223010622325062
1.5081774532942354
1.500990225029926
1.5251899204113115
1.5214550167371543
1.5421404627102826
1.5684594143068058
1.550996971093195
1.5573482892462716
1.565993635467773
1.5580282952920619
1.56880245291593
1.5852532396434733
1.618129392165682
1.6332300566685947
1.6182447444185395
1.6063468865728403
1.6043900151700745
1.603336570744663
1.6140816782762069
1.6259853467928416
1.624097884873048
1.6191670882296902
1.5964001306717035
1.5971679373475602
1.6091553232206153
1.5993113348897856
1.5752921199028072
1.5598140257226356
1.534549224168353
1.5698898745013663
1.5787524306221885
1.605194371071457
1.6137378479871443
1.6122749761694248
1.6005669658768296
1.5806723990185494
1.5593285631844342
1.5681604844491488
1.5388640867612198
1.515581527939034
1.512020163135044
1.5072004068761335
1.519707640454397
1.5051403110890937
1.5082517566293614
1.5099095909147047
1.5135145356875974
1.5197365539015049
1.5078533273705574
1.4801002635707685
1.4806597347229635
1.4724210059553997
1.4831930526847807
1.5053274907924412
1.5132862402500071
1.5153553806639704
1.5410789657619512
1.535675375743813
1.54338709964149
1.554476554706221
1.5719570301030903
1.584791994907869
1.5805807804140464
1.5635771499393416
1.5573949439881332
1.5364669004246831
1.5200332255086975
1.5369121993145358
1.552919544658319
1.552121003359295
1.5387549465488717
1.5518162619123077
1.5541747648112338
1.5542799846648288
1.5512616553675145
1.5755288384971962
1.560122256278219
1.5650885646094483
1.5325777466962442
1.5288999382256978
1.5273116159649118
1.5219486087226228
1.5109969738288194
1.5108418380751685
1.5142494331411418
1.505191193814742
1.4880777017345774
1.470184007799805
1.4923187337445791
1.4907150082089318
1.5257348329622484
1.5233548683051605
1.519670892929186
1.5162984074369696
1.52119671952862
1.5279982756468407
1.5264885022850445
1.5181878789368903
1.5009469174644623
1.495576979308543
1.4792932475043072
1.4942078520796167
1.4893672133713147
1.485835142222553
1.482656955393339
1.4911027966750654
1.487785214906282
1.4887467970944572
1.5043338171028888
1.485443044424042
1.5071838609412935
1.5191028285603347
1.517376422178287
1.5237695924131434
1.5470948051965863
1.553705047369064
1.5755694295380789
1.5812114418500869
1.56216448248423
1.5642057349021232
1.5615548015847367
1.5454477617262554
1.5599246387721202
1.5709103482939015
1.5674244159509727
1.5826798449132604
1.574332183810217
1.5622504446548406
1.5580083843551953
1.5705756173342762
1.5660590564387438
1.5666717009801845
1.5328003818002658
1.5389957282226248
1.5179263354877939
1.49865234660071
1.5192160623989097
1.5171256457017488
1.514860880509907
1.5104047301555223
1.5098309023594638
1.5224577284227812
1.517223165630487
1.5181311519534257
1.5177061715827946
1.5143138807209373
1.522733926627862
1.5165546031937311
1.5079771850659642
1.4907206027555584
1.495134568688035
1.4979185089551659
1.4756174003063278
1.4868879885323387
1.4781683958840843
1.4756627581802761
1.5056465797425669
1.4886524191401567
1.484762002715091
1.494360260703495
1.5052239011998463
1.4960383354573559
1.498353718301335
1.5004188496353135
1.5004884505783957
1.5016639205595659
1.493274304944995
1.4714970567525734
1.454936691396195
1.4225430349080914
1.4216433723353799
1.438807052742743
1.4476177536033026
1.471315757121953
1.4892365785161068
1.4917837620952785
1.4918815062536777
1.4897696999672831
1.483627478796333
1.4855370947598308
1.504076248727703
1.4906457556130772
1.4961603186694732
1.5083030436418643
1.5025150713394197
1.497164071022137
1.4972559148914197
1.507859496897427
1.5029429904884386
1.502960492487336
1.5057979966069759
1.5016128191358753
1.4936251409649046
1.5065509071746181
1.5072714769380098
1.5013001506846666
1.508860307098427
1.498154184691853
