1.1622975406274174
1.1397347436870404
1.1302006699778797
1.1760391593095616
1.164560952420378
1.165915713681866
1.1819219679474577
1.1519161428796538
1.15995921321418
1.1727916065078052
1.1499271787365062
1.1559551674404143
1.180717048058689
1.1815836569332256
1.150392904562326
1.1443717429135418
1.144909039765803
1.1253451777243157
1.1453893862525568
1.147010389912972
1.136090067802286
1.1408185678287688
1.125154012169784
1.1386737220876644
1.1269182291359447
1.147055261282109
1.129974717481851
1.1360486256766675
1.148523781891744
1.138674667669745
1.1266185138220726
1.1032099179468304
1.115369014290156
1.1308933796921892
1.1502946456998449
1.1597600901400487
1.1420165597248997
1.1235968797315363
1.0853931605328428
1.0903101534467585
1.0918307585221079
1.100284687305104
1.1036804770582245
1.1246588325533355
1.1375601155998498
1.1443011505372989
1.1343607916149134
1.1183451141943104
1.0897422246936825
1.0618376199454604
1.0731692010909621
1.1018168751329196
1.0947062319682062
1.1060924727628751
1.0930795994095135
1.0906799587658529
1.0879586569347561
1.0875120336716666
1.072365154847849
1.0679785221884743
1.0670829589243886
1.0683733862455522
1.059078644510194
1.0601909823264188
1.0490323863857316
1.0386570682792535
1.0552660930461724
1.0685797082091488
1.0713770918313528
1.0866099764383061
1.0786916632415
1.091232759629576
1.1002039353094433
1.1039836694153473
1.1113923682451465
1.1234084571881924
1.1160714097777853
1.103581205424685
1.0960874818683781
1.0727080551532797
1.0952646146889427
1.0900509014454662
1.0766218673493877
1.056789278925805
1.0448614285101714
1.0470781764560573
1.0482484607384674
1.0510877666963454
1.0604897878453188
1.0364519860658747
1.050413652391824
1.0317523973318594
1.0307083514388882
1.0297271301212672
1.0270673743458056
1.018148240413433
1.0211404067704135
1.0162935095360344
1.0194625779096806
1.0026165942612244
1.006796941971779
0.9722535623083071
0.961177129480715
0.9326516018060153
0.9848393409525084
0.992740286122716
1.0141560683690787
1.007897276944895
1.0009279870750105
1.0174916717594447
1.0265315964740451
1.041448154892342
1.0394167844522515
1.0325601650644531
1.051910212585909
1.0535580638709885
1.06023768364086
1.0698183103655934
1.0677526136687625
1.0545358832476257
1.044101886660484
1.0259952713431444
1.0041093815748596
0.978953587505074
0.9853996197691101
0.9669604809549944
0.9804394875121838
0.9830264606659598
0.9948106534834054
0.9984418962999942
1.0094779748780878
1.015733372874726
1.0165990431713492
1.0269421574844886
1.0256586639335288
1.0298977188676137
1.0279399661416644
1.0366079063693727
1.0165367407340256
1.0236321556218253
1.0164532681949983
1.0249635380955489
1.016003633652718
1.0069988131278507
1.0131758087787415
1.0027664269806895
1.0215638009413595
1.0188759488790222
1.0199151063436822
1.0171131327900629
1.0225799324639178
1.0122174387862792
1.0085401501857272
1.023856428106816
1.0120034516311125
1.0100915016727168
1.003190178981791
0.9965634721682126
0.98992490906971
0.9945808804580597
0.9711743391972792
0.9820897575252541
0.9850447064997088
0.9672830396384308
0.9753705064445847
0.9590336942203475
0.9563579337419895
0.9568258791303963
0.9450500607621679
0.9420410967516825
0.9465893181580907
0.9392260036620582
0.9357388863850848
0.9590246114193828
0.9805556052585658
0.9652838882143134
0.9624323870096231
0.9537703129331659
0.9802799618308415
0.982014304929758
1.004069420199574
0.9879954830082621
0.9920674787009155
0.9783939685284592
0.9751399810946597
0.9725393583374343
0.9603014379329339
0.9615731287715519
0.9598253179685231
0.9708385763629164
0.9767230589426613
0.989760006072543
0.9760238630603028
0.9765482792832496
0.9947789435199581
0.976109165191285
0.9758735412769458
0.9903388337505252
0.9838799518767197
0.9896064531624708
0.9886110658389143
0.9986325971421346
0.9851313103080642
1.0000049599455918
0.989978819493515
0.9767752976361083
0.9821172095493007
0.9870111812713269
0.9884002253205447
0.9867720615834198
0.983772087505993
0.988109828935331
0.9847546171629168
0.9716061640032967
0.9692174050028277
0.9537407542908962
0.9449215919243549
0.937088782657655
0.9214262213328321
0.9257786681015269
0.9537012549691771
0.959360746177577
0.9518970984960444
0.9465092194718762
0.9456100053325123
0.9416932172061888
0.9206879168936812
0.8774860580056978
0.9148308497550315
0.9316145724351532
0.9657712038764332
0.9671068011241366
0.9644022596658323
0.9789384904617073
0.9699596214982652
0.9683496915141975
0.9778485641824434
0.9784161718069256
0.9897277606304168
0.9780228993897883
0.98612321819519
0.9959751383630737
0.9871598013105383
0.9782651364344781
0.9875516802108822
0.9924006965314426
0.9923959258808868
0.9948564081280192
1.0014725354023217
0.9938341397472893
1.0092041735438493
0.9938225997617118
1.0007121211544767
1.0068149942552167
