1.5320998846813383
1.525010518214403
1.495711651907466
1.5482752667656483
1.5433812586619178
1.529246015347056
1.5453935744457097
1.530670998983114
1.5326165905580948
1.5440037074937993
1.5318075629433927
1.5124965749496089
1.5386505800099404
1.552969594999344
1.4979020447109173
1.512693815961501
1.4999292498019308
1.4713301889880857
1.501708348610081
1.5260722833894338
1.5049644555489274
1.483022528094641
1.4842145172906418
1.4860710518633888
1.4915233594497903
1.4820086887782704
1.4910276591627305
1.4886949055114997
1.5099233801321124
1.5000757251804648
1.4948411867823104
1.4848466262517135
1.476890831586295
1.4792609251069924
1.5102906690391422
1.501797622477028
1.4877468697766665
1.4731159168488344
1.4500901683996572
1.4226212515805485
1.4108662740109448
1.431711966169847
1.4460246773058185
1.4493074614400339
1.4752481977540675
1.4684838398657671
1.4638500478519028
1.4636380543878937
1.4350069693487526
1.428159971849221
1.4003376537993715
1.4281402528563625
1.413273286698961
1.4158160532118238
1.401309443528582
1.393050180646824
1.3792502037462622
1.358409669965026
1.3448955939765812
1.2980136310746224
1.2664065411885506
1.3497203465940193
1.3558742988078132
1.3583850623746114
1.373502587141348
1.360538110992833
1.381737098240625
1.4139553875587971
1.4199627722630548
1.4419055112794126
1.4302148227571634
1.4333574482921858
1.4283950566202597
1.4384148177583402
1.4556269031965594
1.4622399558937043
1.4726566071868135
1.4681919727492767
1.4517456413877567
1.4359353584273749
1.4322504611566163
1.417630085116999
1.3996042319286253
1.3752311035858653
1.3502921434855109
1.3716690983209043
1.3737771742674343
1.3924307106023979
1.419536358374156
1.415228764765875
1.4070400204610316
1.4023410632346431
1.3864003922556456
1.4001100608067232
1.3732724335229356
1.3450523255901843
1.3324693880241048
1.3308642982106011
1.3178539462885006
1.325064077310821
1.3024860435755554
1.325844902243384
1.3245352516920519
1.325608854858279
1.3119544298105013
1.297695130870611
1.330946589992931
1.3164963244671382
1.3318697044098033
1.3376336509897393
1.337801002170448
1.350880307367801
1.3595145362283234
1.3651935850106869
1.3505477691639756
1.3757128195390185
1.389649215901865
1.4039174458617203
1.3984207928307115
1.395131671726764
1.3798798946183906
1.3653702294057608
1.3664277905614906
1.353148778919793
1.388771605293565
1.3793614255659405
1.371228363529286
1.3663449734758502
1.3654502685741545
1.3663963069690879
1.3729364675141726
1.3789861935486643
1.374610865426558
1.3828796650893362
1.3701807444902798
1.3655041059031867
1.3518244740324628
1.3466216500017172
1.3321932830190875
1.3355016268042004
1.3378215456682194
1.329963666155604
1.324934822685581
1.3067840319927675
1.331067768988802
1.3149650902217658
1.3579995594078718
1.3499338877496858
1.3593454916390557
1.3460205140607469
1.3631295008494262
1.3523720229925198
1.3474307539050479
1.347911768543286
1.3448311946032208
1.3344828551897194
1.3051046494588852
1.323200386860732
1.3195628149760368
1.3248370735802757
1.328080015227184
1.3320301135133124
1.3359468722142578
1.334458046277914
1.3320775224835721
1.3156578290761318
1.335596726848445
1.3280424500618617
1.3454504339945745
1.3494129844113814
1.3687184247403876
1.3695816558483818
1.3951453958006235
1.3997635999270874
1.4056977624959248
1.388588888608204
1.3870184273356663
1.3746509156884126
1.3838404609157218
1.397475447953938
1.3889039471530196
1.3895071285547098
1.3779533174376362
1.386773091772091
1.3739463269917942
1.3690118126647264
1.3624141673683077
1.3672342959038242
1.3518562785621404
1.3553730432398894
1.3255983065424721
1.3031945581259157
1.3189624710682717
1.3276022080914596
1.330839947482288
1.3067128297027326
1.3197716723451927
1.3248670042899537
1.321164204653311
1.319492409334355
1.3223150076537955
1.321463122741928
1.3156233710966536
1.3189954459266016
1.3192882046871381
1.3219187230816638
1.3170470224074609
1.3094147540132812
1.3138512081403275
1.310712234339058
1.3143832310244636
1.308553623967439
1.3044994261566412
1.3171999259956102
1.3113120593389902
1.3147480002535392
1.303041319620492
1.305731547549704
1.3075793271343255
1.3170189271209152
1.311920388849133
1.3094347731981255
1.2951664087694024
1.2722743700278956
1.2425935717022163
1.2518749273128966
1.2596392879073384
1.2514883097065679
1.258251995479653
1.2765199855610248
1.3019760434033452
1.288432269556519
1.3041900410517937
1.2869473073933488
1.2917681231824072
1.2966027672962388
1.3155484891726972
1.2951019534329349
1.3116428234525697
1.3104219492252311
1.3172831084152294
1.3062142007952917
1.3144345558002533
1.309516748963545
1.3124097219259359
1.315617914254441
1.3159512728550196
1.3155510661420484
1.3108048145827649
1.3199367787256016
1.3153354898142382
1.3210074769894828
1.3174623642500067
1.320790188734461
