0.8773264537499886
0.8681962816532751
0.8516792846737667
0.8734797755273838
0.8630852810651135
0.8529970966951589
0.8786892328578729
0.8752828769118187
0.8718982601085351
0.8793836294833537
0.8716452644826286
0.8531593189730146
0.8657979387822446
0.8801064451734253
0.8464992178507378
0.8365526124966359
0.8195464978862605
0.8192507323399827
0.8435774419937703
0.8519430827180658
0.8394552198750533
0.8351299368649545
0.8350164810328041
0.8539339552529192
0.8479819629344489
0.8468203828129958
0.8486714390281899
0.8591216411383252
0.868702432055606
0.8680861700278967
0.8456081339249845
0.8033284835336036
0.8275907563794498
0.8340064616067002
0.8656617064580953
0.8528230154560438
0.8497940957556404
0.8241734084374387
0.8048045006475191
0.7921230939071555
0.8125391519339793
0.8257615253374894
0.8354099580692915
0.8454136152726708
0.8507036082883194
0.8334005485936256
0.8318675596601078
0.8195244111403835
0.8089838112743081
0.7901857806761208
0.802508446190857
0.839570006469864
0.8216212457020325
0.8274266479482282
0.819023967541927
0.8172595953632582
0.8047217166796753
0.805328024932088
0.7916585423155484
0.7912929721094979
0.7864891288140144
0.7898075123816649
0.7875874457781984
0.7805304446542687
0.7623946267478128
0.7730463606677125
0.774418093514714
0.7577318028453313
0.7761362437280869
0.7927440655320026
0.7914652453321206
0.8069149326553008
0.8074253917844694
0.8204393292917078
0.8342355217905318
0.83790035004205
0.8350618356055041
0.8396672538738725
0.8234974052099019
0.8197378344869274
0.8313615126200813
0.8201489678981118
0.8106611046747756
0.8006619268852718
0.7657106451922217
0.7844464626157601
0.7983146397437852
0.8142115113970481
0.8125283069132354
0.7768366750533033
0.7775960342754876
0.7707936366458876
0.7680254415714937
0.7738698644436828
0.7696966808154317
0.7511317808722081
0.7451069246151606
0.7548125236492135
0.7572549214636032
0.7463262429519046
0.7348154951111745
0.7253624147582649
0.7181859847433457
0.675310970550021
0.7001363989483955
0.6966450866170336
0.7123073550255805
0.6957899449859093
0.7212967625912493
0.7333667550350673
0.7582918305933306
0.7524843398699572
0.7766424802593377
0.7633974312410554
0.7784837839761981
0.7758392264806283
0.7884744619212793
0.7948692427071498
0.7908141752109915
0.7812974467347499
0.7578890340500274
0.7539835330470147
0.7573712952473569
0.745076297626426
0.7472779772853774
0.7265266065470629
0.7588891686567316
0.7631367298387711
0.7653897541472943
0.7693777103559971
0.7682992218743006
0.7547115960701433
0.7563661539748061
0.7575881178341483
0.7531126122382266
0.7521515219796774
0.7560007634226621
0.7552239296798268
0.7506524145590622
0.7538039200802581
0.7486799487294619
0.742719756579162
0.7345078220043214
0.7269719528168278
0.7007331963249754
0.7112231446614384
0.7283154612866645
0.7437388128348216
0.7436933286928383
0.7533777502123171
0.7648051782837207
0.749608738477822
0.7604948191590506
0.7458747390887394
0.7548916893382014
0.7634763964420261
0.7483763168002822
0.7633407942132514
0.7573408106316804
0.7573063062458567
0.7499954477262164
0.7427610318652442
0.7616254652042994
0.7610891531919665
0.7450104610024088
0.7475144811280615
0.7576820856474712
0.7594161227229439
0.7607121250226272
0.7594398664299995
0.7529436747878512
0.7631511451668977
0.7678052699123649
0.7694372774010129
0.7748290178047827
0.7575582561260517
0.7549070200824182
0.7610817023710286
0.7534857229345293
0.7614614041746239
0.7541076024173388
0.7466931175887002
0.7515556260005765
0.7474660627139258
0.7426308190398975
0.742389477192647
0.7357204672402338
0.7234056856128163
0.7093764316053927
0.7044068472464765
0.7152662367799063
0.6970563774777295
0.6824217939161987
0.6846420813449261
0.6748068359877786
0.6776886243285785
0.6313257963632876
0.6433413586287574
0.6403934182320423
0.6413010487723105
0.6695446469022958
0.6513302725161034
0.6660067557470104
0.6783661279820795
0.6678888580251663
0.6582939893571315
0.6630890622134492
0.6910653381671329
0.6783053515205174
0.6811348297352853
0.6728471361509267
0.6774107880886515
0.6654129746670128
0.6430019503136524
0.6590392336065516
0.6649243095220355
0.6357806775432501
0.6414560106613124
0.6285763054896346
0.6369405223167319
0.647815808213518
0.6655612694105659
0.6906955085667191
0.6801012630883209
0.6863686224642919
0.6795827106078987
0.6670754088831279
0.666007116234444
0.6591449350463326
0.6787120347939847
0.6706168240944249
0.6595991020822606
0.6600081814258381
0.6783043063268275
0.6730102758127986
0.6602868657940758
0.6758597864764243
0.658951418463059
0.669688277126631
0.6709641252635411
0.6649023871179934
0.6742990731328551
0.6674228511250466
0.6719306668339956
0.659566264307685
0.6766420004305395
0.6596223140730849
0.6590270909059979
0.6650330528824271
0.6642012624143584
0.6676832719362128
0.6721702226120446
0.6624149844829577
0.6671396556371245
