0.8686251355391856
0.8605803405755816
0.8625658204938721
0.8875538001597243
0.8704053812876569
0.8717896054948999
0.8814062304768414
0.8708499634302411
0.8766251180935437
0.8808703452029163
0.8821398802815043
0.8653153761516935
0.8838589849692575
0.8899289453937098
0.857303605333607
0.8591715186663843
0.8748852058358113
0.8432885778571932
0.87283854653395
0.8769426842735496
0.8604444669507461
0.8404642760339887
0.839982713566656
0.8286803604362867
0.8186491517843226
0.8516661608940946
0.8615072050424659
0.8529071836305145
0.8627780851547497
0.8702159889986122
0.861626031371387
0.8504143760343611
0.8570246824539038
0.8575108647934867
0.8688792771810142
0.8571874734275432
0.8344363091351084
0.8292413882162869
0.8196911159680822
0.812195635738192
0.8194112151546895
0.8090568378336818
0.8092779441374544
0.8371899414876263
0.8761396633055921
0.8650843192235415
0.8583773269293407
0.8591597401735861
0.8315207816705549
0.8029436685527667
0.7932362607166387
0.8135032452105229
0.7897575332134964
0.8061864210525657
0.7956445016897075
0.7977356964597159
0.8104829315015724
0.8208367521625826
0.8202884701015054
0.8153771798507604
0.8235028223293533
0.8235260465136864
0.8252073597473965
0.8073811432267121
0.7902627808146233
0.7830381356119085
0.7960950671842576
0.8026674377386674
0.8149558443298187
0.8199819946582264
0.8147820836350238
0.8233673638337493
0.8266261606169871
0.8209362238472254
0.8292596736729111
0.8366365429679246
0.8109132744852171
0.8209319138185103
0.816686527615502
0.8116199316755146
0.8241334898663958
0.8204291724684323
0.7985214158028712
0.7962058641185775
0.757764491085233
0.7802200391818195
0.7904871716713407
0.798174084673282
0.7965745324702528
0.8061280266186366
0.7731022186842738
0.7622271914528221
0.7661271698647251
0.7644156355873384
0.7447702653083017
0.7433238588198886
0.7364592718975115
0.7308342975459797
0.7304059093033665
0.6997144081692179
0.6828481646505308
0.6730067297631132
0.6305462077156201
0.606972143450357
0.6325969047539346
0.6329335978926496
0.6669899857392381
0.6765846355629821
0.7062164701121185
0.7403499303662565
0.7460770318039022
0.7543810473346567
0.7697228873149166
0.7703364680775557
0.7722792920620137
0.800609561569565
0.7840634150281953
0.7893736975746141
0.7785483449423289
0.7761045066943073
0.7472077130094334
0.7478734753956485
0.7490391762506247
0.7238638734725028
0.728723424146226
0.7206875681385846
0.7404615242888455
0.7319924372022787
0.7438832729244647
0.7334330644080463
0.74961085064521
0.7493214328772523
0.765338023969293
0.7633328748736578
0.7605859551447478
0.7778336176559151
0.7704668272898497
0.7709449768252238
0.7644420240237325
0.7696217029639554
0.7496360220121216
0.7465090724484985
0.7271265830555595
0.714867354239283
0.731477920093244
0.7235764733075792
0.7440490803224955
0.7535270012727069
0.7679691178327585
0.7630944482949412
0.7678943697115487
0.7630999243491539
0.7732675962346117
0.7757524752739785
0.76621116774284
0.7653034354947453
0.7597304450089503
0.7764412344220536
0.7312076365165447
0.7470425514340814
0.7255336762571372
0.7181321567894436
0.7231968654357376
0.7133785540388644
0.692685978175342
0.7012984873533916
0.6950319199464954
0.709190907361108
0.7061510432240529
0.7081252292645701
0.7136749366564349
0.7207783186872356
0.7451330826255969
0.7448930605221437
0.7668712919856787
0.7675512305599673
0.7648523289331374
0.7682941182726947
0.7742948430616193
0.76950725209285
0.773848130653669
0.756258671354518
0.7448631918119215
0.7490486406147423
0.7411376137605148
0.7219689936493606
0.7153307874505861
0.707149862883928
0.7096708465778115
0.6989362614286232
0.6793700544248357
0.7001838376708011
0.6873301296223674
0.6888343713137012
0.6937758909971453
0.6927419893723289
0.6684395735344926
0.6784100651311612
0.6832171095826668
0.6887552925111661
0.6840720066282847
0.6930046565359866
0.6766343952913689
0.6785491307349679
0.6718745378414028
0.6656959024107394
0.6769963409672825
0.6708340354935884
0.6697648393090415
0.6751243445147754
0.6607645859182922
0.670078266120412
0.6650107892473467
0.6478648302839363
0.6621071186159052
0.6600942566477238
0.6399918152459526
0.6660907145405276
0.6719180972437734
0.6842689924907642
0.6670258652208654
0.6717256538483487
0.6638604253250674
0.6416543497898494
0.6551918589314556
0.6580473643460819
0.6354063197434008
0.6131649389378196
0.6155664015603048
0.6370524352711237
0.6576223704989316
0.6713701333129205
0.6814602382563448
0.6634465253548891
0.6898568627821232
0.677985528052752
0.6728337921624471
0.6796928120130166
0.6834855229652593
0.6898124411728073
0.6856792672935849
0.6807411465345445
0.6812996959545237
0.6805627831277279
0.6932852395525445
0.6918632363598872
0.6956013621074715
0.6923308049376248
0.7004018567865635
0.6958217588559666
0.6950433524293917
0.7047171181454349
0.6982413372897569
0.687781184415519
