1.1555868139923624
1.1447272314158727
1.123548581114207
1.1642214013884389
1.15092235240439
1.150727524998783
1.1599534858691924
1.1407479514078858
1.1463477208968347
1.1567102579058037
1.1554199275847923
1.1418121913826031
1.153917838117041
1.1676071948648539
1.1567331616978827
1.144638123376196
1.1504955599299331
1.1442445148469735
1.133185372542302
1.147973455991358
1.1541303488901433
1.1271920915857365
1.1217676099639278
1.121830812405093
1.1315974542500282
1.1399659782370357
1.1313018151370018
1.133156671040137
1.1416090290423948
1.1398985254882004
1.1392051979971642
1.1225980042292545
1.126292393773633
1.1274349313781404
1.1436554520236648
1.1439431855096907
1.1397835641317957
1.1251185319428278
1.0960464536762449
1.0817044996271652
1.0862411329851143
1.0931285475414478
1.1156965253703106
1.128749547429238
1.125794611630553
1.1232990660789812
1.1230952048743177
1.104918574056407
1.0867051721298773
1.0661575558279273
1.0675827483356062
1.0995791399416803
1.0980372697341096
1.095492068615151
1.09681639909169
1.0926513914044984
1.0897532749149774
1.0782929120757954
1.0707888207493097
1.048450696356856
1.0740870837310397
1.0668354214277174
1.0704066777076109
1.0580569611302566
1.0479761628470659
1.0566215489308899
1.0732531703724768
1.0731077268264806
1.0831277144770421
1.0893014565289503
1.0866353706621108
1.0998549833290021
1.0839312474729046
1.0890772542025982
1.100713449095354
1.1004181710218255
1.0796606085385068
1.1007446110152324
1.095426723560007
1.0948956980522109
1.0873770576147812
1.0751696316333161
1.0666684280184737
1.0397236063893365
1.0402689435517491
1.0207114726601048
1.0372191273056317
1.0472582408783648
1.0769422225642955
1.0813580147070418
1.0712656060872856
1.0487078123347955
1.0459066472481808
1.0531488825331419
1.0440879501651361
1.0295964264554298
1.01224137452679
0.9972362160587891
1.0117416946538498
0.9964713876014346
0.9882206267616545
0.9845066477199941
0.9779596689275809
0.9804538313803366
0.9693483609575552
0.9860818058585112
1.0021557856536278
0.9964659386059338
1.006715258569329
1.0100929297696633
1.0156157315535963
1.015413572190231
1.0157967046724112
1.0350042057493651
1.0249452566923871
1.0312226876016442
1.0468569472004383
1.0464881775041657
1.0433206068263374
1.023563210578339
1.0346274866337062
1.0206244895326173
1.0119827857302297
1.0018791828057338
0.997998263805479
0.9769025631760073
1.0021571364661996
1.0124587289848839
1.0068271406918885
1.031556048840782
1.031966679832404
1.0435062503877852
1.0422590064203745
1.0310268292829827
1.0392435844980816
1.0405924883857338
1.0246477063796595
1.0122643851805
1.0284640356066754
1.0159956310157643
1.0140396581820066
1.0133200799123987
1.0112722236931013
1.0031251303943691
1.002730203394733
1.0137230288622163
1.0052566388282544
1.013641107383352
1.0126378234249493
1.0197371760097826
1.0125971437068468
1.0114331940058172
1.0043284329191384
0.9962121730354767
0.9828522385193554
0.9860350812676955
0.9679491817099677
0.9705452405992326
0.9593662547522996
0.9465429638358214
0.9214122277561758
0.9241209202096757
0.8996377945868428
0.868549249846091
0.8654976349372212
0.8965616565868575
0.9233107892745556
0.9307560866851423
0.9463915169404217
0.9667048537518829
0.9708148917485068
0.9990874720071877
1.0295528065302482
1.0329984369131704
1.0556295600644006
1.0372033232456794
1.0506948847330417
1.0536557729676137
1.0483369889669527
1.0548762133357505
1.042449633352304
1.0517624812998743
1.0428493327588064
1.0288123203182025
1.0274190586924574
1.0266887060126673
1.017574234781496
1.0142442891634165
0.9813132753467098
1.0028591669410172
1.0174046692507708
1.0170160108092927
1.002121697296787
1.00438932015936
0.9978399169401105
0.9855875442941399
0.9856727954837871
0.9660212775727369
0.96007749218147
0.9467581871217862
0.9430762741959122
0.9460493653841436
0.9319683140181292
0.9329504935812708
0.9155550327972971
0.9236845368413521
0.9173243570453817
0.923164586828319
0.9130931437787456
0.9236865914886738
0.9072524187366201
0.9138744725615676
0.9028329037964123
0.8960199539367761
0.9056613601339303
0.900929870640431
0.9070962934666811
0.9499203176813471
0.9551083443040553
0.9671199332333779
0.9573110447020212
0.9593618665277375
0.9553062304152186
0.9369334549993386
0.9462770236679349
0.9474656487768539
0.9276522735381874
0.9079197239485715
0.950884989455345
0.9510972669884046
0.9586586028103631
0.9505980173429902
0.9633078422444096
0.9683213587833489
0.9649729211231014
0.9695683513831767
0.9693649961828074
0.9678600696530183
0.9665782490898543
0.9701805163578249
0.9767117769818972
0.9826420609043947
0.966302149927231
0.9728526656021913
0.9844805626868582
0.9888698440000095
0.9910356235792489
0.9872361873908264
0.9741036746542012
0.9795687816962628
0.9773769678848777
0.9814658983925497
0.9881436171171678
0.9901184733091543
