1.5779526846473984
1.5709520858042891
1.547288950407694
1.6016937920279546
1.5847423755528234
1.58036278778599
1.5898694750218938
1.5679528968938217
1.581980042692108
1.5847311642412074
1.5732862235781295
1.5572062276718441
1.5769942273313444
1.5955717954011495
1.5516173249246203
1.5613912034732114
1.5480247474215556
1.5333346660489433
1.5576491519778017
1.564401852906126
1.547281952490927
1.523122538306709
1.5435166967896072
1.5346973851900958
1.537710381764889
1.541410605685511
1.5459847823085582
1.5557575526709524
1.568948702733737
1.5635591444019128
1.5500923053331201
1.526307392167003
1.5102960857964125
1.524424609599094
1.5534704368440038
1.5561568905617653
1.548798924269295
1.5454833635309684
1.5146706576250495
1.489121051932061
1.47685561198588
1.4731209700653154
1.4847889125376648
1.506026030357258
1.531113075003628
1.524419003010939
1.5152850519016856
1.498138599877129
1.4821754510830956
1.4702890792116468
1.4575749536370526
1.4808538588061362
1.4635438771062366
1.4796982312527036
1.4686102751815808
1.4805037128600276
1.4663630259859357
1.4738733519708815
1.4588923402142349
1.4626355472456039
1.4679143444824636
1.4813220062264734
1.4707527496613124
1.4677521587544788
1.4474348879615107
1.4164314461646412
1.4299315292390737
1.4570026068914514
1.4511867634765705
1.445167559613002
1.4283085322778968
1.4105855489868515
1.3693319645138382
1.325560746277532
1.421483637666603
1.438944957639848
1.4263393709726757
1.455059568797252
1.4436001346221006
1.449708577991193
1.4607816339682578
1.4556489651756712
1.4355001031021801
1.432820219970578
1.4225325461415654
1.4608622636947572
1.4771169341486752
1.4781828184621981
1.4978961663519308
1.499150609718123
1.4840416640421468
1.4750272199328496
1.4892501699290173
1.4820604192212092
1.455900387048137
1.4450156935614886
1.4289690111586615
1.4365432655893995
1.4173359066132758
1.4060722401146477
1.3929424372098824
1.370688824001322
1.3474307255772526
1.3577451084137573
1.350374388127645
1.3762017572522425
1.3920552420630992
1.3759222813688219
1.3906159744988889
1.394100298167038
1.405511225165949
1.412536719319078
1.4191295622475466
1.4172985524413766
1.4174103242122704
1.4147649250652254
1.439543701808972
1.456211155292594
1.4422550381860249
1.4519901603696495
1.4476566773758979
1.436452545613955
1.4332842583501497
1.4254977211077378
1.4194407652221037
1.4096403000190543
1.416127353418606
1.4204808934094935
1.4232260376649541
1.4275117131322572
1.4117974605018653
1.4090269148946988
1.4066156174755047
1.3998154197512716
1.3876271563310016
1.3730464712401835
1.3678954784541046
1.3661657596069907
1.366169384589987
1.3676513220030686
1.3792906749140899
1.3897270153358956
1.3906036874520895
1.3837106681578535
1.3865324465955196
1.3533929406468674
1.3986519064518799
1.4064023043506662
1.4131184461462234
1.4160616692806254
1.4176852365927786
1.407001987591928
1.4109711957959545
1.4072217058086849
1.387399488159816
1.3858956930799984
1.3877556733212335
1.3971826472477016
1.387732253442212
1.3814172979024941
1.3839156972990212
1.3784222064901772
1.3825824589969167
1.3755500696836407
1.3654625540439538
1.3791357196863623
1.3785586140856736
1.3786886879335796
1.3733170791238338
1.3847815107009112
1.3940884534011835
1.3986944346002625
1.4170194618988836
1.4268921677342785
1.4329125011074797
1.4274675339966596
1.4250503733321906
1.4394755938104948
1.43211315174709
1.4496288747912427
1.4296810684792804
1.434010333257173
1.4295679335335956
1.4216346108566653
1.4144403894418403
1.4040550338143074
1.4118205915000082
1.4064988546128268
1.3840169324324065
1.3989192449649714
1.397304090016385
1.3866675222595157
1.3792072294833861
1.3811661929207553
1.3880029908003535
1.395668203135465
1.3864768836461747
1.3796439007483008
1.3828711899904804
1.3811990995072356
1.3806570463429721
1.3873479135536464
1.3824814280261224
1.3750042326060585
1.3811693931611888
1.3641473656915393
1.3803255617545775
1.384295919738056
1.3632852481124418
1.3762751194199632
1.375668345976584
1.3765728196842173
1.3774703219069933
1.3650899365063973
1.3590552959588083
1.3498943249659425
1.3391132478809367
1.3645026105822566
1.368163896328884
1.3800515353045217
1.375645600653901
1.3777421642776138
1.3899669170859756
1.3531259702655025
1.3690081435111776
1.3531113868865547
1.3298740374177473
1.3057634888911296
1.3349179212244233
1.35676329593753
1.3699859119080815
1.3814588315051424
1.3867040969243178
1.387813615225322
1.3867032690895558
1.3944163413882098
1.3913531603766163
1.3912229224172261
1.3901013439606325
1.3860151142960675
1.3878365134004773
1.3907705995026713
1.4007698278402028
1.3868394546367333
1.3948026059242546
1.3866259832807082
1.391189789974676
1.3908399488580998
1.392101310836009
1.3885465303736404
1.3897999262948797
1.3938990997551175
1.3953745617871232
1.3841467858840457
