0.66226646518877
0.6534930111576657
0.641943439983156
0.6680778059922154
0.6659962497362375
0.6530962096855728
0.658103302405176
0.6668273816564995
0.6615655709077706
0.6617664352403282
0.6641018910370831
0.6537673672934354
0.6697781374885478
0.672183606312607
0.6372749870262724
0.6454908557397929
0.6398443331831416
0.615002137321783
0.6307152387800266
0.625755411533357
0.6344880824636765
0.6295474987717284
0.6406068350298592
0.6394381944161076
0.6466280262665619
0.6533664461479647
0.6502933652917156
0.6513611700673466
0.6570377783498327
0.6552114179000604
0.6217631353089141
0.6014628255621075
0.6071555609135003
0.6097974473445849
0.6410093415289632
0.6419897445365108
0.6370576782910637
0.6132901399515189
0.5969229171392673
0.5947069772139754
0.6112365059556384
0.6056448788370952
0.6243496351403897
0.640522141259377
0.6558062292794353
0.638026292664468
0.6205571458943684
0.5925505628359763
0.6102801883737633
0.6023691408698733
0.5985831671496846
0.6276277923108394
0.6207025801157665
0.6339315152504151
0.6187582361472895
0.6257605228961474
0.6325436709357085
0.6162139518216994
0.6121336891656721
0.5961377650829844
0.5750992144269945
0.5719875317654682
0.5873930854302386
0.5854752043208833
0.5645538150933366
0.559247745061768
0.5695002122056577
0.5659215706561028
0.5966322446180988
0.6012178402389949
0.6079910117913134
0.6146692628161884
0.6213572244772398
0.6217164238692791
0.6382949380684672
0.6436197732202965
0.6287669806997366
0.6314638684361461
0.6313613716434541
0.6313631773871207
0.6313848921540695
0.6173421757696584
0.6016600878661625
0.5838170047428416
0.536479419320541
0.5544295405265826
0.5667302271270769
0.5915641928136576
0.5992170863099208
0.5860576193144915
0.590384142392338
0.5827531975736729
0.5824281838202694
0.5817479448935599
0.5716629582593126
0.5666521180983418
0.5470486568678815
0.5657743872999459
0.550681367834984
0.5303948456727141
0.5220679804006764
0.5291410066647142
0.515354930862826
0.5141743245049287
0.5055513494949416
0.4741963934989349
0.4986613318355931
0.515690992764505
0.5166305442351175
0.538688359481437
0.5577438269383687
0.5341327852731693
0.5735519059326503
0.5472340921630737
0.546230694675183
0.5719407324831793
0.5820174913805657
0.5785217429688296
0.5866237368307919
0.5639853592852422
0.5490218590682536
0.5387673993072244
0.5329198016637414
0.5301152381654831
0.5240861467704756
0.5220025747221693
0.5202259805789543
0.5354266036101938
0.5335875882497685
0.541776897056446
0.5536118329520827
0.5517330026905211
0.5538908296557045
0.564343700260309
0.5538101340342264
0.5519340309713857
0.5389701771956211
0.5337218895005628
0.5290021661493334
0.5222739219423544
0.5260471753507403
0.5189151216576174
0.5027660670217133
0.5133169524469049
0.4591920405826143
0.4904426917693868
0.5093965736827357
0.509605211434784
0.5286967152014385
0.5345975780968035
0.5324037429344376
0.5244410493231166
0.5256901029105647
0.5132946342449481
0.5012811945854124
0.5124020735804344
0.5196262537182699
0.5405163981393429
0.5380469378140036
0.5401608885550889
0.5371555059130595
0.5276814142086687
0.5160597804618279
0.5352665351776326
0.5161182596681498
0.5281174566875128
0.5302307936345073
0.5298157393121459
0.5315488589783973
0.5432757079543438
0.5445399187407398
0.5619195486966407
0.5712207021604087
0.58234568986523
0.5838418717178009
0.5754009877679721
0.5836464097671479
0.582985957163154
0.5856227294559587
0.5829875612036043
0.5780940863828763
0.5673256600800157
0.5775417359246496
0.5740625733352319
0.5693701779781968
0.5596841778089954
0.5516035347649515
0.5492202942944442
0.5416843797264494
0.5382498952022552
0.5219079356988232
0.5262545326440677
0.513391035000366
0.5204771081513724
0.5004780263431476
0.5056757991852605
0.48802438653199753
0.5014571656790002
0.4924406104705721
0.4777127802507803
0.47697628627037497
0.46315034966338786
0.4757296828514103
0.48097811392930073
0.4820527159576044
0.4661379507854019
0.4715097293389972
0.47283950295651467
0.47194677565224485
0.4890554896784234
0.4826769640463645
0.4875408911752384
0.4874124475584541
0.4829571080139686
0.489509358323798
0.48155648429214853
0.47798332344278527
0.4857987240002677
0.48524381699158176
0.4685986229445615
0.46070124594954653
0.46031604427035855
0.45839810180823687
0.4381849171618178
0.4376618729204124
0.4243606303470296
0.4142260032566459
0.41596445317710423
0.4079446016297773
0.4205400209189655
0.4260942913961483
0.4178189321648507
0.3942225659506728
0.4135155108014706
0.40857490900424354
0.40859543238898716
0.41190803226201606
0.4228647956715985
0.39736853857079174
0.4137716426167778
0.41570368602338886
0.41911505949685807
0.42098270851925423
0.41072956941435707
0.42755975201747526
0.41488435757997455
0.42544037604630625
0.4421676131272178
0.4153140489200071
0.41229067858375334
0.3947097221784042
0.4135400806455815
0.39707454327337904
0.39963438859882006
