1.1070523849130596
1.074239175007075
1.0717884266393052
1.116395760527379
1.0968406039422078
1.1035675248460632
1.1150215752791768
1.0906019110157648
1.1170333362566178
1.1160415651612077
1.1184228542080055
1.1138690412839516
1.1282072825752403
1.116264810427089
1.0837144876334823
1.0747407364397628
1.0818513296608099
1.0416112904004078
1.0684061434802359
1.095784334003464
1.0891279338491855
1.0937763760735595
1.080169432123099
1.0672510683568812
1.072343701417013
1.1013814290218855
1.083076175662881
1.0603920027925722
1.0804685320976744
1.073515652921901
1.0604977477701587
1.0452060219773043
1.0527513039612295
1.0949261525023666
1.1202730702369197
1.0933975894397474
1.0816779055348986
1.071047162647763
1.045135785698475
1.0308755975407453
1.0298544796325377
1.0292645737333896
1.0339553483141632
1.0658485582041657
1.0895986545133338
1.0924245141596933
1.0888281280229986
1.068953465904274
1.0429141833496487
1.0238968703265545
1.0273438471993637
1.0653969183745364
1.0579932791099171
1.0532721855054181
1.0476902942518171
1.0523821487669942
1.0310683942435044
1.0321926987256882
1.0316934467009977
1.0285961450767915
1.0357103779252481
1.0218003308310621
1.0136476118437194
1.0026275533039917
0.9709756804370073
1.0107383196524293
1.0535612834292492
1.0368218859843996
1.033735883464404
1.0566369683232297
1.0609430458575995
1.062341143754968
1.0443406297551494
1.0491087088755426
1.0461560169652075
1.0562566313952988
1.0299754142945985
1.0348065624411242
1.0126079511193726
1.0175449044114728
1.0242416316882534
1.0249888056771734
1.0287214800682343
1.010491567328264
1.001451735860377
1.0036854424868469
0.9950389582995193
1.0141337050126091
1.0080324770875233
1.0029114571499718
1.0034880694268606
1.0218786563405589
1.0062602019192717
1.006019397952634
0.9937293305900426
0.9722128607964621
0.9606357899018607
0.964604257659829
0.971560335802949
0.9586187544619172
0.9468357971675645
0.9341802888750514
0.9224669587452288
0.9052012507229307
0.9268029044949943
0.951598562911861
0.9599539325934437
0.9650483202827532
0.9416163897492491
0.9608109781575359
0.9742799359456173
0.9751704767172165
0.9933186693917857
1.0032136874218074
0.9984749564960966
1.0066215104600096
1.007141925161784
1.0199597672050442
1.0208068550509717
1.0043871323285116
0.9977395924031636
0.9806729298203996
0.9612087752526038
0.9303683830382976
0.9283310542668013
0.8639398412061879
0.8429730364457086
0.8727882343806646
0.8980646876661623
0.918489632101396
0.9324379862200615
0.9410281127878606
0.957298999165784
0.9818008171815614
0.9670477233011672
0.9680044685441308
0.9566732706036267
0.9609074458058938
0.942873322798483
0.9552103480112086
0.9535244966211899
0.9608675397087595
0.9542306274140417
0.9526784236880668
0.9490261688633507
0.9333742956791592
0.9629200252424771
0.9641913367844615
0.9752257881805634
0.9764995378796081
0.987236437040192
0.9809138819302502
0.9829537959506408
0.9717801418480075
0.9796939205629107
0.9699841698168784
0.9637846281157144
0.9638206298542341
0.9518685645538861
0.9363268185695895
0.9436968304550298
0.9456673153724837
0.9438701310130018
0.9369662205470124
0.9365415126528823
0.9443850521397252
0.9381027923934239
0.926247835318899
0.9272476140136698
0.9420674288147295
0.9385397360854418
0.935531950082119
0.9566737593486713
0.9776830249361422
0.9911326707141671
0.9839958266900158
0.9910356283569923
0.9830886587413707
0.9822121740817208
0.986672952519772
0.9897498262626493
1.0025877433638994
0.9913674222627072
0.9758621675081544
0.9775139169611953
0.9707927668361811
0.9570764554645557
0.9592271566822588
0.9564135721968232
0.9618529672556367
0.967862459504187
0.9489516945441832
0.9338963751619858
0.9188644940823921
0.9400883400359402
0.9437105211691624
0.9561811650522418
0.963881476785296
0.9492392933739441
0.9626053089189338
0.962853569102666
0.9514230264379318
0.9552107551068266
0.9634822068928581
0.959226167311628
0.9474916712130905
0.9470476931145256
0.954397318347661
0.9509399999879893
0.9536696340584114
0.9408373507119063
0.9473688715666807
0.9470120115116403
0.926502455984795
0.9209784215575935
0.9220457830156091
0.9099683562371894
0.9051778032761638
0.8832779302923155
0.8707837709599893
0.8791728301629932
0.8960265405019476
0.8961861290449213
0.8979146961677712
0.9009718764465847
0.8920283092522093
0.8785677296995971
0.8399044931270642
0.8551851113225094
0.8782214523964441
0.9247942506325981
0.9219534938686055
0.9283102704224585
0.9319490567766372
0.9279794691820374
0.943228001966161
0.9363948788228575
0.9389407239075894
0.9422803116919268
0.9490090626412198
0.9397512124622317
0.9462380327798077
0.9557407255391094
0.9461773420211903
0.9531958759386544
0.9602999855812884
0.9438926053762077
0.9635444788215548
0.9471920361756679
0.9488647758051858
0.9475208957496315
0.9449238986619493
0.9525273134670939
0.9600335610494387
