1.2062625379038228
1.2080241938731984
1.1900948048988755
1.2283530672235625
1.2171754341948124
1.1974574596973893
1.2206987690573265
1.2093777594108606
1.2115814037024835
1.217948776025248
1.2076836441026055
1.1852596580233343
1.2088938477835562
1.2307529275042053
1.1886361958331522
1.185124866526634
1.195555627337096
1.161361939363747
1.1825525226993996
1.190135074704067
1.175057365759162
1.16872554058645
1.1670216003125278
1.1647916230846653
1.1550603440789347
1.1676226071142075
1.151895299065255
1.1574512776186918
1.1576820166317547
1.1813087352670621
1.1529115581080283
1.1218020216473847
1.134268001086617
1.162922779648188
1.1664737348063716
1.1749104678457927
1.1502652655669232
1.141596532265822
1.1168458185071073
1.1080383043591238
1.1183515025321795
1.1228543556388157
1.1241007127875036
1.1458393606960873
1.166040365774015
1.1601165264097637
1.1502496552160326
1.146963202500461
1.1158745715555067
1.090324812591607
1.0874318574882105
1.1252308033933183
1.1252286242948433
1.1314982223253691
1.1172354491016943
1.1266232467858956
1.1248665216857854
1.1137208786684074
1.113415588483864
1.1205569064474277
1.126529093013519
1.1058254574959214
1.117516498345722
1.0979647577868872
1.0830837824493882
1.0714666694871169
1.0714699154555734
1.0663257339114758
1.0491278219777442
1.0886412952553088
1.0991413840216175
1.1168337472060916
1.1244996133345364
1.1214644957106885
1.1475227450500805
1.1480519531518734
1.1421101890546992
1.1289972291746055
1.1112912816622738
1.1049790549277172
1.104230742481829
1.113958625001692
1.0881752604766695
1.073443979687818
1.0488586865443672
1.062614283523345
1.0596719649339068
1.0845943385216221
1.0715735564792668
1.0685943585403734
1.0877051075552826
1.0843957901296315
1.082665558993154
1.0710527779092467
1.055131139295928
1.0361586949956365
1.0387419454170306
1.0188587137179075
1.0159987921794877
0.9966944326520314
0.9756536963357494
0.956702601034918
0.9094010724868229
0.9199346866332493
0.9911372806547035
1.0044511375041987
1.0167185486770138
1.01763317846396
1.0193284716658726
1.0359092287671914
1.0470554815968798
1.0402319735320378
1.0482887812334076
1.0516480943719626
1.0440198661010358
1.0755845146583551
1.06464132563068
1.0760061228599178
1.0801230796043684
1.0605481072204685
1.039311427228223
1.0295916972339927
1.0230517810983766
1.0181161423152412
1.0129335632652046
0.9956260594587089
1.008047946552505
1.0035318241385567
1.0217545554474943
1.0205163581226375
1.0164211118160875
1.0119874140633807
1.021484783793613
1.0164068664052337
1.013578068579375
1.0140181080476425
1.0088059608300701
1.0134068948419581
1.005503528759527
1.0152247583464709
1.013299310859043
1.005608076391628
1.0025541400711748
0.9954461636118672
0.9872568744722112
0.9768120396562734
1.0187317840052903
1.0373757301561437
1.0409862906955483
1.047986717044834
1.038063028441338
1.0286504265471335
1.033585849059621
1.038666764852164
1.0244020978618518
1.0278732905091985
1.0208298482433096
1.0290417013962223
1.026763151359162
1.0148986536183435
1.0201981185822224
1.0155880997953497
1.0040499564776193
1.0118336072118976
1.008184964240232
0.9964743410191543
0.99967925921729
0.9935068968469629
0.9978025293321794
1.0141402303276525
1.0068040876212894
1.0139913787196775
1.0314232917937471
1.038422163985888
1.0503542056169877
1.0350770401137124
1.0402404299896382
1.0351556580443784
1.0217242641299495
1.0311140904497382
1.0162385800532259
0.9838498851085493
0.9506474026658185
0.9497834350255242
0.9492331595737935
0.97967243747536
0.9640152361832521
0.9921337444234197
0.969159920531666
0.9878838003772238
1.0249347365973558
1.0210765123376977
1.0006414667098904
1.0140745060443102
1.0063617218468237
1.0082706886513315
0.9994329333865212
0.9898446597845368
1.0031485345380324
1.0128008784594131
1.0020335971440895
0.998801236625337
1.0002123139323444
0.9959203264831765
0.9956773559828387
0.9972756070390814
1.0047414246115602
1.0030528360153457
1.0044501754719144
0.9998576858437827
1.0040411635622422
0.9971631004038524
0.9949428127332278
0.9847342622714187
0.9847373029325844
0.978733643794881
0.957801768197263
0.9566821934358585
0.9310941523687578
0.934106129131641
0.9375712926968145
0.9686095319192759
0.9703065923972036
0.9447100897895935
0.966739117389699
0.9513907012652627
0.9114867258829541
0.8909780120000074
0.9443948352080048
0.9600852188321071
0.975199601011849
0.9833337660826266
0.9812988957812603
0.976825863753485
0.9888021202388585
0.9853317972044666
0.9870653634680225
0.995790777843292
0.9862239614113705
0.9934683266314511
0.9922405273780074
0.995513932993544
0.9923054343026434
0.9868999736416186
0.9941800863124302
0.992275979358893
0.9932832238640796
0.9839948424314946
0.9977947677534281
0.9961308769383906
1.0030150256954276
0.9913040463834638
0.9931884245277816
0.9931124341648073
