1.7730448750404957
1.7547482529832068
1.7314784738859132
1.7858985078373113
1.7684119005346268
1.7688408042684982
1.7860140224173175
1.7583686764147204
1.7634798734502743
1.7796037206046997
1.7729452221797197
1.7506088634121562
1.7932600329724289
1.7899368682475005
1.7363694876597067
1.7438202365019648
1.7557769614638892
1.756974143228319
1.753609575257094
1.7672156713800904
1.7580548889966325
1.7145883718189712
1.7143959529843225
1.7158446448580589
1.7102960090346726
1.7477884394492256
1.7632090091945505
1.7731420543120877
1.7862479427756877
1.7852543186474639
1.7649988033603983
1.7440647017651538
1.745962135740237
1.7493809397578213
1.7830683240407301
1.7920396929351887
1.7749863363216167
1.7436585124847905
1.7270896551896753
1.6942371763207102
1.715984309079299
1.7228243440611122
1.711430700028287
1.7397701108598544
1.752064151800233
1.738756218234681
1.7190320747715444
1.6889822494850568
1.6752470722712216
1.6210217977802288
1.5772383726907557
1.6012177521984343
1.6205406207797062
1.6508604707969115
1.6494491115757017
1.6657931964043775
1.6733179431310328
1.6830950656806016
1.6831802245576954
1.67294457762313
1.7007445337378824
1.7092344859445157
1.683262333745122
1.6666961425208884
1.6433393018355091
1.662512443739969
1.6558491133735098
1.66524318950144
1.6711130741231839
1.6715768095991717
1.6929244750714352
1.68459091663128
1.6846356638283786
1.695338793685132
1.71657941579089
1.7274418450129942
1.7161563793652972
1.7176314231678114
1.7178689820052018
1.7123757731919107
1.7112534181105785
1.718706573379711
1.6822634423828888
1.6471075063756084
1.6330179018504718
1.6062775757495333
1.6290456938365436
1.6406372000632687
1.6381831919608167
1.6533828507621497
1.6614937787276691
1.6420022091051798
1.6362916839976023
1.6356265363888707
1.624225558538267
1.6130766438612436
1.6138599292076308
1.5878460118420006
1.5783930653627638
1.5697027667755057
1.567231696025108
1.5397624160967487
1.5444319640562092
1.5595370602646026
1.5859062195832152
1.577741793451918
1.5743495793111328
1.5395476836017958
1.54759371234945
1.5965416094869873
1.5830826292584808
1.58723285737076
1.5885439227348872
1.5988223576695693
1.6067583206054268
1.6221434662651983
1.6456291829570175
1.6558239874041265
1.6529856809455534
1.6402397087248348
1.6271402825949988
1.6206146631197933
1.6114790467077658
1.601184179951446
1.61784335619307
1.6051187306177432
1.6122355962934303
1.6182871142742237
1.6301395386406816
1.6461929876594423
1.6391275770610934
1.642970860122322
1.6425744350163407
1.6552427707710744
1.6325180943358162
1.6335899202158974
1.6022436093515462
1.5982079159076565
1.5858582029762764
1.5584232989038822
1.563827719427597
1.571821601146221
1.5636013543408307
1.5837532174040152
1.591964035399991
1.6071480218676777
1.6116273369422145
1.6193461963550615
1.627835527007498
1.6337067799232068
1.6382043882068973
1.6243529803055785
1.6220291900957815
1.6259085874302333
1.6174108690003444
1.609249383657741
1.5927588728163684
1.595063467724972
1.5846810394059292
1.5826752109699416
1.591129573426388
1.58584577454103
1.5802993834270165
1.595636408806786
1.5960117751687775
1.5697686401574193
1.57025701651734
1.5879727133100356
1.605039543036803
1.6031721438370934
1.6109322574708211
1.6265433860817355
1.6442498488048032
1.6554003836537943
1.6434170021982795
1.6398927465661153
1.6480516937731404
1.642059897962322
1.6513303048955366
1.6510270548882522
1.659436196030928
1.6467875388888251
1.6428929864476554
1.6504116746630286
1.6279168372869417
1.6304884886915298
1.6500042828168326
1.6395184091179895
1.6130208711404428
1.615006205701427
1.589728932546358
1.5873335453756166
1.5872595444976485
1.561988678107725
1.557748195239437
1.5508570516517568
1.5571652183325346
1.5753102216830646
1.5783894241755105
1.579520561791935
1.5830772768892267
1.5923419072407263
1.5847773654030461
1.5801248769499316
1.5837031216769633
1.5728035724377951
1.5899494235606828
1.5865155082003068
1.55830911091552
1.579751426330521
1.571103292926621
1.5731146914260907
1.5802612981034487
1.5541463696802624
1.5439428348384543
1.5574844897092992
1.5443566870689696
1.5415340339816004
1.5245430693549367
1.5185283031735388
1.518830042626323
1.514665608717464
1.5188501797262492
1.5256967020016776
1.5168741176760656
1.4710460160762147
1.4521035493672894
1.4804659044287218
1.4961318966376778
1.4871888319566717
1.494970824093108
1.5057365055617196
1.5333469078940247
1.54057269344319
1.5359109231925265
1.5334022884261265
1.5481829192805359
1.5451530947422432
1.5485831876614233
1.5603799822169995
1.568049556557801
1.562709547643189
1.5662028179126066
1.569650462809941
1.5677709129486386
1.5583312012756558
1.5631711063155276
1.5667381466735464
1.5759075201445798
1.5701325842409164
1.5673912642283054
1.5601277157912141
1.5625465361442397
1.5735170184681764
