1.5860929963521515
1.5857543336826132
1.5757722339674285
1.6090821310517913
1.5974892593249952
1.5927163434553646
1.6063190295963958
1.5934240634967949
1.5979112705059844
1.5970647467165187
1.5911147707753213
1.5837217476694194
1.5901906286398968
1.614914142163693
1.5750431646538048
1.5760111142284003
1.5785069098642384
1.560177132094153
1.5716963717730612
1.5783708658834092
1.5546435141415493
1.5442487821222757
1.5528009395859403
1.5610543383654287
1.5653571519714307
1.5662403876953963
1.5569515978802695
1.5505376508600208
1.551176905462241
1.549041869916924
1.5535842571621419
1.5224007986322319
1.5354484720550488
1.53032178375909
1.554267795037014
1.5535151494633543
1.5433596598841701
1.5409917894469005
1.514972889315131
1.500929075006797
1.4948558126982185
1.50684712903014
1.5047315799642755
1.5269451877603564
1.5530353466011233
1.5505151155249304
1.5501311568107417
1.5234593026039027
1.4956101798687031
1.483106798456883
1.483457418813077
1.5040118240488394
1.497847417694264
1.503968078048529
1.5007001438588692
1.5017151070362988
1.4818618093337639
1.490947716139905
1.4890182899102289
1.474285211904345
1.499707313721016
1.4850654658138414
1.4844937747520595
1.496264004899564
1.486772960116272
1.4578944633627702
1.48138054026871
1.5016701541722681
1.5098765290275828
1.5130839344192122
1.505621920656793
1.478563379342161
1.4805846298890004
1.459933712675558
1.4716987768451428
1.4796425022353612
1.441204906477
1.4344737211053518
1.4154914167492822
1.4156513994192053
1.4240987725410288
1.4180244332577499
1.409558008625042
1.4118552565396478
1.4288856639717857
1.4469848590144943
1.459974464944012
1.473383451039918
1.4904010534185046
1.4811867337176696
1.4837253168040156
1.4660083880880392
1.472554558924587
1.471783958526535
1.4471973966802143
1.4373320841158066
1.4480046832086366
1.4350294671868
1.4251238550212435
1.418456301514371
1.3941821707033322
1.3958371452142677
1.4147707206631779
1.3989213228384463
1.3867679802955188
1.4120386344295157
1.4009219071457246
1.4056596063083924
1.4232413925534118
1.4292897867371928
1.4325667079867908
1.4344254979082638
1.4437918007901975
1.4471312533245966
1.442900709890844
1.4486233189096769
1.4547055100568254
1.4715417058520308
1.460733954147156
1.4429121265548355
1.4326096781891358
1.4205254901562503
1.4213101811681912
1.4088326566070306
1.4082385654182268
1.399882161302758
1.3965998611406776
1.397354866704122
1.4081322382605113
1.4092250597622509
1.4089406545284224
1.398264650484518
1.4053432682149092
1.3973562206676355
1.3927417949877121
1.3915375261930052
1.379339265655296
1.3997910300474
1.4060016688509605
1.4111722653808014
1.4069780183345164
1.4065501744357014
1.4018632881810604
1.4062464131282002
1.410754351987925
1.3781637652358267
1.4151795021884446
1.4196836606430114
1.4362996671119157
1.40719326900526
1.417951404703228
1.4288602181268608
1.427693979718836
1.4298490561252293
1.4292931872903243
1.4193998564158372
1.413796613324666
1.4204348637485407
1.4170091885017173
1.39185136580762
1.3948577009655734
1.3739132733744523
1.3663672653146117
1.3739660288757334
1.364108855095367
1.375919693909158
1.3738998290034472
1.3806816566106919
1.393871966369221
1.4082805565875924
1.416840968037907
1.421306448562694
1.4466444719215743
1.458392017870983
1.4598770956921734
1.4698709543444992
1.4702364463299753
1.4577327306380639
1.4625952178521306
1.482244544927398
1.4708503341752874
1.474068703544417
1.4694988810765253
1.4753990158002372
1.470501620788927
1.4718077182815448
1.4525786495101944
1.4472457457026244
1.43281998256323
1.444734953512471
1.4270943183005325
1.4259243721439618
1.4296314870250382
1.4205958770568528
1.4212283277264057
1.4123363533462232
1.4141880047478448
1.4018508854984744
1.401796431055328
1.3968891023584
1.3857389162940825
1.3851586989929021
1.3700258574899014
1.3747303608937482
1.3693842536643352
1.3522479864399992
1.3577547107557413
1.3533888020778042
1.3439227814452936
1.3513330218820998
1.3533139410391395
1.3552695875354361
1.352933652166396
1.339640257608688
1.3455003540862251
1.3432756482739798
1.3496388945962947
1.3784903736946377
1.3799721297181031
1.3934755104389227
1.3884515572694196
1.3857110893525022
1.3863337240592752
1.3701703264483125
1.3699211529792552
1.3577006704923529
1.334883782894317
1.2954226755288694
1.343622677451417
1.3645798548118135
1.3825633695589625
1.390236717392825
1.386983842878103
1.3922951772386039
1.3979937368697044
1.3968207062665046
1.3931222070633398
1.3978585430155692
1.4004019564662296
1.4068159741182982
1.407367026117671
1.409089452751414
1.408922575820522
1.409314459411332
1.4092333221586493
1.418945283527597
1.4072434218221395
1.4137491568808112
1.4071402586583441
1.4133693854642706
1.41288858053853
1.4147022972908219
1.4164104066595935
1.419424292407267
