1.921268385163869
1.9176741889453062
1.905308856321264
1.938881735665995
1.919876137699334
1.9197517784373568
1.93932940614437
1.9136832996459556
1.923464774019117
1.9350213803476866
1.9228864035710758
1.9146813814795238
1.93652032921038
1.9414673176509638
1.8904311077059497
1.8936909104323647
1.9019881366477605
1.8869210324526071
1.9062570900480247
1.9023343131095878
1.8723439755603752
1.8691601557446966
1.8758943527294873
1.8859462334038721
1.8572134619346758
1.8432653066636464
1.7979822848014568
1.8340545095552614
1.8692495432719765
1.900521005192601
1.8735194593637141
1.8453031579013919
1.8628813121660273
1.8834333223550292
1.9071516800355481
1.8956193589700792
1.8846891753327681
1.881267651987214
1.860128220621734
1.8442998625211198
1.864387894984858
1.8709555236865083
1.8720216827847551
1.8748197772827346
1.8967823646269864
1.8727705020249885
1.8747132426829018
1.8599814472578888
1.8332131196286
1.8113898498920877
1.7987821196691751
1.837304536949523
1.8090941952750257
1.8191490401856247
1.810365362636926
1.816984328630445
1.804656774060155
1.8068823821299913
1.8036616914782164
1.8090439095094002
1.8126787972096674
1.804308459026181
1.8044845863141308
1.7938189738949684
1.7873462203380097
1.7980134490490913
1.7811108558021664
1.795721023547593
1.81573908090364
1.8300662970217965
1.8236813398899168
1.832398313031415
1.8390965554676242
1.8432445298567623
1.8510017979958306
1.859519374900703
1.8505580892709574
1.8548866225251788
1.8327548613107332
1.8201320234070493
1.8198553875566545
1.8238331040373006
1.8045017480709158
1.7889546806583718
1.7660711950383012
1.7602131096286537
1.7805100228095558
1.7862065681675106
1.8073410081656534
1.8028167171844252
1.7804671339105396
1.786040907754507
1.7772178444995246
1.7790386075320113
1.7634368387824695
1.7458816761824445
1.7373513552904805
1.7317196118873155
1.7332995137964238
1.7206761443192875
1.7109921531993384
1.7038603405972945
1.7175443817778953
1.7136281776034405
1.7219952996016539
1.7205713191954009
1.730774289767698
1.703171633772244
1.73539494652323
1.749001883274898
1.7360522365159117
1.761777972875948
1.7617435031755346
1.7600729148329712
1.7593990783206017
1.786358616355253
1.7890466984749944
1.8012467498444602
1.8100269451317827
1.7949593075485923
1.7793432994252578
1.7630899086279699
1.7535397259474794
1.7430368578098678
1.7396103058235932
1.7405653718404999
1.7515387039048187
1.754442023248073
1.7648722868721123
1.7682523389023368
1.7713855864574048
1.755875038157532
1.7595311696866793
1.7485816233875138
1.7440229915054264
1.7468463805192775
1.7322777061884036
1.7270624434304611
1.731286135806064
1.7229582246758905
1.7337140128533026
1.7272326324323535
1.7261708962556213
1.7013388552272426
1.718394667183577
1.7152097203862868
1.748686806703729
1.7630135732580285
1.7703914842825708
1.777106262758093
1.7769798512096273
1.771368740762736
1.7763817544445135
1.7746586147611834
1.7701342101543025
1.7643699284194856
1.745738282995594
1.7367482214973309
1.7408788188182645
1.7355685127315705
1.7428890958618481
1.7429420591754163
1.7406729872910418
1.7464658094089618
1.7402445889833187
1.724440730615878
1.7369172081629072
1.7492535301093073
1.753848020743729
1.7615912158671436
1.7749062187820275
1.785136994190576
1.7878703342450135
1.8039605076330212
1.8028898399197657
1.796713329506615
1.7970841872864107
1.7918780346483218
1.7963904444522758
1.7953101482534515
1.8042727881080642
1.7936606063365537
1.7881789989931414
1.7828779839828255
1.770379594985321
1.7625739363495057
1.7463506621929297
1.7498547862027165
1.734140639058222
1.7289340056717495
1.716089222249058
1.7175343744495786
1.723823739921861
1.7270655073601147
1.721605068443843
1.6995936540188858
1.6987636140415778
1.6958608844524086
1.6940516215089212
1.7000421808966875
1.7099642765509144
1.699282490237783
1.7042354487298403
1.7099885919542133
1.7000292667217594
1.701118009740213
1.7069898665107364
1.711095579236468
1.685289216794796
1.7078272765553668
1.6960142060897094
1.6853121742360329
1.6918870223730098
1.6770353224869656
1.678105258944703
1.6711989589738196
1.66660965836198
1.6656697815368982
1.6533539432292155
1.6524120587986713
1.6535492328785162
1.6593174399339898
1.6491673192195857
1.6394403417255015
1.6319303176418614
1.6213660865222153
1.5911800342285987
1.5921435198136353
1.6559201978791807
1.6569110655261194
1.6842649640171157
1.6843026052810486
1.6898594243158649
1.6876735969629337
1.6887526602261587
1.6902043825390336
1.6990040390441614
1.6973257310544645
1.702522599483168
1.7064235705250466
1.704344383357841
1.7106909604855138
1.7075668514329034
1.7147681353999102
1.7168205383383515
1.7170237837767652
1.7237834382285018
1.7230163956127729
1.7225400580025365
1.7272968936084299
1.7254339412655932
1.7235828298440528
1.728204957249791
1.7244665064639997
