1.4056040061683526
1.396211180037392
1.3811489794517338
1.4346640547750478
1.423263014811621
1.4092576586767873
1.4347811377931234
1.4063719601351168
1.416377158780404
1.4196303209324588
1.4303402110131211
1.4059040667795515
1.4275936483510707
1.441066916454451
1.3920943543234852
1.392490549317181
1.3989451253969276
1.3772515236664369
1.3853710944948439
1.3960684892177715
1.4046932747481373
1.3747244464227169
1.36671165974235
1.372208245914281
1.378101162057279
1.3876080428786541
1.3849535199486573
1.3655512033396109
1.3774376058501923
1.3908801729899243
1.3793002301191226
1.3554847152660299
1.3638045595207469
1.39345227988385
1.3927335576500826
1.3896787395412653
1.3778405068974906
1.376998069692403
1.357455744123151
1.321387496979156
1.321571792330766
1.3351386146770656
1.3387642719674844
1.3708120064363185
1.3863012913558677
1.3628340569677022
1.3703982519137072
1.336227041356569
1.3257012890642572
1.3288928275553853
1.3157681071935405
1.340215970500302
1.3203146039701428
1.31518659129422
1.3129985961620945
1.3184962545778802
1.3304395817369754
1.317061031822788
1.3129059879030065
1.3029356217521009
1.3182833110529224
1.2913760880950034
1.311489572302096
1.3330941947520039
1.30914279755147
1.2712222203277685
1.3090127827910514
1.329795019581773
1.3331663196981318
1.3406035638156573
1.346713009535261
1.3573912456609696
1.3616414318224035
1.3594011198434035
1.35933219334175
1.3588155597599163
1.3337573109112957
1.3277737432660106
1.3112159535977688
1.2805923986875865
1.2719525783800123
1.2619067865122828
1.2436081370589944
1.1841723372710142
1.1574070482966772
1.2070720161389203
1.2199629270906533
1.2417481271630586
1.2630386072224964
1.2620832797091814
1.266495437233105
1.26589934363277
1.2757021324619946
1.2801237032474242
1.2577062437427153
1.2434834556270506
1.2269841769214744
1.220849307554837
1.228104453879639
1.2215189028956241
1.2309355427615833
1.242469472281494
1.2405397317929532
1.2308002509678677
1.238185593214954
1.230439518508782
1.226141414809022
1.2359167948003646
1.2624290353099037
1.2768163998754616
1.2768173136196788
1.2666926810150805
1.2884148041086199
1.2825871453297373
1.2810740088901298
1.3078332695856782
1.3137914238377522
1.320189266779585
1.3194546761821617
1.3014195870641923
1.2929738170123046
1.281405833043611
1.2806778273187562
1.252428792849626
1.2554616061260022
1.2258587329346935
1.2410912522933992
1.2339042275005645
1.247634408877564
1.2606364615472843
1.2596057903322242
1.2692983158277933
1.2718410551516404
1.2509307850718019
1.2469624045059087
1.2362096133736584
1.224725859684367
1.2216062155378045
1.2200911719773269
1.2095322145094545
1.2284005900109811
1.2210007214637622
1.2304886233436767
1.232460237158745
1.2225678176002188
1.2252248350992818
1.2477704485696468
1.2645694427332517
1.2650062186402988
1.2691528302192823
1.275283221344461
1.2813902807566573
1.2671470790180797
1.2731184881870534
1.2640970459117402
1.2625638227640577
1.244656650150948
1.228820099879444
1.239265336730304
1.2233051947863016
1.2224561210089415
1.2249236114091167
1.2250440316642484
1.2335129298563183
1.2174626402358582
1.2201543273293658
1.224555485642099
1.223216669227304
1.228951086183039
1.2409404410009313
1.256252082498364
1.2643649971086068
1.275833009893744
1.2871319538367407
1.2958060274486514
1.2922735562440817
1.288484414229283
1.2970733833313675
1.306624281042388
1.3036489774105515
1.3009651910046365
1.3106094926620129
1.2966435699588725
1.2976909731681805
1.2975065574099545
1.287667697415355
1.2855641065337433
1.265867108045759
1.2452489053378066
1.2481238642810175
1.2427201388732245
1.23880260258166
1.2312131230969865
1.2225415648807907
1.2183681167966727
1.2076521936078197
1.2074702050566195
1.2152526852020529
1.224990593244213
1.2112699507932458
1.2072659965173114
1.2147926981581911
1.2119221287944681
1.1937048922869573
1.2035848147772077
1.2033504690221457
1.1951897613211098
1.1961139130189313
1.1898580103815415
1.1922184923684411
1.189817965674831
1.188957710565932
1.1938815800653155
1.1912763711002465
1.1928636795942478
1.1955341529650227
1.1973191570326698
1.1866515373689484
1.191434566030938
1.1940983416775666
1.1932972604614966
1.1966334530282112
1.1812203255740918
1.152900486252392
1.1729400404621804
1.1482193395942057
1.1046580814449833
1.090674704208858
1.1632196633085061
1.1598712346971227
1.1818201823559906
1.1812317927652494
1.1835934396557846
1.190959070509523
1.1853001177357214
1.181888722594226
1.193974508734524
1.1969808624692297
1.1972458874751448
1.1883432097358073
1.191777135130545
1.189054853932957
1.1797746047789226
1.2010426583394855
1.1824884194062448
1.2006755663802944
1.1881293148068939
1.1880939137219195
1.1922452900628318
1.194176181377926
1.1957995106983765
1.1993633379716995
1.1993270212915845
1.1951739409969078
