1.6463121853058595
1.633617225007032
1.6074044925972693
1.6474555078301638
1.6459128095835203
1.646430755199916
1.6541306578240595
1.634796017480861
1.6460132120271944
1.6396060449914074
1.6443061742137306
1.6311633741164304
1.6462373916584294
1.6612675959566725
1.604861448591605
1.6029587568466648
1.6068152234077389
1.5944942187208282
1.6292309163609544
1.6088702232109449
1.6235704232284103
1.611752067893401
1.5961696298898551
1.5858019568299604
1.5922139872882601
1.6046505180041517
1.631811588678799
1.6208529404343681
1.6017032695888358
1.6181229111052495
1.607447378858676
1.5934378434659313
1.5886720667818384
1.5945569847619598
1.6127411883118017
1.604461637829862
1.5758535465391619
1.5564611437259992
1.5012217001711885
1.455912604115978
1.4905646797235528
1.5200205147265087
1.5624347325453174
1.5745844568349543
1.5913310221188424
1.591183571256475
1.5869221356101182
1.5612770330321064
1.539399840865357
1.5316721099298192
1.5191840407253903
1.5746609293667393
1.5573565222762615
1.5609824554086407
1.5583638081434
1.5491311986137952
1.556416981929535
1.5519017018197807
1.5357171125120463
1.5054303995482283
1.517382013030032
1.527805689962059
1.510127276588346
1.5047126291001114
1.4654084194973245
1.4602352600328556
1.5003490529540242
1.5126126119520849
1.5179898364427626
1.5366018285525083
1.5561940441624567
1.5609646877136754
1.5518438906855725
1.5745424903289138
1.5765313528565097
1.5895909533599377
1.578028469431246
1.5843979348655717
1.5677833926430742
1.5553666557905703
1.5613775585287324
1.5522734325348928
1.5448796458128191
1.5241024815184665
1.4989865412372538
1.5058109272359015
1.5096539477787017
1.5170346430797563
1.5200536312096284
1.5206346354679965
1.527804538532288
1.518643517617618
1.504669217993482
1.5207156335703358
1.4970543142844677
1.504691840699998
1.486801203668306
1.4801692796121761
1.4771379482634326
1.4598689254802075
1.4508836314188482
1.4341049104471408
1.4094245408817447
1.4075325004675383
1.4108289108873595
1.4131910072970282
1.4356787657450965
1.4385791700580122
1.4122152154110639
1.440595916732445
1.4480767516058444
1.4646518964925392
1.4856149564710577
1.4842130228138615
1.4888880850915795
1.5042385961307223
1.5234693665708083
1.531799988330685
1.5327663288157225
1.518826226493166
1.5096157655120304
1.4842905202273033
1.4777122415721193
1.4394438653274448
1.462578087978887
1.4620147297386443
1.4754781253934688
1.4816150137876407
1.4990625710942418
1.5010542120040162
1.4963791814082539
1.5017309251843345
1.5059707712663517
1.5018421122828376
1.4882827166340944
1.4784224030134019
1.4673411182934024
1.4695295266836252
1.4582005193716359
1.4399568646351202
1.4433189201177683
1.4131361027703355
1.4059909633870296
1.4158504199107163
1.4148055501216188
1.37413838566313
1.4325847456245384
1.4457930483894188
1.4444433750131125
1.4384200606271194
1.4477393457978542
1.4564726278045268
1.464608887562335
1.4721224116599565
1.4587157163401892
1.4701938737649198
1.4550028741111078
1.458131792012545
1.4741128834540398
1.4600811693524314
1.4622935125440861
1.451262120309091
1.4510338239768468
1.4552359994321806
1.4581093913571566
1.426117838499115
1.451114057238184
1.4688071694082054
1.4707807374940434
1.466380465853349
1.4801437966523328
1.492078109824221
1.5024252515942116
1.5217805919542922
1.5233934145452603
1.5169744428836502
1.5214453767178648
1.518707414084819
1.5088928984437393
1.5125286851917366
1.5143719740377286
1.5033169370236041
1.5143142452772855
1.5018982372081726
1.4955248890222694
1.4891197905230054
1.4948261522255373
1.4895512061447944
1.4741915361080313
1.47110168704138
1.4666621310505565
1.4577167545210865
1.4358671548808357
1.441928202249133
1.4453462404863764
1.4175130918940235
1.4390382590361874
1.4316105018541914
1.4353834828768695
1.444153433029731
1.4368996790688495
1.438243817185687
1.4349705103122008
1.4279533187547877
1.4309346634573548
1.4192567136037122
1.4160512393810305
1.4230418516757684
1.4103630971275731
1.4173153140601917
1.40539628829436
1.40850339928641
1.4072257323118977
1.398303666658171
1.4104139338739292
1.3905611802680231
1.3957372049274819
1.3966765047059146
1.3898958607744474
1.39229317942833
1.38631789472286
1.3872621780725787
1.3722477193296514
1.3706066421156193
1.387332246963541
1.3897952811751042
1.3684025938952311
1.3364131425801067
1.3601741763091657
1.3772401206346903
1.3757188807295748
1.3810603937967822
1.3776867250600915
1.3720692608842489
1.3768955281263897
1.3832746722545481
1.3955226628578017
1.3917294718696
1.400572938829263
1.3991453893432961
1.4056450347581029
1.4118914891639935
1.4075110590049449
1.4014012657805375
1.404437499085805
1.4062694683071184
1.411988173595349
1.4063326089338621
1.4132238427503823
1.4101713723120872
1.413440459149853
1.4141413156778777
1.4115894147140184
1.4176077221994825
