0.7578894614412423
0.7256334084531274
0.7169472354080404
0.7524223063500806
0.7418750391185045
0.7447172672882918
0.762295843897714
0.736221968994092
0.7457336404069165
0.7756611613505543
0.7958372796869144
0.7535375395996263
0.7647043426084309
0.76864084864776
0.7573182535781473
0.7445862053599347
0.7542247420371492
0.7322128888411202
0.7673770503211449
0.7479558262686712
0.7497623489332591
0.7167732404768151
0.7339171551167541
0.734562066212662
0.7291941237108375
0.7419204814094862
0.7502051234076369
0.7558208336950003
0.7704288376619489
0.7792051295589049
0.76457190965774
0.7601150262962219
0.7676996385773612
0.7755550549189825
0.7754479341264394
0.7613964986286309
0.7753789314345808
0.781006916321578
0.7677227802676974
0.748728188953464
0.7515787625234368
0.7731322471015853
0.7723125633247871
0.7826423480930659
0.7927784558400575
0.7640244094639788
0.7727273804529552
0.7674971439030818
0.7588865514887744
0.75060371335258
0.7190821795089226
0.732286635613341
0.7462761996011659
0.7431058245049832
0.7469651901449118
0.7479323893682425
0.737264989204759
0.7302861563155344
0.7238283594128487
0.7219890241516403
0.715695049135791
0.722048848139841
0.7212383928440508
0.7058343977753495
0.6607396001274584
0.6989320997127502
0.7147651744204669
0.6981783611269796
0.7213856325186286
0.7546113009753398
0.7565119393592465
0.7643152057254541
0.7788714850440894
0.7783813295454584
0.7859682329564049
0.7939353699202847
0.7940709411365626
0.801821937686378
0.8033580262664306
0.7853252332421611
0.7883296555963083
0.7814399237804479
0.7717125632686427
0.7341560485162082
0.693979884770275
0.699579391304112
0.7213718314817541
0.7295415496123504
0.724451906573665
0.719146385628228
0.7166270992860737
0.7299806947515043
0.719812784534342
0.7236981692849667
0.713955631937177
0.7024633159243416
0.6965118584645121
0.6869145050577995
0.6951570515771172
0.6935496179240423
0.6871276364667559
0.6656084662308711
0.6585566612264228
0.6647592842740261
0.6336138757610729
0.625385264796334
0.6684139652609831
0.6761692686230238
0.6692689305084116
0.6754866013074938
0.69943800979716
0.6960347307728723
0.7044277990010371
0.7174650032643228
0.7231645060042995
0.7297813916304997
0.7440329508882818
0.7440387118229838
0.7425603406638338
0.7393936526516994
0.7351975387604096
0.7269842322734759
0.7056611913773742
0.685956511994166
0.6827215400088837
0.6975741208975511
0.707485877085992
0.6990713654594489
0.7083152991657317
0.7341848375656119
0.7434176520576865
0.7393428293401682
0.7514013486056101
0.7454413202935098
0.734738129227922
0.7254581469475775
0.7216149917443889
0.7215422919120036
0.7173751226566666
0.7087914888831132
0.7025772092760388
0.7076600437764218
0.694763999545047
0.6596663289590374
0.675756898783422
0.6952026007903505
0.705929266027808
0.7140220000373338
0.7238811305754663
0.7179994922146087
0.7253338385872998
0.7222585819254635
0.7332111242310398
0.7366784322049003
0.7364105057413369
0.7333835379683048
0.7387784010359207
0.7347917275059037
0.7420250646020711
0.7139781425058654
0.6994048415112073
0.7045506694710293
0.7033492726265721
0.6950866876113183
0.6881401922445756
0.6859723727297199
0.688869538375949
0.6805693576529178
0.689315452974003
0.7038834175341114
0.7101392470083546
0.7155006977417184
0.7292215136684301
0.7317217377790253
0.7374392276967412
0.7362402905640534
0.732488650489463
0.7311719005128624
0.7312690825913701
0.7352900284463217
0.737358540622142
0.7342477074653799
0.7265580089301571
0.726104958644419
0.7147495215834361
0.7223307051499124
0.7066945223970894
0.7053394303664196
0.6981455627701989
0.6852631456445729
0.6786704111923288
0.6817221296885885
0.6569253419356322
0.6593941974881092
0.6782189918244289
0.6658271746681049
0.7030111546729214
0.6949025394430753
0.6896590508686157
0.6804656994582721
0.6852450157494899
0.6671506480033123
0.6666157278974442
0.6730949780224145
0.6540486345747776
0.6625480097186567
0.6515652208645726
0.6550215535134506
0.6287787939730134
0.6473517316898089
0.6402738993523345
0.6319038622218175
0.6439220915329523
0.6381808557798406
0.6403525103253948
0.649493741720911
0.6211480985027975
0.6173488245406668
0.5979666671693702
0.5835019181355818
0.5707624026015541
0.5889501561965007
0.580316233599244
0.5387640287824768
0.5535089869041873
0.5934105139304385
0.5965237497244361
0.5956646689461477
0.5940790674086841
0.6038201860483017
0.610111083058156
0.6438099845403352
0.6362144107037679
0.6358732414142813
0.6435121574549938
0.6452898999730928
0.6556129252650732
0.6511256969958324
0.6469075231099194
0.6556462203135666
0.6648044079183136
0.6673713025397755
0.6598442125603884
0.6698345844905478
0.6823044599756289
0.6684014967847223
0.678207183401442
0.6816997774903646
0.6736349909404397
0.681199807992998
0.6784103750043655
0.6770651706281665
0.6697408544009106
0.6687723092090219
