0.5349944506796556
0.5118280708964091
0.5175959615717852
0.5598813423401765
0.5392166712748472
0.5629174362957895
0.5687566758850078
0.5394525266391256
0.5541967366321108
0.5702170657217416
0.5766586283625138
0.5501309517492226
0.5767842484848821
0.5758115560646004
0.555435464882662
0.5460602297385087
0.5519988443250944
0.5445127289282405
0.5676576821517556
0.5448212056846236
0.5445355440149957
0.513328897421881
0.5233315410219299
0.5236860678192314
0.5276685944566811
0.5567523984884156
0.5690051934438514
0.5536955535538676
0.5404534389568686
0.532281364983236
0.558248294014121
0.5361196718635899
0.5311310834764412
0.5414021980993219
0.5764925781265482
0.5966992357847988
0.5650435829052389
0.5580860105857637
0.5641745706527433
0.5522506294878139
0.5595859227887722
0.5662380905568779
0.5616713040424838
0.6039897280439394
0.60081606045601
0.5792672328686338
0.5733768601706243
0.5672137820268648
0.5423210180107811
0.5316522727793764
0.5232394866029384
0.544178088069725
0.5219595277872472
0.529846643396285
0.5352021780038368
0.5506892255674551
0.5422776395960385
0.5225613187287421
0.5293390362032058
0.5180932720792824
0.5288181952019695
0.5312224033302433
0.5310668339601671
0.47869017051808654
0.4769071122554252
0.5086741125495943
0.5010297419726584
0.5242066145257551
0.536301376476387
0.5427149804064074
0.5486807611535759
0.5638714866504636
0.5686359035563311
0.5692365764528666
0.5778177216626075
0.5886013136535246
0.5919610724570362
0.5860602958137165
0.5786794179221343
0.5787703060005398
0.5754506450661108
0.5790381935528823
0.5646352805474103
0.5355901509461987
0.5047498455212788
0.5139732522966577
0.5218790805865365
0.5338076778888194
0.5414074049982561
0.537421855480872
0.5449769845460435
0.547345640188164
0.5493989065751687
0.552495650082804
0.5342749409608489
0.5190202612751634
0.5228696330398919
0.5256932559582653
0.5155716295839603
0.49496958751264836
0.4928802456954841
0.4730864651632988
0.4600759603964956
0.4518229126148219
0.4611166003802699
0.45055029404602537
0.4449964069316173
0.4552177842613044
0.45960509812834993
0.4572888300334546
0.4658672213734478
0.4789151554933607
0.48505414944630904
0.4921056151120859
0.48569521244988295
0.4880117800732634
0.4993490938907271
0.5094902147503866
0.5080034852547729
0.5006803993738672
0.4878935115276631
0.4781204008460043
0.47189578356736583
0.4607970623539441
0.46642490173591716
0.46156223352378567
0.4770369562738653
0.4970631090719488
0.5010736464720726
0.5158456302915327
0.5081085816739359
0.5167054113139693
0.5146273890876965
0.5108528885040113
0.4971393483766623
0.5115710447014143
0.4957108903052952
0.5055074407925322
0.49284441012980224
0.4939588932049947
0.4868504960422205
0.4809605842194654
0.470858081616622
0.46312047520165406
0.4245144883237423
0.4699169833576516
0.4697974358858674
0.4722051547919436
0.4761697993326954
0.46406199145847565
0.4655360978812449
0.4613556398827812
0.48811381039660623
0.5142666464260177
0.5209633616015575
0.5147116216423593
0.5130937088236591
0.5105044048593161
0.5179899715014364
0.5079041663401169
0.5002605610677117
0.5092615631905634
0.4873221029559017
0.48728329040525886
0.4989855497049229
0.4604830432790605
0.4665702811776798
0.47266829288567586
0.4969547781588082
0.500271416379445
0.5088701642372129
0.5135129819597556
0.5192428987641705
0.5331622002823455
0.5381354071810285
0.5313137434484416
0.5326246309304148
0.5290570259039563
0.5222634210318531
0.5268143332583559
0.5253730364559313
0.5328029959499224
0.5143668263459533
0.5161959042378669
0.5211987134944916
0.5200346673345059
0.5042889844490064
0.5038042336062061
0.5034591885568465
0.48913315378652394
0.47152195419939913
0.4733709933852484
0.455374461292206
0.45711284665958246
0.46201807743260725
0.4682432678028818
0.4658830798971501
0.47103382269920324
0.4803491154703393
0.45990465719192125
0.4517384356356637
0.45210433102520947
0.45598249940427144
0.43367214451035824
0.4283630213881981
0.4287838454041172
0.44228688682062933
0.44774310789284344
0.44639020492264536
0.4090290355963724
0.4406393970385484
0.430480805439765
0.44681605865694013
0.4353657461007292
0.4353195573238155
0.43017435102307794
0.41939032853294955
0.4250190969197059
0.41013410691553953
0.41949939475780507
0.42029045966597794
0.3926344280224328
0.4161099885686275
0.3909278798905778
0.385330628009878
0.36559501217068396
0.3422926973810099
0.31870016387015765
0.31542633984553636
0.2954345068978636
0.3049732564368412
0.32190582710803745
0.3449792578291135
0.37251416803512494
0.36746223469444433
0.3859808649054996
0.3827248035259062
0.39611083189403745
0.4064142919678259
0.41181367555608794
0.4273957356615784
0.41762174583747225
0.43786277499578224
0.43321961082552857
0.4485256821284766
0.4460606767795236
0.43856975645818613
0.45793798276421377
0.43883351993012126
0.4527224841128663
0.4482050364751264
0.45886017650103433
0.45183347369917454
0.44446591894915477
