0.80455980429204
0.773898763549448
0.7458810066374468
0.8104210162141587
0.7978220698135255
0.7993301646583776
0.8052769331467646
0.7905308815239142
0.8119867822001248
0.8108861039636526
0.805111031188368
0.8136528000878096
0.8157972982009952
0.8255425785813585
0.8119716474166531
0.7692086288207717
0.7769789411533587
0.7603044818215479
0.8034410258179848
0.8004175330060246
0.7901547496289645
0.7789132890633531
0.7661281258069157
0.7706984755002069
0.7848233556386025
0.8147960570264975
0.8079107825715366
0.7963583823067143
0.8140149743338311
0.8231531998733336
0.8256571250890667
0.8193606905183646
0.7848418670883219
0.818372969487273
0.8262314152339073
0.8234787568933899
0.7978157322799491
0.80394187344334
0.7988687982029465
0.7795621639167631
0.7790802981694874
0.8139816462715481
0.8096787935212121
0.8201490911771248
0.7861965049950042
0.7809035923161326
0.7843088213739852
0.7679196643447951
0.7531161924626011
0.760088618197614
0.7700746817770586
0.7673563891582587
0.7843767131053371
0.7949964220356568
0.7888627672023248
0.8047783110453863
0.7919426860122815
0.7987493808997203
0.7938847452915386
0.7938309211464514
0.7893973160847396
0.7762466991434637
0.7811773644408048
0.7576094812948051
0.6973544507095105
0.7263503633192258
0.737100736855779
0.7417908351095759
0.7613857764820317
0.7935785070321735
0.8006115808601768
0.8090253384736246
0.8164797463844806
0.8091199429156654
0.8206605485998534
0.8352916846719962
0.8290634726540508
0.8403910487047258
0.8214535886823517
0.8255167032117433
0.8276088794602738
0.8271239214174292
0.8138651032202708
0.7811836727033457
0.7586355598665401
0.7483386133459795
0.746555695644267
0.7432587002874809
0.741048252147879
0.731642349631409
0.7346128213371886
0.7199617104322068
0.7204614365602026
0.7212127129947425
0.7219145928494705
0.7159742569162139
0.731590160359519
0.7111491555896172
0.7059131392706846
0.716812483754623
0.7093928280277075
0.7088075945396694
0.7143257036462964
0.6895733403835834
0.6918709284980031
0.6777806630508126
0.6822037182576879
0.687221164348975
0.6819250839236907
0.7050414259867049
0.7127785233771613
0.7376414901730186
0.7377615884760601
0.7513314810838508
0.7450130529715705
0.7533080728917451
0.7578194225124942
0.768025388155717
0.7772736632409563
0.7731048482989175
0.7658096152978433
0.7603751832083009
0.7524340718201742
0.7482814319580079
0.7044668675513456
0.7295944018184485
0.7495394716564646
0.7364241694850892
0.7388843942753379
0.7459512692472111
0.7582454689321421
0.7635829421821612
0.7781961703032114
0.7714446683990452
0.7588358254986505
0.7641014218287635
0.7589034713206796
0.7486689741457406
0.7564553303661614
0.742188690530227
0.7509868753638642
0.7295722787915104
0.7271784356529887
0.6935572486867918
0.7090339603805513
0.7244565502922918
0.7361342698111819
0.7412497502805759
0.7477396499352688
0.7569287467933173
0.7583953874567121
0.766161338052113
0.7682227533001679
0.7571535811270186
0.764402475008217
0.7520916668804329
0.7525636776701574
0.7552936220183721
0.7541042427628079
0.7538439453985114
0.7495496367922618
0.754250802141532
0.760320989797876
0.7417422213222917
0.7433355750222302
0.7431788016953875
0.7412302510622045
0.7401560464451294
0.743072658754846
0.7586845288894414
0.7682768514737697
0.7688156012536914
0.7844509818230534
0.7943670777505656
0.7966094584195731
0.793006375846203
0.7912866202299623
0.7886895504703999
0.781173689389756
0.7792737421861244
0.7801589762274168
0.7729363471294657
0.7756748977665335
0.7554804019891422
0.7613113463022203
0.74855534528562
0.7468861057018746
0.7349312308888242
0.715601250555829
0.7096337980653217
0.7095760864577119
0.7031733179151011
0.6922346075606677
0.6728971687651355
0.701127719348859
0.6916733871307565
0.7041576709497591
0.7114737654624368
0.7238700216051257
0.7081085234465013
0.7054864033867257
0.6951639721037747
0.6919909542784863
0.6936641797840007
0.6895770637493202
0.684456263202535
0.6698422107080585
0.6831384393904381
0.6778393760751833
0.6862893014842826
0.6537350790330114
0.6559246879863782
0.6526883490568544
0.6603575446482414
0.6559340100055161
0.6476300740701486
0.6330117336682802
0.6152973597095981
0.6021682016751546
0.6056732388139433
0.5798606043769212
0.5712562026178724
0.5335725945384318
0.6382386018543766
0.632267194987299
0.6455175376978916
0.6123566513767378
0.627190997886345
0.6319339114452663
0.6368708108013943
0.6375347113614219
0.6401539784889568
0.67922454103907
0.6777629352745296
0.6641356522966592
0.6607866151913407
0.672621143034157
0.6680984653607842
0.6875516462297683
0.6750520039586866
0.6954962747521453
0.7045285510517074
0.6987880536621877
0.683110483447196
0.6883262314754192
0.7085789810597984
0.6902318409842492
0.6974455583672166
0.6975504331125583
0.7030460545312467
0.7124186265433194
0.7043327922980529
0.686697617593612
0.6967893311550243
