1.0919379586773936
1.1002397211823467
1.0929638544227032
1.1218192294031135
1.115075778867927
1.0914286820451715
1.1265893156191276
1.111872978966915
1.1024616128346376
1.1073159272276714
1.1136428124903421
1.0945261439871619
1.1249611749595048
1.1236037779032524
1.0968237434475623
1.0768071112075135
1.0790886510034654
1.068097674494378
1.0788064513604412
1.0857430410587126
1.0684587229394311
1.0673905400217623
1.0740744430231057
1.0655688016034475
1.065986181013168
1.0784598103605858
1.0648115558637723
1.0550082706503983
1.062491647914567
1.067951480241311
1.060670985354611
1.0320195066400848
1.0472273711693936
1.0628634231571668
1.0763665742911601
1.0699395282951953
1.0551714202383426
1.0406688986373618
1.0244079194069091
1.00785681864276
1.0100382867926567
1.0217079483892735
1.036303400712174
1.051605135441896
1.076331866989552
1.0628174533076271
1.060422079279789
1.0358268944394968
1.0027943610912085
1.004358033122819
1.0011285228665798
1.0232247962005263
1.016327555744016
1.0317482472731645
1.0177621531140124
1.0308565735369033
1.0146427117567467
1.0145454783523324
1.0190215154518214
1.0051882502091039
0.9996583029464656
0.9812538232819671
0.9835733090598698
0.9731033594109395
0.9744467187418604
0.9860022543277356
0.9953372507420859
1.0060132114819949
1.0063547061825138
1.0143718598271352
1.0293091838522617
1.0164653046613739
0.9952825942985781
1.0157295902408967
1.0051505039133786
1.019304737030516
1.005222770704403
1.020942167582002
1.0096128122670711
1.0007149286352615
1.010991317537003
1.0020091790036862
0.9800840260293162
0.9675326636683016
0.951052476726138
0.9594658481688213
0.9717289338550342
0.9741491679160653
0.978339939661089
0.9863898729833774
0.9894072467084177
1.0043399038410343
0.9788668591598789
0.9791148150366126
0.9674801485676062
0.9457504980866072
0.9418403217064336
0.9220732861407075
0.9099533559740257
0.897662385605266
0.8953648690771495
0.8850259544259125
0.8843890323019755
0.8862935204452429
0.9100683978598475
0.9067755032948123
0.9060532455028916
0.8679667289750921
0.9228410273383476
0.9329725516658565
0.9322106103940114
0.9358925298537931
0.9604446413213494
0.9563502600410326
0.9544277007051858
0.962585934039278
0.9662203985108955
0.9680521293952907
0.9785271250377693
0.9647911899646568
0.968427107510941
0.9353335205388151
0.9276466745047454
0.9064026566641432
0.9054889386125269
0.8872769281420458
0.8761812007438874
0.8868251993987946
0.8760462753515339
0.8676105035910783
0.865202609336821
0.8583062510784151
0.8873807812730242
0.8943220686616576
0.8817791687043396
0.8782963279090032
0.8880350088193446
0.8955713509998797
0.8974342524043594
0.893695833593395
0.8985492071572263
0.9086570262770982
0.9026459738624898
0.9051333334779502
0.8946175010405837
0.886710058814613
0.9142087375937977
0.9168584373202445
0.9266188619323255
0.9356433708761221
0.9177194141342283
0.9231492945685059
0.9293927066198331
0.9183192641361904
0.9322176691492094
0.9278368747713961
0.9249809264916327
0.938803725865196
0.9192208747089397
0.9049783414547092
0.9269003897215174
0.9133175461552109
0.9012768039176561
0.921086768466286
0.9131291621106796
0.9178704098425581
0.9237290497931798
0.9236562533730912
0.9249811049060482
0.9192156701637029
0.9187187196581813
0.9378126055416869
0.9572169330199648
0.9574540178638761
0.9749123546435585
0.973196258340254
0.9824027367514557
0.9757698122197546
0.9641348822348129
0.9622316486639722
0.9526494269709093
0.952591235403017
0.9512012197794895
0.9431494311742735
0.9430751240574323
0.9311896496150034
0.9270365295862781
0.9345885006191336
0.930746641550443
0.933417240637807
0.942147139413998
0.9209259334108462
0.9165152784082594
0.9111149964144012
0.9013366895004824
0.888869157094313
0.9009226812164354
0.9057426003458453
0.8985030812580663
0.909367504034188
0.8931124078642504
0.9028524850176137
0.8964734965931896
0.8974679841542169
0.890326297212114
0.8981699327107358
0.892165911253456
0.8981090349163332
0.8948597904282449
0.8921807322518618
0.9064794034711425
0.8873820112795145
0.8823091329851579
0.8807046869415459
0.877462184518211
0.8849330621237117
0.8837312152914416
0.883013007753236
0.8742916456489743
0.8844648154346083
0.8796790838359423
0.8740073328574653
0.875380440851802
0.8750246935430235
0.8546725805376539
0.8498720934049321
0.8151026306290768
0.7639229034730906
0.8207732189239771
0.8475339318330704
0.8595216606209167
0.8692969803631544
0.8820497533312537
0.8782602739538731
0.8742578894901162
0.8835744086953273
0.8768919601663551
0.8866517181561011
0.8920677389955733
0.8850814414459175
0.8921584190732267
0.8885929799682184
0.8911662766444821
0.896082962178342
0.8990074611063917
0.8963257307155893
0.9017212097283578
0.8955534996977063
0.9068568416582443
0.8922035330250526
0.8960178320840119
0.8934456798813923
0.8946444445022124
0.9047447677033564
