1.2188041641586402
1.2169058243650943
1.2018634027883723
1.2362515537625778
1.2291083356351022
1.2120197822476146
1.2307832507386658
1.2214074927955347
1.2329385811185452
1.2269855588623393
1.2096642287789334
1.19128678483765
1.2195057341777942
1.2356731425775442
1.1965673440992897
1.1880764898050236
1.2058342749641922
1.1851088963644387
1.2020631878762773
1.197832539213767
1.1933491615439231
1.1915164489972938
1.1844003817059985
1.1778067221970385
1.186285929966186
1.1906774889248026
1.1725789412670211
1.184364063340337
1.1787268535530633
1.1902202766083274
1.1612088940797698
1.147233006472462
1.1634384224918537
1.1918312007587084
1.2065886034051159
1.2013207202767833
1.1852563847642186
1.1473567476933766
1.125593013648768
1.1291213891292344
1.1215092627991543
1.123306124343716
1.1321498817299367
1.1444424117603416
1.1690703540718697
1.1686661550979374
1.1644880204808579
1.1555701156087077
1.132490159020671
1.1128037753203897
1.1075115616907627
1.1521327938122807
1.1393468061376089
1.13800586508674
1.1272844660019625
1.1404443642618767
1.1342807235769354
1.1170592878394807
1.1331686779673507
1.1305941403524618
1.1299744846527475
1.1145989996418673
1.1258328106712976
1.1004245282201939
1.0896940290331447
1.0746107874719342
1.0831867825563803
1.0671076441904987
1.0587279127929596
1.123309173720098
1.117086443589234
1.1392429523997873
1.1463498942403494
1.1565650011788657
1.1598129966445594
1.1696446099921565
1.1588264291465362
1.1497779595500457
1.1401138288879986
1.1313956446228792
1.1138854073855464
1.1307513943608072
1.0981896800707391
1.0924394512063842
1.0787723992191554
1.0802519147280796
1.0836119169654028
1.1080690150477224
1.102526390933628
1.0885613053760683
1.083439818344029
1.0973810717498949
1.0944275185650971
1.0872200412751019
1.0761352822521268
1.057428812542014
1.0443835258402379
1.0435869595319847
1.0293046266705157
1.0131093913121385
0.9919671639863086
0.9674031163785396
0.9512537934146846
0.9667568068277936
1.0258810713105746
1.0273985266256942
1.0295942830121605
1.02602771549445
1.0437413980761747
1.0401478241607818
1.0457100465377738
1.0505966960703752
1.0607508176668496
1.074574465854441
1.0796272491686343
1.0877373587569819
1.0887955151511044
1.0988525999340977
1.0964348408210185
1.090884650832061
1.0639585182981035
1.045201855223731
1.0384693296076182
1.0207357350361088
1.0341361786563454
1.0128728911267888
1.0218645123717638
1.0310519282285524
1.0311895256630401
1.0378760960144369
1.025770441544157
1.0238918086641764
1.0344199614220493
1.0295760335112778
1.0369185717644838
1.0229194980680159
1.0187094546047988
1.0138555036537824
1.0166220971539743
1.0183589352279763
1.0021968676451072
1.0179061481629004
0.9891497358147391
0.9957254358194791
0.993967565477933
1.0216513651826036
1.0430205969605024
1.0425043092055704
1.0417803075637542
1.0376299957230468
1.0562823579619256
1.045805979777479
1.0461931799224633
1.039504249121708
1.0413036620846976
1.0358757663766716
1.0444830376635545
1.0483830793394122
1.035003156909247
1.0270267584924127
1.0296579936274763
1.0311569252931598
1.035999348213222
1.0255630939683815
1.0267490108897912
1.0168504932819131
1.026818893293028
1.0224143883830794
1.0237654046670654
1.0243224197233376
1.032743934254734
1.044301752132672
1.0434146267497408
1.0542738761119028
1.062837221642798
1.0573139114687824
1.0446317816354953
1.0402769317483898
1.0212011784203563
1.0181495393541005
0.9571573063615192
0.9449542099037336
0.9735763942470623
0.9876696109103663
1.0091656677855152
1.0061884056168091
1.0253928441402527
1.0211718933191718
0.9993964210351454
1.02087098413983
1.0415092469516762
1.0410551238758994
1.0304103043559663
1.0262879807206788
1.035507913089533
1.0280954993260762
1.027787494314131
1.0230251160058281
1.0217077496779357
1.009352462834275
1.0293911983746582
1.0286334932306729
1.0275454926205387
1.0235681982691722
1.01962504561995
1.0102387934379666
1.021015709195619
1.0083633049356373
1.0184255864224245
1.0181667156119005
1.0104392621913372
1.0127838129636402
1.0053328765968337
1.0091424676245133
0.9981324973381506
0.9959613965864264
0.9876576970237755
0.9797038887116525
0.9578910434559058
0.9547607024136293
0.9762267889314029
0.9872048995034362
0.9892923529418639
0.9620844671482877
0.9850295349231568
0.9719278709263827
0.9457964934715571
0.923991520854259
0.9714239410163004
0.9778271012550778
1.005076431762217
1.003984404599842
1.0053503197331397
1.0181111238820872
1.0054170120001145
1.0120130654506576
1.0196469787101887
1.0101046767749617
1.0115364079875109
1.0192276339758666
1.016643762737004
1.009831626657208
1.0154168033055622
1.0233473625851475
1.0054152583950098
1.0126861305365311
1.0041781050543253
1.0147632000008295
1.018895869609611
1.018105779763097
1.0181154026190766
1.0228974295817224
1.0143628728212475
1.015588572572724
