1.0487103284237513
1.0405255437190035
1.032090537289934
1.0767419195753813
1.055366356617793
1.056473209192422
1.0640006231767218
1.0526789281246665
1.0698427613832204
1.064172398499012
1.055904048395925
1.0495776271772876
1.0844780042626319
1.0800595555923094
1.0498200797865365
1.0224843740705594
1.0412672069923086
1.0161792322047394
1.04386469702238
1.0521703676194651
1.0422342700491325
1.0436817825568956
1.0396118059643007
1.045300592807938
1.0317766962039405
1.0588353655071785
1.0429717869085247
1.0442176476110576
1.0513544089440376
1.0498122851429033
1.051948731509484
1.02535154781834
1.028127399897421
1.0352256171943675
1.0646484497446402
1.049989182685755
1.0338643920011665
1.0115936933168612
1.010300742178924
0.9869722752639437
0.9980414097272878
0.9984478781277665
1.0101674820078133
1.0250292783207742
1.0455113655939894
1.0363834942325458
1.031271924727305
1.0091215640730138
1.00370051796189
0.9874512587715971
0.9609330968076845
1.006897327764896
1.0112252571525555
1.0054548283657383
0.9935641044002729
1.0058020151491296
1.0037509061552707
1.0101324541061096
1.0130509985483354
1.000104271545008
1.0161759455490795
1.010968550829666
1.0097686868825133
1.0087339961221735
0.98559868015065
0.9465562029112659
0.9648911103386667
0.9577843343131771
0.9961763714447704
1.0103250161429818
1.020759198804487
1.0111288494307997
1.013339177014835
1.0108636911479305
1.0207116654878319
1.0235369565910475
1.0215547462701366
1.0213923324960277
1.0035447955555163
0.9953487281370771
0.9879652082749576
0.9881468909735462
0.9762791156749064
0.964285984514275
0.9462618841940494
0.9541415558944408
0.9667724995102566
0.9797231531932555
0.9778904944328848
0.9755296517080504
0.9719107969962274
0.9836325959622575
0.962407765736282
0.9566439301085382
0.9445501901316379
0.9154321661472858
0.9172202555476359
0.91812493705048
0.9250304982378273
0.9008066791556683
0.8840142435640451
0.8620519161802614
0.8835396607704314
0.9102126730715691
0.9195099515142569
0.9135572856987485
0.9077038775862101
0.9044443966453302
0.9276924177653365
0.9265999876101974
0.9422009198431207
0.937209243612751
0.9379145664774611
0.9600696431517554
0.9502457812718649
0.9521665148978907
0.9574332490737494
0.9762505759972536
0.9683129400571866
0.9581406524274322
0.9466299118358258
0.9282942259636562
0.9239841154182974
0.9245850644994505
0.9260825922328356
0.9210679445113207
0.9309828689852222
0.9222274285415115
0.9252797409611812
0.940323750549728
0.9285776882335937
0.9147741789921181
0.913443453537946
0.9163064829159927
0.8977366002158028
0.8958870666408514
0.8689953102347681
0.8685382198060914
0.8259097871205769
0.7855843389875065
0.786321343175748
0.7771257720419568
0.7830861503225253
0.8011768725383295
0.8279081309328372
0.8542832090273669
0.8935590168009417
0.9004320357566633
0.9337906846312508
0.9391910671230081
0.9365839836204829
0.9445808812841092
0.9469836308178007
0.9416283961141552
0.9455105852263389
0.9414748115751582
0.9409111394049335
0.9563729283214311
0.9399901039856734
0.9476315923582661
0.9439104110238795
0.9411743958658619
0.952080907847236
0.9439066139353759
0.937275354068107
0.9362289096753488
0.9282483647495237
0.9376387909498468
0.9421893577801941
0.9475008906250176
0.9610758422974649
0.9662332797387234
0.9682340747868923
0.9800558850150021
0.9996149409996505
0.9884445483501059
0.9849792603194903
0.9921844387244021
0.9853327755393759
0.9645870049287399
0.9462656632209665
0.9451725755647213
0.9556873237906836
0.9552097336833523
0.961154322951597
0.9802249170515204
0.974270822782097
0.9649673934152899
0.9664998154390295
0.9496107784797464
0.9608534371390738
0.946867756737451
0.9413764362678414
0.9352694410357031
0.9289946256715998
0.9244478032336111
0.9304977327926159
0.9191563295457525
0.921050046585378
0.9248987591840253
0.9205093596359297
0.9209087717747159
0.9070115578456104
0.9171727844361114
0.918279938849337
0.9208081701624037
0.9113665035332661
0.9169033331246802
0.91381797636369
0.9102418368306573
0.9067800734987631
0.9209624699718507
0.9057506712866175
0.9014375534033378
0.9013692453042721
0.9064223475818405
0.8977869578855995
0.8912576070878904
0.8973389478392191
0.8992681196003719
0.8975011724674881
0.8965433235715391
0.8969129590498642
0.8846214057596063
0.8854836064702679
0.8673863397629138
0.8363320044939757
0.7898737530660767
0.8222940292423808
0.8421393555873283
0.8563983317858135
0.8655305846095092
0.8665165690619598
0.8808343196475283
0.8859647720765146
0.8773591784827286
0.8830206061763117
0.8864303743870827
0.8900148016615895
0.8972692235736689
0.8949861163981306
0.9015000355891809
0.9013776613011482
0.906273042721818
0.9104293347183057
0.9059156568623538
0.8998643018448843
0.905203933546774
0.8927740491919098
0.894054847491851
0.9046233919297165
0.8973094789375802
0.8997852240125912
0.9093493069542463
