1.0815275933377526
1.0608827868431394
1.037787023551173
1.0917063758691854
1.080172881906209
1.084997074755565
1.096268042035236
1.0656970411091478
1.0941604012006132
1.1053160976117755
1.097352672166086
1.0728819945412096
1.0973792697198594
1.107188580481035
1.0802499847524722
1.0689260508603204
1.0716129782691222
1.0804302172389901
1.0698380266497092
1.0841474257987713
1.0766356848036671
1.064937780022578
1.057946135582346
1.0547739077031317
1.0385905483876738
1.0804964647182873
1.0810906315984823
1.0680316992238839
1.079094516058556
1.0876398324884693
1.0796134713268795
1.0397678690877645
1.0634044084350986
1.0703040167334645
1.0939684168423556
1.0986040488454953
1.0946940688958844
1.0670916063740157
1.0281147070376415
1.027627557712932
1.0377373699826944
1.0416362036292215
1.0559024966115063
1.0795323723155115
1.0762897129263886
1.0677208356628685
1.0625277602138261
1.0566450037372075
1.03961602926566
1.0099418845936579
1.0149151522485742
1.070925221294103
1.0421547494074666
1.029536607034406
1.0164500475452438
1.015049199091666
1.016688855242972
1.021759080240449
1.0048561772729196
1.0022817614720125
1.0002692198397525
0.9879084587465332
0.9969260462103338
1.0136024605656369
1.013688345215999
1.0140713107417882
1.012909900407936
1.0236961300660683
1.0176364172108716
1.034296585399655
1.0412456004250843
1.0368694014560962
1.0527301479855133
1.0530999500303218
1.0673540434800395
1.0727815083994696
1.0579385665588044
1.0587708219044194
1.0577337625097427
1.0419832909431344
1.0536212852233768
1.0479233248582178
1.0333456170686757
1.0077760632406492
0.982868662185593
0.9864289410109154
0.9966541496164298
1.007828982183753
1.0186695554906375
0.9973764280890084
0.9801034133311572
0.9878942932007504
0.979545086950067
0.9890976025384972
0.9811980401657383
0.9872937533359651
0.9740609098421443
0.9651865425149534
0.9688898502398631
0.9667249305654573
0.9493475627305643
0.9412902597043177
0.9238072140454755
0.9049318210803845
0.9310780843641776
0.936217999973443
0.9459753747136109
0.9499679506598844
0.9389058253220366
0.958218042078667
0.9592236371627776
0.9711109855711539
0.9655729524194477
0.9783247108401665
0.9905141549490788
0.9850246056909421
0.9885843650444105
0.9975697417035497
1.0065595666509544
0.992158150139617
0.9761493273981248
0.9578804997430587
0.9575711215856085
0.9273318755670866
0.9250630673157447
0.894620632037364
0.9446942384252478
0.9553475363258813
0.9595732910221957
0.972344284575412
0.9928060941511586
0.9869046567958365
0.9951187353104067
0.9909009939916213
0.9966583401056112
0.9815930490513145
0.9837550881994627
0.9725960179957197
0.9784857730330014
0.9717073850005328
0.963857834331179
0.9601057630222816
0.9632009042802379
0.9714143686575121
0.9736003368275427
0.9646375822091878
0.9684181601112054
0.9705715746857542
0.9643030977663556
0.9672378706524328
0.9691870349514633
0.9683315295994138
0.9717055264685092
0.9712673327987231
0.9623765724831156
0.966086587175869
0.9548626878532124
0.9409832482015495
0.9472153262100422
0.9339609033443871
0.9255156581161352
0.9267288601962578
0.9285613832645441
0.9170353449257935
0.9065216289146428
0.8754010055296876
0.8645695076329015
0.8586048229160961
0.856758069009768
0.864526294757025
0.8772611331645297
0.8854248847230308
0.9353854731296468
0.9406215351923447
0.9561206082553604
0.9544342057071988
0.9648237387851041
0.9696253940434784
0.9626917984497971
0.9630159399286645
0.954040390294226
0.9481268404268828
0.9310029327145192
0.9427686583954623
0.9430905678197318
0.9390376227350175
0.9193788348096288
0.9283232328541254
0.9218673092189114
0.9135786842327731
0.9366414521771856
0.9165379640956386
0.918727201172141
0.916241801150523
0.9195026318593322
0.8976413489212137
0.8907250084400696
0.920332595622447
0.9269584358077521
0.9332699456083812
0.9426383980927888
0.9324584136230933
0.9335766311461098
0.9446703566275304
0.9393758689961141
0.9258645337475
0.9384368144865198
0.9501402585391894
0.9296575313229982
0.9490491622456997
0.9276572180899966
0.9388580397179516
0.934811930504482
0.9268389584003591
0.9291616779118936
0.9051144153934736
0.8909988767297488
0.8902330053962693
0.8909618256256655
0.896906812315922
0.9184919674061538
0.9122939563281803
0.9160343805039982
0.9128709193943536
0.9209891499312383
0.9124398851228073
0.8905175871568141
0.8684392618614313
0.8836993934070576
0.8800658031389158
0.9011777708194489
0.8990969567830812
0.9074362636132741
0.9078757388857651
0.9138301451701608
0.9090136493677429
0.9373318645435973
0.9204193223148195
0.9220156581989648
0.9362998746890374
0.9435495328074803
0.9491005689095342
0.9308389906206704
0.9392693977618823
0.9475208371653653
0.9291206708610609
0.9512762029368429
0.9435089983729985
0.943201405837673
0.9530725535910157
0.94813309309295
0.9387157260402238
0.9335116567635189
0.9487446907166557
