1.3041804992084063
1.3077188872674643
1.287447389293428
1.3196480914976747
1.3189282896526364
1.3074052590263445
1.3271492726700134
1.3111716932735211
1.3261008637233933
1.3159066018713292
1.3075123803114637
1.3035312778455093
1.3205470917749313
1.3247623652652543
1.2884532460777762
1.2971228784507745
1.2948709916942303
1.278503276715154
1.2926631052756703
1.29589515798522
1.2810815562792064
1.279455412531392
1.272266591662267
1.2646526063000114
1.2719585582747204
1.279262085921357
1.280239039846494
1.2674242679985217
1.275975707427859
1.2814505721737925
1.2707620428626816
1.258190876819644
1.2516905960299995
1.2657122401286682
1.2866497346062953
1.2839761669610759
1.2779930230775427
1.2402088870440569
1.2149751423039603
1.2235926222228426
1.2412719182601124
1.2201751321193206
1.218914358613425
1.2482408806185386
1.2581020214841117
1.2623218511418077
1.2545699944207742
1.2191457990101944
1.2043026467721913
1.2125336798710054
1.2014560179099452
1.238811847719937
1.2253334669268292
1.2240616743577397
1.2157809237237611
1.219018822685469
1.216344622776507
1.2128236131873886
1.2073562611763302
1.2129333623122118
1.2252681609841458
1.204843759552289
1.1941798308923137
1.2032863683568946
1.172346331419597
1.191871342433231
1.1908314614800564
1.2107992095217421
1.2061578038787903
1.219842687706358
1.2172160542344914
1.214473999674706
1.21156104111272
1.2050525190493317
1.2205285451765018
1.2196861122157399
1.2107648683392305
1.2091815096811265
1.2055278783187282
1.2004681282876575
1.2061142445355397
1.2247682944625293
1.2011559109773777
1.1882757861841677
1.166293041375854
1.167197480781721
1.181929989655086
1.1937824122976688
1.2051585432667762
1.21715496902493
1.2085007849695832
1.1957834111768644
1.1894156267035492
1.1889661441670614
1.1797342453807158
1.1629303182780382
1.1671340360825515
1.1440246407052095
1.1200110391770115
1.1151863774092063
1.1033577353522652
1.0950884306367101
1.0930722993073712
1.1012928854714705
1.0912584049188043
1.0950198519040022
1.1037464465398483
1.1073657233891487
1.1056380470853437
1.1073649335777123
1.0997206043393943
1.1045241800323005
1.1077690074152364
1.109148738381669
1.118879114445443
1.1241167164619041
1.1353151074797452
1.1348364705863996
1.1032039247429566
1.0951661590355715
1.0674044880275293
1.0647912995284647
1.0519306453958226
1.0375674084912632
1.0505760653624767
1.0499395303403687
1.0582447480232324
1.0826006866809343
1.1068913800654454
1.1150242713537097
1.115058542698539
1.1308828670785216
1.137667644725454
1.1479321733243601
1.143284171381116
1.137858252218194
1.1402417564145115
1.1399357854988639
1.1397146992613854
1.1469977463857448
1.1452751332863942
1.1426158704098501
1.1437966759455502
1.131449995642412
1.145201519614861
1.1396113553974876
1.1476213306381458
1.1609943831911023
1.1547852078130758
1.1528368733559007
1.1597660933995575
1.1406143952816457
1.141272606592346
1.123644166313756
1.127247755692901
1.1265939388504114
1.1272619787476266
1.1320449464819546
1.1153992044657548
1.1153473826605436
1.1012699908320243
1.0933409542039685
1.0958046911749693
1.0918420327408676
1.080980832414818
1.0785136996374867
1.0833417642572514
1.0822881276633445
1.0877619004861367
1.108661290123606
1.119096512910392
1.1294972372694618
1.141297193000108
1.1558010341790304
1.174652866940004
1.1676832253934766
1.1752913541494066
1.1765178491538075
1.179354235772705
1.177747343017974
1.1669863331929309
1.1640495023392683
1.1629342128862408
1.1547540829062999
1.1556727948208172
1.1515937304940258
1.1376957472558444
1.1248864641131882
1.122666840279001
1.1207344105796777
1.1104297581896794
1.0747403743265216
1.0749907057002437
1.1178294369480313
1.1182423130345824
1.127250949884355
1.1134411938499424
1.1175685559815804
1.1203382139660305
1.1187649120542584
1.0989834740184363
1.1077128134623897
1.1035507322082538
1.0947162930921666
1.095684242336177
1.0800590606066378
1.0948211597801696
1.0910188608542613
1.0753609190876112
1.0964325507616488
1.076816027219644
1.0922424643497752
1.0852226335740034
1.086894414486197
1.0778216905404965
1.0721929137383026
1.0838572726396614
1.0905755553123269
1.0879790836317564
1.0885919595450964
1.079050135795579
1.068976566441553
1.0579329001055435
1.0497228977958966
1.0468825641496853
1.0738799373448007
1.0670576606226239
1.0525620086787502
1.0369363384553367
1.0285152184062571
1.0697550577932171
1.0781062862728994
1.0962263745219007
1.093783335991328
1.0936318055805865
1.0926488394620768
1.0890055207635867
1.0912059162352545
1.1047873133944381
1.1182806852528957
1.1022103313425846
1.0913634039843605
1.1064581752277463
1.1139602518183822
1.1038092382026563
1.1116884436282597
1.1012680613639538
1.1054958112289683
1.1124718932326068
1.1170354860323846
1.1191444568368984
1.1092489752740806
1.0960444113328174
1.097960709177056
