1.1170808738430014
1.1091372469234553
1.1140413149149704
1.1449118768898976
1.1306174148308639
1.1425064030938112
1.1434648647628096
1.1218926210940836
1.1282769838979745
1.136879312979428
1.1292352987675263
1.1289040942246826
1.1458181400173313
1.1510300980184738
1.1194309096375603
1.1171371216069768
1.1314754867938353
1.0909097461662052
1.1120545447989814
1.1127345084862097
1.103998157687395
1.0896603287217916
1.0905551447382646
1.0803131627567935
1.0736633926760728
1.101579526909371
1.107102545655487
1.0987738601484427
1.1182812042978547
1.114043820986449
1.112032948059471
1.091447320568649
1.1215458055385457
1.1216245867648444
1.1495993029917069
1.1418935354287256
1.118141095689869
1.105965815228384
1.0943253253844325
1.0857925656942407
1.0800860289508099
1.0672749200215481
1.0804305879529326
1.0980048387083683
1.1263502913878274
1.1273107813111969
1.1182295911648543
1.1125235747089166
1.0951413310286238
1.0712097908693625
1.048451336211714
1.0786225812196946
1.0764458126754075
1.0656066983945018
1.0705504286189695
1.0773636850698725
1.0823536532020601
1.0560546319202964
1.0648164535927767
1.0668850129331544
1.0751786532174334
1.0704124371370305
1.057265059767018
1.0486042948069827
1.0096509981332582
1.0336506684986746
1.0544632102884521
1.069543479368524
1.076603270899518
1.0809827885464882
1.0888467182063668
1.0883712873938962
1.0979427578136076
1.0956461778847053
1.0951577945119115
1.1056599751884084
1.0789929797808946
1.1009853392165982
1.0831282105616755
1.0758485092154342
1.0860349919594556
1.0786714678203162
1.0584710986209895
1.0420324780901513
1.028886930661081
1.0257210400305101
1.042780431785829
1.0377457822269354
1.055920114231506
1.0412905881945462
1.0162974134257077
1.0210484965650506
1.0407932512168308
1.035675635740969
1.0349638557471443
1.0248230594910916
1.0090080629560674
1.0133294910410997
0.9932815689348597
0.9943062689483889
0.9852202458337721
0.9841982698453237
0.9822213203866635
0.9427255059710495
0.9492950881986587
0.9781002335028912
1.0025924472753263
0.9901416525784532
0.976819076040718
0.9787511401267334
0.9980074282683661
1.0072400122307206
1.0213905945103656
1.028415982830181
1.0358791027731358
1.0369601990870179
1.0610231802143482
1.0551861686155801
1.0461939501374307
1.0402441070500297
1.0204745026244044
0.9804314142195408
0.9609122047007166
0.8958962976940846
0.872258279312546
0.8906007731908184
0.9222843900394033
0.9337109910354427
0.9446562863383962
0.9846358054235508
0.9930717433374151
0.9959116892660846
1.027470030975721
1.0321241650265582
1.012218188289597
1.0102605103322946
0.9856410034715402
0.9958889752088361
0.9833237782397635
0.9872184727846689
0.993420364924874
0.9978326191747052
0.99839905145018
1.0063977706252694
1.002409103160052
0.9960996430814864
1.0145191671038183
1.020687718153846
1.0374799134891657
1.0348206162952542
1.0379173064185343
1.0342514017670532
1.013713999534974
1.0070920679520978
1.0165780708474268
1.0125456909179622
1.0166696992771587
1.0056588829519504
0.9820382819121343
0.9930390285692334
0.981899045842568
0.975872304038814
0.9797979805335151
0.9742144177086975
0.9768308103370669
0.9671313488997811
0.9601629797088425
0.9544141123318317
0.9571957460759093
0.9700130889443201
0.9608900739376338
0.9592168694525159
0.9727338227563841
0.9973290889404761
1.0007384091868126
1.010551654832801
0.9879316479522957
0.9888198112337069
0.9865947955248328
1.0170733527827265
1.0131319858269787
1.0152911973106047
1.0215725428377223
1.0152576714067107
1.0114458902430985
1.007691484528671
0.9997498264266919
0.9955047124441746
0.9871866508957865
1.0008100090969514
0.9846202635745986
0.9810493061217811
0.9658776663270148
0.9614613970846725
0.9778341163241768
0.9889543412177303
0.9851310232159358
0.9663114808599529
0.980027203397759
0.9883351622154324
0.9786409388698345
0.98638617885584
0.9682024697395137
0.971797238652663
0.9793579226982878
0.9721335198715871
0.9744344118667867
0.9813023474910624
0.973595513262698
0.9863923845201229
0.9840779373922299
0.9685350543013724
0.9672844792652686
0.955391664330274
0.9622783315953651
0.9540741492517406
0.9346571851277301
0.950706550785365
0.9358727522228217
0.9395648101861978
0.9335026569584377
0.9229698470027337
0.9121148301805508
0.9103912166710952
0.9117682756350973
0.9155163408593622
0.915916598238863
0.9142797170203801
0.9005251218140709
0.9208752815235516
0.9556146602346014
0.9730915238150823
0.9748778719892213
0.9808285824441901
0.9802509359355841
0.9875341185248597
0.9877098443737861
0.9861541065048509
0.9904015573262184
0.9974100181197042
0.9933543855119694
0.9845762912019089
0.990845255697806
0.990632865183163
0.9929267081258052
0.9970108432937345
0.9961850084328348
1.004783386254973
1.0001598600533375
1.0011567975571019
1.00778597669013
1.0068554482214827
0.9980611114353628
1.0078794933070254
