1.108759808251816
1.092593423402615
1.068971131488753
1.111323181263714
1.0986061386607802
1.10489781931306
1.1074182676772795
1.0885265927496512
1.1003087650219507
1.113529313116793
1.1056016449687858
1.0933239931385124
1.1072065732104568
1.122443193180202
1.0956618052118352
1.0833590182167663
1.0970671539952261
1.0904542441646272
1.0845207357961686
1.1037935269071841
1.0970076253300869
1.0803389354182618
1.0707532118014504
1.0665286885407024
1.0811395846038843
1.108401383434377
1.0943854987252857
1.089063319430108
1.095149304674589
1.1102781766235887
1.077291151333613
1.0609477824203322
1.069145383699591
1.078217614810592
1.0994493570825707
1.1008022475378068
1.0998861269869429
1.0953320028705573
1.060485016337567
1.038291840130562
1.0430371269285201
1.0560950378944745
1.0763651924624318
1.0792480727706832
1.0820485861351687
1.0662369029246743
1.086684513568534
1.0560680012684691
1.0350127469414354
1.0244461336407749
1.027781390235029
1.0486906728314571
1.0576289708243163
1.0505085614087704
1.0425309225292096
1.0277087490335604
1.0386118434825904
1.018206180204379
1.0338238246481555
1.0096610535283257
1.0303195533726313
1.0281577159400175
1.035374837045917
1.0331880378961147
1.019516369866104
1.0143232880232544
1.02193801128325
1.021749453962506
1.0294050549471572
1.0425560381194163
1.0420048439550151
1.047318652017474
1.0655510755653228
1.0590261990592211
1.0744315767057597
1.0880518256415284
1.0693174056425283
1.0847119793395739
1.064225296829612
1.0627485689274694
1.0662080369643085
1.0469420724696585
1.0385142309164206
1.0109280919697312
0.9954413468352967
0.9985108906776818
0.9948844821142865
1.0137045752032314
1.0013796509680875
1.0275867258420275
0.9955620022830897
1.0139829119798924
1.0031850003639369
1.0180264098930722
0.9977851702478511
0.9954054870869686
0.9841755980419704
0.9683607474959209
0.9741154319025431
0.9759625475709022
0.97297109135428
0.9655579534631288
0.9541189665454396
0.936834962318222
0.9500252046160004
0.9600909306147263
0.9665339415207682
0.966943926758321
0.9680043156451551
0.9788834357033184
0.9908823855670948
0.987989490908162
0.9944441127112901
0.997959477810067
1.0096153349907422
0.9960051374720467
1.017551619549573
1.0308630256495523
1.0121323319781472
0.9961262766944756
0.9897547231821302
0.9749440503158122
0.9909326931194306
0.9682707556678136
0.93644779358584
0.928750774128613
0.9580341936225136
0.9751028792907108
0.9864814915676637
1.0038645828918933
0.9992182142230687
1.005551391671001
1.0164440311792386
1.0113718597401444
0.9976156341411733
1.0001293644376261
0.9991870921505959
0.985504899703883
0.9845559964011408
0.9959140972766989
0.9768018091944549
0.9789519804355103
0.9702428897671799
0.9744627349969035
0.9681049933496778
0.9752549938156644
0.9789444146071897
0.9730362090474003
0.9846776289838902
0.9689399278247818
0.9859358749080611
0.9678333707015236
0.97389037229396
0.9681881326236115
0.958756116297626
0.972276188111373
0.9621384724081765
0.9591500666314579
0.9383447071890991
0.9313970889364692
0.951527428200719
0.9286084184969087
0.9056397303646349
0.9048720655382586
0.8874631113780368
0.8582611969726739
0.8652437244854202
0.8611439311715853
0.8745390258092972
0.9165069821876883
0.9217836879205291
0.9349266400506752
0.9548720972443597
0.9619265180355524
0.9812830449741342
0.9871941245246303
0.9872603821330325
0.9755693612763263
0.9871979433404952
0.9935142664926787
0.9848813558964642
0.9843667524984125
0.9744221765276602
0.9822544251771089
0.9759534717890779
0.9580215193028095
0.9564976619976656
0.9523365971524423
0.9541364359348173
0.9578540791467719
0.966604734945016
0.9607935315607898
0.9492122656333444
0.9373092818550284
0.9226455856273992
0.9138247326812016
0.9153434211647099
0.915554817438801
0.9146711375078276
0.9169455528376238
0.9122645987560951
0.919538573970601
0.9336307845607563
0.9476264187491295
0.9353494470986503
0.9456966359549351
0.9444051121038531
0.9549312574913432
0.9432428876294664
0.9459958695522891
0.9386168641597181
0.9363597503004752
0.9317657253517717
0.9091179000243987
0.930255353148964
0.9058056704547163
0.8859538665155315
0.9022828837480136
0.9009467792890022
0.9120349991056689
0.9330926320644205
0.9363551673498157
0.932451021710936
0.9205580602652379
0.9290936707764765
0.9169444402806969
0.9100936353843344
0.8816183618653534
0.9141411218062916
0.9072832487839738
0.9095528499770053
0.9167878881909336
0.9234798439505614
0.9169683693979038
0.9230214033542904
0.9316422060701894
0.9381389384104238
0.9323285112378429
0.9495888470077601
0.955572318026502
0.9391681686609589
0.957053522551335
0.9597396196242108
0.9640601634595101
0.9532781698992514
0.9648913177943376
0.95560735459418
0.9565458548828981
0.9552509157483916
0.9611346865422393
0.9543385810232673
0.9724184707618058
0.9553357300037396
0.9533239350503391
