1.109995744681849
1.0989182703852696
1.0774744198743924
1.1205404467039635
1.1080106119493174
1.1069724012049542
1.1333233651737242
1.1021233254724243
1.1175488925593307
1.13112583920817
1.111620901737257
1.1094506522568226
1.1198150898023236
1.1309777654220392
1.1043013876516752
1.091484651684891
1.1103678535835495
1.0826519270855863
1.097089868822224
1.1081186582327303
1.0950680720847494
1.0881033899324746
1.074462506083473
1.0778912423129232
1.079704078201106
1.1017464829916734
1.1015230002925205
1.1015728904437525
1.1011775404034387
1.1065861954615785
1.081811333347137
1.0676006539911218
1.0790895946195471
1.095353717447611
1.1155671631278068
1.1169895411416462
1.1170297000716922
1.084323070554627
1.0538340447744927
1.0574584653394423
1.0589270972086038
1.0563881055311444
1.0726667234330591
1.0939831999215217
1.0976518632500134
1.1070005384236656
1.0984255462580856
1.0776100185312294
1.0629789346648808
1.033160687975966
1.0460770831689385
1.0690173126936968
1.063895163527349
1.0648991671616184
1.0487574446868269
1.048292466183972
1.0388082954664886
1.03483829255063
1.0404210479674392
1.0384210449888325
1.0385114484091025
1.037780599591496
1.0387436261669127
1.0369852586920039
1.0268710022048273
1.0311070205236383
1.029210395874918
1.0408084098855446
1.038251444259176
1.0629059526052906
1.0704736747491013
1.049202821407188
1.067511248789892
1.0722707021251774
1.0863693225110134
1.0941767789741081
1.072367609303695
1.079988366178481
1.065084703980487
1.065028743488888
1.0597464434845458
1.0582740460661135
1.0424462885159813
1.0349494059254023
1.0203814866570768
1.0306838163050627
1.0288424165895869
1.0249379697181684
1.0397274463931774
1.009709636610907
0.9978329808085882
1.0184371078140684
1.0016661490461614
1.0110808557232676
1.0160466469725193
0.9928769275308335
0.998496742941501
1.0109945548549364
1.0080241833355539
0.9901277579624866
0.9837894588429176
0.9667884577327496
0.9396812441425829
0.9186954414467514
0.9591584592973085
0.9572439756245703
0.9629704045777617
0.9633645453171943
0.9859189658752593
0.9835482441193873
1.0021672962900536
1.0081965569579951
1.0123664732294735
1.0114277517645494
1.0207035299658578
1.0200167600952204
1.0361198245723544
1.038687920488349
1.030278971093542
1.0340525578809785
1.0173086404151332
0.9947189744854594
0.9791104951410767
0.9559320194907873
0.9573973805189303
0.9471756715505185
0.9575734123026814
0.9728687209176562
0.9762912521326884
0.9781984393555345
0.986818872935703
0.997719170568485
1.009559470697054
1.0197808614869952
1.0106252691214368
1.0063384030075169
1.0116808622295146
1.0008811280162362
1.0010821953423237
0.9911358452020147
0.9939410493448303
0.9906802926362286
1.0025107048975828
0.9818774779991126
0.9795281989158672
0.9777681835112378
0.9891265520049526
0.9951653425320718
0.9920707808869604
1.0014549257360246
0.9960408991020059
0.9839023247706548
0.9911582842344246
0.9982095532077576
0.9991649443285859
0.9961716266333678
0.9813406642965796
1.000823399420177
0.9836223377279837
0.958655829722471
0.9577710158321526
0.9588633855123777
0.9547901948772598
0.955327806931606
0.9363475379228754
0.9265838105339437
0.9259353272144116
0.9194604342635544
0.9006573209903811
0.8897461064274103
0.8764209774897734
0.9040483403859709
0.9200825120172506
0.9441681811684762
0.9625767785827252
0.9542404249053568
0.9652582623151864
0.9655009869962371
0.9610000378680953
0.950305116151688
0.9601854930980892
0.9495295502718194
0.96013477884096
0.9460362603151325
0.9517222693617327
0.9417343371136205
0.9330153595906026
0.9285447666666284
0.9262602311561697
0.9220011673374712
0.9513921357656091
0.9526684912027168
0.9400072095427984
0.9333204507815439
0.9351407852029827
0.9252525328476923
0.9409125390541342
0.9346993345225072
0.9606486769538392
0.9492321571003033
0.961746857454154
0.9598422500140198
0.962383783273469
0.9634553234674524
0.9614113915918335
0.9562795058999232
0.9630914076529797
0.9672024977001281
0.95006566284504
0.9674218840179967
0.9567688203699428
0.946050780617458
0.9627526151027153
0.9470981887439436
0.9477426597626355
0.944115791751241
0.9173647266758754
0.9046872417704873
0.9033089330283984
0.9110472561314118
0.9280800054645344
0.923192490379414
0.9315578502221673
0.9133240378845119
0.9277899083014639
0.9205173133677383
0.8994787093398743
0.8632395717002268
0.8787421154799934
0.8986979914851748
0.9228196209265295
0.9412745928409562
0.9459238528896825
0.9292485109205308
0.9344325504024537
0.9544592058995744
0.9462364144869609
0.9591256255453378
0.9573942400736264
0.9591242628038804
0.949216461525004
0.9685619114030868
0.9580531276017661
0.9651012606845755
0.9684244226490667
0.9608823701409775
0.97107565402082
0.9621053187423181
0.9781405162136476
0.9690903911849676
0.9651873965633738
0.9720534893383832
0.9733881396539837
0.9607657332459544
