1.30071250231998
1.3111779010627036
1.30505486050839
1.3285630901906995
1.3180460689342985
1.314244206239737
1.3340624532887801
1.320827974404613
1.3225241654748963
1.3165071064187461
1.3072110323636392
1.2885486239728292
1.3152472285938142
1.33094505469112
1.2951852545507532
1.2994683909929696
1.2928843653005875
1.27952188680978
1.2918126192981392
1.29007602196954
1.294024514701599
1.2853446270517739
1.286367491410196
1.2696017915655606
1.273460692488266
1.2852512898131643
1.2905091291877007
1.2800536256042603
1.29121406787708
1.2887346517310372
1.2747515268461431
1.2593000551694755
1.263984399502605
1.261811022800574
1.2910967980963317
1.3010383729676585
1.2824451254246765
1.2512604676285617
1.2325487622785787
1.2304463249319955
1.2323776975203653
1.2314222999447733
1.21901088264392
1.2478676912486037
1.2639677288782665
1.2509248514615503
1.2491970258987177
1.2294727744063139
1.2195485679940687
1.2135406952426384
1.214712201929327
1.229409053473471
1.2349175793352785
1.2240402204156948
1.2196314138317967
1.2315715602586605
1.2234300483678224
1.2141974721853714
1.2113761349871308
1.2220408884358882
1.2293386980338312
1.226699652999223
1.21839330619923
1.208467888558212
1.1728332878653962
1.184318422316415
1.1956489470621696
1.2145770935305347
1.2134731766316005
1.2191389795169874
1.2274271197838484
1.219959296057115
1.2339061719644047
1.2112399172343307
1.2243447624888242
1.2326474090195056
1.2070576101910082
1.219993985556808
1.217020872349822
1.2134907529827699
1.2095456600887102
1.231934460363368
1.2129935955019349
1.1957646930208525
1.1804364009635835
1.1696238450791456
1.1856550459478385
1.2055401165259532
1.2300917812666798
1.2255434481815366
1.2164574158004082
1.204669830040869
1.2017923266505142
1.2055635447121733
1.18436480201132
1.1749703172595978
1.1674746056489842
1.142982369226159
1.1544027201905702
1.1266287545747597
1.1204633512845894
1.103436980969811
1.1101338885024494
1.0962560471322689
1.0893395837776532
1.0929220204484227
1.0918678501496784
1.0960775770118063
1.1064952977379554
1.092657262787842
1.0874562090318731
1.090158684027381
1.0931078012546211
1.1053539125393008
1.0946408945026231
1.1062941246293154
1.134538901379422
1.1072536333095562
1.1138298813937382
1.1051308552277601
1.095945141629104
1.0606928211098974
1.071189750607788
1.0573792984968786
1.0593199555531294
1.0604987977295282
1.0733624253231162
1.0790447248919066
1.1076601056530926
1.118603913558155
1.1288146652247493
1.1389947294659593
1.1572459074402928
1.1530137159037994
1.1377228801823636
1.1494190452169049
1.1384429516931394
1.1394437399532946
1.135662643360513
1.1403911973259109
1.14276356917701
1.1438764173179023
1.1449221935421001
1.1409130983717357
1.1466461420233423
1.1428868147048832
1.1506084975979785
1.1562950385341335
1.152211955447133
1.1481873845923694
1.1510740118031406
1.1488975529826775
1.1288312735792607
1.1137957848330744
1.117919311871431
1.111812205132385
1.1193949017702745
1.135496501565103
1.1097769221003224
1.114587934037678
1.1265192913733706
1.102221157539728
1.0987587862426975
1.0992420055020604
1.0918571079154273
1.1033410204897636
1.1157786949412998
1.1036456963193726
1.1006033865403142
1.107657382722393
1.1220550916120076
1.1280413420457742
1.1585909935218714
1.1680413895829513
1.1888145343325047
1.1879204851228147
1.1891169301093245
1.1947634537677416
1.1794856136187284
1.1990670651488453
1.1813544622596053
1.188332304427745
1.1826389106804478
1.164440800193218
1.164470035849289
1.154375180052643
1.1498917755666445
1.1381461876684817
1.1335041194209938
1.1171675277460968
1.1161410094890172
1.0921321814225706
1.0945792284915976
1.11580813929976
1.122304279760355
1.1215095471702827
1.1295708467585657
1.1296629250758323
1.1150108823126335
1.1301403102680414
1.1171619239916333
1.1146753303123333
1.108598183104
1.100350486987233
1.0940595985005486
1.0796900116463497
1.0871858604413789
1.1008178089391008
1.0918440368803335
1.0879285151835087
1.088874166353664
1.0858137735237052
1.0834806071650247
1.0786828536404343
1.0836710614463634
1.086832457547349
1.0841683159652993
1.1021548058827766
1.1036235008617368
1.0997019184997752
1.0976243300445196
1.0735910066423944
1.064529486601418
1.0516396620637924
1.0603897114160477
1.0853215359614556
1.0734267278661298
1.069158873218138
1.0420163564305052
1.0456556589945225
1.0719552466073423
1.0959977870704545
1.0996316925159382
1.088484016581455
1.094869927757574
1.105074981680973
1.1116249726397376
1.1006882852722777
1.0988085584204363
1.1131636866199448
1.112751867743594
1.114916575604793
1.1122659238274153
1.1161995439844892
1.1095187812704268
1.1096979835703686
1.1161640902683048
1.1152082303975166
1.1081823148251841
1.106884359745281
1.1075179049402109
1.108495441968027
1.1117270962751817
1.1108204032448572
