1.2235090154531145
1.2154822863267707
1.197541992116954
1.247756029198223
1.2310202877619483
1.2110174503320754
1.243446523304085
1.2150775895170316
1.2195712274224164
1.2236843495658865
1.2097885600683025
1.198057481231037
1.2321231796191556
1.243805525956643
1.1879901760926423
1.1953859251436003
1.2197497420374497
1.2048053690416243
1.2043521064326637
1.202163686828735
1.196881928634974
1.186340493643694
1.1953254761141099
1.1983527373509058
1.1820451513227996
1.1940783062578695
1.1727764652314958
1.1839595252123238
1.1930881797669508
1.1957166710038094
1.1809717201953205
1.1531202248505485
1.1617948103948879
1.1876427024154166
1.2030599550511383
1.1996623264020296
1.1840257614688476
1.1364061601667357
1.1419653951378155
1.1229100006518102
1.1429184270001573
1.1458057874330092
1.1518235764771314
1.1576752860027417
1.1677139192513488
1.1643870129709861
1.1632249418461353
1.1553865122042435
1.1404991770364568
1.100173923824944
1.1002453830579721
1.1380531220887895
1.1266704426809226
1.1496743868712178
1.1412057830704962
1.1462503819557355
1.1377716597418024
1.1367993810194323
1.1359355851478568
1.136440028527052
1.1221489586536557
1.1223969250648667
1.1085254236941113
1.1127702966762532
1.0921938660866808
1.0830904596874849
1.0829847195066655
1.0773314100448852
1.0731386558653804
1.123934593044489
1.1238276546030583
1.14249868792629
1.1411317443944644
1.1599656950002224
1.178460243707347
1.1777493248197628
1.163052282002526
1.1694719427625586
1.1519873123188882
1.1263415504594274
1.1390818588760723
1.1254905786792668
1.1171361269478515
1.0977418857110117
1.080705132219917
1.0876075287294142
1.0943832006160485
1.0890745039159713
1.1120153778914736
1.0966085806077785
1.0909477504513783
1.1004153691937344
1.0967652223168756
1.090068741182734
1.0800897978938946
1.0707482001939996
1.0501558712158956
1.0418849282207412
1.031061173179709
1.0061141606863844
0.9856725881425149
0.9817816053159372
0.9724912018663199
0.989483307187154
1.0336569456523694
1.0416680642800247
1.0333800090580618
1.0474059366673785
1.0562547689038582
1.0530436110441332
1.0585524573581764
1.0640804622978037
1.0744098214212738
1.0830070777891034
1.0853605099033459
1.0847957056981923
1.1002420575313485
1.1028812659477252
1.0967698078138133
1.0829349681390394
1.066063095809721
1.0368486492171267
1.0451626980144733
1.0404086674559354
1.0557536697072039
1.0237499525001266
1.0441168150297577
1.0441297515343162
1.035213947978237
1.0405802356930862
1.0488306122516882
1.0493317922158931
1.0226083366914256
1.041597090742636
1.034374615471061
1.0269519100490279
1.0176438176519236
1.0204821713819967
1.0025383293104215
0.9987241853458325
0.9978362946354845
0.9994122153382599
1.0027581753767318
1.016042904921866
1.0181247368621211
1.032425845776412
1.0431799531847474
1.0496651257495277
1.0448215039325575
1.0561930204143326
1.055881569451616
1.0691690342885818
1.0514818064307025
1.049070434580361
1.0490861915029166
1.047669904673683
1.035290266321835
1.0343588077684198
1.042188645865473
1.0418793143393188
1.0330241540321856
1.0264216906199957
1.0327705111544176
1.0329250900047955
1.025326778046238
1.0262372919817475
1.0193286470836
1.0236771185110527
1.0213236766000988
1.0259161565331607
1.0284360656123508
1.0302542598084252
1.0511328759060359
1.062605692095534
1.0555452050263516
1.035934246413912
1.0298963152322795
1.0058635498200048
0.9682828997390661
0.9582005986517939
0.981566579104551
0.986356266246728
1.0023870092425438
1.0079586765392485
1.02524128166047
1.032882055037156
1.0166034040736465
1.01897942638825
0.9890386018735561
1.0159627060242582
1.0474981725669188
1.0374556120872214
1.048612915724289
1.03638612155751
1.040903412246044
1.020645438407162
1.0242457590902316
1.0241623761035248
1.0274050998344217
1.0303336373441192
1.0167969424069228
1.0262637564111188
1.033693228195408
1.0240037653125245
1.026540395860193
1.0167914573224859
1.0194870088118475
1.0271013344404836
1.0206884740951199
1.0283476873202648
1.0272472694332824
1.0349567509946533
1.0245140980571703
1.0072653364376074
1.0119875385006507
1.0064292842829594
0.9979412903798853
0.981131396623262
0.9625329518480945
0.9673131352317474
0.9850132455195909
0.9991313016450609
0.9843172243021644
0.9751524637383736
0.9980133342355196
0.9749712480508066
0.9599517843408966
0.9281638675543425
0.9893569631519429
0.9891629361938158
1.0115826255930864
1.0162556896437673
1.017958984401834
1.0236421607433788
1.0174786959799855
1.020576139331073
1.0195071990807514
1.018711198399629
1.0237314440141188
1.0192568581132337
1.018172773027062
1.0233182169119281
1.0243626947380295
1.014368222309877
1.0281756179558181
1.0183085551151416
1.0270816918088013
1.027769128557972
1.0204462702160877
1.0143946658000114
1.02509011252407
1.0258187261505465
1.0234767178686408
1.029541713998898
