1.3218584512446763
1.3319204099985151
1.3222188147147032
1.353784215084064
1.3409101472735385
1.3393047669098215
1.3469023673738791
1.3360267561593364
1.3489503161015384
1.3379615813071541
1.3298771000218317
1.3189069250833747
1.3376305600938616
1.3530760637148742
1.3177414584183202
1.3223213037238053
1.306365848710888
1.3081554545582572
1.3166663096394833
1.3141755108785564
1.3195048255146893
1.3124568524704614
1.3034041545483015
1.294193432467903
1.2859699904690807
1.296529699700711
1.2942922182917735
1.2918532562124811
1.3221401545272917
1.3029238219314712
1.2965393052261638
1.2772163076338625
1.2824317953692765
1.2874659143003069
1.3202501107108826
1.3145153250323864
1.2983000114873127
1.2720345166308202
1.2364370103456495
1.2469459945549886
1.2554041466478851
1.255186842863884
1.249119805308961
1.2667086773615635
1.2972529452540105
1.2789397624644532
1.2796317967098272
1.2581978821597966
1.2384275831493061
1.2302652065912143
1.2214854467579501
1.257821450903954
1.2515914603958194
1.2398594465183217
1.2430389601217113
1.2392335042802236
1.2377535960310562
1.2457407283886952
1.2390402557014912
1.2348168850566397
1.2413672981675008
1.2419080794928725
1.2290269059670968
1.2170559897537947
1.2026492559674
1.2100759541604846
1.2168569009521448
1.2270978335882217
1.2348326638688896
1.2378107513579597
1.2370480710487106
1.2420288479474657
1.2350171683894864
1.2292971311092544
1.2550478057683447
1.2396093148681748
1.232549045390051
1.2464128911519028
1.2289372229204738
1.2145589040723674
1.2255561203605299
1.2436691428157287
1.2397721237396706
1.214810796923626
1.200945926942519
1.1852190716138775
1.206885829931772
1.2272556672221684
1.2390206447113055
1.2360270104848115
1.2336980579015586
1.2203030441144238
1.2062724513645058
1.2094205276264802
1.2047941435975555
1.1984994187353866
1.1858129556730788
1.1637539175015932
1.153706980748399
1.1513349418290477
1.1310858838192666
1.1175380145823814
1.1294903819889643
1.1238512846434991
1.1124557805646103
1.1216452496742186
1.1293112508507908
1.1164088096781186
1.1225635813268384
1.1246092402225063
1.11794255238979
1.1174906649808325
1.1354624791190435
1.1308481824679184
1.1163512881389466
1.1437322202560476
1.1300608971948125
1.1529094073296926
1.1267435662675906
1.1141714476910864
1.0980888421171693
1.0822641223762886
1.0848909112601572
1.0685778478157355
1.0775093383067853
1.0823136604184829
1.0905013384694369
1.1153531236920793
1.1307440310386387
1.141720800860733
1.1476311872515181
1.1634401470844595
1.1792999210615491
1.1732800304043332
1.17280337506324
1.1632883652862271
1.1574025294609183
1.1579621372130855
1.1650201751552756
1.1622760489011268
1.1681817433289827
1.1603537835453201
1.1714357065097405
1.1710113873774057
1.1795417263627477
1.172505183673816
1.166574835820336
1.1754415328731933
1.1898895279734858
1.1884049345245624
1.1752130526970936
1.176667330337274
1.1677872482576905
1.1455004484352118
1.1482830176974135
1.1447624822640585
1.1458307980837628
1.155239982864349
1.1508052417568828
1.1318534572662091
1.1397160557174333
1.1188781549553268
1.1274129750190431
1.1027999100105352
1.103361903357949
1.1182526988932446
1.1055623108093713
1.1153864892688445
1.12337632240066
1.1335207511639152
1.1471964900173144
1.1446739877987036
1.168248474729828
1.1754491761973238
1.1914994437467021
1.196519066594816
1.2133793917942346
1.2103056673043762
1.20250099600438
1.2021676981841891
1.2035860765964943
1.192689078366323
1.179379870133376
1.1853826706582362
1.1852898985800242
1.1758666512365408
1.1574034238304316
1.1568892683116758
1.1443241105747708
1.1455371969611081
1.1278498544827287
1.0980000451551182
1.1060168274303273
1.1506097627439735
1.1446454110773212
1.1582501909128478
1.1446058455215657
1.1389611411418916
1.1392803922984474
1.1400281048067644
1.139408283110459
1.1332295285234961
1.1331256799658043
1.1158238158045346
1.1179102651895243
1.107859287952522
1.1092600490327322
1.1064851791808188
1.1036297257220462
1.1124529705835475
1.1072741282736338
1.110883876897757
1.1114166852132101
1.0990298992923766
1.0985851999052885
1.0938527221907917
1.1110924986880792
1.130417137415284
1.1150773435228407
1.1242275691823695
1.1101298565708486
1.099543438203862
1.0788214622992554
1.074848533773951
1.0832620476064272
1.105236662270262
1.096017037332245
1.0786646939263544
1.0662627966781681
1.075405751408889
1.101027828153077
1.1109271970411554
1.1177442001922866
1.1099944692350459
1.1226764799547881
1.1258328959489625
1.1244357874647863
1.1323195413117342
1.1230850022867933
1.1288427769000453
1.1286792118334226
1.1314140861711977
1.1232075585095334
1.1329408314525355
1.13450009254078
1.1316307204462737
1.133913980662278
1.1378037523104199
1.1370083075011628
1.1293945397536762
1.133001443166788
1.127326209878024
1.1357825582713155
1.1364103889832353
