1.7023174886794064
1.6976317402360297
1.674451623888046
1.7270030489988148
1.7028376527169382
1.7091170109232672
1.7319026035658487
1.6877488205855686
1.6976102531490023
1.7178426357691026
1.7055632441211255
1.7109528489018864
1.7187895463462322
1.730186731436742
1.6898384510781324
1.6787653522509485
1.7055880588909276
1.684049844920886
1.6959497821588843
1.7082090311140463
1.6800588564339822
1.6405061669532457
1.651521777374176
1.6462421289095364
1.650423250492998
1.6664668937539606
1.6671034487919727
1.6710756620677245
1.6959141332327405
1.6937405615394143
1.6808801691889987
1.666095842055484
1.6662213115587692
1.6907021389259365
1.7128611197131358
1.712338943255955
1.695698762292284
1.663281969469291
1.6554735546099657
1.6256400942026126
1.630929081077077
1.6303999037754962
1.6525891632071361
1.6595235148613032
1.6693856431365943
1.632172068720342
1.6397857458097431
1.635807688885738
1.6232837157634776
1.6261551743902938
1.5788511668110061
1.5895401551057058
1.5350598430149731
1.5293035591949808
1.4605749745229106
1.5178431031561122
1.5512953859330623
1.570921856595329
1.5684606959228993
1.5668173086791137
1.5825807391532813
1.5860819988539399
1.5877364480710927
1.5945278582290627
1.5833349047947074
1.5621237149860723
1.5599000848280307
1.5778020896433755
1.6153197422651264
1.6356755081107892
1.6138304387086948
1.596107308102673
1.5819904721742615
1.5860704645384465
1.614289450372033
1.6310350484616931
1.6018578059844981
1.6217908554000509
1.6038028758510987
1.5992597761329956
1.6091059592100956
1.5906482732606182
1.5762289741438398
1.5636685816833928
1.5290130774756003
1.5599887594258648
1.5849651274437553
1.6067036732304474
1.6217481535347822
1.602936757187453
1.5978257502078161
1.5917915963538858
1.5670080092905798
1.5724275486124608
1.5499138314086875
1.5199811617590588
1.5151294412481888
1.5091811276844342
1.5194328747711119
1.511843628620177
1.490254403059329
1.5128100783934784
1.5089995190020016
1.5051784386713614
1.5037899957795489
1.4998009950303768
1.4851508874002037
1.4778401691146752
1.484118903998845
1.4945758314660007
1.4923557319145981
1.5127047083650247
1.5256542155105655
1.5359937032539521
1.5468280325676458
1.5529073776363826
1.5675368938543095
1.5824581498137682
1.577445191366001
1.5679562039372406
1.5591452651640922
1.532219552856977
1.5265081187261946
1.5376710613514635
1.55584151052749
1.5406492151471223
1.5266487972874299
1.5402784640019227
1.5519566384435315
1.5569067013956193
1.548998409138527
1.5451924292543235
1.5654485759801342
1.55640769201209
1.5401934978719771
1.5363888780505095
1.5255267147747995
1.5068655805090811
1.5247446708155967
1.502097903783179
1.5025107445397867
1.4786209773520655
1.461375817136916
1.4899769004421
1.5109140779836108
1.4774102993413065
1.5200498875863602
1.511452923598809
1.5185863356469074
1.5117934929641887
1.5475973442478217
1.5407362486088705
1.5445352633076015
1.5501107271019692
1.525076351695482
1.5101286433307786
1.5044037107550376
1.5162685271793865
1.5037309863730186
1.5045130328465364
1.4932291051548063
1.489134094140388
1.4983964574504791
1.485052762642348
1.4792572319344381
1.470192885159705
1.4965346888498536
1.4990207338550403
1.5162735993288559
1.5225165920786412
1.5272762267201447
1.5491396167233007
1.5629300914125226
1.565038036188037
1.5705451676188609
1.5716858931387598
1.5567747445796531
1.556320142195658
1.5601352565882842
1.572136411616861
1.5758313799898658
1.5768527073619667
1.5813783763779536
1.5622859460006657
1.5547458763553574
1.555983579097335
1.5587466206683105
1.550091668478091
1.5376374458217268
1.5409469248433387
1.528034334467898
1.4960812089237336
1.513799531026183
1.5193699220580954
1.5031896443148884
1.4944866135500272
1.5041772547845909
1.5149250735294446
1.505118710040941
1.506378436885238
1.5005082410457031
1.5094776828009093
1.495972627571645
1.4967207488945067
1.4867390380884835
1.4601605596241245
1.464256809336817
1.474002928720712
1.4518015291704949
1.4651608228158268
1.4594652612483285
1.4597810088697032
1.4781080530908732
1.4569780395506107
1.4640098311618408
1.471403856977592
1.491108137220676
1.4951193857453002
1.498992322451075
1.4865807478280109
1.4789603219844347
1.4784680073361627
1.4768461318293509
1.4528757959276002
1.4593453852025415
1.4338434423297828
1.4028812435881068
1.4306300142989883
1.4292022629485899
1.4491577106470386
1.4786369404953401
1.4759564643054288
1.493231028514943
1.4768616983235523
1.4755446617087893
1.489671020305665
1.4902152946254401
1.4946008502189077
1.4985297700223343
1.4989595696835918
1.5047881787444577
1.5032147661899042
1.5057097829547328
1.5034945143110157
1.5056730127058302
1.5100450953009916
1.5122599445094786
1.5046041394496947
1.5123948964602318
1.511021613847003
1.5120438757754802
1.5246797773126297
1.5218294798977898
1.517406831199538
