2.11081712764685
2.0890267529991484
2.0677734961390084
2.133924413168752
2.1011063842096553
2.105684941238726
2.128354532028036
2.0919784439447584
2.103386846840883
2.113841785111357
2.113465387746716
2.1149957671352095
2.1265783435165195
2.132394001799525
2.094147792220083
2.0921033949989725
2.093262610468512
2.076055828238117
2.0904033815199456
2.101596618154079
2.065805799695555
2.0338141976968256
2.020956239865217
2.003602850389452
2.029737612389377
2.0735035389490806
2.0873081322343006
2.079505026662285
2.079728313242493
2.1029919420329883
2.0924842061778794
2.0659099796817726
2.0773878844089015
2.078514878069087
2.108169221171748
2.108664613054551
2.0752395570725124
2.0583967630720026
2.0403563828308413
2.0157058711937004
2.0289877835338483
2.0271356523125283
2.053122977411325
2.0653115687579926
2.0864735146503257
2.0690138555516513
2.051962289799497
2.0478930552709738
2.0241688961960747
2.0091257033397536
1.9918854092771607
2.014416166437001
1.9961494198705216
2.0077854806863287
1.9962821810369102
2.0079292964520596
2.0105183740639303
2.0170141821491905
2.0131619728955403
2.008755523199124
2.023409460063568
2.026793170921749
2.0165430171275585
2.011823247796726
1.984335303673577
1.9688113848794888
2.0067248310105215
2.014836962840634
2.026749863174273
2.044394662551896
2.032931924235385
2.0314883908449555
2.037585317027302
2.030842939288119
2.036044043062459
2.0526675354535673
2.0231541813127967
2.0266050044741215
2.0264322130978973
2.0163974071951656
2.0261502964486864
2.021063016519277
1.9979997798839804
1.981964656730428
1.9597008843512265
1.9750824123771726
1.9729062561744095
1.995749273556726
1.9863042513806262
1.9767255454949964
1.9743180533247777
1.9516166450313934
1.9596352376368418
1.9679486088249747
1.954728877020188
1.933070846581048
1.9441369399589368
1.9322708611742518
1.948373163804787
1.9372574413070016
1.921407985555467
1.9168451095196435
1.917345576716408
1.9016282528119155
1.9010162467098286
1.9038184994266727
1.9161075050477157
1.9102329296139582
1.9161868995020737
1.9422567212326933
1.941927213003687
1.9566728530235453
1.9581316466542606
1.962952462697591
1.9731247790120108
1.9842959217983995
2.005027194102042
2.0154516070869124
2.008868314229509
2.0038470203678824
2.002800665701189
1.9825534090872055
1.9656357588647646
1.9536548348975147
1.9365314947429173
1.951596515488775
1.9397002543744983
1.960239222987331
1.9678876303553634
1.9712828683075239
1.9736024205822011
1.976237794245047
1.9868953148647532
1.982640621181793
1.9716689940518688
1.9649785275836915
1.9444274098036045
1.9381557212532174
1.9264068307893751
1.8954844076569162
1.891150375325023
1.8887755064509248
1.898549103300386
1.8679023868667068
1.8806640903508733
1.8812356868616815
1.9344945626250245
1.9332386899919227
1.9431173150756937
1.9386912563532293
1.9565063575154
1.9585632378897257
1.9617927338757546
1.956268176416252
1.9473394421972419
1.9415969167218445
1.9324500597551735
1.9369299513048717
1.9262891514370464
1.9451391944725802
1.936087309252816
1.935191054100988
1.9393318412321416
1.9413435633644263
1.9377691994187332
1.9147295007541443
1.934975837339452
1.9383552839977598
1.9468862503268667
1.9544543719849323
1.9661062035332655
1.9637176483053291
1.9828209557268155
1.9990975020187907
1.9897082097520078
1.9900195770457354
1.991642966817776
1.98862039052212
1.9877307744075186
1.9887199531804403
1.9838937177375808
1.9889747451855806
1.9909773673349571
1.9818745508801026
1.9762289942500817
1.973085756732035
1.969659377361564
1.960427711919546
1.9484985864535627
1.9517532157568331
1.9408575780376114
1.9483694499830597
1.9432537012230888
1.928862778916679
1.9268791247323178
1.8993183126967819
1.9100030062788826
1.914839942653655
1.9229744404963096
1.9208457751151957
1.9159888844391921
1.9181178125435885
1.9144831703972491
1.914731865326236
1.9128824559003472
1.87599285824263
1.8926339062205708
1.9011288149599381
1.8742448246522643
1.8948002363442662
1.884214596301172
1.8844513789037785
1.8892848155166415
1.8614720173365777
1.8755915217316619
1.8685031723382166
1.856250497234016
1.8756053919430817
1.8670156564701947
1.8568642408412166
1.858320016795361
1.8505751917000572
1.8438286912620636
1.826255714063982
1.8426757864572034
1.8333735152076396
1.7931197983462328
1.8031430798964199
1.8276032061475547
1.8373561441805242
1.8513173696828542
1.8528145743001252
1.8594499653033298
1.8681929762473553
1.8713564899225927
1.8791205111178897
1.8864823551559635
1.8866598356768425
1.8891641613201435
1.890869057009391
1.8988660363145866
1.8996432979742939
1.9092881052890318
1.9078524577454874
1.90767592415777
1.9092589498069137
1.9106746639991203
1.9113859674170186
1.9115070931099378
1.9105592408091183
1.9092829377969645
1.911633824086529
1.9161137426178398
1.9134063390629998
