1.8342311167098737
1.8228130718931146
1.8092694197549843
1.854791662115811
1.8472219393123472
1.8209887506669848
1.863442954783086
1.8225869623162443
1.8463413246684934
1.8445310886744704
1.8400377485364487
1.8245807117169952
1.8463253432196745
1.8639330653787558
1.812384599646976
1.8105221940841139
1.7943904633228305
1.781932504287979
1.8201593436218713
1.8172856408054636
1.797236216570616
1.797761253433321
1.7908861760701291
1.7839127438550266
1.7947265493500137
1.8072143011894426
1.810351368191427
1.7893385646052116
1.8038125325920367
1.8048764912643849
1.7585069608399546
1.7251703723640035
1.6901533948007552
1.7351407023813146
1.785845345106676
1.806829507120366
1.8023891470466393
1.7787428205776399
1.7209567869493523
1.688237120543649
1.7028350270625594
1.717706712209955
1.7286001397171031
1.7503613458353453
1.78414823046089
1.7711382948396617
1.7656485382918667
1.7495929070233671
1.7141740914372101
1.7081484809343233
1.6955945527342753
1.729820475067548
1.7322665713618601
1.7369464623382267
1.731586627006129
1.7314574498602597
1.7157758673742418
1.7041329602554696
1.697549241907544
1.6735258708861687
1.6966176589889823
1.6863641895568056
1.6918927473833443
1.6826034887079204
1.6471945105931014
1.6388544178561097
1.6940069198368324
1.6979800671614715
1.7085295331332988
1.7284602116216132
1.7383634900607523
1.7441416415875444
1.7258312816799866
1.7331413851992028
1.7523716057250915
1.765669390828767
1.745233462204413
1.7554307700973715
1.7408476374419821
1.7247635858434092
1.7282239052726482
1.727716250623274
1.7078408156566702
1.6773356486389845
1.6627333002768625
1.6650584098427557
1.6773175677690497
1.7029446403234731
1.6783830188878102
1.6876507995638594
1.6849345858792606
1.686472714723673
1.6820319841341846
1.6915475417960038
1.685165601732277
1.6621345910655927
1.6572971396098364
1.6547255691593024
1.6500341318648897
1.6356176375717888
1.6122601915887478
1.5981342666192433
1.575415765779363
1.6015588513253536
1.59627672564147
1.598879627707498
1.615014869702977
1.6000140916931642
1.6138458514296576
1.6253089943253793
1.6290619084796756
1.6409047862928305
1.6441331047853578
1.6515256355367252
1.64349861693841
1.661709758044938
1.6775093549690354
1.6945072128162586
1.690681323199004
1.668681668028133
1.6573243803217175
1.6478579761907093
1.6230036620725183
1.6044082161281128
1.6099317113308946
1.6124023632769546
1.6300436696459963
1.650689980362047
1.6652002154646937
1.6797935374721846
1.671893924322816
1.6810245123758067
1.6820821587693273
1.6686368779552878
1.6593171016762491
1.6567508574805636
1.6400405998648422
1.6292399226844478
1.6267579908340188
1.6167957188043005
1.636083447675609
1.6309274822644828
1.6370870050485973
1.608562955633728
1.594327707856334
1.579336183145885
1.6293741990185264
1.6381608709319961
1.6231156016808599
1.6376624579702406
1.6397499593824603
1.6491387626630103
1.6460751140634584
1.6400554377142555
1.628769561051818
1.6163722351300185
1.6220509371981426
1.6343794539323508
1.609248813095551
1.612307201952987
1.6245566791160646
1.6180351604509013
1.6200084894605093
1.6276602018868453
1.63025646551667
1.6165216510749583
1.6159386638976672
1.6290488610028913
1.63030656580903
1.6438202948875864
1.6529914033466289
1.6561573471641036
1.6645304806315655
1.679058739505419
1.6824133687425535
1.6827290384387241
1.694139703636656
1.6924614285937984
1.7017385589432048
1.6897025864602162
1.6945073803621051
1.684411935174706
1.6905083100421205
1.6747153257696528
1.6705273891266383
1.6642708576748295
1.6462756610599898
1.6495730452380841
1.6301491061888294
1.6195806061504894
1.6180629702683695
1.6109197654942864
1.6083682466923854
1.611054059489853
1.6163949701204834
1.594180777640149
1.608546727374283
1.6068919853341972
1.6013501364986105
1.6048239544549707
1.601630129365673
1.602964130809348
1.5977659835971127
1.5969682465801436
1.597817081631089
1.5718984916082301
1.5818099648117867
1.578399674121677
1.5624379749361157
1.5772598440011583
1.570052176357103
1.5751788581935866
1.582947754214355
1.5611179212255661
1.5594056694425849
1.5522393949975508
1.5532975751744456
1.5509274828267956
1.531467087392302
1.5361781973656932
1.524266677142866
1.5205938738583045
1.4961895691101748
1.497795492988962
1.4868777623506173
1.50246114801367
1.4617629587297347
1.456928097177759
1.4902053558357813
1.502251933694819
1.5118184813098976
1.5245254892588216
1.555678581154129
1.5520385700232477
1.566631314494484
1.563274291445161
1.5721036867120286
1.5697993248238726
1.574137644851553
1.5718473812715958
1.5692446487885139
1.567269598201371
1.5681881406978009
1.5682082382575024
1.5760350885606587
1.575800596482963
1.5757388399443337
1.5752564177977386
1.5834834581959942
1.5850085252892883
1.579632605533877
1.584939261545551
1.57992070587826
1.5792319214844202
