1.89495914858759
1.8800367996246785
1.8684191763877005
1.899711429659385
1.8940746569208198
1.8805717468155947
1.9080445786916054
1.8827834211847818
1.8983160608534921
1.893470453797794
1.8803629434889784
1.8715767370096958
1.9066215806708116
1.9134855910930724
1.8673709343246867
1.856956474847281
1.8597440152427298
1.8397699935895817
1.8725272467301108
1.8752524697271824
1.8613756987274923
1.8569844322883151
1.8398446237285706
1.8572623601190645
1.8486527891665598
1.8688361153025614
1.8471453883537043
1.829802537521768
1.8158539058972263
1.796073587234239
1.7799120969322748
1.7947815805383827
1.8320841560501309
1.8600557919761709
1.8897257077642564
1.878781677338889
1.8577005430616567
1.8324045204736266
1.795996437724601
1.7791455433249224
1.7952189562418832
1.801023475157232
1.8258146553675376
1.8344960474284886
1.8488459701795659
1.8371993942682254
1.8413847783169253
1.8255318109810506
1.8004717398955847
1.7862982878732718
1.7841790826108515
1.815233727076946
1.7810512561153422
1.7858265509784454
1.782722000823322
1.776071223139996
1.766975255459914
1.761253938403299
1.7648754601168117
1.7528867244516173
1.771780060405165
1.7630115384475222
1.763939256733299
1.7727762088828156
1.7735833956724627
1.7727520045379592
1.7761402637290582
1.7807121483987531
1.7922839711983514
1.804092240724041
1.8094909429142212
1.8133372473315226
1.8053765256877772
1.8064195266096095
1.8122215920824747
1.817493010470298
1.8025292422478223
1.8181418424021931
1.8042986635660783
1.7938585186750506
1.7978623407409502
1.802318088701564
1.778791499190238
1.767824596895601
1.7569244502214685
1.747478703211336
1.73839079009088
1.7593412762512242
1.7572823884814475
1.7571875808781205
1.7520119866954973
1.766147423781112
1.7536371410112155
1.7611144441032476
1.747216994725424
1.738572204372431
1.733516299479655
1.7225610631918384
1.7089303171189476
1.6962384622831967
1.6767348091844119
1.676533599829185
1.6922220536158459
1.68509025980886
1.6931502289058087
1.6900196152518463
1.7178544055807718
1.6711929310819933
1.7117516819618435
1.7177660458338861
1.7202079617600656
1.7400135980957718
1.7482955503051176
1.7450924641160928
1.751073528131142
1.76085703681357
1.7618301330056791
1.7735236601170914
1.7823471442894545
1.7634250727856904
1.75811256830763
1.7335985296251415
1.727953848758842
1.7097411122575374
1.7324485264905751
1.7001047020777948
1.7224761297153781
1.7328845798522567
1.746223427080767
1.7579887291543534
1.7513008704018176
1.754787225894211
1.7505615461393444
1.7480359215645382
1.7444842007155854
1.7380996175509769
1.7194281425540876
1.7174407414208792
1.720006803197122
1.7197984126543904
1.7155526880939445
1.7033847326425284
1.715657718961004
1.6984934038566037
1.701756064922363
1.6767533888491752
1.709437534386497
1.7123534846484338
1.726369363700352
1.7255553257697838
1.7228803916969484
1.7296378653423887
1.7280538175341
1.7200412076429286
1.7084130917292306
1.7182742351876574
1.7156409906582362
1.713905144799477
1.698235716315326
1.6958023372394744
1.7065047737514352
1.7082232823655832
1.7089056676424428
1.7156777480420622
1.7119328734647126
1.7086291808107308
1.7067822048155594
1.7110904250484318
1.7136582591440395
1.720772131257485
1.7340831448094702
1.740274698939387
1.7519854116028586
1.7561840197607443
1.7635697951148752
1.7704364694280137
1.7761366704027683
1.7704427514804275
1.7618432009441851
1.7591730842916966
1.7727776735577998
1.7735695853231375
1.7698216416257724
1.769039084050951
1.7578624801800784
1.7544366389872832
1.7425560125090327
1.7351422056450425
1.7236713415716305
1.7081011496345924
1.7026394235113476
1.704124993273916
1.7082898089644405
1.7106130376907356
1.7057658376131284
1.685395915049083
1.687329070677022
1.6768230182883628
1.6839358156018678
1.685242880210829
1.6834096930947582
1.6845762374835445
1.6789985060480492
1.682074950990025
1.6806950516409027
1.6670051063466766
1.670292187571891
1.6754958712124552
1.6535670126546016
1.6645764731060986
1.660902313653351
1.6502543778292684
1.6539666103156838
1.649841264917483
1.6451860584816915
1.642957581283581
1.6398586714900203
1.6474597203536547
1.6440894831994848
1.6457113649562944
1.6607040056937996
1.6558681696240305
1.659868583793073
1.6400471252365614
1.624255087103488
1.6073688364521888
1.5667672943117708
1.5720139603045562
1.6011802342480228
1.6176087210069476
1.6363493465634433
1.6463030835950496
1.650684422536989
1.6576758322020089
1.6651819726211907
1.6598157945322656
1.661310287108865
1.660907721780316
1.6645729531630917
1.6722458395781747
1.6736979240462524
1.6739002465028068
1.6727257953302306
1.6727368852266207
1.676657554535222
1.6797106098841765
1.6785551898585223
1.6823815543801344
1.6868630806004827
1.6861788365894665
1.6846304260207423
1.6939922776666347
1.6899518055442413
1.6912865850629368
