1.1753711916225194
1.1598956520552235
1.1459420770337017
1.1880574931405363
1.1696637552127322
1.168109086995567
1.1917955710053996
1.166558679834789
1.1759925821964181
1.1917465062542862
1.1720865614228473
1.1651112688962735
1.183550605072519
1.1912795787307289
1.161892493665531
1.1567349205105146
1.1575124931734417
1.1367005572396263
1.146769590431614
1.1553925698561054
1.140539639510295
1.15000224949551
1.1421170455536147
1.1413887568304677
1.1391508466877949
1.1639608233553136
1.150884245975213
1.1463695898157105
1.1550426587025784
1.1523140560662632
1.1383763490913363
1.1159741345008893
1.1193860983457589
1.1353699938006885
1.1535242518661732
1.1668137045762683
1.1530350410834975
1.125618590807413
1.0989961390460838
1.1024325501935779
1.1098932485487971
1.10985830624224
1.1173927564663402
1.1431306909936017
1.1573734263067847
1.1495065271239628
1.1448974311196674
1.1266271813265811
1.0985006671507462
1.0659645925041845
1.0639408571164974
1.1044610255895202
1.101527857552042
1.1058970407205349
1.1023704705100656
1.0843292121616062
1.085382237666661
1.077284481276755
1.0828630183564485
1.0688901444585914
1.0761799641531873
1.0736284188144143
1.0796972955471096
1.0743331175671886
1.052506089711759
1.0435824558615108
1.0591700789065077
1.0771529165551474
1.0820217288224305
1.085432773449625
1.1080344018427675
1.100273214015605
1.1113029277523312
1.1068319908323427
1.1089163009285283
1.1275930052628615
1.1125719758312929
1.1156730674996627
1.104017068925007
1.0872724515673806
1.0936542696354157
1.084892612936192
1.071296504747886
1.0623959056782033
1.0522836176986332
1.0571975325449232
1.059574377536389
1.0741928505126608
1.0766816599180145
1.0528011062852283
1.0495291060480116
1.0473691349169176
1.038540825405819
1.0351226443914814
1.0288478061995514
1.0215172467052438
1.0267507784087542
1.01229970293388
1.0219031248866348
1.0147328519409198
1.0020483768253383
0.9768551540197492
0.951982573214378
0.9433846087744099
0.9957435694564
1.0000112736003948
1.00855339618241
1.0057982435058157
1.0275386379573925
1.020862649587237
1.0274060948522363
1.0379156253026462
1.0554459320021676
1.0554854368004882
1.0552005579245578
1.0597599052941178
1.0791430306395622
1.0810143638997634
1.0716464991618622
1.0538764785955936
1.0530259032013038
1.0321965081755733
0.9974973805225601
0.9956455045868915
1.0011752961494786
0.9726753863584786
0.9948678309892214
1.0045070226899968
1.0056161142118982
1.0059303465495413
1.0085951047054198
1.0195965705287713
1.0217964079464912
1.019585565211851
1.0243924165043903
1.022925043046445
1.0295963277644147
1.0212317702769413
1.0341314558475263
1.019307089486219
1.0256788292724068
1.0169091568093502
1.0228662718903754
1.0215777133904582
1.0197225490319863
1.0171655704827862
1.0315197883333793
1.0233981838942388
1.02681021989971
1.0205335932091177
1.0276401890818627
1.0149532897064018
1.0392142744195354
1.0172541245667062
1.026037248261283
1.0218786004077305
1.0111596691873153
1.001269523492798
1.0016143928904913
0.9869087058149641
0.9964937553244857
0.9827536580167487
0.9815577736938129
0.9854331366710477
0.9894715070552091
0.9601580634724085
0.9814783557988948
0.9654269124558
0.9655581959730828
0.9660137016643912
0.9560329249854673
0.9571253153244245
0.9408437898114673
0.9578729634875082
0.9639410460891371
0.9445458496945194
0.9577915196632434
0.9668422966098235
0.9776470056919551
1.004381028898389
1.007631417249723
0.9923671155584194
1.006973629587971
0.9807647659981694
0.9825970891504414
0.9608000431896775
0.9704311440079055
0.9632148974795487
0.9616030538063463
0.9853813648064516
1.0012315553789797
0.9940296280354047
0.989178219681222
0.982782444949367
0.9919447007288263
0.9757876004035025
0.9899420587452821
0.9815761587050856
0.9887246716843845
0.9922572436937901
0.9921891973937238
0.9965240524160816
0.9939430999088553
0.9974277035689633
0.9915377377678799
0.9847174417594422
0.995354739128205
0.9986557050469865
0.986322147505322
0.979075101800513
0.9908422933695277
0.9879780157792137
0.9794569131528457
0.9777039662582201
0.9732097098150647
0.9777449418080604
0.9531587237274174
0.9448828769839634
0.9282369298896376
0.9282463945662224
0.963109377466984
0.9684180910219652
0.9542325755663542
0.9520091352510544
0.9542980233894517
0.940004971885197
0.9234986734716998
0.8828347849305692
0.91926375396712
0.9384638217718821
0.9627493473634424
0.9648078692451616
0.9766969893864121
0.9889689914826842
0.9824674707519293
0.9851617893809576
0.9908399373111684
0.9771695604187758
0.995461397725985
0.98861539821131
0.9917266473702552
1.0067665377205153
0.9956251415915869
1.0014429360887063
0.9934268762551822
1.0023485860737655
0.9951777279318035
1.0037800689540841
1.0048164504652852
1.0078565353923776
1.000166795351895
1.0074201651708867
0.9964853436671749
1.003705495801059
