0.6939312538952356
0.6526370638546268
0.6380824829264254
0.6757483168393517
0.6800112216671538
0.6910925057049593
0.6858135097205436
0.6681039558560715
0.6855471303384841
0.696495902127215
0.7034341597914605
0.7039910648132361
0.7157385003081688
0.7115736424344803
0.6910965444297872
0.6546117366239901
0.6592320809364225
0.6688616537445359
0.6851218849093021
0.6870360693076097
0.6665143759568896
0.6322273020811711
0.6353490438393907
0.6397460681340345
0.656689443033337
0.6799221234804516
0.6919813227693546
0.6930834760408424
0.7001443437797688
0.6973668269603175
0.6786824036111831
0.668516804266322
0.6803132449031853
0.6742672884316443
0.6891125595537089
0.6860505532852147
0.6757374221176289
0.6849785893920955
0.6967515921301148
0.6972767773761737
0.7018285042512509
0.7020006692917347
0.7057866527907058
0.7319909521832328
0.7173787285085815
0.6930910723787471
0.7016783030286755
0.6987872972051323
0.6793886562657285
0.6581038544600017
0.6381139149200769
0.6694891598279316
0.6794648272645749
0.6708957279105641
0.664398930560968
0.6672256051513162
0.6647712395630254
0.6644041376927238
0.6645895043841
0.6637347738852403
0.6652794605099867
0.6642183548829861
0.6397844698605705
0.6402074548345497
0.6275364577396763
0.650197225395918
0.648726378551072
0.6537629503655982
0.6740041544388287
0.6885683623444057
0.6961136429436388
0.7044845888582658
0.7053183443879804
0.70417764690226
0.7273826575569419
0.7279420666979617
0.7183341338602055
0.738081961795596
0.7335214210739243
0.7292677662363362
0.718147867161633
0.7147275369044862
0.7016166308802744
0.6741531623586707
0.6360955149650722
0.6376189439607555
0.6441682810782826
0.6563528918262169
0.6652288360765424
0.6706021612019536
0.6673358604902659
0.6556672333664819
0.6564567898424095
0.6552639903360847
0.6513208517087176
0.6432452225887867
0.6349793960354121
0.6187102414933359
0.6463901281887353
0.6417187220969819
0.636979505931099
0.6285599211244515
0.6124063485174185
0.6110580287825277
0.5896670525285931
0.5865560637379549
0.6310833647459044
0.6109090980348675
0.619316554180868
0.6111401330965436
0.6109485295138767
0.6153325501523704
0.639900798068273
0.6349074857369673
0.6468091504282198
0.6613900741607074
0.6624920449903385
0.6701168700722707
0.6820762279096002
0.6647672358763114
0.6547935910445707
0.6491549379506212
0.6167872219149527
0.5855107785300748
0.5892163897785293
0.5904794493525698
0.5875526658236386
0.6368915594345175
0.6614420360341832
0.6625602753083205
0.6551375742230874
0.6577925384544386
0.6684957860004123
0.6586837054857239
0.6589014766456817
0.6524863209795388
0.6491194727356726
0.6351933471100749
0.6331126616535976
0.6284649194936256
0.627773774224487
0.6305251179726185
0.6201728890593469
0.5930682431165707
0.5958247131045554
0.609309122977765
0.6275238687397774
0.6472632971976577
0.6466669730734373
0.649638110126809
0.6716413921729125
0.649944844061109
0.6532717722068069
0.6547103733789746
0.647425400135812
0.6662263669089562
0.6586849257961629
0.6549086783899788
0.6575663336362096
0.6550635681334979
0.6431509150443463
0.6485613879318114
0.6420906583537088
0.6308448127447214
0.6409672350939344
0.62114057361448
0.6228865788384267
0.6376882102820235
0.6414379510464506
0.6396710728753079
0.655623662365954
0.6593784170369341
0.6539717611937576
0.6704188438061705
0.6882862629036225
0.6694575917365049
0.6680126000363188
0.6810876553582539
0.6665477215048622
0.6573827969424576
0.6672121024967899
0.6584504058446755
0.6590967494363282
0.6653009126187871
0.6632397653902937
0.6577019639346534
0.6489091596739995
0.6412895112426196
0.6273420797770177
0.6313594852256905
0.6235896884520464
0.6033566107075491
0.5710596959237388
0.6142034976703254
0.6284464025447211
0.6009460975059341
0.6039920156469799
0.6116921588948436
0.606168148848864
0.6062499908502658
0.6042927070385862
0.6081956988839866
0.5979728835044915
0.6004997485958065
0.5897994382418001
0.5744694456896501
0.579029771292482
0.570241100221267
0.5524318207039024
0.5566807761929955
0.5707076500315472
0.5637154342939762
0.568663003945793
0.553276595316166
0.5672531586314207
0.5519422609721786
0.5511814268591387
0.56332171943878
0.5532756757308377
0.555166119518442
0.518447089362963
0.5087908818534014
0.4815873377749944
0.4940133219783341
0.4483982016864133
0.44559796927897255
0.4723715171476918
0.5069150726982528
0.5221457633040242
0.5196860198703326
0.5266542117742713
0.5512883313590814
0.5511435683614897
0.5586077374198731
0.5664747732634554
0.5695261391045232
0.5765497252412535
0.5893384331645097
0.5988374246896435
0.5877909297431203
0.5852193678637043
0.5883915861568446
0.5791178569495977
0.582683118952845
0.5983394210232654
0.5966553378659428
0.5983586266928697
0.5934359633213729
0.6003231476831802
0.5996448557196916
0.5927709852844852
0.590854806325821
0.5974403222198583
0.5965882338153722
