0.6563371418775427
0.6403202485472959
0.6344449436285095
0.6598794763404967
0.6686311363134552
0.6568198570241827
0.6609215336907438
0.6485093023686411
0.6579565435784839
0.6701070210577614
0.6565870717349763
0.6443780393339001
0.6573762465298335
0.6640330018495446
0.6369396551553178
0.6372184826029686
0.6344461862107056
0.605372672849146
0.6222409618990499
0.6174206190718046
0.6347148809978658
0.6214009145014744
0.632788908276375
0.6244490899706898
0.6261557160218745
0.6485921826724296
0.6396100655426816
0.6454746004162039
0.6519722270144716
0.649304897721036
0.6275685264632975
0.6065235257093493
0.6069359520905954
0.6045220682143636
0.6250952946108843
0.6358547373311592
0.6388065960757269
0.6044079921121223
0.5931020603833336
0.601113558644347
0.6175311068382179
0.6092577347619718
0.6157821562673224
0.6363803129566614
0.6468638231794286
0.6256512837971706
0.6207120175395892
0.5968806238186734
0.5925319429497281
0.5904217261651876
0.6012835640019598
0.6128831165010081
0.6257937763634833
0.6179915769381108
0.6195205451199666
0.6282987167934214
0.6238987753046329
0.6162498525984847
0.6097916961972991
0.6039209835330193
0.5880166279853344
0.5676594539258382
0.5805053605275032
0.5610790792937512
0.5522991671406724
0.5489152985130189
0.5469503246216517
0.5731753966822765
0.5878748607539936
0.6121925069262231
0.6064165175604006
0.6013448011073276
0.6160537849366847
0.6234551758183298
0.6320322238548575
0.6430830149383133
0.6317181982857306
0.6378089098826291
0.6187931093579471
0.625052847729497
0.620210377472254
0.6275889605281524
0.6052935612642445
0.579989782161996
0.5389203320223042
0.5490480275272639
0.5626696071829858
0.5678289830429664
0.5819928330063764
0.5896223498083256
0.5845483836407941
0.5740793169483266
0.5762349751151284
0.5669027887376207
0.5603263120809895
0.5566700677875457
0.5507555937365288
0.5459019841004639
0.5383469130296432
0.5273231232642709
0.5184468100352896
0.5093599475947261
0.506496809103247
0.5050654395589556
0.49771350861092734
0.46969725651568195
0.5140291252365842
0.5142835397156187
0.5241457578669354
0.5211381740573318
0.5326693885237925
0.5391436972792468
0.5535039006695361
0.5458024567323069
0.5398105094044552
0.5549277947856637
0.5562411851703943
0.5671199560549252
0.571054540232397
0.5559198453974903
0.5497296136887105
0.5223568274154697
0.5251305258560552
0.5189110761814659
0.5044728520101636
0.5166332571231911
0.5114571335732285
0.5243717309927903
0.5438657300093183
0.5308702555154823
0.547792225957806
0.5460603771601917
0.5502517402596345
0.5554946799182712
0.5420283194608574
0.5500885540354989
0.537006244803822
0.5166190082778451
0.5224474988477301
0.5205150157460935
0.519348006957746
0.5035051018049099
0.49786958118027086
0.49574044867987055
0.4508102396661375
0.49140204676294347
0.5010447237048363
0.5017384216697376
0.5228383677580849
0.5259275424670649
0.5190081338613813
0.526286014460952
0.5151329203690344
0.4982030179384616
0.4979436349770309
0.4949204787737463
0.5164033499827937
0.5477331653074775
0.5393167527375431
0.5463643964468979
0.53997223851417
0.5308619660985041
0.5291175346507938
0.525392006965046
0.5133656765491648
0.5087850982521102
0.5191005673760556
0.5310167763306297
0.5359178733716338
0.5456794302939874
0.5483603319862118
0.5616952793669111
0.5592884246404873
0.5650595128602661
0.5791886234747478
0.576335125868331
0.5813363261072539
0.5798031921663532
0.5761938794830067
0.5790492183685205
0.57392969352117
0.5806444241469635
0.563546941919273
0.5551892852789876
0.5614382461033389
0.5488004383524366
0.5376518095706326
0.5387958674394638
0.5333736570366213
0.5379920288081061
0.5301011420199315
0.5099994735256939
0.5081678824683844
0.5136891945559505
0.49951898441276044
0.5058419315803795
0.49092296456271545
0.4826210287047703
0.4854179449276229
0.48162515700082764
0.48041232182620014
0.46821312544135124
0.46996387655142485
0.46544165937920295
0.4672036984328386
0.48099924456941245
0.48063058361683925
0.46257641772933117
0.4643917549660196
0.4714446566494243
0.475655225883525
0.48012920919046514
0.47093827016808854
0.47795030308840436
0.4589231939104932
0.46788685230818805
0.4597910542633233
0.46173285942608505
0.4614784819689596
0.4577041142628445
0.4579761991884995
0.4461916023173473
0.44712016426324136
0.432571254092888
0.42049734465898136
0.42906108593833997
0.40380018123094596
0.418127980385337
0.41923854691043144
0.4021558766808596
0.40859832069926777
0.394464972864465
0.3986144173363715
0.4070292386082507
0.3969216318690344
0.3983264229851043
0.3979840451090035
0.40353106167172087
0.40108796304011174
0.42055266398685215
0.405552323825702
0.412664042007913
0.4009260878706378
0.4041544059357263
0.44906935433197276
0.41038178899926664
0.42888186217197194
0.44825660861017436
0.40998811851020167
0.4143474122721435
0.3947389802493393
0.39429877129375274
0.3921731521493068
0.38545449617054733
