0.8177494647729795
0.7737821689733801
0.7596106902715655
0.8064308802484561
0.7935781855346478
0.8089344501851368
0.8097029943224743
0.7997402471306587
0.7988072078343457
0.8054507258495747
0.8136871163073403
0.7962766497495821
0.8244089365664022
0.8222877953137708
0.8139555115065621
0.7896549055110877
0.7804661101955641
0.7542010129817038
0.783555852058312
0.795922287947639
0.8007897816387987
0.775065635363644
0.7908510049597369
0.7872509980711521
0.7988140842462288
0.8126591430315779
0.7965009733197322
0.780452864008751
0.7987217105143923
0.8224756322965937
0.8031588669638585
0.8032447553550858
0.7938267946234623
0.8205680542665323
0.833269532307514
0.8340673108498675
0.8072155080297714
0.8069877653667873
0.7958990123273199
0.7835606629898177
0.79234443381429
0.8189913319134071
0.8242600623870956
0.8255793906481943
0.8147183002109073
0.8050983284254151
0.79891763664177
0.7990633750278279
0.7797945537547473
0.7672645462775151
0.7531442216346651
0.7838886806985738
0.786660231770992
0.7945724330200842
0.8076106474133411
0.8110200474322654
0.8009775040423336
0.799028165469698
0.7932504716235712
0.7864900496698348
0.787262727589748
0.7841061282807061
0.7700263311008841
0.7523981670472518
0.7164454509848919
0.7464577416052409
0.745690030801149
0.7522315279230507
0.7602488948693366
0.767711979814071
0.7937118841512641
0.8191273783475007
0.8166059265724348
0.8313122815511143
0.8404473368717957
0.848790746606037
0.8435371512584646
0.8462998173702425
0.8491270796814224
0.8379959238084388
0.8458056037375976
0.8291096534072947
0.8110734100245819
0.7770128168236297
0.7455615009397111
0.7589014534976363
0.7580572868782812
0.7745742731655471
0.7673866215358466
0.7509305112577488
0.7525152020905843
0.7372724559564369
0.7293946479049804
0.7302023179492023
0.7165118031763118
0.7006571444282736
0.7093253022183481
0.7155706239726851
0.7009175775271539
0.7068795890562198
0.7093602177508166
0.702826692176478
0.7084868776378681
0.7009783496903366
0.6915993917944248
0.6802048678053004
0.6913118179316309
0.683491379399826
0.6857301098941404
0.7162515453063892
0.7183599369121076
0.7354206017755389
0.7433882517786278
0.7501637242999152
0.7516225873928106
0.7455645238543938
0.7630880102994345
0.7771200521139908
0.7811295628461025
0.7815411499189236
0.7746638725989748
0.7643361861181478
0.758810896825877
0.7647717047968412
0.7348845197077826
0.7353345838256342
0.7659626145083892
0.7516112287530926
0.7398385963346396
0.7604603129389488
0.7517212117944287
0.7524996155707772
0.7633074835257317
0.7784991577282168
0.7736828755782408
0.7677465241705892
0.7639187579014741
0.7598983249685595
0.747312295727947
0.756279129592815
0.7446774409506967
0.7348107980135116
0.7269978537924771
0.6999443529408499
0.7130146465912929
0.7249332830632764
0.7371575220882036
0.7471090878239293
0.7648234506185648
0.7630077440976568
0.7707218970555718
0.7508173247698281
0.7759492333641501
0.7825331794133439
0.7656313322242136
0.7689642860432697
0.769286130033846
0.7720379461591557
0.7641311744045428
0.7569989998095957
0.7684867742307232
0.7632205168365791
0.7580789609220666
0.751289720095161
0.7479943692718792
0.7386216864787315
0.7690681945324348
0.7599720354757042
0.7632944536080426
0.7652229404922055
0.7612233059048401
0.7669633746933867
0.7762495246472819
0.787386447655845
0.7919306461858355
0.7936670552102165
0.7867887357668474
0.7885318285265622
0.7842547817922381
0.7835611907695403
0.7785289945967282
0.7692388055466254
0.7660944660170408
0.7593185135537938
0.7648988264959572
0.7587977885869722
0.7572897231476621
0.7394981818837398
0.7211939595959894
0.7219483975324501
0.7154180240497595
0.7085867691069534
0.6903511325307923
0.6876364266544569
0.680513103829781
0.6893304124674261
0.6955022555162688
0.7026340304823172
0.7133284370844275
0.7139225884381675
0.7116440204463717
0.7131694724513904
0.7094051592732843
0.7130485312160362
0.7013511450758473
0.6642465628532394
0.6776070744729157
0.6941074522723689
0.6808308490226789
0.66976997521533
0.6552099535689243
0.6580343094578859
0.6570516222862375
0.652332499228018
0.648512956964374
0.6332701421125666
0.6123175147651159
0.6183174350271672
0.5837021282509097
0.6099491296752974
0.5853049894785857
0.550596826749891
0.6229691585686234
0.6606489577639743
0.63099066801897
0.6477788110210403
0.627805596203322
0.6308470322313138
0.6401842183817705
0.6359075249418991
0.6520528353053789
0.6436213480486401
0.6698472740580813
0.6709803640210146
0.6619717968942105
0.6696845543519075
0.6756368038975139
0.6891611405481142
0.6685276939754603
0.6787547916434226
0.6830438899651121
0.691494952276079
0.6877371943466692
0.7028744852306681
0.7053825397767404
0.7013417549091155
0.7050496944997231
0.6899662515458713
0.697072381785664
0.6941682260235892
0.7069285625242006
0.7152711128844519
0.7027046964529825
0.704002830298592
