0.6757499130733575
0.6691744727285649
0.649099185453873
0.6868930230249648
0.6867115922886277
0.6686501743780588
0.6819114260860569
0.6684620291949658
0.6837044382869005
0.6810056736610873
0.6834936971864629
0.657651093273327
0.6826361254059821
0.6817206733881861
0.6587402590138778
0.6500985471069193
0.6496628670223957
0.6294332242185198
0.6390182141401144
0.643150907705045
0.6536262822352847
0.6373025175239774
0.6549006899475661
0.6513232038892033
0.6486427559992448
0.6644821556612327
0.663658300141777
0.6503963731186139
0.6659527485664898
0.6621037840256444
0.637571250335184
0.6145386115739896
0.626293683050545
0.6268022100237559
0.6515274397929885
0.6520519056408424
0.6463527524781947
0.6249888499911992
0.6140816016056814
0.6105302812347823
0.6209286490292526
0.6186765984827249
0.6354544859683928
0.6455630959859556
0.6665226732320966
0.6538311666026322
0.6401948569737049
0.6071727541977378
0.6091790083142928
0.6131836677459839
0.6126601341272379
0.6292870486270288
0.6397750658473791
0.6352765626074623
0.63185901302564
0.6408383689675329
0.6376673676273353
0.6332161693507254
0.6267126100865682
0.6020032280616148
0.5992474384501926
0.5888475852508981
0.5952361949650694
0.5809612503214461
0.5750253336939686
0.5788493188391964
0.5850639013903883
0.5809613817864859
0.6044927301903615
0.6119049220720291
0.6208578803819418
0.634798875901916
0.6351147006606643
0.6375914111781465
0.6594273581929105
0.6476282308004965
0.6503682118660554
0.6489321298320849
0.6479284856802946
0.632346667073728
0.6284029098452594
0.6332874076580829
0.6133251029280112
0.5869828688304632
0.5514283475294688
0.5583085975971124
0.5664625012758392
0.596521961914826
0.5892817238209636
0.5974605311986552
0.5869226676293539
0.5963681571348022
0.5945289295698447
0.5891257942243878
0.5827129759531298
0.5702075442599237
0.5695741483069345
0.547601754193707
0.5437868223409827
0.5496717088070863
0.5300465782234449
0.5327585740048838
0.5276225809788128
0.5250157511323155
0.511329079942631
0.4924463659251405
0.5199410160616036
0.5234461140413027
0.5376244033766404
0.5503060774633441
0.546472753557857
0.5462860867293338
0.5575083115678278
0.5559938668532746
0.5542145225088159
0.5781457262706257
0.5740217615358806
0.6046025910489058
0.5852382267691432
0.5700913864203749
0.5567646000956062
0.5459060217899245
0.5482643268753994
0.533074659036598
0.5306647373148824
0.5268640943175459
0.5353905973612367
0.539462949057011
0.5522779213495422
0.5500631110873058
0.5546873296823654
0.5623896120874523
0.5634904410957514
0.5646595252622385
0.5646106109649607
0.5605162823650508
0.5594713230193702
0.5367599966578829
0.5345853463743392
0.5405850671024068
0.528517793056851
0.5387041807427945
0.509102304099898
0.5026549069273292
0.48249022585615015
0.5010040634732327
0.5050476489931306
0.5241198576309645
0.5510715182249555
0.5398703496785047
0.5406571707627863
0.5307819957105715
0.5382016273700745
0.5200205474240138
0.5080332527016393
0.5258151724729317
0.5173816335172838
0.5539607374632376
0.5620409897457995
0.5407783856755481
0.5394549672262411
0.5409864809102766
0.532824936316193
0.5398213023456945
0.535637810926054
0.5244606720797597
0.5377962298117318
0.5408367082469991
0.555548097574874
0.5529387451047407
0.5615020093244363
0.5650927009829289
0.587817851378059
0.5898908480577132
0.5950291831758067
0.5861413730512451
0.5826085076536798
0.5866722152386219
0.6005474688413914
0.5922336201381312
0.5829283307112548
0.5930674625585772
0.578228195028062
0.5716121539422017
0.5779766761376537
0.5755937768406063
0.5651624302599381
0.5548441561716345
0.5557688753299602
0.5498131152715872
0.5553140794594869
0.5449858658237041
0.5351239132136071
0.5189320482820892
0.5215068325640873
0.5067120068532374
0.511349279908314
0.47892610703486205
0.49045625503491264
0.4772154827248541
0.48175226106717456
0.48743284938004483
0.47638074900412614
0.4894012071336808
0.47980128320249205
0.4867389176639828
0.49442355348316525
0.4840836493734294
0.4807580013965458
0.5000671590582288
0.48464391383158445
0.49019953908514524
0.4884515149144522
0.5000862619999548
0.49603290336104006
0.48789977683517205
0.49425541152103064
0.4947834433030058
0.4945981230920196
0.45964419422540875
0.47720514215957033
0.4680721893592991
0.46861925838594537
0.4519285132907097
0.45223858398499583
0.4551478677679036
0.4359520969971921
0.41955842069558663
0.42252012899760777
0.4258316139847623
0.4228402029668358
0.4122308199274277
0.4231182281322232
0.40840864792464293
0.4137237302893096
0.4266392163772434
0.4192106262662272
0.4169506672845558
0.4218210971074486
0.4237731156225157
0.42177441963088597
0.42242848029793517
0.4340229209762968
0.45136211386447656
0.44574095256226137
0.440394414207742
0.4125018005384099
0.43671331321658957
0.40970084277258556
0.41448368765679955
0.4132895052871775
0.4214889824837104
0.41570608604799925
0.40502291592600054
