1.6095747962014435
1.6057814485705995
1.5743258801776276
1.6348516160048687
1.6143074989434087
1.6100266212895529
1.628184511297039
1.6048297358755383
1.6223762702073088
1.6127081918158226
1.6132761708359102
1.5920691901305113
1.6110018203734509
1.6319149886390711
1.576577822294438
1.5817135007800736
1.5772728314448052
1.5539921284929652
1.5887319356319218
1.602479524327334
1.579648457654491
1.5740837905536809
1.574581519467898
1.5741027704563915
1.565014410690936
1.577084804395655
1.5759534438456764
1.5682948102398675
1.5760690628056588
1.5979468243832315
1.586232449844173
1.5637934469915318
1.573845791862673
1.5642288193817706
1.6002191153968153
1.59785244421861
1.5700200075434425
1.548820757708242
1.5406856926695174
1.4859226823931597
1.497073138386546
1.5178716856638004
1.5283153336921944
1.5389133356181288
1.5600044823607124
1.537952107057592
1.5440699670290197
1.5419655985536989
1.5230168908919237
1.5107594671657378
1.477487791917291
1.4983597718084698
1.4748258630220266
1.4764491342457504
1.443600179540538
1.434201034809261
1.4287925339785006
1.4191832179839419
1.4059304148293268
1.3663616193709673
1.413123169045752
1.4558567471113069
1.4480891752056928
1.4550846349178697
1.4632063459578024
1.4499010142992028
1.4778320426925713
1.4944728887139742
1.511682959297624
1.5259209173457156
1.5284832741972205
1.5239852150404802
1.5265405166056316
1.5142604159232782
1.5445180890294192
1.548046852809711
1.5513415997416804
1.561024218836843
1.541864549289643
1.5068215480658758
1.5184731265659344
1.517171428429317
1.4993822861599526
1.4666486550855746
1.4390442354264075
1.4688248729576145
1.4853756534630664
1.5019400439797563
1.5085773461005412
1.5043075246252406
1.4906083120339753
1.4950861865756866
1.4794531449668562
1.4829289731692346
1.4571162253626742
1.435013221602524
1.415885002230476
1.428267638022533
1.4155097609273042
1.4245030270404222
1.3979176001180356
1.415177273737566
1.4253825488098402
1.4251706311442467
1.4099347104291042
1.401615060706348
1.4150509106561378
1.400514529454557
1.411017829457357
1.4305957403649037
1.4337493049143992
1.4320430164257443
1.4409969730007712
1.4423554268806582
1.451041976112939
1.4576404399729983
1.4750862679173877
1.4954544771393832
1.4997623095153758
1.4785944270192806
1.4745440103810374
1.4551937237013823
1.4524430547984388
1.4490305372983887
1.4678851145806728
1.4637027511520888
1.4591696824380982
1.4526407286894318
1.454426704467205
1.470790824697698
1.4578907862768544
1.4617814181837876
1.467942597677867
1.4722297950167649
1.4462766318793607
1.4325469236786537
1.4362405390510924
1.425530480888314
1.4207852657913422
1.4172339237637255
1.4292143159229245
1.420255877637753
1.4143310161560874
1.4006717850843482
1.4143380477395886
1.3988144983061994
1.43586651641502
1.4411316282084254
1.4348810626990143
1.4164712401189847
1.4321193737821125
1.4313601481141858
1.4278273848703937
1.4197346534864168
1.4223911086113301
1.4110709765082057
1.4024177375078366
1.397866119464417
1.4046408628209899
1.4020687763913018
1.4067994774806238
1.4202097302261005
1.413483170489665
1.4261168938410904
1.4239446997583187
1.4100324396059651
1.4272206912189564
1.422172200317607
1.4343254904653153
1.447518113028892
1.4625571794379306
1.46204376677435
1.4819190896424153
1.4891104986174089
1.4854884434330922
1.4693612009951775
1.4635000216050704
1.4665072576777198
1.4687485052611577
1.4706689062272467
1.4800115139351817
1.4837044067569365
1.4847864958215737
1.4839295805710389
1.4705891897927192
1.4633413828275412
1.4582883880815702
1.4593298595090476
1.4445026822820335
1.435175990566543
1.418504356660393
1.3990079387153929
1.4252436624010694
1.4176079754140254
1.4208423740859066
1.4029755608153884
1.4141095777029853
1.4177599390458817
1.421396073225228
1.4235445111140617
1.4226335845911908
1.416193908937451
1.4176489003087318
1.422011026024341
1.410780061525917
1.4114621702987447
1.4172373755077237
1.41036738130238
1.394380968104483
1.4053642374518125
1.4050662697189649
1.408283217166147
1.4019373240203625
1.4110030380825378
1.4059826162772193
1.4018424901823174
1.4038099417489593
1.4021909733273945
1.4116988567120434
1.4103691064909867
1.410261562928742
1.3998710971189143
1.3886584632283143
1.3675241512188094
1.344619575397444
1.3377841942226356
1.3368586742946178
1.3357349563112315
1.3379481294425517
1.3722949147975056
1.3870583302132682
1.389730662721561
1.3993847704198756
1.3868663997527892
1.3842028096340195
1.3942205681626654
1.399620882544971
1.3952526829040746
1.4170294656615403
1.4088333722894923
1.3998067328548787
1.4120366688154253
1.4015205690917623
1.3998018582342038
1.4063169281788164
1.40444351946143
1.4125703481706666
1.4100841550795908
1.4096427567902525
1.406400189475271
1.3975789189898289
1.406380139113227
1.4127472483266104
1.4248503791006015
