0.670980228606366
0.6755767274253878
0.6624315310660963
0.6940100446260832
0.7008130966322363
0.6806536477550347
0.6889236229025212
0.6771166416386114
0.6844031925366418
0.6916305447054297
0.6927171110683731
0.6763782252303044
0.7045103636055704
0.694107698563856
0.6643619880454062
0.6627750357125155
0.6753993133519884
0.6425180350041716
0.664677080225845
0.6592345060015309
0.6655462340379134
0.6569045710331717
0.6666470260931104
0.6603225930366717
0.6603851339910577
0.666719844106556
0.6702698827923826
0.6578146913860133
0.6770068395547955
0.6599486223536969
0.6510836341331783
0.6332302201089135
0.6528909581646548
0.6467106005145417
0.667164536343459
0.6605127035702926
0.6589546978256298
0.6435787805564868
0.6340673940375259
0.6254552689437193
0.6254307191926284
0.6240511644309962
0.6515222176651845
0.6700142931404177
0.6751872627737143
0.6540864301373976
0.6517416574755612
0.6349600565344403
0.6312911947275399
0.6259691049317094
0.6179303358489614
0.6392147701678254
0.6466344222342251
0.6435808155592933
0.6396553155587021
0.6501125748761097
0.6429380985487262
0.6398464036472106
0.6416975667330691
0.6126679884951853
0.6086967090449602
0.592875356055955
0.611231226491434
0.6145911392148097
0.5849213184652899
0.5783108420802279
0.6005135416767423
0.6006713918530525
0.6221692806843033
0.6326953207319383
0.6430321074985006
0.6393082624666122
0.6405681571796505
0.6503649336101379
0.6620402731713587
0.6669583091182741
0.6552636229989844
0.662153177341999
0.6458720971467775
0.6446128205357841
0.6443609625016241
0.6270863592024777
0.6127596146192527
0.5928022599859104
0.5618534427898313
0.5742569953145694
0.5822009262933331
0.5990148849964739
0.6120553238069347
0.6008064898557683
0.6081941203287222
0.5911893014014373
0.5983010645527789
0.6039259650165485
0.5881409516689917
0.5845447171281221
0.571397805898678
0.5626279053578428
0.5586283992242604
0.5625525896621131
0.5468926290335726
0.5379919919844909
0.5330007464515703
0.536494506185155
0.5294406949689663
0.5022353845115752
0.5402450194197255
0.5375692260979
0.5527764202327767
0.5531951321261136
0.5742873077098961
0.5788306108863922
0.5657817500696636
0.5787095838540494
0.5807788205173811
0.5887620805692595
0.5871949101590688
0.6076745340783793
0.5922200035587695
0.5955131228958321
0.5799096628127705
0.5708004060036175
0.5563826991821943
0.5456148923410937
0.5527493124372987
0.553078037714227
0.5447938993355108
0.546525648980114
0.5542761136440403
0.5573156536041396
0.5736692583499353
0.5789357298336795
0.5825806226971424
0.5772625549271009
0.5569244828890895
0.5614374495411774
0.5653884106138019
0.5396131070514851
0.5477972226361153
0.540522274696808
0.5404531262921659
0.5393398612503645
0.5271814375863568
0.5153583177307752
0.4841307936902309
0.5043025024953364
0.5262277760546118
0.5381995034737929
0.5449119072813363
0.5555510132680891
0.5566164758781497
0.5676620064747585
0.5461729236690077
0.5353124988960801
0.5321538254985145
0.5249836304118498
0.5261246996957147
0.5241081496423321
0.5473405812978532
0.5570309660058448
0.5598802583768387
0.550428404435547
0.5512447068501108
0.5420523771207262
0.5439134717649903
0.5414424391936298
0.5417611750437875
0.5438179399060687
0.5465743785908422
0.5700685516874939
0.5749131594578551
0.5783194198678032
0.5928408397575938
0.6107119543292641
0.6012416117914059
0.6023976052898922
0.6054928219066638
0.6031666786000905
0.5979779188795648
0.6049302360009812
0.5996927959854987
0.6048534683255257
0.5911677850487861
0.5897844603617257
0.5837301548283667
0.5811726371537704
0.5791736954665992
0.5753683040874159
0.5763858935134663
0.5755888568942739
0.5552901081173025
0.5509768876523287
0.5450900248178845
0.528681274980781
0.5384950980848939
0.5169769640702481
0.5261501680768442
0.5120406635538686
0.5145804928449608
0.500849066562738
0.4945743644425809
0.4949663083108666
0.5048607831998997
0.5015939579488885
0.48351307206679484
0.4970946540306107
0.4915673276097095
0.4973374467703383
0.5088715096554881
0.49709321310718607
0.5003152275008917
0.5093462613380146
0.5057732129476684
0.5050812788857546
0.5004451769240996
0.49874084704650756
0.4998130142513559
0.5048837242489174
0.49112418371193656
0.5020291095756949
0.4874567331681828
0.49028443678047695
0.4765778904382358
0.46857985283910075
0.4624712662873894
0.4554179140084372
0.45362377078274957
0.44758056233660815
0.441000298328343
0.44272473155841696
0.44307186213927396
0.4371966946189481
0.43802616154003365
0.44142877493285254
0.43901939984978855
0.4354062107503631
0.44472040840793214
0.44358527039420437
0.44108029718810776
0.4608087642438887
0.465360471897906
0.46304650524622465
0.4571415780155846
0.45891668644803335
0.4630276223459988
0.4762093784466161
0.4694686257103849
0.46319304455605476
0.4651561880469726
0.48578105565371965
0.4762389427767075
0.4705622212463518
0.44012963052411025
0.44424271103498947
