2.252411021736704
2.2298775521287446
2.205809272164885
2.269410622924757
2.247630137781522
2.247263757435244
2.261379053490283
2.233398555052098
2.2533003714669104
2.245801768864641
2.2533966597450252
2.2450424159432147
2.2600081648089327
2.2732588066984394
2.239683673062563
2.2349144109392425
2.2460985398504776
2.2293915066946077
2.2450621390066496
2.2524842605362303
2.237904813660035
2.2140188319302165
2.217715120840369
2.208800440933562
2.2089872976488953
2.241939797756056
2.230600896724056
2.228490371243225
2.235164539301614
2.2397775492067162
2.221237666300681
2.2143945520681942
2.2168079967092367
2.2254225857090435
2.251006393781405
2.246741832426328
2.2353960062833855
2.2215191885623686
2.2032310822040944
2.180988966317485
2.202797859711488
2.198801330766036
2.2192355941485946
2.2367669816535325
2.245550352938114
2.2413067224633068
2.2376748783265383
2.2121424244344228
2.1961664806828156
2.1740541912216687
2.1580556640097135
2.1884403201905256
2.1678321961774367
2.1764772752365484
2.176188281650856
2.188269596184736
2.182698698865507
2.1896722654838245
2.18556079592043
2.174927714765954
2.1851075854727453
2.188581796644348
2.1804257812590992
2.1764304067317672
2.1622336051045035
2.144172027469759
2.1764697766110364
2.185139579431323
2.1862522519541963
2.2044753286883325
2.2050648961344614
2.2084279357672205
2.2045603315065256
2.2024693904020185
2.210523098533592
2.217096092501422
2.2048291880088398
2.202609242472264
2.1994607537560396
2.1930424526091525
2.195713438444276
2.1932273289657753
2.176790446817855
2.161426122968177
2.1384477036387333
2.1561131981707935
2.1574727498414052
2.1721328049438173
2.168285195132199
2.1715519746833345
2.1685771570586136
2.157420800444075
2.1497446219783902
2.160821557376021
2.151472780984915
2.140187669621443
2.145107646092976
2.141614982934397
2.1377951796624792
2.137317068576307
2.123919047794537
2.111943525219802
2.103051944243103
2.098548447129051
2.107898629916807
2.110300202595364
2.1189887465435735
2.107951866878274
2.123419978079086
2.134540399620828
2.1320557571305763
2.1483112406858598
2.1531439249100672
2.153836615109268
2.152201229827085
2.1666150851408457
2.1777289717897785
2.186689562962645
2.1866143481991
2.1716240528970063
2.163464212934648
2.1442418440033144
2.1393170936103516
2.1053365862387827
2.1024681235667644
2.1161634243101344
2.13767213406184
2.139119868831795
2.15166172250306
2.151262903434969
2.1637638833277086
2.1607529121957767
2.174843851604866
2.1688131915624638
2.1624233243160558
2.1600784624157576
2.146094145105002
2.136138826710228
2.134669039484474
2.113465121755369
2.1036656922675783
2.0988794425627946
2.0965028992740513
2.0957508962973344
2.081893369864497
2.084453986998457
2.145828435920021
2.1511836022548856
2.159896591637143
2.158662391605208
2.162892305899132
2.159206007495774
2.156138086268774
2.1526521626293187
2.147147032785611
2.1346869222767104
2.1296456476192227
2.131681702518917
2.130031500450813
2.1310460106288622
2.132149497255651
2.123726932105031
2.124267397562761
2.1209083944475395
2.111805461869948
2.091942838042723
2.109352267125213
2.1231373337943893
2.1286532868640005
2.1448894687316504
2.1523697402787363
2.1606784655794176
2.174614898206881
2.1782191126812522
2.1853149828502145
2.178315150381257
2.179206532468477
2.18213916055402
2.180359028348365
2.180312435176426
2.1757444005536826
2.1761437198830262
2.173451497091498
2.168740503370687
2.16452450905227
2.1601238755198695
2.1542002494964483
2.15427882536565
2.138550787381482
2.147411120965509
2.132135663521457
2.122151946364188
2.1234673347521293
2.1288356606136274
2.1209049076427706
2.0940503844571174
2.1056862047082565
2.1042905363202236
2.1169904369765926
2.1161638903283877
2.108937835212035
2.1029227299699067
2.094819704409793
2.093784483633794
2.0830750032532523
2.0639183761477344
2.0725572744412766
2.077954768554931
2.0619677011334194
2.074541481556434
2.0658152762545456
2.066202235900646
2.0694145399301798
2.0456191916238704
2.0580733282140384
2.0591033606011693
2.050391275506411
2.0616668896828516
2.051985265046307
2.0445256742488622
2.039476921773379
2.0253798920717583
2.0177620384015817
2.016950191969076
2.0077928673047034
2.0234818950143025
1.9784253938361307
1.9784806630718612
2.0361582552644286
2.030949797624751
2.0487356308835207
2.0555885374904843
2.0751147507519123
2.0726885254661984
2.0721862715224075
2.0875749948543305
2.1001016626884406
2.0990120778343586
2.1103017476791246
2.111008061771399
2.1174227278801974
2.118570751072607
2.11519828190713
2.120190650935499
2.1194298548276276
2.1198071625593893
2.1235175825653556
2.115563294494449
2.1204329308649434
2.121991750932436
2.1177182603058933
2.123516130664393
2.1272698018923584
2.127668905334074
