0.8963395807813018
0.8675935413883715
0.8597744107661003
0.8837710312571839
0.8874068277694803
0.8944501702592275
0.9003401475698328
0.8691086016638448
0.8807667701686881
0.8927239035222168
0.8947061537078442
0.8862956548260503
0.9013901489524186
0.9010339038465498
0.8830267047339695
0.8549569092549086
0.8684922004932542
0.862841464366271
0.8608734993343262
0.863792222247127
0.8675208116394816
0.8594553141658036
0.8517013107034045
0.8623148991347731
0.8523708197487039
0.8624886000225075
0.8492919115814331
0.8632030627992832
0.8812520205383372
0.893001531892053
0.8813772273520878
0.8430379224885189
0.8728995328906267
0.8514193642657918
0.8657941679709034
0.8686014668411867
0.8617276234317285
0.8558426430763201
0.8426895407473532
0.8112568010265685
0.8270388830411662
0.8297984643169809
0.8574899991304369
0.8721025377839058
0.8708578232463118
0.8474963946793705
0.8465539716072465
0.8335783529819404
0.8223137343567332
0.810019423436606
0.8269626470084133
0.8355964999667855
0.8396165876106262
0.848587926910282
0.8403267767951944
0.8528237808249184
0.8327826990356845
0.8240642267374314
0.8350757370558567
0.8134995198073663
0.817673256302301
0.8276657467415809
0.8165337467438261
0.8178479784819371
0.7734987746827974
0.7659235256276691
0.784218059123439
0.7969538168794292
0.8259030205597039
0.8424469362461858
0.843519714681835
0.8370425372114558
0.84657350819598
0.8376347655091234
0.8549764537730112
0.8728761601316645
0.8795804942171381
0.8921650696834876
0.8791664581464088
0.8742490160114532
0.8771014371630882
0.8709123540688304
0.8479069256229307
0.8182608216739743
0.8023406684397902
0.8243574345604529
0.8303544223992518
0.8404571438825985
0.8593345099280373
0.8433672692184843
0.8006225080802645
0.8306684638937908
0.8318549668623669
0.8371597154502062
0.8141725776347678
0.7958983587824924
0.8005220958738238
0.7910500924778651
0.7877712991485394
0.786173370728865
0.7690702045695962
0.7695127099148933
0.7769310208172003
0.7246471336918037
0.7303928945537804
0.7225279416645146
0.7439798880719092
0.7316092886395283
0.7596307902604629
0.771097736338778
0.7790004991227821
0.7917838558699827
0.7761528597362056
0.7951418348814772
0.8069065967951966
0.7992706670393328
0.8126994166552061
0.8235655887026243
0.8297010921604101
0.8174312065896557
0.8072576803140847
0.7976840746960676
0.7915744275692496
0.7812690065858524
0.7684830551770783
0.773632789611679
0.7916576341913265
0.7890150043826198
0.8114513240397976
0.807815006591385
0.8013839014793718
0.8002185273003493
0.7997937963013676
0.7954412541178633
0.7805389973591709
0.7713719317991176
0.7790891124749594
0.7723571527953733
0.7677633186619861
0.7665624843655051
0.7884751819666316
0.7621084504592289
0.7566386684124349
0.7482112695812446
0.7297618725644257
0.7562154533671465
0.7798907567839689
0.7787787565383829
0.781538104553846
0.7855349805612944
0.7958691504914807
0.7871017914423833
0.7882029120172215
0.7868533166555486
0.7864137262516165
0.7859198932137446
0.7791574419746293
0.7765104824652699
0.8091296041388143
0.7920514672041082
0.7885850744397692
0.7826771002470185
0.7880065244246517
0.7849801831634818
0.7533062184280277
0.7553795645852712
0.7336203200899941
0.7434580583454514
0.7485487921644417
0.7568364682023427
0.759024848112087
0.7717846085988727
0.7766059940444504
0.7908990212724684
0.8046785558648887
0.7994446583806353
0.7990404556354153
0.8009815594690226
0.8032267752891241
0.7932816641223085
0.7812219228786695
0.7815597475413236
0.7889282689818025
0.7815459447527173
0.7798583953330305
0.766916398830202
0.7717575141687597
0.7673771785195085
0.7635098885297601
0.7619526329641296
0.7425776916106898
0.740601762220231
0.7390408812109379
0.7081796561122734
0.6912924979568291
0.6948675674119917
0.6817608347862933
0.665124500706087
0.6775178771365756
0.6635079160273679
0.669142160441312
0.6527816524667459
0.6803722301361604
0.6802402695737653
0.6690158944657322
0.6724975372297843
0.6717738734997359
0.6635314751923149
0.6684216682506313
0.6767368650344298
0.6672442647321105
0.6748612464584228
0.6703921896415084
0.6641037342866353
0.6429340701037598
0.6352711946563057
0.6202492138837562
0.6070551808108028
0.616995046017932
0.6347467816778666
0.6732174177958088
0.6826455935527764
0.6816413852589644
0.6658164946617952
0.684662756823897
0.6643852801030308
0.6755108121277473
0.6698046538606585
0.6736173941235962
0.6854023842623935
0.6741274567317865
0.6809596896936311
0.6891352000542909
0.6892853950365565
0.6883236921906066
0.7053059489388616
0.6970179709999715
0.6995725766621392
0.7096012533909622
0.7123231918181708
0.716617046527339
0.7086539616742018
0.7163626077401822
0.7153833794805579
0.7112410178427807
0.7206909780475683
0.7144804946059288
0.7277215357316392
0.7288497308658111
0.7302804486395978
0.7388903443367684
0.733006373692002
0.722884909130141
0.7199268192080309
