1.5404956121822881
1.5494922463717615
1.525165928899771
1.5701656158966149
1.5474526222102118
1.543630511118595
1.5609067740879472
1.5441189866467147
1.5569740604558087
1.5510441154272019
1.5479751952413978
1.5245466916146841
1.5486709009705655
1.5671311535171304
1.5220557565890758
1.520781432756127
1.5329224719550445
1.515609235902042
1.5308306208010616
1.5297730488102006
1.5300367370710664
1.5135681484015437
1.527279234240241
1.5228396040234307
1.5104453337958845
1.529245837174826
1.5162747832509087
1.4982780587519315
1.5243121140660965
1.5329801954388291
1.4993058757487143
1.4892385784148228
1.481675016480919
1.4926289534278752
1.5147159844408786
1.5254640196847167
1.5188566214888388
1.4989516276051593
1.4608670734301152
1.4434697128392084
1.469861295738272
1.4682526892128007
1.474558096440975
1.4741628452512294
1.4890304604342282
1.4782831735999729
1.4879818005952208
1.4676348255986893
1.4671674586923327
1.4401399038112346
1.4429720065510532
1.4781055382546684
1.4697614976325923
1.473827055548367
1.4736131750670431
1.48571102465342
1.4842381108367775
1.483293095213151
1.4660356562514185
1.4581116067718376
1.4567476741869496
1.4571724728084257
1.4509348466853804
1.4355630939528934
1.406244705196102
1.3563863721205152
1.367880198265048
1.3525907341916872
1.3277888721613036
1.3578284290794445
1.4039724156703601
1.4253729606095993
1.4163336448430808
1.430178573520058
1.485239174616759
1.4838737790526564
1.4874295426688
1.4829569242899752
1.4755441848110558
1.4640905110223188
1.483279391542995
1.4614404933047507
1.447974642943988
1.4355356038810618
1.4285539654093844
1.4277028744353633
1.4369868090570446
1.4468200246493503
1.4360460178013221
1.4324464653796534
1.4240564870175534
1.4222305211473454
1.4345843158342675
1.4281970993878228
1.4167563063168351
1.3982444998306034
1.3921599160377556
1.3716179720509738
1.3607989416203388
1.3434247358387659
1.326170878919858
1.3287020351660503
1.3174546123762731
1.299410679770111
1.3118469331533384
1.3414944366848873
1.3553551166017348
1.356163380830325
1.353478260408286
1.3598896768376356
1.3675944178587502
1.3702843504660913
1.398189874852009
1.3902942299112597
1.3895885208723708
1.4029456526188995
1.4093273488100793
1.4265952577206997
1.4174701472373672
1.4057681090084009
1.411531587976623
1.4069841346418694
1.3856021879265408
1.3671327952995076
1.3494070950947596
1.3610064894581997
1.3780343626987561
1.378500478267714
1.3930617482565868
1.3939820387175583
1.3934643627266459
1.3962025942981688
1.3945034567775993
1.3928000151013997
1.3811572296401016
1.3574935888182953
1.341717296904018
1.3230425558279708
1.3126275674349281
1.3084125394114696
1.3308813507308466
1.3482447316684523
1.3447459662177936
1.3575911311980118
1.3491834026759253
1.3177277017581919
1.3810885490795881
1.3823098165781045
1.3844758256178373
1.386978480895904
1.3842996162830308
1.3766460278980497
1.378693707205273
1.3824768469979825
1.3938162464087525
1.4132993223102264
1.4064825130451053
1.3960237844334393
1.404410767240401
1.3926608681823733
1.3914124006779525
1.3803731122265697
1.3829151273069202
1.3784454803433337
1.3775327823171177
1.3761982456666015
1.370364432093546
1.368606647611904
1.3689965135973206
1.3868304477789737
1.3826396925231967
1.381357557380942
1.401016011724801
1.416928188888077
1.4147167637151061
1.3956887758895131
1.395090348568741
1.402490522120146
1.394481372287884
1.4090272274407345
1.3934898690847823
1.3924829069667621
1.383752152522957
1.3746616574440311
1.3624523330614764
1.36596652877257
1.3608633815441518
1.3530142773175198
1.3220352473925943
1.3264965864049203
1.3415516166566726
1.3562954228405073
1.3563110137230252
1.3560012117152116
1.3600591147987209
1.3546841714850137
1.3456594126608417
1.339308431578645
1.351693601480511
1.355147714415494
1.3420821832399585
1.3445092303825288
1.3478350110695605
1.3455382512511007
1.3550368414230274
1.333138404879278
1.34433663517109
1.3491058417059854
1.3264853243413128
1.3456866582638554
1.338565328829
1.3377351521428016
1.3394229572052494
1.320432408112342
1.332073283717408
1.3234910136801048
1.3271930061748698
1.326834057572419
1.3165558749253625
1.3026242179867908
1.296766472183953
1.282032438442984
1.2799139790636493
1.3038039168513507
1.3280958046443954
1.2927604888839885
1.2713867892389688
1.2454495155784782
1.313334867447265
1.305702918925819
1.326376322107837
1.3299108246203737
1.3399632162432649
1.3386437887538587
1.3455365578913676
1.3472191528419881
1.3519983119852816
1.3512842556531222
1.3514621466452759
1.3410501789176827
1.3555977664550736
1.3569968405307622
1.3541427687496652
1.3595819927843413
1.354100326184576
1.3588376611999462
1.3545080873317916
1.359808514853056
1.352976599019068
1.3544289361587634
1.3543877867921215
1.3548838836545873
1.3568098435445646
1.356028466766234
