0.5541212355884265
0.5278669463986215
0.5259711938015726
0.5569288096268079
0.5542389813351656
0.5645493621966959
0.569033272094814
0.5301525669599454
0.5552237717003907
0.5682125940895498
0.5752964742704021
0.5566107232495647
0.5776316871523329
0.5816268710594392
0.5655831678860206
0.5591518547472585
0.5588306650482744
0.5586480625953203
0.5687604321449209
0.5587714443772684
0.5349867486452481
0.501466653306928
0.528041001090173
0.5348875320558366
0.5447339567619394
0.562520518319752
0.5566367765868102
0.561032603566303
0.5531511865172211
0.541594855704339
0.5402783105697618
0.5339262265677108
0.5463882894220491
0.5533589964669345
0.5777652067186663
0.5834979783195811
0.5696510015851657
0.5685723867558182
0.5708093928008059
0.5454907890832258
0.5520084795479093
0.5737949568291487
0.5615486261426702
0.5901349021410425
0.593362742782007
0.5648263716286929
0.5506957861115683
0.5455188175327949
0.550003342395318
0.5349038230003272
0.5260397896027997
0.5372365247442701
0.5344641341646889
0.5433634836572832
0.5456135073487444
0.5568543155031663
0.5497396499728778
0.5368987312178863
0.5317096342747516
0.5283472345661105
0.5311241104747627
0.5383580487647504
0.496519697940089
0.4745777980407761
0.47927479714288834
0.4996274571729499
0.5020954631092853
0.5098754294177866
0.5368601898317065
0.5581603598429395
0.5568407758175914
0.5642217274991849
0.5765168484699309
0.5694493028763774
0.5880522669916982
0.5923687056045538
0.5923077957331336
0.5869699165366085
0.5794759171176342
0.5844044677426417
0.5777426311174007
0.572084170221258
0.5510988459312313
0.5444285516953528
0.4969015130101196
0.5098727572236097
0.5140027362244869
0.5357043664554554
0.5353933331507834
0.526788013512159
0.5327704486870023
0.5342201663741559
0.5317183262051681
0.5341822941702057
0.5135147415944504
0.5126179910763032
0.49772397955465003
0.49195459622433363
0.5127160974725413
0.5028262904368759
0.5018456888495321
0.4730654927932312
0.4801038171715517
0.47670241322515167
0.4565241177930504
0.449601184050429
0.4553924913609152
0.4705696871172804
0.47603097483224804
0.480870736414282
0.4825333771197806
0.49055351695641924
0.49197970942296243
0.48961486428920126
0.49682731533467955
0.49962762340668593
0.49893177361742735
0.5169700999043636
0.5166354795887679
0.5108725680974209
0.49761507556608137
0.47899110509981085
0.4794158851815496
0.47563252972680764
0.4754213851253784
0.4719740940192941
0.49298533358238633
0.5048311185042517
0.507250555090544
0.5110961225580506
0.5069538718503697
0.5196111448136701
0.5111571487232057
0.5146550274999492
0.5119210477211739
0.502143380640732
0.49437818324605354
0.4933508077994249
0.4912171863994704
0.4766612703982502
0.48978064528168136
0.48174881014577575
0.46514493538719154
0.445907279718139
0.41558820058663193
0.44773463230227145
0.45676955515182427
0.47111297699301263
0.46774853502049774
0.46392407812797437
0.45847407145869745
0.45287943164835937
0.46200503013206806
0.48650498564085504
0.5086181601901881
0.5096022760424249
0.5021385641659998
0.5149939466415568
0.5094906831238155
0.5141246290371267
0.5050381491546566
0.5066020855349462
0.5041386738692253
0.5002068917822252
0.487759258656165
0.4678964189681046
0.47180444502177643
0.4868235797144097
0.49563993667370354
0.5135283861300574
0.5154845340174845
0.5213323653645895
0.5321965471369043
0.5418727560784788
0.5428222216605012
0.5314584767033106
0.5281942403475753
0.524242757625059
0.5316043892204017
0.5317531175639972
0.5191070470674084
0.5320604913276341
0.5214129470342124
0.5233412906882942
0.5279253140099621
0.5021257191161815
0.5176973780090239
0.5142526630917185
0.4946563430199068
0.4855395478446921
0.48930121818309263
0.4840765799980709
0.4787865268324083
0.45572680833679313
0.45737559828978364
0.435708428531174
0.45877981933571227
0.45691107106029194
0.4565406247405155
0.4582685954161962
0.4442362821425332
0.43504733617253954
0.4472865013044897
0.4446413200586716
0.4328226821531673
0.4260539420549902
0.41515639314626146
0.4123806008543269
0.4208937047494984
0.4283426808805458
0.4312721213099468
0.42492742562683566
0.41238083578847134
0.420242865568879
0.4144961935306583
0.42076699135103013
0.4075941194157349
0.42398295487845145
0.420107019083511
0.3986464143302353
0.3998656250403077
0.38862938593994883
0.38975666037947093
0.3729489447469558
0.3853740345828666
0.3627386564260661
0.3732702124925396
0.33093281827331106
0.34986079504826
0.302590535778096
0.29861582450572194
0.3220468141597339
0.32493245725016767
0.3307809235188198
0.3375500527366053
0.355020451122303
0.37555341057584807
0.3579579329607936
0.3814087419629903
0.38878682240713675
0.3865291033134663
0.39176123651276074
0.40269681655637013
0.3971858702874175
0.4042359621401627
0.4011353656885548
0.4116330986414356
0.4168607356886764
0.43359327072380244
0.43451177627477255
0.43267548008625023
0.43152809443060536
0.4299942690062141
0.4304509365127106
