1.2319379257726195
1.2306550190640082
1.209857373971694
1.2513573188033942
1.2472148346701362
1.248988293898053
1.252745818443847
1.226561216405224
1.2349785693651634
1.2335955108241214
1.230757531065219
1.2271127545043996
1.2551000063108337
1.2524138828277962
1.217194946305102
1.2238075798944263
1.2263923447388207
1.2104964813550043
1.2285579632601475
1.2199637444128733
1.2190077736248248
1.209513922583766
1.2073139395384092
1.19807639230812
1.1979890031408378
1.2196724450791183
1.2185174586623495
1.217059719813881
1.2212469671744068
1.2082931754055055
1.2127869158293554
1.2100812686482711
1.2120809522657667
1.2124279773257556
1.2382980049163028
1.2289761208613803
1.2169681685020153
1.1938063919946902
1.1739589198300244
1.1557369139524254
1.1718107899333603
1.1792996918341316
1.1588813373993327
1.1839511318754241
1.2013569846541743
1.2070484539755364
1.1867486462898054
1.1758500893501376
1.1643708453332124
1.167064133820801
1.1416282025931062
1.1623505368409688
1.151961290726704
1.155451398307647
1.14798345049683
1.1596455572652224
1.1577991180411569
1.1507583601136235
1.145434728349308
1.1614093704360637
1.1663613461019091
1.1657988199324552
1.1480197459835364
1.1477249177635434
1.1178937502767767
1.132918315416849
1.1523998536396225
1.1509583415512403
1.1540317863801717
1.1640528286575516
1.149605148402253
1.1632571462506707
1.1595798187476252
1.1511659895769943
1.1725895062702612
1.1826037135348793
1.163137089064358
1.1594549006120027
1.1395651518249008
1.1532072351172085
1.1600405419824793
1.1599741244652604
1.1471191992113112
1.1326122029367613
1.1142106042693793
1.1153228971228062
1.1255417023443373
1.1557894992184055
1.166798909168715
1.16124609827124
1.1577129981755045
1.1410405227409295
1.1350257303467255
1.1417017858805754
1.124131354988641
1.1213287294330274
1.1059389998683016
1.0862134460598447
1.0813677217471662
1.0789651502220792
1.0536709176395584
1.042806054088878
1.0329581981552962
1.0290696036703173
1.0221749308995172
1.0244190386451306
1.0320299364983918
1.0337736608972525
1.0100822385764228
0.9983774286776119
1.0095195961660943
1.0123613163100655
1.0302574099428068
1.0217897614701916
1.0174822131253083
1.0452221898586618
1.0594852180807166
1.0793304302291293
1.0907326898950105
1.0828462298035604
1.064812536510675
1.0572033617786445
1.0342371244849886
1.0264947075305069
1.0391576863190506
1.0379480935060297
1.042582636981726
1.044891633426292
1.058306038482241
1.0829689392422117
1.0926112617458612
1.0767706125560386
1.099815952218255
1.106571690514458
1.0965976682451632
1.0727913568124434
1.072077530553641
1.0616661952161979
1.0656693605410346
1.0618004148114157
1.0716945406926046
1.0773702445081847
1.0649158896408781
1.0689604706989486
1.085575530901121
1.0803863453170741
1.074311439389585
1.0986204963830841
1.0867464109436595
1.0995283336554103
1.0997990842988463
1.0890659113784562
1.0830819516068853
1.0776891842073297
1.065962045993296
1.0926026142996184
1.0898799446573773
1.07870809038937
1.0738145977591758
1.0815586921363862
1.0646408305618953
1.05720889969676
1.0522079179866304
1.0616173292762143
1.0522148362002344
1.0539785471254302
1.0533615574474984
1.0457115457761608
1.0411768091325557
1.058337350492607
1.087077999987826
1.0830176923650638
1.109048946188222
1.1237776802888064
1.130177879274831
1.1325723749659933
1.1246814241006697
1.1214100064579915
1.1321588247045848
1.1263973750403358
1.1426044276992746
1.1204019646129868
1.114070889864627
1.1054675034046648
1.1147647121020425
1.1000239814835793
1.0850812685123437
1.0808016339081459
1.07965543321552
1.066417872708644
1.0473564628452987
1.0302987901189764
1.0146063068239521
1.0484204382582303
1.0678691012074566
1.053296413726318
1.070908813649344
1.061805805107277
1.065731391209475
1.061975060279935
1.0526345263627659
1.0491769580827477
1.0438312085554031
1.0434696076721326
1.0470839669460512
1.016148400069298
1.0286640219754215
1.0318853445119485
1.0184392190581306
1.0323558797337138
1.0261352800931252
1.029849487562991
1.0367417477353713
1.0175687746298676
1.0253413296918314
1.0212533206900398
1.0211903331671999
1.0358274731577346
1.0395193639071703
1.0344952454126735
1.0194360985827104
1.0114734612710201
0.9927710048031579
0.9900404518419615
1.017568842631621
1.020377444909883
1.006554694973429
1.0013909335307263
0.982955815620197
0.9814983981797746
1.0205960575500521
1.037924967815463
1.0385478731614137
1.042295708103422
1.0390332696377227
1.0407736419820095
1.0474808970163072
1.0471315462436073
1.0412246140748254
1.054161280717193
1.057319494843616
1.0559776893774344
1.052811118573367
1.0382879633874595
1.0508417686887008
1.049411728497494
1.0464565169052458
1.0599701732915394
1.0483729477382653
1.055385337052943
1.0616655597796132
1.0603573558362798
1.052020973110574
1.0511788464930032
