1.101865827083001
1.0926250245669122
1.0865570057472564
1.1211396507494196
1.11362735926779
1.0919686894490226
1.1182223749371374
1.1055633485067855
1.1081524203487438
1.1170257049607597
1.1107483409961176
1.0858246045295512
1.1068711836028828
1.1230875924663577
1.0822038717912097
1.075279164404986
1.0881683161523954
1.070677753964042
1.088049185154422
1.091781268798458
1.0606767236115016
1.0664449269317322
1.0624971534680778
1.070213125109313
1.066761531899338
1.05805802363375
1.0570808363578312
1.061504140169955
1.0705134586684624
1.0630717211991438
1.0600449374048737
1.0459665303004426
1.0549661679152897
1.0450681711156717
1.0706861548677449
1.059287846443473
1.0350093619625027
1.0409159749294485
1.0340581914729412
1.0303647547058206
1.0326295598711797
1.0362428542124467
1.0372200640851652
1.057593607716229
1.082327502868564
1.0736565287698296
1.0499765914195336
1.0414996432312116
1.007386303166734
0.9906156088622702
1.0002663989617961
1.0307165814473933
1.0110145079553665
1.0306659169989216
1.0217850396058235
1.0264508895580688
1.0074471612759797
1.0094065321777408
1.011593124981652
1.0024574120073844
1.0110016247521272
0.9784419106864439
0.9919733858923455
0.9902364385439896
0.9700918287223463
0.9756909158265016
0.9883872346194732
1.0041756579040837
1.0050521162484665
1.0153644623549845
1.0182602646384908
1.0104349482132262
1.0157499046538774
1.0041651566348346
1.0122321784517427
1.0159990262210123
1.0144133602281133
1.0175809012602772
1.0112645465155967
0.9980220927285585
1.0079777940569419
1.007218857260828
0.989126136870279
0.9684215015882762
0.9603783560774177
0.9568552153935986
0.9699423992717985
0.9848690317701718
1.0021467585349557
0.9987457386690352
0.9989476810939257
0.9955339152843011
0.9822363256884475
0.9844874799395644
0.9655249348642239
0.9423305829159473
0.9353462447037368
0.9308917478278205
0.9165605420503982
0.8986963717191667
0.8984259911409161
0.8855197806766552
0.8861450629184665
0.8783935642815144
0.9141359634674775
0.9151214544005009
0.9234743381775892
0.8703575181352362
0.9238972360169175
0.9290093395996031
0.9391742912954948
0.9569070458337596
0.9500223216808
0.9539297057305347
0.9583433933508012
0.9684999333874371
0.9711964395130854
0.9899756321401915
0.9816849365395164
0.9790335749111562
0.9529793071939611
0.9495115831362687
0.9390834371716097
0.9204544542155864
0.9181480705768059
0.9161443106134888
0.9027546166185126
0.8866370904945005
0.8819618762744688
0.8825196173869458
0.8460569185383041
0.8641581711111089
0.8869958102901246
0.8829130219013861
0.8886756976758928
0.8846849685734408
0.8847615589514084
0.8908853545631668
0.8934120600206015
0.9046809170178258
0.8989634435793199
0.8873875684691708
0.8894864740322199
0.9010448377293501
0.8930468628630869
0.8800891346226019
0.9107750427833993
0.9120921182107837
0.9202301708719269
0.9375253124719826
0.9278271305181266
0.9210723763049662
0.9290142127957121
0.9197612963554966
0.9326089242299542
0.9500407211935682
0.941837972036786
0.9330091254436419
0.9337507468982758
0.9161325776441984
0.9210055537038028
0.9083017209553516
0.9216887154253721
0.9175883609849533
0.9157193148954991
0.9255706540045862
0.9273220650404237
0.9313276635250848
0.941224652034457
0.9356237976255418
0.9468448828089292
0.9540899336583551
0.961449952743445
0.969760838502362
0.9902512733409268
0.9747845942691463
0.9782989709478366
0.9677045809842129
0.9730185896498001
0.9714276443621207
0.9777310221959111
0.9702498976067233
0.9715406230614195
0.9497166983210079
0.951434161487453
0.9472333237180366
0.9478755873496286
0.9549411220295139
0.9506939705994464
0.9582274241498783
0.9491826911844597
0.9482585568189342
0.9357597283458464
0.9265906203689559
0.922666466139499
0.9200406243801675
0.9150607635652639
0.9152166067458998
0.9121699310138353
0.9132111002012115
0.9202438394715613
0.915752234260261
0.9151133805147081
0.920509091637224
0.9090469179086266
0.9184285486098048
0.9077747230914102
0.9126338497295942
0.9068801169792523
0.9073456159469693
0.9044962302230932
0.9120739759846034
0.8906225487761917
0.8948366735461799
0.8938033609115699
0.8949760588178283
0.898580513958341
0.9069750321999381
0.9009763823459414
0.9008788885706359
0.8987535222854607
0.895634233315254
0.8888747562589262
0.8870464372310992
0.8743462025509855
0.8500827056081066
0.8347025808924824
0.782811180345873
0.8340254198505125
0.8630158361018723
0.8657584701305044
0.8812480527879851
0.8797903085373497
0.8826635397650106
0.8817513559750205
0.8909764750306874
0.8983933160354873
0.902376344438003
0.8979183537147695
0.914956493481947
0.8940156247990166
0.9048354693482858
0.8975988266018687
0.8987068139165465
0.8996551830184738
0.9034953126832507
0.895661984159485
0.8972384026588208
0.9054290039704547
0.903291445179931
0.8998833544999569
0.8968210503143448
0.9108392699638975
0.9018815045391904
