0.6832084877091886
0.6700352199185485
0.6823220564207041
0.699943268464967
0.7028899002205308
0.6896549019194002
0.6976196248128481
0.6816803055447784
0.6918438159509347
0.6960625072244355
0.6931531142841738
0.676959320949877
0.7049602297934213
0.7028462289320886
0.6676596958357228
0.672450086436037
0.6716364610688483
0.6402280913045449
0.6619624009423861
0.6611463485371304
0.6610292093857442
0.6586520160844678
0.6737941966006381
0.6564975321652111
0.6623117419217511
0.662215218530068
0.6537615546188551
0.6681333439410914
0.6749500803901827
0.6661156938991952
0.6444695637862511
0.6344836931452852
0.6388517591656221
0.6528251570068476
0.68616061638845
0.662488172087548
0.6577347741687007
0.6341082516484554
0.6298991632746712
0.6279557433493524
0.6308606446109145
0.6369709302979658
0.6461317645095754
0.6613681499093639
0.6723153380907985
0.6724026685433965
0.6430652821069682
0.630982547693867
0.6312297567937577
0.6280531196968744
0.6195968266151529
0.6411271300297078
0.6420343352585302
0.6404951659618471
0.6373005416899684
0.6422401163033922
0.6506100237735926
0.6391001400494433
0.6241748826915862
0.6079189672544049
0.6088160312322036
0.6011569343248411
0.6152304210296833
0.6119709495042689
0.5789974491610176
0.5842402201165152
0.5831662243506671
0.5861272868195666
0.6132568128688515
0.6303730533175234
0.6346675635570768
0.6386038688114104
0.6454126415182007
0.6535382850881707
0.66518132092788
0.6697592318405452
0.6524840283000327
0.652163032336193
0.6450362455504338
0.6410767354774738
0.6319594019403947
0.6262648024865662
0.6177283698578202
0.596639030470644
0.5588200966396407
0.5698087599126943
0.5813548514063435
0.593078715362215
0.6071449761104981
0.5934959867295431
0.5967058020783036
0.5914031732090398
0.5970535993802448
0.6113431460933989
0.5848901931585887
0.5673684581747843
0.570137254515781
0.5539667822628751
0.5679490863894382
0.5493038654900578
0.5437620107243699
0.5323219266854975
0.5394638278362078
0.5317405857810199
0.5246360954533278
0.49968404254844057
0.524854518952502
0.5257335209558982
0.5475186647035152
0.5484770656604121
0.5498940620080536
0.5535709371163186
0.5676602288618787
0.5715109930804784
0.5805165974222042
0.5793803431323908
0.5927151173167834
0.5990871963548763
0.6033996356754949
0.5860454978049773
0.5699165325584606
0.5587578770272398
0.5466055033180229
0.5380871438811393
0.5417935744806576
0.5377706257253438
0.5474925581943098
0.5383577902743801
0.5650519474481709
0.5583388028110435
0.5745505088408631
0.556895575189856
0.5758677383287503
0.5669280390589532
0.5612420333745465
0.5663013345049207
0.5601964866222433
0.5429663534451412
0.5424803114358487
0.5362060954592498
0.5391797733780572
0.530094660343494
0.5213026347657704
0.5259004079914293
0.48061753656872414
0.5126905713189516
0.5332521294099267
0.5379404942388848
0.5479735307827199
0.5689186659101051
0.558093036918246
0.5519940957747947
0.5420279454762487
0.5418340263966333
0.5338618967480255
0.5144102810977044
0.5284792900480226
0.5300137376230943
0.5391725703442277
0.5461769298742132
0.5378597164989544
0.5468548679474459
0.5283335259189177
0.5497540961362389
0.5441822586125649
0.5428412028883692
0.5268568640515344
0.5477108730343593
0.5387714815884233
0.5541124688697635
0.5668014626136276
0.5693756711243304
0.5741982079071422
0.5898796145291733
0.5971762091528368
0.6046682503924661
0.593831028836772
0.5977053128868455
0.5942691545377399
0.59866581308093
0.5930770850889986
0.5924639391291849
0.5893606979673188
0.5877397867296418
0.5723755153588819
0.5837568891079771
0.5622432171832786
0.5681938746141957
0.5605981416680514
0.5465301696668838
0.5498119786946665
0.5338408516739042
0.5175678344289096
0.5211718241335516
0.5232917640555643
0.5168014956662095
0.5098264048314082
0.5098731938886533
0.5209238099728412
0.500128710716462
0.49354287959696597
0.4923648182265019
0.4873382575539024
0.49400998948196534
0.4951003413537189
0.48866632590968023
0.47905881019704916
0.48198501072989586
0.48550856669524095
0.49543731709479694
0.5017352890065394
0.4914215266205007
0.4943278721724977
0.49087128172912536
0.5003202562651119
0.47953439633259975
0.4867425524400826
0.4716311273814036
0.47083483577592056
0.4722620078862348
0.47987702922538406
0.47372731997400264
0.4680131321075737
0.4637693383459942
0.45824023861214536
0.44464010979740026
0.44885139134234064
0.4545671308470679
0.4358734003696854
0.44893029608908586
0.4380501329797347
0.4490204987914117
0.43713287958639535
0.4413376232996676
0.4532397775844724
0.4686851285243971
0.45784681318169124
0.4574110844328441
0.4762722635763356
0.4731064749004687
0.45844087805722417
0.4753839848003591
0.4861124872388424
0.4698820859376822
0.47200006573240594
0.467204340405573
0.4706912253773178
0.4737695433651639
0.46506944177151266
0.46641736584156385
0.4684675815407487
0.4855668153832409
0.4869175004072278
0.4832506830181589
