1.7751061774529484
1.7780117126008772
1.7626252435601
1.7952985468507328
1.792593306271895
1.776468251748134
1.7934012327239763
1.7732838557081203
1.7921016579814564
1.7938356630334191
1.7815039968775033
1.7575056068883166
1.785751157114596
1.798591051580536
1.7438678226885942
1.7591281562875019
1.7576430687450513
1.7289413213926341
1.7435795195830346
1.7572066772743502
1.7435933719563872
1.739828777825738
1.7375863910156217
1.734327569768946
1.7120267416533153
1.7382083628107219
1.7621672807305229
1.7387598154613584
1.7469347005183384
1.746673193909286
1.7437204610020889
1.7293365166971504
1.730281683708318
1.7109593758354102
1.7193883682051267
1.7042040972255321
1.6687022293340952
1.6480585132773793
1.6709216855741027
1.6563867423540175
1.6819368926761311
1.692348714934913
1.6958158748831496
1.6993942588783717
1.7256165028304356
1.7175802461111709
1.714547891888817
1.7106683319273712
1.6755816842380629
1.6648654237206244
1.6346497981628483
1.6740763920596273
1.6749881467323098
1.6914513604687096
1.689775656153568
1.6865781224660774
1.7009929087864522
1.6888474734404768
1.6778231758731617
1.6510609084977812
1.6589075100453627
1.6609218619004507
1.6680557769561724
1.6458971483828915
1.6293067005690396
1.6239405309651262
1.6507053403503
1.6667128409378065
1.6642412755933056
1.7094539546152943
1.716120370738915
1.716691407549949
1.7151528136111753
1.6878509015752876
1.7140158340830676
1.7234738184476661
1.7116749910151097
1.718054067179316
1.697191296249846
1.6854326189348334
1.6840935827101882
1.6782714661963478
1.6728111031081687
1.6522104970753688
1.6343711736978
1.6199655898169183
1.6221814602397993
1.6306540322043637
1.6365679587040611
1.6302998345366904
1.6253722091933251
1.624796325022215
1.6183488777400483
1.6238452059891497
1.6106567958962121
1.6091717262094487
1.5981726188359386
1.5928411376962832
1.581961120463903
1.5674239175832285
1.5549771312018312
1.5397498761585648
1.542801158012185
1.544545723458176
1.5787031391758204
1.5782363647359858
1.5829030659922163
1.5724340962426158
1.5726352493498656
1.5994009031151797
1.60237222250437
1.618862545433907
1.6245480542661848
1.631499506779864
1.6230998191504016
1.636240045894173
1.6463603663962816
1.656110949361245
1.646353083537161
1.6461768354967745
1.632147566779119
1.6120608708926998
1.6025035906986598
1.5690366374142823
1.574996018884539
1.5744466334538034
1.5955382836659875
1.6013034032217934
1.6015619176728007
1.6085058523185873
1.6202806791966764
1.6089694213202805
1.614704587943058
1.6216095762220295
1.607001596110939
1.6127783219050442
1.6106383963066564
1.6012600879477934
1.599873218429685
1.5723469312889946
1.58045143640757
1.567573024637437
1.561561771289017
1.5351224424112884
1.5476626750531977
1.5611029644372936
1.5709812821630673
1.585226996111788
1.576654179608889
1.5907253983231286
1.600921879375002
1.6028791827184437
1.6151471873677148
1.6073433044259264
1.60184182653015
1.602985657533924
1.585840488630515
1.584585897428753
1.591742119021572
1.5852892845723177
1.5977771737992883
1.5979371209400446
1.5867411397643616
1.5891024438331665
1.5751035531937765
1.549411212926132
1.581352347106373
1.6002522517691662
1.599103890539016
1.605710562907635
1.6193756797890642
1.6184669224770074
1.6335064746574606
1.6413824371254293
1.6536427361034391
1.6523929328367613
1.6441537978595544
1.656768972913911
1.6500468494328646
1.6435123409525296
1.640205372252948
1.6353951450528748
1.6198642874165483
1.6260431218832307
1.6206377213291714
1.6272840010010963
1.6186101014194643
1.6326228029118797
1.6095720295293674
1.6063643383391935
1.5970177080469254
1.6009512246459048
1.589229464323861
1.5907878436003393
1.588749339881422
1.5577833191849566
1.5759004583482934
1.5729853245577121
1.5860402074578712
1.5816106728969457
1.574904740854758
1.5641141078255258
1.5753758995420426
1.571253175320571
1.559020087404418
1.5381371420559424
1.5443431376045411
1.5495104681281702
1.5402664008469016
1.5446002634896998
1.5328906461389744
1.5382925748659864
1.5370107567905522
1.5322158752202342
1.5312224663145655
1.5307103072052088
1.529626704766432
1.5378084775496215
1.5275020597252014
1.5244962199092786
1.5169186289476213
1.521743201093126
1.5098142744912677
1.5032532942663737
1.494471209236662
1.4902870853995511
1.444249976463218
1.42496039132879
1.4826474993443375
1.4990041220634533
1.4935568783175561
1.495404776023104
1.5140816405375706
1.5203412412438857
1.5221276229438905
1.5477914305591796
1.5482774738940135
1.5555263686674758
1.5606980407873887
1.5536259346607282
1.5720478832478593
1.567116405578806
1.5666286578859898
1.5688700505650859
1.5687421254301683
1.5708139750068275
1.569936315836928
1.5722388264933158
1.574271988195251
1.5690269471590899
1.5719668486685372
1.5656655912536392
1.5745074105407069
1.5757382514091165
