1.154286041578282
1.1309013188687478
1.1381342235473457
1.185281655162259
1.16111610103757
1.166768312771316
1.1729932973781536
1.157187648599976
1.1791973541321392
1.175720111765944
1.1789063980179038
1.1660683541431438
1.1800029417784403
1.1869088750003303
1.1766628069581766
1.1452898503224869
1.15169844193405
1.10677358682321
1.1462580827323747
1.1418366282565275
1.1314576126150118
1.1287717454740527
1.118318830504458
1.1004507172799811
1.0991100320397074
1.1399298796477342
1.136168444924257
1.1325421575191723
1.1439989905422971
1.160947424534042
1.154778867132776
1.1391424803708488
1.1303503724541808
1.1596495445087964
1.172714525305822
1.1614040026333716
1.139266415598101
1.1304340593639448
1.1132102443731204
1.1115030400571535
1.1125394332316176
1.0940426689414382
1.1158223069819955
1.1392130081325833
1.154887660810767
1.1374379244928803
1.144172236029807
1.1437402284109488
1.1156509053997214
1.1193927492758975
1.1087081660741518
1.1318140469747533
1.1248704779466416
1.1227823239486
1.1091484046067037
1.1228142118741185
1.122992734001817
1.1224920525426947
1.1158164207071073
1.1091681627641818
1.1000316192861814
1.0936075041307687
1.0723242130908663
1.0591611213624805
1.0201121488590532
1.0665555589006221
1.0946144493520629
1.1084708734499857
1.0995522835999851
1.1247440438336291
1.133834535444649
1.1379717575587183
1.1400448423566738
1.1250379909418122
1.1492432674061361
1.138524328659423
1.110052200618291
1.1032681055934055
1.1037604021298726
1.0922956976420257
1.1053438675408014
1.107885053415212
1.1037270308862737
1.0898837595811717
1.0808074444776885
1.074394886835161
1.0895537050773005
1.080755615204227
1.0896091619587314
1.069917855272243
1.0678429961495306
1.0766513262945496
1.0711188362665771
1.061487225901679
1.0564850052148351
1.0527169502869107
1.0367097029628138
1.0143111347926417
1.0348155172265392
1.035135542887144
1.03622082045503
1.0248887932789246
1.0182719509194735
0.9765760160546023
1.0175446321664599
1.020155384662518
1.04134855041182
1.0412909990912405
1.0112563686296137
1.0269047894494865
1.0430425149592786
1.0613137909734143
1.0687802444282077
1.0742398625575729
1.0716543326572086
1.08036052757899
1.0798517072122202
1.0907486263384958
1.0942977547300015
1.0883005050219574
1.0626766781996695
1.0253542341131618
1.0074291553523702
0.9776754794868873
0.9185501361240659
0.9130597460412798
0.93026838809593
0.9504997286921351
0.9739887169964719
0.9833782259023169
1.001828987819246
1.0278285951408828
1.0457090006197718
1.0512148555253795
1.0486644135608891
1.026012265252843
1.0246962822292012
1.018803603087323
1.008841532400374
1.0160945159372181
1.0350118670503718
1.034189517487294
1.0329440609227123
1.0311373123773144
1.0308733089370716
1.0063785741187365
1.0559689014576252
1.0538630572054992
1.0643602742934761
1.067054086589305
1.0676752112583696
1.0610014074970857
1.0567409782769324
1.0614133415535514
1.048674264592764
1.0466728162402188
1.0477109509145741
1.0548391188903388
1.0316361264013865
1.022190092948307
1.0223441334814234
1.0161912234623338
1.0117987076219226
1.0114525383071253
1.0122954246801554
1.0012224770278921
1.0089883183009414
1.0042285964992066
1.009170046144824
1.0084892006626167
1.013376714585614
1.003485656923961
1.0131732738451065
1.0148803516296585
1.0405740535451609
1.02814417311702
1.0336463314352748
1.0355165261334682
1.0496373013515095
1.0693093478652762
1.0635283231347723
1.0633342831478456
1.0589935683692915
1.0561694586573669
1.048145252568248
1.03402419565124
1.0254256572222111
1.0266266643667952
1.0218632772899372
1.0301179574747015
1.0294281851965306
1.0203847856096366
0.9923522615015712
0.9886821162968573
1.0173546643214877
1.011287700341322
1.0126318413629511
1.0275852669781949
1.03343213899764
1.0400179708452548
1.027541874015515
1.025388600187482
1.0217541715728387
1.0291249364963262
1.0261694853809455
1.015103850112035
1.0152094159492104
1.0230682726836657
1.0132056151895248
1.0197264344893913
1.015459635762043
1.017115132649399
1.022795330593575
0.993249706396787
1.0028825433713449
0.9932640114924428
0.9724469355295225
0.9763175339214033
0.961609172131005
0.9625253861849472
0.9536578110243515
0.9505955350204485
0.9187385880400738
0.927213326206284
0.9355143758246576
0.9660969088421887
0.943724238132621
0.9309387529432015
0.9309966353596287
0.9590133118975591
0.9963920761404297
0.9985538382997605
1.0101121374918363
1.01289915154623
1.0093532290100138
1.0059287721241454
1.0128903939546374
1.0230609965020572
1.032594591327037
1.0209314455895695
1.0317304966500278
1.0262704401651843
1.0311192119562698
1.0285053301866918
1.031866866422284
1.030426746768971
1.0293294132105322
1.0370055331418362
1.0239774341814463
1.0254492458961828
1.0300054590424923
1.027439593522636
1.0427221987013273
1.0297284607212782
