0.862544631090276
0.8305779110674523
0.813268101487305
0.848627650982718
0.8433091207822352
0.8558264281052198
0.860770821278709
0.8341523187888024
0.8527468870575602
0.8511190875371923
0.8503256177390434
0.8384998899747635
0.8538127313982828
0.8679649665784935
0.824443575137196
0.8324029093688724
0.8454336380451322
0.8276621053287594
0.8446818131414224
0.837849905198876
0.8352690547001761
0.804053767169716
0.823820596640426
0.8320026562679247
0.8319563968245534
0.8381543995413835
0.8059359885621444
0.8072176550448811
0.8239508675640569
0.8524772242046302
0.8270848753822055
0.8226486198374195
0.8105861673342535
0.8107265496962356
0.8177797189888402
0.8104691497254776
0.8005448083028319
0.8031500319994681
0.7892736661354032
0.8027929595174955
0.7958239804457129
0.8070313752710265
0.8346574814706975
0.848904378651483
0.8493868674757287
0.8258772558305935
0.8041192572259466
0.7993917151787256
0.8108034826048816
0.8137438576753366
0.8012925550808162
0.8069100123597773
0.8056194921997357
0.8134851999815497
0.812383825919088
0.8106285086428616
0.812251626048958
0.7962385560962496
0.7953782777405194
0.7943982114849066
0.7835845916996104
0.7858958891241574
0.7804611296335132
0.7619278388420484
0.7532352653943932
0.7392496823248443
0.7510229710214169
0.7597101763929857
0.8038030109054275
0.7968440478611467
0.7901170069069534
0.8022399094877163
0.8037817734459078
0.7910971013967567
0.8172065611480196
0.8365792835884561
0.8330890224754706
0.8354339626539204
0.852267659034266
0.8359350847585405
0.8418341298527996
0.8429311005266541
0.8250815470972886
0.7914346834243363
0.757785571621113
0.785154280175963
0.7985315469911514
0.812372125240124
0.8215633239458682
0.8013503715867095
0.7658551480351089
0.7840029162241687
0.7813210147297732
0.7960201105547854
0.7922160532891582
0.7817368801406204
0.7704559777399614
0.7639258280162682
0.7736037829227868
0.7522373021201193
0.7626406713232702
0.7572735752920333
0.7432671196599585
0.7320077212439048
0.7034484575023249
0.6866489872902071
0.7053346516414536
0.7128143117990188
0.7383551118514008
0.7523042270422168
0.7523175194660109
0.7659874881243653
0.7534826811937808
0.765565295786692
0.7704482436437591
0.7703180242659673
0.7748752083497126
0.7908150816655161
0.7874651721378956
0.7835831961228517
0.7765138626625708
0.763109374260161
0.7409656725183434
0.7400175595966884
0.7434534850228283
0.7692049935419272
0.7778237203019593
0.7694708264861864
0.7622457554795649
0.7815644696338964
0.7809119682997133
0.7731139266303083
0.7719822603201153
0.7740891045406264
0.7627559879281157
0.7519957380653419
0.7441293808913948
0.7399729041605386
0.7485530850541006
0.7358218458819364
0.7549512356830971
0.7457212724238601
0.7298930079885785
0.7062063883615305
0.6940018766436533
0.7261668185437866
0.7419913606704643
0.7467655104358085
0.760137054140673
0.7678241695049023
0.765953665297165
0.7726034244749812
0.7572410635037091
0.7586177124666224
0.7667352220978694
0.7618058487274776
0.7623495163294571
0.7609186636418397
0.7660728192783678
0.7698694290648144
0.7609664623687654
0.7577502231057349
0.7462032180300792
0.7175259603403815
0.7070884322415286
0.7038181561300904
0.6973178342926424
0.7134743584177675
0.7232933205402238
0.7435144526789342
0.7365280993962866
0.7593818254251838
0.7598437548994744
0.7685951338153914
0.770017339033252
0.783198740478689
0.7767939432069765
0.7687498283215587
0.780786384970803
0.7831711557881008
0.7762971216031697
0.7716270529159175
0.771232960560466
0.7713238641710068
0.7702903155157071
0.7635533236299007
0.7609916637547456
0.7502239930212445
0.7565144991321242
0.7420970396056038
0.7338337401025885
0.723182839645172
0.7139196512099266
0.7028821990622587
0.7065445720019283
0.7034588117749104
0.6742526113047994
0.6594951480841311
0.6578967684589186
0.6586111740405485
0.6461376563658092
0.6393113751104426
0.6361096822713318
0.618440043752581
0.6468594434510283
0.6397320276316738
0.6494542474088897
0.6389132166120977
0.6303057792092351
0.6701840680610684
0.6366444529058504
0.6278259098958017
0.6310705462018238
0.6312424481542492
0.5977636590596511
0.5848582398198293
0.5992465873986281
0.5920985671653518
0.6040137438441336
0.6353211827289567
0.6609696532524337
0.6606231233752179
0.6515855653573805
0.6710600146278893
0.6488198200951796
0.6495055865336793
0.641304405589799
0.6477623043070273
0.6442419550009552
0.6588675176524835
0.6508166072667325
0.6541076529950928
0.6666783137550681
0.6693895770860031
0.6771496723662344
0.6727431787986237
0.6711106290611533
0.6890951567818373
0.6870409154485453
0.6834890390701427
0.6779449860128631
0.6882756014060349
0.7048920667314927
0.6830237360229268
0.692919149829255
0.6999818061815261
0.6886348087195147
0.688196189618732
0.6999974230035454
0.6927639423875835
0.6855409418488377
0.7059347066791949
0.6916526816703809
0.7023626215074883
