1.5448513604030791
1.5398532498313005
1.5303162082289088
1.5754253712270074
1.5639191419104927
1.5429991694657295
1.568349492960322
1.5507680804712662
1.5577269832161946
1.55943807747667
1.5587026090152143
1.5410706361428044
1.5586811089402004
1.5754452859287666
1.5321249696996755
1.518953656739263
1.5291400141247848
1.5184886030542946
1.5274099858084582
1.5363964302314643
1.5169226973719023
1.5016815897022602
1.4976030182968398
1.51018745047175
1.5126524874331762
1.511120795846517
1.498735287054787
1.4993901062818684
1.5044461831631661
1.5232046294169328
1.505670579536607
1.4917815105236547
1.4861714543519824
1.5119410164539582
1.517678502377769
1.516608008378889
1.495519416293853
1.494392242200522
1.5017227665738926
1.448296541981641
1.4540600934761698
1.4611321835280757
1.4758661526752732
1.4923124889009876
1.5208522343637134
1.5160258932883384
1.499904639286353
1.4776280158487667
1.4380291703557195
1.43864076251124
1.4374044210265386
1.450654560608963
1.4188606524105218
1.431710710759192
1.4409328833424406
1.4544614294155422
1.4378700015092243
1.418485662007871
1.4302444175737736
1.4275798474023211
1.4334494181368673
1.4408947819049474
1.434605627753149
1.4515017204437664
1.4270618696441877
1.4090825444916644
1.438649749394301
1.455549161726262
1.479249742572062
1.4750729973151055
1.4665970751435868
1.4649964394920874
1.4595489235420953
1.4611663900160146
1.4644202797985382
1.4588628108206012
1.444521508884558
1.4389495551733393
1.397708329859849
1.3528499077847775
1.303328581381353
1.3578444269889305
1.3374029244520638
1.336933678761162
1.3363999249079466
1.3582656138940425
1.3686900751375124
1.3988233835193862
1.417300462622468
1.4075623325869218
1.4244973040675326
1.4242288913673045
1.4153750014721957
1.4022768865414539
1.394216593391565
1.3675923591931842
1.3822666258043654
1.370176377808126
1.357055451888253
1.3474263866105272
1.3474748457236774
1.3548332576501525
1.3656388053342396
1.370054575563528
1.3686942900463166
1.376502544831098
1.3710332566119088
1.3669895215504975
1.3896256423776439
1.3970644872924078
1.393175052258646
1.3942131120840298
1.4044387304570265
1.4042297165215023
1.3970205310131547
1.413377915500477
1.4392960644562225
1.439281681456753
1.4321891741247317
1.4261864312756043
1.418331678788783
1.395519232397992
1.394903497115931
1.395447596907016
1.3791919868014444
1.36306717389493
1.3472643323574625
1.3486705200671885
1.3496651411345977
1.3642437220215047
1.3562619970026586
1.3633040817650162
1.360539735093378
1.3636285956632832
1.349759240920143
1.3467973715106147
1.3390452910865862
1.3526725916051299
1.3399022901689823
1.3554491213684712
1.3549702909049026
1.363862047106606
1.356620718147225
1.3728614128454124
1.3567865592631927
1.3430124617820591
1.3766078034875733
1.3825155355538847
1.393938837414442
1.387627593421354
1.3931418315616104
1.383448779134423
1.3963112130859279
1.3929616524392516
1.3823399395071334
1.3709262264045043
1.3724220789061672
1.3583491430193924
1.3489842937075058
1.3413933936413511
1.3406867743905133
1.3328532443846026
1.3387530869658073
1.3401733154058943
1.332421954673619
1.3373417974053674
1.3315409666165317
1.3454631882499495
1.351230984722562
1.3637951614558153
1.3611987998204496
1.3686965405501301
1.387291539415823
1.3983324372986952
1.4181033454867034
1.41560299743866
1.4142603885247187
1.424127242212033
1.4312500271730728
1.4314632104187524
1.4244465363256722
1.430934706573135
1.424560961026357
1.419551514822257
1.415050558557562
1.4226879723547656
1.4122267145736853
1.3971756098898787
1.3845059807893358
1.383972861975517
1.3827139753837558
1.3735459637305172
1.3615570070672232
1.3661413649578882
1.3646479755464895
1.3659857239610014
1.3562605652370896
1.3549420125219098
1.3560519998238136
1.352303715952612
1.3535182341698155
1.353904266811442
1.339976992064621
1.3497822721528707
1.338893880940257
1.3350303555353655
1.3386272572198874
1.325689374086809
1.3249643765268715
1.3246859148665957
1.3341018781434084
1.3195946584349687
1.3199822651952702
1.3326733941578344
1.3161791449722895
1.3319220230001823
1.3273629920970365
1.3290317296478462
1.3293427358992165
1.33712901071177
1.3334594500133985
1.3336921920709675
1.3281171019797497
1.2954718247199195
1.3079111466099653
1.2943206688830675
1.2626849113822387
1.2341320272127876
1.3017771801132194
1.3150134284201669
1.3172248515903138
1.3322901861718317
1.3347464710881218
1.3286339480425484
1.331006741935033
1.3356496061684844
1.3316960414616796
1.339900847793571
1.34464353473754
1.336509122014926
1.3436552991154722
1.3389622953433318
1.3461932798871823
1.3433157273030187
1.345423193961812
1.3509943890235676
1.3464325786635043
1.3553847305889641
1.3451210682344867
1.3537401463346042
1.353379261850784
1.3518678040553278
1.346682341721771
1.3572221757616083
