1.731915166455171
1.7249792287623098
1.7173685459390142
1.755110470902577
1.7449849122755636
1.73553737392786
1.75386349971425
1.7259048746340333
1.7427639813037732
1.7444332935510287
1.7330445206104064
1.7257801897258427
1.752980753103173
1.7561072304815049
1.705814874603155
1.7180222789116186
1.722599221550811
1.7119981301231826
1.7216767668489288
1.723633492689684
1.7245362857812596
1.7115811285508788
1.7233493777623348
1.7104525438355955
1.6910304909298948
1.689463639099908
1.7030323829565515
1.70531306355566
1.7071344917908697
1.7197694909729857
1.7109449406399142
1.69548545383084
1.6682140860397578
1.6927185812578338
1.7023877984549736
1.696616994075033
1.6837342157012336
1.658276399994748
1.651704180673894
1.6306606892436217
1.6522289188677752
1.6443635926058096
1.6436683096775377
1.625310716542212
1.610413672623159
1.5731115418404638
1.5949764124496713
1.5940827308497048
1.6105068477212356
1.6205915101718458
1.6288881435002953
1.6692392665398013
1.6677515102805116
1.6555497100855479
1.6532383136317363
1.6645419573367892
1.6624513993100272
1.6548829597979584
1.6468441395038063
1.6455887852790587
1.6564053668522785
1.6534642204108332
1.6611475657451968
1.646335136903571
1.6083041696679392
1.591688423385449
1.6136954775499384
1.6202006060858676
1.6230199251483057
1.6542376704197455
1.657361256702398
1.6641091951591005
1.6582103197235478
1.65364562917112
1.671049408255067
1.6862970395976187
1.6686250836774121
1.6732872434593447
1.6710695563900124
1.659491674372165
1.6761882591527246
1.674985404666951
1.65792095175355
1.6329946221139198
1.610454402852652
1.601380431599406
1.6133994001567842
1.624331314894222
1.6414635098714503
1.6289462361801694
1.6304194365098883
1.6174843718014522
1.6197047341079343
1.6119617779492528
1.6065338008012209
1.58986733596351
1.5882315555882593
1.5779483453216132
1.5694844232315666
1.5641919004542901
1.5636801366104964
1.5529900643207024
1.5267921014528996
1.5412731340405463
1.5615571918123363
1.538371326259865
1.5481249045015522
1.5162103491542354
1.5286698798608918
1.532425812214949
1.543322932814812
1.5601844288410331
1.559633242678238
1.572102390129231
1.5759508175533834
1.5869896171156306
1.6015110819699934
1.6137637281693025
1.6224465882919656
1.6090783800619304
1.6137151810498864
1.5960716884531438
1.5937550377372853
1.5731157468468104
1.5606093312979084
1.5613351655863559
1.5793318327276966
1.5821133242057346
1.5962372152710036
1.5963765950109141
1.5980471527128963
1.6101826160105657
1.5983229516271593
1.606504026524498
1.5938744398705298
1.594190799330539
1.5714681384866407
1.550504406234729
1.5350719918723257
1.5061007220630473
1.522514576831162
1.5161589832255657
1.507060425334923
1.5110300511938484
1.523204263853435
1.549082196901695
1.562199081906848
1.5704290595720078
1.5726111147212958
1.5793627332773397
1.5620820743759853
1.5544884784675819
1.5667695483135782
1.5663666546609616
1.5697186561160184
1.5619159836709964
1.559661560674567
1.5706378818299085
1.5723709641893895
1.5702865902179302
1.573886455010248
1.5661922160660333
1.5758837059994897
1.5615996706171962
1.5663079555058868
1.5465579609139037
1.5635040639143196
1.5694636548288825
1.5768628830736957
1.5912109509465264
1.6012540210156385
1.609387422929263
1.6303070239282362
1.6363298649385263
1.6338231453478465
1.638455846394287
1.6395521005408655
1.6331228295344076
1.625540543622891
1.6238942471885698
1.619395291247996
1.6143397889230031
1.6116357782001973
1.60834744031411
1.6130431310502074
1.6043313631191702
1.5982292373578455
1.5980708030111015
1.5908277091819252
1.5870216700894997
1.5894679011964046
1.5824892271040791
1.564682460706122
1.555786050555896
1.5571700074989183
1.5366504861955081
1.566994743001804
1.558513483449352
1.5546546711848928
1.5532146684876729
1.5472055632942174
1.5451090070004445
1.5432762762580536
1.5397797427323991
1.5254426553318392
1.5229221325343802
1.5241155881184034
1.5213972859583105
1.5072677510041677
1.5242774123988754
1.5213321774652904
1.508570490022714
1.5167857306682526
1.496914971114677
1.5022813200926852
1.4979402156173547
1.4876224575792858
1.4873957781298948
1.487232829621122
1.4861253396481637
1.486141564013069
1.4714339131108765
1.4395690870647984
1.4577496987523972
1.476776811934503
1.4804549636049742
1.4746411612578805
1.4458031592959253
1.4875650981307948
1.4616112237619523
1.4719833614182867
1.4733120965707942
1.4980705651099415
1.5090818472938008
1.5060385514667887
1.5236627850646667
1.5152973861148376
1.5220013286368674
1.5256294188444965
1.523459648970959
1.5375750526403458
1.5330967846141454
1.5380917348284457
1.5377831733314187
1.5493749049123822
1.5440500516382953
1.5439666784320623
1.5476928930575817
1.5455003884896508
1.5476446614209014
1.553325502237034
1.5491474673377426
1.544148761198428
1.5500287744780794
