1.0920336655860394
1.0902067667096231
1.0813043320482534
1.1137670194900715
1.0970925390463273
1.084582162463469
1.108961936284272
1.0967397830406203
1.1029836964996327
1.0927334760342202
1.1000082039105212
1.0803203449681975
1.107165443463315
1.1159736672604046
1.077154625333736
1.066338410438938
1.0816824382978703
1.0581705538483284
1.0696901598824018
1.0729479768550951
1.0601851983054948
1.0643993635287452
1.0675695678349835
1.0640967136584019
1.0697342155075915
1.0773998393351552
1.0588977712376875
1.0547220933676444
1.0576248654285592
1.061054306750998
1.039444832161361
1.023659128791572
1.0466304207376596
1.0575402012240542
1.0836629375137459
1.0745044373734434
1.045477640241544
1.0402598124510998
1.0176484713277107
1.0025012805634033
1.015135415258623
1.0263711753347537
1.0216141783445898
1.0394162319847786
1.0744576006078543
1.0648489896794542
1.0650199839083125
1.0437029035890535
1.0301299978388017
1.0061963451011011
0.9979322050254608
1.0179711853530913
1.0076533907154306
1.0239427308278455
1.0112220180440405
1.019752315467718
1.0120340552241363
1.0159534415872373
1.0122309840150105
1.004003085561199
1.0045395685031133
0.9948144245414949
0.9820732680654499
0.9921252825020381
0.9685157632778179
0.9771369727185412
0.9945116768678556
1.010290482786417
1.0056834301054993
1.0149861288361801
1.0291598279316865
1.0216006411008085
1.016063993417165
1.0054178049388207
1.0201316639228577
1.031183306378071
1.01117360994439
1.0304130281709827
1.0087564728765417
1.0095593339049909
1.0148428144235646
1.0049241688286352
0.9810516521117126
0.962908905487846
0.949015692947373
0.9817492678916583
0.9627539216985712
0.9748108803665317
0.9818059351588813
0.973652104459988
0.9784722750137025
0.9808547298710442
0.9764287785795124
0.9623500722646657
0.9534270258574773
0.9417237704807624
0.9469519026575378
0.9313191456020419
0.9132423885141646
0.8905650250814561
0.8846598153929679
0.8948457997117436
0.889736267544901
0.8779809701721307
0.8950650554848201
0.9084474236463626
0.9216043713185991
0.8964066365143964
0.9104749497357553
0.9270908438349801
0.9430024798646898
0.9502218077182262
0.9552793945331484
0.9594206518237001
0.9638873553655967
0.9640224097126
0.9698880695621243
0.9822888935010053
0.977567336253294
0.9656244800881889
0.953336378807865
0.9368762813923424
0.9332524143705294
0.9006141723582404
0.889840690756712
0.8823598097178998
0.8790806193311494
0.8688161415301754
0.8648336076727711
0.8358718925234989
0.8589989285136808
0.8643668281123826
0.8850146389676915
0.8981134934790365
0.8931162545746895
0.8948978344084432
0.904207361570459
0.9019648882544192
0.8980241031584629
0.8989258029080665
0.8968847181171817
0.9131097628877001
0.905995392657581
0.8998058137429876
0.8824101740603063
0.8840531422190704
0.903245622323221
0.9101680198726025
0.9171948459223532
0.928459914810116
0.9305415559744988
0.9277680593479144
0.9354082937933581
0.93608149724172
0.9385383588023551
0.9288698825621409
0.915568062444924
0.9479615557390386
0.9259803236134294
0.9297438631177155
0.9142787304043364
0.9143181783856871
0.9134004827116422
0.915445603097372
0.902345436410636
0.9120980756314051
0.9215511929844644
0.9141376988219718
0.9220877495703764
0.9308825924639775
0.937577377367087
0.9338290066071938
0.9409355533308046
0.9594874105959504
0.9731476904447471
0.9664025882016526
0.9687643472415609
0.9618720026837749
0.9584842413701631
0.9641487539159228
0.9569880651989393
0.9527759939275832
0.9590382099628793
0.9409757175373401
0.9373406962430096
0.9304350420796097
0.9340480776675539
0.9364726890786171
0.9444782011064015
0.9468337104901983
0.9270974551042968
0.9302814364334319
0.926100301767398
0.9167301671990029
0.8862729525364165
0.9026916750706805
0.8920847175866868
0.89748433470595
0.8999481827533208
0.9031208270561194
0.9027485344523375
0.9007840427442689
0.9222382968824442
0.9084667627531748
0.901240712955685
0.8964384921129334
0.9142177206185202
0.8952604432874588
0.8986479748823136
0.892625161426878
0.8974653752837334
0.9034026552355454
0.8877300084144708
0.8747835444656489
0.8852828806947001
0.8698244856113658
0.8683595679412436
0.8711230620201136
0.8699581433320364
0.8679164958046294
0.8738330916531484
0.8766532834266504
0.8684021866989581
0.8627711375724908
0.856144341173293
0.8400571866692629
0.8225709971553303
0.7783273385119135
0.819637322772944
0.8408347793225663
0.8703062147202177
0.8704848892176643
0.8753798915521984
0.8826876851290654
0.8788490350867244
0.8787404015083603
0.8869669540882976
0.8994792265501517
0.8993703199772662
0.8923028716190678
0.9019086283266804
0.9003610417024781
0.900439169468388
0.8916194688993178
0.8985267372142397
0.9115357905378176
0.8988585324776677
0.901088883552917
0.8934639572655405
0.9108092926136883
0.8941030770801754
0.8929756236425305
0.8956162995547138
0.9006512067854157
