2.269303797667726
2.2431622712529826
2.2192890632263436
2.2802018973867964
2.26481663616285
2.274670255509014
2.2783610846446662
2.258637529498863
2.269062820958436
2.278719994114426
2.286182059485335
2.2717205973679198
2.287069185220194
2.288404309212064
2.268145998961162
2.262247562717169
2.2758018205086437
2.2574104210139883
2.274869586345401
2.2814110372856167
2.2715629124044474
2.2497119374150825
2.2431049110851613
2.2392502166679638
2.239971278328143
2.2717170828141353
2.26710684961143
2.2741511349514987
2.2786362640993576
2.286672614396743
2.2813539549974333
2.269121997595636
2.2725443500059153
2.2711310706587806
2.2858758160092654
2.285116734920967
2.263305701226135
2.259218903425605
2.2464010418122613
2.237029039512745
2.246130470290372
2.2482062988110467
2.2587771097359703
2.26895238727097
2.2736187425288485
2.266452265529151
2.264414870456538
2.249631885843111
2.2293996736063297
2.2111309877350624
2.2063733756400956
2.2355261207706114
2.2144951857331403
2.2152292131823264
2.2109713397955586
2.231507509073566
2.228952531585709
2.228470272090989
2.229950585222779
2.2212423424604344
2.2279014261314907
2.2368474548807864
2.2389496532487136
2.2272323658669437
2.212217772084937
2.1954371425025974
2.2158318760637807
2.233928595421923
2.2472208099310227
2.254676914371186
2.25291568068878
2.2557575674070063
2.25210006352536
2.252286370080433
2.256162739723275
2.268134435621595
2.252752473063805
2.263914648422271
2.247806429321444
2.238922183528441
2.2462812340900937
2.243108975799197
2.2282964588126744
2.2125734973263627
2.194849456064668
2.203432010368905
2.2137239326527376
2.222210341313163
2.213271839385889
2.2119126800327145
2.1914553415218543
2.187334783192361
2.179738159984593
2.192389500098302
2.1869076053250143
2.175984698150262
2.188655150575546
2.1849902620586974
2.184127087543137
2.1829575031153925
2.178123712076677
2.1744697786943163
2.1636590137326044
2.1590812040431984
2.1721752023499565
2.171742153234945
2.176175267999185
2.1618928872962653
2.1778116650651795
2.196130017846127
2.198856582070164
2.2037798225173604
2.206046000604643
2.2086134496667538
2.21175307110352
2.225021379897636
2.2329019696447587
2.2450811036575367
2.2355783142520638
2.22833109982732
2.224529565171084
2.2133989757977472
2.1888669035346604
2.1489242385288807
2.161930611089441
2.1689943169165185
2.1996353402700892
2.2085765044619547
2.209503737927459
2.220878515987441
2.2286578449552024
2.2270378158934836
2.232153049446573
2.226310957191878
2.226020641351543
2.2180911849856244
2.2042646363328524
2.1943711593866677
2.181867182956711
2.1627687340651924
2.156531686777335
2.154588597077337
2.152032081447214
2.1340119684882417
2.128123233610093
2.1260421091293624
2.1833500074517573
2.1938052110613704
2.200441325448643
2.2070729116504175
2.2109061744785987
2.2070429648098826
2.2142659431942113
2.2092658375026977
2.2100627997794975
2.200805718494719
2.1862544232446806
2.1933718888919747
2.1922060691486376
2.186858210248459
2.188222564484493
2.1898837972026777
2.1984685260507493
2.199957570321685
2.183617275586529
2.1620917213711026
2.169361640187987
2.176215461523645
2.1843773793473322
2.2017861616201864
2.2046493932386264
2.2076322686899146
2.2286356477658003
2.2324574833947386
2.230476982471686
2.233207061249504
2.2389771532648024
2.233150637065395
2.2359753575877575
2.2411736417968307
2.2362121338901924
2.231644569232902
2.233901459974283
2.2234280956928036
2.2147782635197855
2.215733870993063
2.208979379529573
2.202056075038014
2.1882322748911447
2.1807194119942412
2.1842733513538644
2.173506372565897
2.1704290278526788
2.166822207059221
2.1697398587012504
2.1493633287694527
2.1670371009629004
2.1676609166587495
2.1693192651782165
2.170441076366189
2.1705913182021512
2.1634821454247595
2.158330952549576
2.153764647707426
2.147555573395384
2.128792997483025
2.1313854074489473
2.134173896816088
2.116595715786369
2.1305949280666514
2.1259528864971986
2.121053905892226
2.1222526403693296
2.103957041432038
2.0996946485742933
2.093361893464375
2.08614696213915
2.100599928487023
2.08004876583031
2.0751682801698372
2.0714112755852296
2.0700469495456977
2.0663833638015126
2.0607417884975345
2.0472846479190507
2.0346862686138585
2.009821732202104
2.0123226998139874
2.046005969236462
2.0318272677312073
2.059153566062659
2.0842157361346247
2.1128433221288705
2.12684498728011
2.1240056271336525
2.14029600183421
2.1502633773358
2.1498660661141784
2.157265304601277
2.166411816058281
2.168980151652582
2.1689414181748865
2.1728835210502475
2.1751877962136597
2.179782673195902
2.1829276191618474
2.1867679175915815
2.1856658611632467
2.1868807417104987
2.1894616572703596
2.191131463732366
2.191131519677872
2.1941718632407827
2.1954566319230997
