1.7320061605032784
1.733703464434568
1.7083548082810667
1.7550419097047352
1.7484946339740806
1.7417774739863339
1.7519158063165288
1.7286591594443517
1.7380307174281209
1.7435095121150672
1.7375811805263708
1.726539029280169
1.7467432749052836
1.7564461028325689
1.7071645331848515
1.7158362005256345
1.7162028028060379
1.7019094527763312
1.722888213366836
1.732982000090625
1.7118586341947433
1.6772368032009959
1.6847654444073132
1.6793014179490509
1.6882263686710473
1.6989723840562256
1.7109466003187985
1.720607211836661
1.7141770942253012
1.7365502920326903
1.7316110788180779
1.7086370818627379
1.7017739289700056
1.7049896453810707
1.7289094646840324
1.7388877050794453
1.7111678606943344
1.686642081308733
1.6716360347230428
1.6441176717616353
1.640256239778165
1.6423932903866132
1.6626447750913032
1.6614706706152438
1.6784013505035773
1.67085762808177
1.6731999736630037
1.6634463502462382
1.6462807280318528
1.6384707802463232
1.6194033211051617
1.625217869693885
1.595754227172648
1.5796709237248339
1.5227255315013777
1.53867845096634
1.5396684315051574
1.5599398786815084
1.570778170659413
1.5838546507527869
1.5919123705927944
1.5904124846800418
1.6093562369063792
1.60560668144979
1.605874166747979
1.5925928885104703
1.6148778474030328
1.620303846129812
1.6453392474511783
1.647430339225829
1.6454081237272362
1.6393116652418065
1.6193918136819219
1.6106010691159318
1.634180194177576
1.6562436195795829
1.6306916160769407
1.639494543266921
1.6251900348685846
1.6155908790317235
1.6306092848996512
1.6264275069407765
1.6083201015176096
1.585315725080102
1.5602662676716406
1.592590562307292
1.6159866490609471
1.6388143779906732
1.6546254564960183
1.6321165532488133
1.6251212402508304
1.609948322959488
1.586847438050793
1.5999486345724023
1.5746070914068862
1.5505157388140807
1.5546087206875592
1.5443533626601649
1.5445856824936524
1.53841280350667
1.522822874745586
1.5350547172260682
1.539590579534933
1.5338469564835504
1.5074096161397428
1.4948754313245798
1.5071234507794802
1.4948524451930745
1.520868066464356
1.5376636035515105
1.5384469216180983
1.55474372707205
1.5706885158526651
1.5705266956488289
1.5619868222675304
1.5860301396426482
1.605214728097302
1.6189001930149973
1.61575528884412
1.5997170771407958
1.5933522559042792
1.5578427729664233
1.5572933535397255
1.5701117084657144
1.5758170990562728
1.5728909960462951
1.5575714789104402
1.5705583754220684
1.576272790493033
1.5926949357987668
1.5891549485583414
1.5838239552139366
1.587577102970568
1.590474101973983
1.5653928087105378
1.55925782642009
1.5544748042418852
1.5436490420934545
1.5401037534816926
1.5396075139971412
1.547741664374769
1.5313312170903775
1.5010668421059146
1.503372949183602
1.5307543998352124
1.5115568418612915
1.5514827326523943
1.5564232897440293
1.547032993861141
1.5467655700889476
1.5651323143616265
1.557296245944278
1.5608566834471254
1.5596729796202877
1.5459669484212895
1.5391064312801357
1.520513410612721
1.5263142425192573
1.5304466731612512
1.51923332045574
1.5174164884445052
1.513261654538388
1.5093043443310488
1.5113524889122556
1.5111091425263656
1.5158377924922657
1.535647215399726
1.5270994887897236
1.5377036554354677
1.5430386588755838
1.5591506698393907
1.5745239573383287
1.5864311563558104
1.5916832369789669
1.6016044423563442
1.6050864553045867
1.58429781048897
1.5794405003922685
1.589222011809854
1.5971608468994924
1.6065328420895024
1.604632937472771
1.5977699776591983
1.5903457379127917
1.590658638500001
1.5842413472286945
1.5893912060934179
1.578403193295132
1.5739332702929976
1.5618721064349708
1.5519402893664127
1.5266902283269939
1.5469534100493376
1.5509651597083411
1.540649959357437
1.5203618696252494
1.5414387696211305
1.5491224910406338
1.5418627893323167
1.545222841689603
1.5440759811018143
1.5357403397633596
1.5364563365287986
1.531084004713653
1.5165091094288725
1.4969046250567102
1.5040027423449265
1.502516674276887
1.4945115980056094
1.5073624391709504
1.4899000710665642
1.5001828406834887
1.5022590881298041
1.4913122377731132
1.5117480574138735
1.5202422415065528
1.5313668496086257
1.5239629979078169
1.524874430713871
1.5178375039536127
1.5269789436459564
1.5283842981050297
1.518690761103817
1.492331861890207
1.4948248531471806
1.4559523412775197
1.4489094136209144
1.4671605641368326
1.4679209790719798
1.5010201917996084
1.5223393742363782
1.5175767560743325
1.5265471062527864
1.5178348890084599
1.5162043095634858
1.5199022198810437
1.5198500035287061
1.5205083977910905
1.53414756573605
1.5362142970492942
1.5379355494517306
1.5317653035228547
1.5272574169546578
1.5351770969472907
1.5342642694106985
1.5383612533970132
1.5303613208502223
1.5291271722974003
1.5248632496139487
1.5335735347689319
1.5393089754666662
1.5399315523289905
1.5257415285206448
1.529214109538906
