0.9842630238768524
0.9652667349585935
0.9564308333731405
0.9763106576723461
0.986632951630479
0.969112256467689
0.989870973897193
0.9637181221805093
0.9853918889270993
0.9869120536124035
0.9549239008138645
0.9384373111296928
0.9944618918800617
1.0044379808953388
0.962184519553348
0.9706466723554003
0.9666533565387797
0.9682511013492106
0.9729568725244461
0.9750491300947625
0.9682627442839965
0.939658106713854
0.9483849799389653
0.9496851952225454
0.9333566197354402
0.9259164943384599
0.9435441807977087
0.9552248291962963
0.977699641500866
0.9962979897397619
0.9731219401065626
0.965339099931625
0.9490505737455482
0.9505456085996706
0.9844391381996623
0.9725277482628274
0.9423730009423081
0.9281732695817895
0.9245975991003125
0.9201852194282666
0.918061383511871
0.9213077272326736
0.9287923465861323
0.9344186124257081
0.9549684740152032
0.9416373708950876
0.9409081522012511
0.9217603026213173
0.9048417866267224
0.9026473088038269
0.8888606509742036
0.9236201871598404
0.9197226085350155
0.9080987775058208
0.9260477272350159
0.9202049591593789
0.9235484685323386
0.9236488399943776
0.9228592369099168
0.9216728947856734
0.9373770921971483
0.9222218241322953
0.909421147440692
0.8952081643331584
0.8865653141540767
0.8911678555285539
0.8962381535614261
0.8910752596405486
0.8845980792020938
0.914360691648035
0.9381062688128653
0.9459681044249025
0.9472465588886421
0.9648933898873407
0.9676507921269145
0.9763663587863303
0.9623215015622074
0.952629400755666
0.9531722450770234
0.9418405455795053
0.9524136789148725
0.9306232842322842
0.915446789867233
0.894161363745454
0.8802774821051969
0.8745883390654617
0.8839829755911128
0.9033260683287441
0.8850932485986822
0.8977201687172593
0.8987246439540932
0.8982987105382315
0.9034128786346635
0.8764783725406814
0.8558787632781621
0.8299669725090937
0.8094211520679312
0.7985732558000835
0.7647190184166811
0.7418522836079976
0.714771523486071
0.710657578879606
0.7160333899931939
0.724437894094905
0.783275274916295
0.7852581267133879
0.794534788567874
0.8116092478211204
0.8358825249715286
0.8407948675721607
0.8505611272198145
0.8688993076305445
0.8786319230616619
0.8753064730293825
0.8808448911366386
0.8884651790699303
0.8959738472914132
0.911191764749292
0.9114941085867811
0.8839028478464566
0.8795859739430963
0.8486913541083965
0.8582709893128726
0.8310328899589122
0.8226253771562664
0.8313091017487594
0.8483682180814929
0.8524532194087372
0.8587501317271528
0.8518921686686509
0.8492190392207342
0.8527384120016229
0.8551434416462254
0.8634781868852922
0.836680650974201
0.8378008742565601
0.8285958041854994
0.834724468451615
0.8203610499075623
0.8190263802334166
0.8240621857316185
0.8173345995715309
0.8181825286167635
0.817391404414687
0.8112344434633512
0.8336459804806149
0.8478476606902777
0.8648830129515725
0.8772234627904106
0.8812615288502236
0.8789746662322282
0.8708748611631916
0.8804970418351191
0.8899607150239509
0.892720093986812
0.8756381277558493
0.8721492525291187
0.8739224366319186
0.8476787407538492
0.8409508239192212
0.8281277813462331
0.8213887847516499
0.8156996169388925
0.8253807530596089
0.8199690080679545
0.8161021094907369
0.8262472858753425
0.8229055851306648
0.8283145205727032
0.8379069106828164
0.8444244495659446
0.8536721363613915
0.8681881104960406
0.8750976373340176
0.8906601051496701
0.8868227555214953
0.8941514096431965
0.8887565341131013
0.89983051595751
0.8871752432337129
0.8824343647879386
0.8672096686393281
0.8632948142888413
0.8348518821076971
0.8559574535666671
0.8225689310905145
0.8148712523046026
0.8503611824241868
0.8468334208170807
0.8419199120375057
0.8296272292918613
0.8193252008708315
0.8556281626599939
0.8426724009390948
0.8550234764753476
0.8500307026003024
0.8382515351744547
0.8327970999535529
0.8314543299777049
0.8335690153942742
0.8280832077302133
0.8291557572913383
0.8265900475520611
0.8274084284111827
0.8186873891591767
0.8158965243005162
0.8220854745224474
0.8191241931867977
0.809870034164327
0.812703883566038
0.8151759574324521
0.8144754166712782
0.8112690489160461
0.814086329205252
0.8141102352140048
0.8001930050988468
0.8014427056136715
0.7978444443084531
0.8068569328775569
0.7811268106856004
0.7690617756097393
0.7382542528100372
0.7389223202679747
0.7399828050048097
0.7525957245712249
0.7318085008379565
0.7020944231595965
0.6983581417845734
0.7465444914474237
0.7644860181983969
0.7770975798639543
0.7944183914224305
0.7856945791650842
0.8023651984048
0.7923666434949559
0.8126276248220353
0.7966924661957684
0.8132381586410385
0.8125736043410393
0.8158396848712438
0.8094674866902302
0.8195921086212721
0.8146183631039107
0.8166884559121127
0.8202903966265964
0.8142028580137747
0.8263136671154462
0.820805369984382
0.8231989204962472
0.8131433750516761
0.8233389551780634
0.8344992211105737
0.8181595741820179
0.8145819042453502
