1.1205235364442445
1.1083268087801794
1.0910676041927205
1.1204211168520668
1.1070202287318993
1.1006543242923728
1.1325342050621998
1.099125344806535
1.1078153234359887
1.1220835018890747
1.0980185214863547
1.093275430182983
1.109291220273293
1.1369035175011186
1.0868165899621836
1.0976245091273096
1.0983237314760994
1.0738875759567126
1.106095047378679
1.091060691312941
1.100019805888052
1.078563893118838
1.0767961087279039
1.082276380481649
1.0641014139279306
1.0701038460217072
1.0700212822800632
1.0601387995643756
1.0855571190885975
1.0864703765127552
1.0624603847721363
1.053364329569346
1.0727336523284419
1.0699990862564674
1.0974601007978568
1.0903320188199663
1.0836997928400396
1.048817481196303
1.0364078141575188
1.0232191464815703
1.035833685067293
1.0416143477291457
1.0542898416830673
1.0751619173353137
1.0918944420262033
1.0740217111195718
1.0768087375312756
1.0685580584144452
1.0304717937832493
1.0090713662046304
1.0098600187364437
1.0425507730045653
1.0342601111328251
1.0361587424176808
1.0233284013688122
1.0179125853468214
1.021488009875856
1.0292021420148583
1.021991881620392
1.0103135140574877
1.0152188699460698
1.0244857494873678
1.0197014460801557
1.0009869589814517
0.9810450854151295
0.9931559891074326
1.0071229284246992
1.0004544426482855
0.9980143241903123
1.021242237019777
1.0179357995888028
1.026063811705549
1.0223884642530783
1.0261581564697606
1.0296239274591399
1.0492307492600184
1.0340779973670617
1.0301020671450973
1.02365040331992
1.0196792510998545
1.0249810577253062
1.0148240334720289
0.9985377312859156
0.9831360837613599
0.978572577116626
0.9927507093252658
0.9957657461778652
1.0150580613898943
1.0101854144029083
0.9977310198313983
0.9983088364888401
1.0055948416546547
0.999625088876065
0.9941905925668455
0.9639318705158127
0.9774091494712448
0.9583409590671924
0.9681874221031643
0.9291555793378301
0.931895205969937
0.9049653730850407
0.8758335715628119
0.8469689038153053
0.8360639825523193
0.856552430281899
0.8836803239268647
0.9227629679035108
0.9255847458254944
0.9436646489071548
0.9626958899480911
0.947459511955849
0.9553640533921778
0.9601558817922277
0.9683570688480934
0.9747025621858517
0.9793672864319312
0.9939783461251027
1.0035978452896834
0.9968458820340788
0.9826851551574017
0.9613731083703618
0.9674967147579995
0.9499325843346781
0.9561523974736209
0.9584685359835334
0.9282804128172183
0.9342563894764634
0.945921149267422
0.9458765019970337
0.9492402777879085
0.9400909946234068
0.9521981754500626
0.9581162423556593
0.9623615675057448
0.9505752765836206
0.9657460781752404
0.961304728532236
0.9712444028030418
0.9663354604319844
0.9578635821309158
0.9544271694465675
0.9437935676940585
0.9385920677428979
0.9490201213382624
0.9343953985638694
0.8969295819560404
0.9434869502641402
0.9529492248696168
0.968431298151183
0.970789821198745
0.9695175718155185
0.9732907490149745
0.973166675330949
0.9586965479139161
0.9546574962203768
0.965382649763496
0.963163857979601
0.9676947072972726
0.9547849416173806
0.9483753959924411
0.945876422941633
0.9462352312156146
0.925639731973838
0.9315583356139747
0.9263973562774404
0.926819358581595
0.9332058456479785
0.9297231957266429
0.9313042166505098
0.9343449102824581
0.9375607163436757
0.946327505318185
0.9662708453098566
0.9701539838303305
0.9654896998406169
0.9524362842481042
0.9607787386074657
0.9594526921769093
0.9556076823251559
0.9661131069589767
0.963736616416127
0.9538227099988683
0.9633642833243555
0.9444796500599623
0.9441075516778468
0.925229683863238
0.884117535779225
0.8553410199748497
0.821976578083589
0.8279235034940733
0.8404164080682082
0.8763145336193839
0.9037854619154121
0.9051678161874007
0.9227314488701241
0.9037353217088897
0.9235448690227105
0.9157085925863055
0.9204562533506001
0.909570363923075
0.9295510260552862
0.9223605951198731
0.9180054876253633
0.9080774879899005
0.9138323183032253
0.9162053456328056
0.916688149034632
0.9086333382735549
0.9198094109054029
0.9150556217137874
0.9154697171825246
0.9053294527727234
0.9007932600637506
0.9080211362493062
0.9000689819853057
0.9007989641401634
0.867854733196966
0.8783081963467083
0.8596778238600672
0.8475965531931707
0.8641858781844978
0.8855512840379341
0.8669310826034429
0.8468458668600198
0.8784224183844184
0.8616060208551415
0.8290683462407946
0.8233830420510033
0.8399673221293186
0.8608073046403412
0.8846132871433068
0.8852124423253663
0.890940565767034
0.8960117982439314
0.8924860417313019
0.9002933705405813
0.8946238459411494
0.9004667075707579
0.9025295309995233
0.9145726671782725
0.8994315802706987
0.9041727957352454
0.9095884818158477
0.9240132559774943
0.9164668484026053
0.9108113109691629
0.9099450767388522
0.9169276788742791
0.9225456740677476
0.9103310874777067
0.9193294967206974
0.9261272437308319
0.9126430796258616
0.9187389442587944
