0.8912515585349708
0.88202359737638
0.8750278331211645
0.900937014615251
0.8997636268654088
0.9020428443961532
0.919627840418837
0.8993581622757767
0.9055920029392214
0.9120862241847171
0.899803266925993
0.8964569129612262
0.9108370390278625
0.9175632479065758
0.8960995064407677
0.8760545455407687
0.8583717902760053
0.8627007744674932
0.8791858870538809
0.8911745492890656
0.8975417933327962
0.8691370641600443
0.8839754203148286
0.8875040655612276
0.8804032556428159
0.8836148343750838
0.882109592920756
0.8924723795259191
0.9128831955023096
0.9071890149042162
0.887185794555531
0.8351790188602657
0.8580781132068273
0.8668077669069816
0.8966129370039443
0.9127060372218304
0.884795940167953
0.8707056440712432
0.8615864045316459
0.8319820724663106
0.8425327051788193
0.8647915668635909
0.8642848110034973
0.8702690741149194
0.880972307941126
0.8652829817016294
0.869955657928727
0.8406106394469886
0.8398515173863069
0.8514548429159271
0.8389772414532098
0.8590199765598592
0.8696580147891545
0.8651073596102216
0.8688271031014496
0.8527898982119929
0.8590307719973888
0.8433323858982245
0.8307888193968141
0.8412869802483295
0.8405715880441703
0.8288243720988648
0.8246074644634089
0.8285173790596174
0.8014995676769338
0.8025232000983774
0.7952355637856116
0.8094316099618616
0.8262354304469225
0.8469827050274882
0.8550686815215167
0.8467365288885426
0.8591169029713187
0.8705751081129526
0.8826872035264404
0.9060763684558297
0.8805173960083084
0.8976289678661126
0.8846638440606089
0.8767039570639042
0.8702455319150806
0.8669212380149014
0.8566371499573812
0.835811329090532
0.8107726026086763
0.8388180372737554
0.8445508955372187
0.8502593673444999
0.8586143618799633
0.8366206911476132
0.8304997454172831
0.8315430097547724
0.825086034911914
0.8266920761330142
0.8059461815567814
0.7941548648161311
0.7778540772992462
0.7847516458055375
0.7878921761894447
0.7859005524893321
0.7766700714936056
0.7890463923038148
0.7631670329260645
0.7429179575215754
0.7473558717182238
0.7313643973022305
0.7550221774167414
0.728777726029751
0.7684190081318807
0.784973987397345
0.7862789955632882
0.8032577644337439
0.8056119730640264
0.8065130151004966
0.8147892646385073
0.8197735376670139
0.8241896715786311
0.8378160563471602
0.846619309421844
0.8259524120715787
0.8124199593190103
0.801271399398858
0.8050931420875292
0.7774132130574731
0.7840464363921221
0.7769472676921105
0.8052608552062079
0.7859847575802633
0.8051095430500604
0.7996311675134935
0.8037154456183004
0.8028828061587303
0.807780457478197
0.8046267167565895
0.7810406242203183
0.7825251249233248
0.784225664904726
0.7832805896172069
0.794417943645467
0.7891589963691173
0.7938209950953732
0.7933861944026466
0.7754810283234137
0.7798047345750585
0.7422572618613359
0.7672155579463271
0.784685100267076
0.791446235617552
0.7964959078101985
0.8009532114719644
0.8023082221738027
0.795203248532707
0.8045698006920285
0.8116066449157923
0.8021686167894589
0.7921407799294042
0.7997019917299747
0.8024520845133244
0.8088527059913723
0.8093600071951704
0.795779233110152
0.8057178934323955
0.7920533870291073
0.809563509551111
0.7996378240180341
0.77758443392126
0.7744693801728427
0.7760604717679223
0.7746556089906881
0.789014539187838
0.7967594178076872
0.7867438523190495
0.7948397708692821
0.8060402039198014
0.8186928425416138
0.8151833804341581
0.8045666325967993
0.8010847326932116
0.7973210550714007
0.8188500074604205
0.7994578980764069
0.7935924610783529
0.7912518369582086
0.7886242797782732
0.7875830312069433
0.7767829671792719
0.7717492230179921
0.7463062710423635
0.7512792951355313
0.7539588810232635
0.7425463234132585
0.7366961864355984
0.7218453504826746
0.719766288720226
0.7081838927165721
0.6950879335432972
0.6866063908183573
0.6830721335901179
0.6656513859386657
0.6691327817389087
0.6607923306337832
0.6658757936794985
0.6731517908030583
0.6717239817517525
0.6885960959462566
0.6770593895809498
0.6821551324833952
0.6947578335111502
0.6909882033156965
0.6873323903209201
0.6884280392386626
0.6833170052283676
0.7028725807984402
0.6929160875432804
0.6986875505136941
0.6929452011961263
0.6921331303102455
0.6703931151145006
0.6635043145112304
0.6612726950427815
0.6774742008966427
0.7050577648293932
0.6924285156505116
0.6848529205941268
0.6963322717814768
0.6883186737903465
0.6929945236982662
0.6849855134971844
0.6752674232566561
0.6725220598382466
0.6917904464490311
0.6723752981000198
0.687915655061379
0.675117073488494
0.6750485634646813
0.6845312562209761
0.6892501094947971
0.6775604431134707
0.7165878252015001
0.6998976863167352
0.7148555024708598
0.7074106422589808
0.7064379019399338
0.7119771710670411
0.7019370423122453
0.7044159844567115
0.7093675085801421
0.7149807172452588
0.7253260406586292
0.7178030355296992
0.7096264137546943
0.7171750303803005
0.7177079211128129
0.7056671409066282
