2.285374061713751
2.254660377469924
2.235507122731371
2.2849049101948586
2.2671311712801834
2.2788269498724203
2.276079562711928
2.275113073804976
2.276394271988009
2.287455356950421
2.2886413137771355
2.2667896503878997
2.297583908167456
2.2910803106667346
2.261899185034452
2.2499178714648007
2.269067886029497
2.2517066268657846
2.2710911352452756
2.2828123512007683
2.268953359878988
2.247225426291653
2.247122161351768
2.251960927438516
2.2549467369875233
2.2735879865174318
2.27268838920832
2.271262802176256
2.2836649720612834
2.281674303754129
2.278456390821789
2.267825751649584
2.2685091237595896
2.27764115948182
2.295083980610759
2.291094292634249
2.2798357453031524
2.262397868926446
2.2644163372793065
2.2584262856762956
2.2663119558684706
2.254542775034882
2.274003048338177
2.2753292990040848
2.2841194835086003
2.276405177670981
2.2763512518621427
2.256510724188869
2.235230624969224
2.217391669186784
2.2148347113402136
2.2410842033629526
2.216960731281123
2.219874538043939
2.2328731900448537
2.2451579768821808
2.2480849158701166
2.242786201915857
2.2403031687218893
2.2357134866225077
2.2398562143923906
2.253134082365542
2.243297851596853
2.247131723077594
2.2240577598154063
2.202781101896226
2.225783222314342
2.240479808154115
2.243978833275398
2.2717294271233865
2.266300170147295
2.2647112675464456
2.267734164487066
2.259434476401658
2.2724237608618636
2.2820930500644687
2.271157233046217
2.2752441387905606
2.269371497984258
2.2585288622163007
2.266374755003265
2.259645537013717
2.246350416603395
2.2327354782754454
2.2073952571786566
2.2082432393630773
2.2189181025307803
2.2356547240052516
2.232102817002646
2.2221778555211524
2.2073634726137215
2.20070966147353
2.201192136855875
2.2159969883332753
2.2058767390269303
2.194043928471857
2.2021248370373723
2.193897315627481
2.1938264157085983
2.19728505477211
2.195460092465195
2.1920591933464317
2.1851957048879256
2.181527396773125
2.19774857568569
2.1944159701667276
2.199310750364844
2.1786541092140985
2.195626376374692
2.209823428580077
2.2093936686429463
2.218637018090834
2.223167693936323
2.231239457342747
2.224550124702217
2.243290738794782
2.2505261674983505
2.258828875922782
2.2585725429930275
2.2488941888261373
2.2382186333113667
2.214584339341203
2.2003116604516295
2.170480105639606
2.1764616137945985
2.189167611522028
2.2107051153479533
2.2211200538315974
2.2273417146031935
2.2358731757465007
2.2351700246275596
2.2332005373313026
2.233667656493183
2.2340745030920353
2.2296457179334777
2.2182102008447213
2.201814550549768
2.199335115604094
2.186447199867065
2.1598257805872487
2.162145770045562
2.155402061112729
2.144697301003501
2.151097842957972
2.1383440532825504
2.1433760753594893
2.2134365940284266
2.218335274603768
2.2261253731141943
2.232040675971914
2.233488790518814
2.229865183306442
2.2327474001369296
2.2293228211845184
2.222724832069876
2.218343820151088
2.1966425130356235
2.1955383965012594
2.2085241039681844
2.206848444519246
2.2033524397369906
2.2035548468579087
2.2065744451323774
2.202172279951704
2.196855130945652
2.1871037603608574
2.1950982983492193
2.199282484300888
2.2087605716476926
2.208668184194294
2.2216728248749598
2.224146820853649
2.2409180833427715
2.2392858025416262
2.2379163956095462
2.23524175303383
2.239225285894474
2.23047188919943
2.2386596267101164
2.2371786034759493
2.2454974099194294
2.2420053896564043
2.2442071745211187
2.2417999339999612
2.236258705194145
2.2386982240475013
2.2295979169447055
2.228786614625953
2.2145250894506843
2.216123659174381
2.212451894998098
2.2096649498197274
2.20436335121926
2.205796329380522
2.2049244479751136
2.1917921489188266
2.200356218719757
2.1999672549131373
2.20462015016726
2.201478196343842
2.199639085633299
2.192885968422759
2.188840652605822
2.1895255351090803
2.1829275459944375
2.169925981598312
2.1761024259977075
2.172838058580533
2.1612733449738895
2.1738236683923557
2.1671937867689617
2.166433825194976
2.166230016072102
2.15979009774438
2.156106576043419
2.155509766148896
2.1506483389537956
2.1614154296327737
2.1502544863404442
2.1441797661918685
2.136746130774243
2.1273120519827975
2.115280883812337
2.104041232905194
2.112212733709729
2.117530376930522
2.0745295380153963
2.0634818025661343
2.113700160417346
2.1121031934959418
2.1341449493796767
2.1506651232734177
2.166760404781736
2.1776503408297248
2.1791421895520617
2.1908511281184233
2.1965156727061923
2.1968181020463415
2.200261113503753
2.201374381691198
2.1996619131777706
2.203653303185866
2.2028614213541196
2.2047785209838064
2.2065732373155407
2.2063684397631635
2.2050087281504305
2.2118348920746813
2.2094091912995184
2.2096626395830636
2.2100331708846848
2.2093839455745843
2.212777481760642
2.2136548818803496
