1.4960578476962858
1.4881948160149725
1.467119678684515
1.5173535225237256
1.505422922338056
1.507447322057884
1.5146474534575047
1.4957776710435526
1.4949033194593733
1.4968370460133513
1.4919600753541478
1.481777214156638
1.4997342608268946
1.5093483012340012
1.4791750605137448
1.476500652782458
1.459704433261855
1.444466481648896
1.47819269458233
1.497768320675619
1.4737056647349733
1.4315430069929576
1.4549488143837497
1.462043187556719
1.4543310464372885
1.4685346116210432
1.4703921967854943
1.4651001400039991
1.497603069967903
1.4934587263196362
1.4836640315737937
1.4402985691524346
1.4319847534928645
1.4445432112090102
1.4729263254241485
1.4658430642935492
1.4541557313172515
1.4375410878770534
1.419794844291939
1.3884488836776356
1.3785974092697493
1.3899164245181412
1.4189427010762519
1.4346046356150723
1.4406821484591588
1.445887679699714
1.4457695037606042
1.4293880330754267
1.4041348846002075
1.3959070967086737
1.3815030817915694
1.4048030464046155
1.3747261693230213
1.3613917516469358
1.36050811715216
1.3750043785021242
1.3656691265048706
1.380969695475435
1.3625502598745678
1.342551689115315
1.3309635335147245
1.2892586333691993
1.276062306720489
1.3134994303368288
1.3116256178093522
1.3020986877015501
1.3276021962025226
1.3526410892248921
1.387658819872296
1.4079878910714012
1.3990588366213874
1.3971642204457533
1.4034226256257514
1.3950569407497502
1.4227501889977183
1.4311519080305108
1.421941944246838
1.4374999565347082
1.422567976706244
1.409871188488318
1.4266917046993655
1.3952775333256109
1.3744126436914657
1.335201473787692
1.3058129024578318
1.3236624386551443
1.345141393153216
1.3833378649570296
1.4020995668080043
1.403003479434887
1.391205391129983
1.3891438685304571
1.3737125122532012
1.3645001151639466
1.3294962538465198
1.313219834708336
1.302093642240328
1.3064750890461432
1.309423614921041
1.3115480726744273
1.284408482331445
1.2801743316744838
1.285939022030941
1.300422706406558
1.28772285619701
1.2673314555388446
1.289719684886818
1.286089419456193
1.2894217044307354
1.3013644647300575
1.3001261970149818
1.3283468447233187
1.3257457914829658
1.3185530265989118
1.329706566994957
1.3490587518606736
1.3484820703539282
1.3698752299126895
1.3699639088629707
1.3480265039152874
1.3421729242432934
1.3171956052804201
1.3259030126555733
1.3148923929520075
1.3333968432383343
1.3271591706363006
1.3242638875030057
1.3230630079551249
1.3334458318550917
1.3353744554826663
1.3503581312247643
1.3572830273344851
1.3593613294723348
1.3427101678328384
1.3385268984872696
1.318474046806478
1.3139217448167244
1.2977642365718551
1.2981589632769814
1.30238094846466
1.3207712155553952
1.3186871370106834
1.292473226115281
1.271011352625337
1.2843416698277792
1.2876766325429065
1.3218487957678684
1.3221843496915366
1.342982885599929
1.3261156436185828
1.329669896083924
1.3226824477932324
1.3268022273466031
1.3173120036651191
1.3044902294111413
1.3031244611044563
1.3036755230392265
1.311128429355906
1.2948576974050483
1.3139707585049005
1.3099829041056323
1.3149521486834364
1.3138315973418953
1.2996663709197496
1.3004278894342798
1.2830842603984365
1.2954844716026248
1.3064993981984816
1.3171602666664284
1.313840831311075
1.340550670954692
1.3389113517107611
1.3478860400346182
1.3488379742761136
1.3519557395478912
1.3579353934524487
1.3448800830954142
1.3528908288639674
1.3566087112264507
1.3737734939144066
1.3562787515407642
1.3653848934356312
1.3669145415819748
1.3568895146676752
1.3410228825778716
1.329987353808781
1.3349141834001947
1.323435578422706
1.3125868474494513
1.309345411986484
1.27788476743912
1.2519275263704113
1.2696581776756384
1.2717007956354873
1.2681652704337665
1.2564981761140728
1.2871813969932842
1.2859732209148325
1.2944006502268117
1.2930849371595659
1.291325854858419
1.285600560342912
1.2925025255146747
1.2913569939993061
1.2917914866638636
1.288156081202546
1.2929321484403054
1.2874357760249002
1.2863345781408537
1.2935966045794662
1.2740866226723742
1.287672549879607
1.2836089805128585
1.2858916400421063
1.2828378150308424
1.2807701724588103
1.2773120613590634
1.2750843359351525
1.271861738567132
1.2787249901907858
1.2711569213345184
1.2652791979400362
1.2480272657923068
1.2204257759784178
1.1922485007356205
1.213287170333819
1.2218348283713671
1.2094728838253774
1.212486695325627
1.22241772345823
1.22931440781856
1.2130223317478785
1.2482350737993704
1.2315357370414497
1.2321489934163896
1.2493661657844015
1.249885298568367
1.2447179397257462
1.2588179791082112
1.2600890052713243
1.2542587300577466
1.2528767886490428
1.2490026856949135
1.260495144892115
1.255568927343656
1.2548952786634529
1.262998173144478
1.2545772468215215
1.2441898468588972
1.2486688400981716
1.245793477338922
1.2618684524367563
1.2598471300617615
1.2630468310661869
