1.0823619130220719
1.0719407912260603
1.0642472831226906
1.0856630869569353
1.0936934485745728
1.0843314024507533
1.0997444308446882
1.07065731145037
1.079938004467002
1.0915577615108203
1.0846651079052532
1.066203250182981
1.0948255576879589
1.100353882696776
1.0518275982042367
1.0563186069342914
1.0663278421929108
1.046726914316281
1.0560837240882281
1.0703839643368873
1.058912916436544
1.0334981373119076
1.0578942564909504
1.0541274957829516
1.0539213745034288
1.0494206798294985
1.0391994658398716
1.0473446770537325
1.0536529247867688
1.0659670686723426
1.0513421474474662
1.0345168966153855
1.0325605424417907
1.039852972757577
1.077222306083938
1.0678998089372072
1.06965671182761
1.0643453800837934
1.0399970944500285
1.014531884294415
0.9874121061893948
0.997471742134225
1.0099574696177056
1.0363996377316984
1.0490286178633252
1.0293607757850336
1.0279287344604575
1.0084057821643464
0.9889679878418447
0.977078690049045
0.9818251725465227
1.0122710196924614
1.0233079776916736
1.0263089102454566
1.0254937245325662
1.020299935500734
1.0140022563126263
1.0202250095638798
0.9963082807856691
0.9809619888793961
0.9940934478149459
0.9868018293486361
0.9884863233817109
0.9758534468938185
0.9628839980718984
0.9691018774201877
0.9768834026774779
1.001762781835051
1.0024939860388722
1.0097003279976264
0.9997047805244337
0.996471245626171
1.0076841620980301
1.0092417944737297
1.0308629775571048
1.0500731243548795
1.040184404306625
1.032741313292085
1.016090753010936
1.0017194713508635
0.9851622375162045
0.9749697791372096
0.9551131419069419
0.9359335374906051
0.9509655026801369
0.9493409389343553
0.965081877031282
0.98275100772001
0.9937385799446704
1.0009668655436366
0.9912470650539685
0.9774734963844272
0.9849513317152888
0.9814169517657605
0.9734669107946315
0.9574352893839161
0.9521189214385505
0.9500382060087237
0.9376087357985634
0.9244918175461166
0.917161832445953
0.9094266365164742
0.8926889260709803
0.915322715047518
0.9288721234610339
0.9300429249905039
0.9348506569897431
0.9262320255039972
0.9380887465839125
0.9325379016229322
0.938501085216739
0.9361237601704546
0.9576944811436007
0.9509832532246545
0.9605452183586434
0.9569699661898454
0.9468033190627355
0.9847975635083033
0.9714189463201033
0.9720460696062844
0.9640057331378568
0.9496262174314073
0.9548284407766241
0.9308602519794438
0.9458032727919412
0.9209704852445711
0.9271332248563222
0.9391919732860996
0.944819007445202
0.9429423842247598
0.9431892700761447
0.9418078052634906
0.960719660972656
0.9576399951341052
0.9326003275377198
0.9407767120888608
0.9367082062479077
0.9352197836592622
0.9436122560120054
0.9300112857057097
0.9156098032596091
0.9258873636157892
0.9106975981804608
0.9119005831975875
0.9125700369069228
0.9027222343820552
0.9098496009192564
0.9157262549894162
0.9107822143500048
0.9203145406046431
0.9101530575458577
0.9181631726853922
0.8935214466133459
0.8749535476863042
0.8289573038948815
0.7939745285054475
0.8077422014223556
0.8240009665193048
0.8247558119560745
0.8542945369563015
0.864221572365573
0.8742444341297839
0.8663306811756638
0.8651763052395882
0.8737257489471849
0.8749804672344561
0.8729823512264947
0.8946475111791454
0.9183529345446926
0.9271675912174769
0.9330674449960502
0.9516722874955202
0.9558400599457385
0.9648412269360196
0.9691377387610232
0.968736555181852
0.9738110168059447
0.9650631401583122
0.9650653333973174
0.9543930746304718
0.9560060964285297
0.9618873047195008
0.9616676002894631
0.955001262817082
0.9604986034839853
0.9474801988573424
0.9288035924914636
0.9487694867872011
0.9379552991816398
0.9633758179803531
0.9391489288916695
0.9412306844212661
0.9405935939384044
0.9322437587161688
0.9212706142586722
0.9337300943840043
0.9179016365800011
0.9229092090180957
0.9189220512350096
0.9231225239531178
0.9134272051437431
0.9225153184261997
0.91884117270875
0.9133874809494662
0.9187242054720255
0.9060941711409317
0.9066846256147003
0.8960538669273311
0.9049359871103445
0.8944686645345057
0.8859296628194763
0.9032845524784866
0.8906863119477748
0.8876593729514893
0.8977611452368631
0.8946170066444019
0.8920051030394006
0.8906888672392266
0.8945846186920926
0.8927694272011943
0.8894534803500384
0.8824588684592432
0.880214839232201
0.8810070981596559
0.8718022110694017
0.8718460541405287
0.8600135224258284
0.833305342611724
0.8530840972752334
0.8645412492524354
0.8653672877473815
0.86341301690861
0.878769767598934
0.8825728562325473
0.8688595603974714
0.8775953311276501
0.8828608702557494
0.882138902120801
0.883803706426698
0.8777784757247685
0.8835449407265598
0.8753069243414904
0.8801866027969442
0.8876650877676375
0.8745535605632845
0.8915472726519573
0.8931160585482422
0.8869383063338382
0.895006090663168
0.8978859129392962
0.8885119655021053
0.8866922181604118
0.8984418371819127
0.8993972912544874
