1.9772895635025454
1.9672092489967423
1.9542670771254407
1.9861368060459432
1.9797233932582918
1.9753591097136076
1.989845295144711
1.9557580483563768
1.9740389556712663
1.979618812557762
1.9722326509085686
1.968619407002515
1.9876444037536782
1.9920668287225618
1.952596214521694
1.950552654450324
1.9483060840577413
1.9292641929438532
1.9408947836547663
1.9417457214764415
1.9263021122325155
1.9140593765317917
1.9154744984123895
1.9260755492504784
1.8827571384411301
1.8552397806037797
1.8942188766075243
1.9121637019449567
1.9450062366698626
1.9615697546591817
1.9364335092101908
1.9191808049358485
1.9285879136183457
1.931670181916886
1.946475831422902
1.9399772368821913
1.920633994424451
1.9066765482772217
1.9005321140939386
1.881061784696559
1.8983336680059235
1.8989595823244463
1.9133788761217576
1.9088659013821305
1.9222767458078323
1.8875820042356548
1.8879356112734302
1.8818684183702916
1.871347830774076
1.8348541103098486
1.8317138185387332
1.8564521973588606
1.8537626972046595
1.8538506330975844
1.8529038230511712
1.8705137834831829
1.86517832886432
1.8624119460590125
1.8625669378319483
1.8587054903720535
1.8654820396512428
1.866251490987345
1.8632976146840836
1.848528512251289
1.827230653345382
1.8236303523157065
1.822684401915304
1.8229060741845085
1.8640937003482336
1.8741501743242563
1.8775679260079845
1.8841919789714323
1.8877112071674627
1.8785581020931077
1.9000407065272071
1.9134405631037747
1.9037864477687687
1.9107585148825146
1.8887591899123204
1.8616864002212008
1.8674742367244945
1.8771629899112159
1.86322901923987
1.8432638294105497
1.8164438805623364
1.8215959298241535
1.826033582262166
1.8389151439081977
1.8399949003659641
1.8409660950036129
1.8291799437536607
1.8243110481638776
1.8151398059225061
1.7991993440795546
1.805944677696148
1.779047310863261
1.7679550388654286
1.7632966917128798
1.7579180110932944
1.7555314135269078
1.7427117701494639
1.7418533840839308
1.7442765366300823
1.753747661522594
1.7559441458677452
1.7646771703765642
1.7721618623036117
1.7451693010017255
1.751606242264293
1.7679185677610376
1.778500007519813
1.8027380831075601
1.809299321135345
1.8116171242302237
1.808076706024253
1.834123577352882
1.8438391029628376
1.8489151559272283
1.8443480333755764
1.839069023155321
1.825974057553074
1.813949297311021
1.8054945241684837
1.7926081736140789
1.7892728417392225
1.7901148792621788
1.7986404049614806
1.8072873694756384
1.816077474716272
1.817573915637733
1.8045118093922394
1.8111550842885702
1.8154949926393174
1.8018104311037964
1.7894064383284929
1.7856302909290231
1.7718324522266984
1.756290807745
1.7520366873831483
1.7412394439733228
1.751189741371973
1.7471666102940913
1.750425125932041
1.7175209253831676
1.7394630315292463
1.7430430932401915
1.7772276596176715
1.7853552265762944
1.7989778629016537
1.8130755111250285
1.8230675602042627
1.818507580325697
1.8241614264035948
1.8191068045311674
1.82802226783032
1.817708767059944
1.8009427399028688
1.7884400965875553
1.786565650271463
1.7827584893399824
1.7865545669766796
1.796457967676315
1.7930259401272297
1.791522523304178
1.7882623433109655
1.7734690032117373
1.781623595051317
1.7941516761296579
1.8030164435206901
1.8037065679089679
1.8182054508359913
1.826145144768074
1.8442952626123508
1.8520137348907948
1.8510675995223482
1.8411216755782573
1.836283299392558
1.8303224427453602
1.8412250577859433
1.847048218484917
1.8436849588511712
1.833096023672502
1.8313257120806106
1.821965862339778
1.8215057604077045
1.8099650382029613
1.802408397598959
1.7978938029971048
1.767868299924966
1.7823658624882472
1.771676244327729
1.7755828472805026
1.770618092780882
1.7681698129069465
1.7713961648571497
1.7550535450920177
1.7544766044232454
1.7579285703356295
1.7542499206828823
1.7597159584191762
1.7603156864096086
1.7522646713079104
1.7537601791596686
1.7549967458571925
1.747922821290913
1.742361723999913
1.7574985548577595
1.750449756540711
1.7347300798263263
1.748467704605996
1.739062600332543
1.740061689914481
1.7372223852583177
1.7269239267351717
1.7274042218763324
1.7262813484035133
1.71263724409165
1.7121060174994374
1.6987605854005423
1.6892561890942388
1.694378847140769
1.6948475995305932
1.6872440347665694
1.6686272140206138
1.6758548310158232
1.6519002705580657
1.6364323208766025
1.6153753454692206
1.686467754079457
1.6918768702315723
1.7169082042455575
1.72022307954854
1.7367451928659228
1.7311704447679603
1.7263859528396508
1.7332082108212423
1.7439224439653886
1.7369856242291113
1.7436022032193874
1.7507409329537305
1.7485834484148866
1.75174471955725
1.7488607403250513
1.759769869332002
1.7564196908401468
1.7575934321150553
1.7646886677742242
1.762165724261046
1.7636142880317447
1.7607096205113613
1.763914253971641
1.761158949737535
1.7634960854766573
1.7662408778757188
