0.844214458698544
0.8116007030326843
0.8112831139525806
0.8407531919860685
0.8272993699862806
0.859797208835476
0.8604274374016454
0.8620382783467536
0.8556640278177634
0.8493001402753401
0.8639531713637797
0.8436253298479305
0.8715057921839111
0.8651537478851136
0.834184280281459
0.818059861852494
0.8048138776177636
0.8043781649809721
0.8284485761109626
0.8268498278667766
0.8244656373465599
0.8074599590632864
0.8103781257607157
0.8322828661088536
0.8329014724895737
0.8398433789635431
0.819945884654379
0.8283218811450969
0.8579485487219114
0.862090980008699
0.8389624939912925
0.7930564762221959
0.8150583172832082
0.8341972617036773
0.8370336947741276
0.8347758979277745
0.8165179227743361
0.8187945929117886
0.8010122978190558
0.811513397244466
0.8208795937129226
0.8232126264176515
0.8447712758266595
0.8587505926632322
0.8483781716881759
0.8370590907765003
0.8344994630613661
0.8059941780477565
0.8065505097385444
0.8026366320257505
0.790969325513089
0.8133420698683654
0.8144213376303439
0.8096507856112118
0.8105785763214053
0.8157473382880405
0.8115661988035685
0.7976307110966276
0.795862294800208
0.7977945969599349
0.7949875855206825
0.7837772523757381
0.7788424112504526
0.7677790353508331
0.7499627327001691
0.7639719190389423
0.7764772703322522
0.7847410776140182
0.8080126810026355
0.7980891270594905
0.8112471116500399
0.8037198693125158
0.8116135525748394
0.8014209284319926
0.8200756142139439
0.8322620575060519
0.8262165978939717
0.8442123662037537
0.8509514553706199
0.8474617332093161
0.8466353422797266
0.8569251333494052
0.8299069920742982
0.800882876842543
0.7692311732652579
0.7823715416463488
0.7933565275737239
0.8030001754002388
0.8032357125512424
0.8002770454930854
0.7777289381268543
0.7848736246358616
0.8005445828235788
0.8024390258628479
0.7800794856767042
0.7704585113693161
0.7590868016246806
0.7672827897266629
0.7784492536163059
0.7682093084885833
0.7588640798335018
0.7546925220752232
0.7500183692273522
0.7072236508784946
0.6958570565229503
0.6831015621753316
0.7035718170579526
0.6856516878219502
0.7224179997797388
0.7477504238075887
0.7622900800711029
0.7707294419388762
0.7664949055167011
0.7786528997107247
0.7682277623519993
0.7868677275082319
0.7892995641875221
0.8166283019136324
0.800311008848749
0.800567434871471
0.7845904622136495
0.7652608982669372
0.7549091653573243
0.7420856057239054
0.7550947613177795
0.7652351698572556
0.7668641361750829
0.7818082245019339
0.7763371142109066
0.7770631515511618
0.770306377814413
0.7639592064344629
0.7683897214709369
0.7684424921811969
0.7704822525380796
0.7562062701955723
0.7641567589844263
0.7731309331787302
0.7707396136740888
0.7577619354630695
0.7666201571842858
0.7555703484911304
0.7516861481543206
0.7142004231962544
0.7247860877742338
0.7502825597627829
0.7590345350067857
0.7551152549442811
0.7824704491271964
0.7799005895109139
0.777214549881773
0.775562153457799
0.7805670045655861
0.7846373759629722
0.7903334826181717
0.7864335751819492
0.783146003258234
0.7836632637715875
0.7845215226358511
0.779059141778522
0.779423171319977
0.7720181009575974
0.7675349249659945
0.7581273081587679
0.737505115577421
0.7313905063826502
0.741338053711534
0.7295136606288024
0.7318708711920328
0.746637039008792
0.7417505594042594
0.7659758407167147
0.7627956274414969
0.7760884583469
0.781213713228415
0.7733848946814815
0.7787661816592137
0.7706723847169942
0.7764157620021286
0.7720880797446614
0.7715030625540454
0.7685805902166772
0.7568354583561142
0.7609277616008948
0.7649128953259955
0.7546739371662193
0.7428951240139425
0.7375597878028057
0.7274457931123622
0.7270080612627962
0.7132849609089237
0.7061101380541722
0.705872758174147
0.6957520010895335
0.6693590787145742
0.6722037550349226
0.6612650428825855
0.6332920832621969
0.6317327829313832
0.6355688453466732
0.6470046139246316
0.6566533271014523
0.6484994407732924
0.6520412497792009
0.6521953723793622
0.6626754239356636
0.6575215960966968
0.6354680172054384
0.6361895529800382
0.6615665724542564
0.6437774490208154
0.6407280758495093
0.6379649042807475
0.6178840830422095
0.6116819484993583
0.6173263815894593
0.6021755207669892
0.5886044556777956
0.6066452153729359
0.6152108897090725
0.6520605004599828
0.6558293657832119
0.6512463384366186
0.6555788291547595
0.6732025211279956
0.6644121469688854
0.6559707858344195
0.6597929271477353
0.6619559512889963
0.6567048536062572
0.6715477880404004
0.6772469630654525
0.6735959083872789
0.680936920682851
0.6891006779431779
0.6799842037805112
0.6920520415594056
0.682825309780786
0.6963423351157749
0.7086944329740743
0.7054834862848436
0.7071089046589674
0.7016581278931845
0.7115042003589103
0.7060499641349831
0.703778736051164
0.7049386957376925
0.7147758084311407
0.7135925945897829
0.7264885863105739
0.7234539497060727
0.7208759020891271
0.7126689795625732
0.7277557774841918
