1.7002767314037999
1.6958068181043717
1.6770527722045512
1.7205970397666053
1.715357968467803
1.702819402891654
1.7202427447236408
1.6876607269140884
1.7119287473395828
1.7046888378027323
1.6964797067831388
1.6799072245748132
1.7203618453377207
1.7221319888096094
1.6700777715154487
1.6775912181190338
1.698928859358453
1.6892599919791444
1.6913027542352248
1.688404535366349
1.6879233835282432
1.677489007337883
1.6780271113344116
1.6678417622172363
1.6506620952974917
1.6536303695968093
1.658005305588747
1.6697128138268122
1.6902590100809427
1.6902882425352108
1.6876264620030752
1.6668407553736562
1.6474026409474447
1.65979086203349
1.6795020301085386
1.6774609998679952
1.6610720172754057
1.6516809788757654
1.6282383207876725
1.615870658711316
1.6342360790624288
1.61816993122657
1.600574572412758
1.6222424118142835
1.6274204059393498
1.5929431381638648
1.5690729159275776
1.5190185067032258
1.5713716754203635
1.5769751650124473
1.5817254822068272
1.63340200882378
1.6297616410721179
1.6317343020117374
1.621358293737706
1.6526952494697202
1.646444709584071
1.6301394376823788
1.6201005745877748
1.6244986270139328
1.6364828102392335
1.6214965762342473
1.6234680004705009
1.6089225598042232
1.5600341522625802
1.551138780861214
1.5784226044032192
1.584172486900549
1.5975857825512862
1.6208624772342255
1.6260310683962111
1.620727593170946
1.6300263411172649
1.62525301354706
1.634588540163078
1.6567034073662825
1.6395465174532666
1.6606726634797369
1.6364629490190667
1.6275953861561276
1.6340976116917882
1.6378503000139826
1.6117282090438183
1.5746330079196413
1.5602111111685188
1.5629206329524803
1.5738164417591178
1.5983347327229458
1.5990710478266787
1.589763301822051
1.6041802700814471
1.5911568752566505
1.5865053266695703
1.5895192165035532
1.5873434401525954
1.5757660744506545
1.565448286365293
1.555218056808213
1.5390802670779833
1.528218287424208
1.5309398551274653
1.516546484301932
1.4964183726489304
1.5116424511288609
1.5169590077307045
1.5137859417063628
1.4956623460436533
1.504838825200056
1.500006134158438
1.5046180256075306
1.5038778210389923
1.5343808262280982
1.5252056227180517
1.5355095879106426
1.540261286200471
1.5598494321563598
1.575950978861123
1.588438018166419
1.5899344364723407
1.5789864304248453
1.5722745414873722
1.5391766565489942
1.5300183707943587
1.514036507309542
1.5122408283084652
1.5174466771530866
1.5343866215604116
1.5406289133946796
1.558831765734395
1.5600275737440228
1.5650135373269936
1.5752308807009656
1.5794550647545347
1.5745751036772009
1.5665303743376675
1.5535080040640687
1.5364983021405303
1.519774688075846
1.5093299377739682
1.4853012131908245
1.4907267545228426
1.4818099355669285
1.4901937290109488
1.4998933547002753
1.4849311087101535
1.5266445774188955
1.5313493934283793
1.5503915182234136
1.5544633477841927
1.5556661577889388
1.5448975244338565
1.5245861743857794
1.5242607953506568
1.5301096791777844
1.5248670033694913
1.5289326542042518
1.5327705172039665
1.5259698356507754
1.53124187225732
1.5217280259665191
1.5236748090057182
1.5299846395611605
1.522848376919111
1.5273864959123906
1.5389434940972015
1.509307874551202
1.5316957584563422
1.5421771681586136
1.5472454511674154
1.558403572377848
1.566835153495188
1.5698138379299584
1.5866919494637521
1.6045495786488486
1.6033623981199159
1.6028347316745766
1.6024515605389653
1.5976605279037892
1.586121717345584
1.5913770572928823
1.58333846779164
1.573852296554198
1.580484922899256
1.583254648272858
1.5786304961970952
1.5796575417757206
1.5829543227176635
1.5826904822847534
1.5547585793612317
1.570728896933391
1.5596222403308704
1.5492354478603794
1.5253546012803647
1.530941908708646
1.5250085666276298
1.508543554537143
1.5315132369132949
1.5237216606249255
1.528308375887815
1.5158334665858708
1.517846452815197
1.4958465262482628
1.502282020752509
1.4996826316798348
1.4766768301009268
1.4738324742315996
1.4746764538662536
1.4782640541444207
1.4570071068616146
1.461576306302145
1.4704737236815417
1.4629477788622651
1.45760587770227
1.4559606210543241
1.4550491211045948
1.4526777234376103
1.4519155976380198
1.4496302766382896
1.446480789884267
1.4474540824491977
1.4402039197394705
1.4221508047805298
1.397522893899386
1.4157451136048453
1.4338083871327607
1.4112991631951788
1.3961721280796473
1.3820143329541619
1.4237311652814622
1.4025099624380393
1.4192979188813921
1.421049395006457
1.4525295416807482
1.4641845545477417
1.4602491763155199
1.47705711746333
1.4776921688430105
1.483377222009663
1.4828038229541665
1.4812838341371226
1.488894989079978
1.5044520923868654
1.5031739496095555
1.4990003266047833
1.5091055180257782
1.5050681559062828
1.5042121416957233
1.503106338901442
1.5054155102339233
1.507139604147479
1.506780524697949
1.4998600860920972
1.5057770786516251
1.5028736008993644
