2.150041929507651
2.127865281066931
2.1164798973536008
2.169135297506625
2.1433230922430373
2.128771145830414
2.151773293997538
2.141101173289233
2.1456405581238718
2.1507073889771116
2.1529865571027016
2.1328147011234613
2.156280791165603
2.1664803779943402
2.080273610391212
2.0596564763866807
2.0827187636862745
2.0900956410946505
2.104664527286221
2.1024971814674416
2.08153554273686
2.087261225252937
2.084711395328851
2.0951922022903404
2.0917316410758895
2.094757374896138
2.07645249760476
2.089106193257002
2.1126636302498643
2.1217992878923555
2.090556876885695
2.0699575529452483
2.084963025458077
2.0945259638181386
2.121936875075577
2.126858195056768
2.102878488410395
2.088887193990387
2.0777986155058867
2.059580472057965
2.0647728948166555
2.067873526151106
2.0875424301771783
2.0920754691885466
2.111985067235219
2.1098904429724565
2.095784274768699
2.0840436925450274
2.0735579706796075
2.034879925718652
2.003813509563728
2.033234053745468
2.032967515760604
2.037596701929785
2.0457812944630946
2.0542476690640887
2.0525298617438903
2.0518938397607633
2.0464431033847044
2.032948625971554
2.0492087602300755
2.0386483715512664
2.022988541348805
2.0141711781794345
1.9918439102443015
1.97801762997424
1.9975220108633112
2.031573762284567
2.0351817279908397
2.051574938402819
2.065001095602233
2.0703054449708667
2.066819575014647
2.0714405153536366
2.090145111598683
2.106093999649957
2.0878156378995825
2.0947869589830166
2.086061754651124
2.072762688731894
2.0819784002086164
2.0766293054059024
2.051289879078677
2.026914465145407
2.0002686549349002
1.998446394013697
2.0104446061778054
2.033215188659044
2.0324164149507475
2.030644133975886
2.0183738356375738
2.0154227961114204
2.0121120518243036
2.0230094202640116
2.0027403725958424
1.9790111543485145
1.9846238174505904
1.9666142269723084
1.9766639631663105
1.9634394854729156
1.9532292532402096
1.9369183008366568
1.9217690871045543
1.9252459181271107
1.9475687033480893
1.9512941819891645
1.9531243583638358
1.9064478606979514
1.9369305787494002
1.946533207036848
1.9610122078379797
1.9821304019542478
1.9929727057999473
2.0038227751190334
2.004461321610566
2.025542923127308
2.045160186052715
2.0481120187376463
2.044513133024178
2.0279546848924737
2.0172618036872167
1.9930752151331417
1.9753916895755317
1.9623714831509254
1.9557598529234952
1.962231425294615
1.987063056725657
1.992232816682437
1.9858133526551593
1.9957114922582724
1.9945145112061993
1.990744915240153
1.9928953107011351
1.9874092111208754
1.9828648707510395
1.9834913606545408
1.96312430719364
1.9568484025599657
1.9439805333034388
1.9237109781997621
1.9266338322376706
1.9297609392307666
1.8991768098447523
1.9052027217811254
1.8870751568242956
1.9046261595786966
1.9613336906714731
1.9643954092339762
1.9697402295343986
1.9673564761837457
1.9776994316142504
1.9779460172263506
1.9797017644597126
1.9858740911082329
1.9919127830012253
1.9889928952963676
1.9783683723509284
1.982062524760708
1.980124392311698
1.9853320839887763
1.9867833355747795
1.9857239259893502
1.9845169767378525
1.9760972090971531
1.9722003836330857
1.9572195603737403
1.967578426253719
1.9759696733051444
1.9819841530343913
1.9910133681324889
1.999915638904538
2.0074156270210626
2.0228478152420832
2.0267254386535636
2.0263198583638475
2.0273930812601515
2.0247671414139083
2.021950594086833
2.0105719546077774
2.0172360932371536
2.0256611263564377
2.0194401579319146
2.0104425195792546
2.009231155400559
1.9945910753401048
1.9960089695615328
1.9959090774361106
1.993971307497977
1.9848587652650054
1.9822032234467368
1.9766552028058446
1.9617077221971297
1.9569094535130613
1.9480263522753813
1.9492236942747458
1.924743438778177
1.9374707028053848
1.9503592670060999
1.9518490467057907
1.9494155734086114
1.948233541142843
1.944066595614061
1.9390292439780916
1.9332929179056833
1.9303374233449884
1.9113058925628819
1.9240295878662934
1.9270593969194527
1.903415882321662
1.9184016648715734
1.9010730486757006
1.8976544578419214
1.9013061797862354
1.879904712639049
1.8865513820862752
1.8839841400311055
1.8774668804437895
1.8888456916045184
1.8759512172551445
1.8755803050068125
1.8712279098302242
1.8694875925351953
1.8663995399060374
1.8744854292731599
1.866877407872346
1.851996688233866
1.8197212546698218
1.8104200087577906
1.8630941100798786
1.8691374161568974
1.8892568705038288
1.890695192634512
1.9120961240636005
1.918738410427058
1.9207256205734318
1.9257038394714996
1.9394471093664294
1.9387324161629484
1.9408999055469547
1.951336458217148
1.9526504830447404
1.9493230377181492
1.9506484712328536
1.9503403398071033
1.9531426902099573
1.9542034137829978
1.9533757672617704
1.953214477108521
1.9506253315657494
1.9528563336866387
1.9527945056735274
1.9540516342522547
1.955732847895934
1.9537751316810519
