2.0923104998118474
2.0773861744374265
2.0614931643572025
2.100764713834593
2.092192014344325
2.0878855292367047
2.100079031040444
2.078392357502572
2.0882248538826538
2.0910630106069625
2.084368155304936
2.027002060171124
2.0804983270489
2.105663116530296
2.069541248824952
2.0555495464315023
2.060360368186426
2.0413327291001497
2.063975160565138
2.068442847322431
2.066894356843426
2.0555378968506375
2.0562055611597256
2.0455430511812716
2.0450357098509437
2.0577256477495256
2.0612807519684684
2.062264681451209
2.069610185767797
2.0808518174811494
2.070673592860441
2.0572626214981806
2.0447313152724966
2.0455609468316527
2.070398678744884
2.0647273615443305
2.056085652305392
2.037378059205474
2.026923086692
2.022467302640478
2.0266528043527994
2.016643720091304
2.0181025764649867
2.033769361765394
2.0432957720647305
2.0355013370071346
2.0351754441684435
2.0177463028780833
1.9980896740206187
1.9910811883450525
1.9812390544059002
2.0154747443161143
2.0040867841320096
2.014870834160019
2.0083210540075935
2.016621773032525
2.011555792369168
2.000406011384434
1.9995382888287703
1.9945511258564739
2.003207912988751
2.0087531480163086
2.002874356903202
2.0003890130250914
1.980928761871796
1.9661095551439352
1.9924798797818724
1.991936866049871
2.0025341106237367
2.0141143608160426
2.0240169146950118
2.018615996500607
2.0267991105437044
2.02400637949712
2.0420260894546725
2.048561495322143
2.036924893814604
2.0472767506046
2.029761819193148
2.026766916483356
2.0289663950586148
2.035837065537211
2.022738913728312
2.00966251221316
1.975130518230349
1.9749902174496698
1.9853952664288443
2.002620339424917
1.9943958938520696
1.9913750059141462
1.9813179670527887
1.9767569677470722
1.966821629040349
1.9681145223085614
1.959909526314201
1.9388653140669365
1.9381661756637305
1.925969726644438
1.9335193384285987
1.9325469038411547
1.9222731601143384
1.9106675207308579
1.897833065179744
1.9103155003346934
1.93008544077724
1.9284583732657423
1.9187130123509406
1.9119675246554808
1.9188292421489048
1.936172413719853
1.9311278581515172
1.940941376261037
1.9493733544566765
1.9599282141182732
1.957234094215054
1.9575975496256222
1.9740522018546438
1.9784595514769865
1.977753310638036
1.9534754656943638
1.951220231927751
1.9316213620077891
1.9134495037610755
1.8942847363967534
1.8921768319438648
1.9258665099603736
1.9376492522475415
1.9551878307798982
1.9657976638759695
1.973016281748353
1.9731113796804167
1.9723316910957995
1.9713462190760955
1.9772746516121402
1.9663702740723747
1.9612019145538404
1.9477716366948805
1.945589265823185
1.934363611970839
1.9120983541965972
1.9163860681650204
1.9020920184741237
1.8979716064333345
1.8894770260337186
1.887834491839518
1.8954523070467861
1.9246903234937802
1.9295292125091124
1.9359650834306137
1.940861245974484
1.9522650859946202
1.9521493778068288
1.9540915333378985
1.9552217907558003
1.955777212559336
1.9425033415160646
1.9402367430446879
1.9488835761336925
1.9554202483102998
1.9535400656889126
1.947850644339333
1.952051397322585
1.9492079659680996
1.9481259321853355
1.9358873818459188
1.9245399121636901
1.9321577697810681
1.9365845720341186
1.9475408495196906
1.9557522985602425
1.9653525146796844
1.9720128047671768
1.9881529184760576
1.9949667465188754
1.9961020454596157
1.9939939386067405
1.990943541650038
1.9817803018189248
1.987449053307543
1.9805747151115665
1.9834740981379162
1.984734443373218
1.9790099697347443
1.9673018870460928
1.9680457415080836
1.9615600484499394
1.9618477708293338
1.9558306984974771
1.9430214278800761
1.9463980702807397
1.934304584332087
1.9223693170943303
1.9242115916012732
1.941206425416864
1.9420029025197016
1.9275782256649694
1.9353954036775325
1.933821950032446
1.9402229922481713
1.9380963423996918
1.933567541515897
1.9286843159428217
1.9279040928539464
1.923276412581462
1.9122783903199498
1.905988944924325
1.9130001833375176
1.9118447533599026
1.8862365930362865
1.9118330968375545
1.9048033934030375
1.9015521729720024
1.9144703286377098
1.8913562771268602
1.8948150245816797
1.8917445832769046
1.8913716592815542
1.8974015920018683
1.8942269670813208
1.880982083222921
1.8621334757733627
1.8450398166666906
1.826345599746173
1.815933563128459
1.81088478387663
1.8126204660090341
1.808326462758977
1.7980928374636906
1.8320488454582833
1.8315019796512286
1.8429553014367146
1.8591571955550938
1.8822226951165724
1.8869950920167315
1.8911934714288494
1.8967399406218395
1.905667053092577
1.90623053423339
1.9134789222319664
1.9193206347097125
1.9206983967882307
1.9242295346674645
1.9277374417411222
1.928241164893687
1.9308706794709378
1.9280922198256254
1.9307656783863143
1.930600110211317
1.933929904784877
1.9364945619360816
1.9312467425960684
1.9350153945410198
1.936425135457699
1.935287282359149
