1.0934949484038117
1.0993991469987383
1.087366224798382
1.0998064141115278
1.1046396510427854
1.1035438011844092
1.1109684472831822
1.0878873096744035
1.0925933078489967
1.0916438217291995
1.0925998561999894
1.0699593204180968
1.0933612220486104
1.1122551536512175
1.056156817631237
1.0703357742722748
1.0795306064612822
1.0827969224992229
1.0650260523651
1.074791893955422
1.061288536852728
1.0565270710532282
1.061628730612243
1.0684068856795015
1.0717426292171963
1.0679437773887288
1.0690744174027538
1.070954357294559
1.067202540163726
1.0797202925374283
1.0719842019948536
1.0622022648707743
1.057597815772038
1.0575906765327903
1.0863273502760729
1.0766409439564963
1.0747782820593457
1.0486921347629519
1.053297872758655
1.0321171685235169
1.033461625986396
1.019540091548182
1.0332713183772586
1.0483669831461027
1.0486243284594527
1.043361202773149
1.0427530274043175
1.0224041161945778
1.013484374017267
0.995836395190807
0.983553524230509
1.0153701327763862
1.0128435686913535
1.0207439718334914
1.005653105336756
1.0165759980813067
1.0152856796696232
1.000550578960821
1.0230134614363333
1.0087059363257105
1.015512170895036
0.9886075645211937
0.9688747342808001
0.9833974310061849
0.975163283318873
0.9757338561641519
0.9840243048637516
0.9887655884366411
0.9869937991909866
1.0199757951027093
1.000718459658241
1.0061063669519232
0.9963783932115833
0.9964991754375596
1.0127048368458127
1.0304765955684472
1.0196440459892968
1.0268083534693493
1.0156660264259454
1.0131290015947358
1.0116617407777793
1.0110050744916288
0.9861965079661134
0.9711722146661543
0.9791393060371514
0.9709557420461781
0.979643514546735
0.9807322968252772
1.002419983343373
1.0136188902622383
1.0072296606491935
0.9961916592126615
0.9987670754258687
0.9911568834312385
0.9700132069834578
0.9559454723907256
0.947208009946981
0.9413040267921852
0.9456120753852693
0.924943892670069
0.9237539065101021
0.9132247213575229
0.8968755205062292
0.924981192445021
0.9288787157581916
0.9241111533029728
0.9269676584920843
0.9165467157470922
0.9302548101955725
0.9227121363592189
0.9334023416299495
0.9397767186387636
0.9427292110443534
0.950788536473632
0.9453767771492337
0.9554243879724892
0.9612372455528819
0.9764576064986282
0.9668322734778726
0.9667426698274177
0.9517947202691961
0.9438045753508467
0.939060418668987
0.931754551646114
0.9404784986317493
0.9352429554972641
0.9476069704728282
0.9449487306427186
0.9579727604744293
0.9490328089415838
0.9450748113943046
0.9432593536464636
0.9574817868969647
0.9479951479563365
0.9514908261394656
0.9414052462986237
0.9306799584403859
0.9388184936575793
0.9298520003771508
0.9092160925685946
0.9086946590514311
0.9113759947998447
0.9144605334833087
0.8995979711781663
0.8974827534318915
0.8879662788833539
0.8987367685057743
0.899201328810289
0.8908239237453444
0.8854990052232037
0.8859086254920955
0.856482417633409
0.8389513564872204
0.8324428956340716
0.8518606300002964
0.8689895008820527
0.8952304608656481
0.9077922074021599
0.900934253994983
0.915698161150384
0.911004107950861
0.9028812511582954
0.9177238730798192
0.9221814947676624
0.9177155016725904
0.9111044998098408
0.9221578848318664
0.9214819908961773
0.9375717651686561
0.9463753436115544
0.9453339129168955
0.9462016664615632
0.9611133031348589
0.9645754099014904
0.9898267633277926
0.9871932687644938
0.9844066461898315
0.9821578370705787
0.9797737103816131
0.9781882963241749
0.9719968329967505
0.9749772527098209
0.9716006528158418
0.9502556314227036
0.9486616088328959
0.9573044588760562
0.9525879501332682
0.9507787706448627
0.9563184710645244
0.9522430398938748
0.950224926977026
0.9403213168677483
0.9466482736790507
0.9255733199713011
0.9321896961614905
0.9235300645095432
0.9220347359371537
0.9297906203991178
0.9215690293091183
0.9314554795952166
0.926548221308261
0.9111382373319189
0.9209080284222518
0.9171744128885905
0.9107936911895191
0.9105641354565136
0.925750808467786
0.9051369951842457
0.9169697704210739
0.9053216572666993
0.9030901775967364
0.9058551605720931
0.9087205485551475
0.8911183360827359
0.913887251879224
0.9049734558162442
0.8929437690512761
0.8976981773724505
0.8895038237691659
0.8982513609791923
0.8821135619306272
0.890978820576842
0.887161971009426
0.8817531252718325
0.8777866546914327
0.8748135910679385
0.865491045378135
0.8393383359600155
0.8490848087741376
0.8607833132996681
0.8516819989565261
0.856440162763191
0.86655093219323
0.8555517015155908
0.8583866806342554
0.8629245042540166
0.8540082930414998
0.8457628211423295
0.8544797943266359
0.8526657276026337
0.8530307791153748
0.8565893457579005
0.8456021291720646
0.865366131800353
0.8593748582587621
0.8618348990622209
0.8614705699246225
0.861395554278322
0.8684826586107945
0.8676518190077471
0.8713490394999847
0.8749276140591018
0.8737576375130099
0.8662327709498409
