1.0669193660534235
1.0596831560934576
1.0332092513987226
1.0650355175294295
1.0506077079971625
1.046381895729426
1.0754725431593626
1.0470087885299364
1.0621219088989373
1.072079114917122
1.0552506106451922
1.0377069912554326
1.065285952415431
1.0746162161067372
1.0370365134077948
1.0380076267600906
1.0362785950046458
1.007472029967283
1.0447084641059297
1.0407806254567271
1.0494528307597246
1.032304265085578
1.0317280817734633
1.0245089353090806
1.0191044386098516
1.0184572760302553
1.0199814537213385
1.0155927631272146
1.0299366359068016
1.0257532689154083
1.0103676793631473
0.9914352748055121
0.9989367701227888
1.0204159286317713
1.018965677396682
1.025335431255305
1.0076116300767337
0.9989473238109491
0.986919795583438
0.986111868120154
0.9855164669755312
0.9843621222058961
0.9991919724608421
1.0192906960428858
1.0323614366230982
1.0305984900952843
1.025576245181492
1.0233581590196608
0.995319987261586
0.9678860185660465
0.9716296068236352
0.9905684124302548
0.9767889514738889
0.969822854822789
0.9636027045736957
0.9629933318051791
0.9702656317487409
0.9717170317031482
0.9736473167227392
0.9627041362274533
0.9706156147587677
0.9787700296512726
0.9651705004984611
0.9589095732292288
0.9402983224002109
0.9387492740493595
0.9501108534919848
0.9268543125739234
0.9406262320574187
0.9848412659618887
0.979692124718146
0.9841826165999262
0.9915370545337816
0.9842778888627968
1.0006902183549062
1.0199352085405125
0.9907375160646618
0.9954322076247257
0.992061714731522
0.9854740012109532
0.983442996756543
0.9884582823438512
0.9666886486802819
0.9433936282289194
0.9477686231303997
0.9489069879957781
0.9579687208030584
0.9626429080722068
0.9661804226472084
0.958488588594286
0.9458464729544035
0.9595815868669214
0.9431312339976682
0.9483984737784907
0.9360918468636796
0.9275015420121715
0.9143843175179114
0.8941163407581458
0.8868888427812885
0.8783364274120301
0.8597178648821092
0.8437291559314745
0.8037104142131446
0.7858473935431688
0.8192006107659272
0.864487001025618
0.8738611889682745
0.8822426891319964
0.9103650606131103
0.8999759582375393
0.9156694263400269
0.919008940713976
0.9167542162417933
0.9279552365722811
0.9365703450500253
0.9323192500703631
0.9445728425088636
0.9493740749795684
0.9577747992446787
0.953054661828814
0.9371450655087967
0.9295256474333679
0.9202216961279537
0.9206876183721039
0.9091540681673045
0.8862630928043297
0.9021831064393209
0.8984419496552447
0.8965426956941153
0.9009856992930974
0.9083362386499358
0.9048657692941269
0.9194480623850352
0.9256109717405963
0.9220830119482346
0.9298963864767417
0.9276858318615884
0.9165382605586704
0.9242126648566736
0.9218209247064486
0.9149698932704999
0.9113906525713251
0.9117350740645132
0.8976203366246759
0.8974408793721463
0.8654609812815508
0.9109136757336497
0.9182804146641311
0.9329083939727495
0.9409588956130457
0.9299255939572427
0.9388657822601005
0.9322898163306186
0.928685271204544
0.9230308120661606
0.9282919235543674
0.9189683583379664
0.9301251068141592
0.9176676641918065
0.9072718136445994
0.9049799289032929
0.897239758780281
0.8933604819603209
0.8924077013985251
0.8853688306598869
0.8861547611578355
0.890794556606573
0.889529912814884
0.8872056615395589
0.9003876055638975
0.9117693936267981
0.901711585480404
0.9263890501959375
0.9361074722125498
0.944768666803554
0.9296148822701152
0.9203584293757864
0.9184036673801873
0.920668110103988
0.9170815560634669
0.9201682273559757
0.9242417063336618
0.9197416463065059
0.9126647050554456
0.8945883600400754
0.8810350964458138
0.8795485081359702
0.8584030320363109
0.7889101456462191
0.7659555493512319
0.7964508101636435
0.8440713917666878
0.8441204562860385
0.8593562133699922
0.8694342410933589
0.8636481678976893
0.8719535007118444
0.8666353729380679
0.8752621708795855
0.877921903824511
0.8746089505453214
0.8735751012303125
0.8773681094074576
0.8709048689612148
0.8695972084861211
0.8582814069281468
0.8782226492514251
0.8737242374765486
0.8582675372056124
0.8746011049124456
0.8802898954049807
0.8778902888159266
0.870290177457658
0.8537293458126779
0.8608699412364178
0.857287133784044
0.8376879968749036
0.8234074580717117
0.8140983682433004
0.8000216875858893
0.815622361559322
0.8234342729258332
0.8298453098738158
0.811130250481998
0.827446437560283
0.8125405862596161
0.7901995208476011
0.7921078197383309
0.7949689237939311
0.8119005700656784
0.8341560483500822
0.8397759411773118
0.8620955095537388
0.8573960768393366
0.8521142242819741
0.8663085915177441
0.8603578208208753
0.8612146092047218
0.8645623834271661
0.8845559468269503
0.867394510341796
0.8527021782073655
0.8567887179579153
0.8641867672633838
0.8584004454467694
0.8633450055430368
0.8689072401151957
0.8608207637432578
0.8680607471021428
0.8672888206210501
0.8721094875147922
0.8702080158449342
0.8742473531222115
0.8702516783615718
