0.864904299302498
0.8210593945455293
0.8162208552350895
0.8521881792477902
0.857085722712825
0.8647817496565291
0.866753831400101
0.8436654227320699
0.8572156076305837
0.8614182416220338
0.8704562846629984
0.8539315197716314
0.8713249166907967
0.8775372732230442
0.8369197034932265
0.8312959126939873
0.8329062217586122
0.8311392852233616
0.848777962487328
0.8444126128651391
0.8376919403348031
0.8148308510601054
0.833677143626916
0.846593298519203
0.8332058194344053
0.8455600564633496
0.8269186544831422
0.8349901868757771
0.8421769308070777
0.8578921510392157
0.8539224214335105
0.8263630103320071
0.8138384788085765
0.8089073114930585
0.8197090313855334
0.8152181838208566
0.8024609036936556
0.8078430357947655
0.8297232131958068
0.809651019700879
0.8231245042060484
0.8083826554486784
0.8371638617482487
0.8448557073929022
0.8481541556107183
0.8200414295690904
0.8246939091957124
0.8147958167560047
0.8167972869935223
0.8125483065421714
0.7908047576285868
0.809715868580548
0.8083165932966642
0.8168098068980464
0.8139930453446333
0.809455570803414
0.7926981058868208
0.7912800230107487
0.7880693407954269
0.7989571157148869
0.7858283445891429
0.7814630299121871
0.7617850026978698
0.7704361772430833
0.7473479759988535
0.7477536046794486
0.7724495579507763
0.7761827201432415
0.8156055534715984
0.7952653658324231
0.796431336295749
0.7951029798244886
0.7978791145116353
0.7989583990896384
0.803919458652056
0.8262192852367138
0.833819984371579
0.8438710330574192
0.8475895270912548
0.8425732042001746
0.841554262320859
0.833120060493442
0.8269140957656785
0.7832890505034064
0.7753569016079139
0.7760478525797196
0.7908095992580447
0.8015429503927554
0.8095142204943797
0.8006373340519412
0.7658285635388988
0.7970346632278295
0.8062960175342718
0.811515788624941
0.7901595755600185
0.7579873757686421
0.7659463553986574
0.7575398825529817
0.7604614419915231
0.7672885772403988
0.7646408384781183
0.765343534181503
0.760980456518497
0.7510012784472159
0.6880647150697794
0.6875041435584746
0.7078657864598851
0.7065699479593986
0.7413843259114251
0.7481776367067918
0.7632038924827479
0.7593229777196095
0.7547567460011759
0.7747166386927714
0.7816374657043406
0.7700588397808199
0.7870658936649649
0.7978814666606424
0.8078930555662388
0.7900849792035306
0.7795769411459584
0.7612166228695001
0.7567042014470287
0.7404659630027199
0.7497183382952018
0.7709137832031154
0.7806524461956302
0.783676052126261
0.7793838562842135
0.7756632891407272
0.7790186494096405
0.7853754974079437
0.7796024047999688
0.7684972816558383
0.7613704296671471
0.7546335525836699
0.7491111689950147
0.7488997614115664
0.7590630891135896
0.7441589622605091
0.7524270168092752
0.7494459051074558
0.744355073183542
0.7107253754357307
0.7125669389470959
0.7313335700463998
0.752179396401123
0.7646339506839367
0.7645590574313919
0.7611902541085391
0.7765579351774659
0.7714489832707234
0.763642165607054
0.7783428125257776
0.7695850397762198
0.7775911686186575
0.7699048478262912
0.7736527864880965
0.7911627870081955
0.7654926566311449
0.7877468353549603
0.7694986517887892
0.7398532022271632
0.7170364131993882
0.7053256822693396
0.7007689826698366
0.7129757028229519
0.7205825432539038
0.7437158789969142
0.7571880296882113
0.7652960303929163
0.776016193578705
0.7881023960889049
0.8028450129072568
0.8009735398630945
0.7965526123481169
0.8010964617027829
0.8017406502137921
0.8023851698451598
0.8038811527797858
0.7997790741925034
0.8077375173874096
0.8010454503990616
0.7891988626037941
0.784435246748175
0.7836530456239278
0.7727951096147906
0.7789993995844028
0.7665753871966275
0.7652042232000662
0.7479468141108583
0.7445632709471057
0.73307211125084
0.7219595110162289
0.7077252038211586
0.6989746139018695
0.677854956750073
0.6664967756289819
0.6414678848094099
0.6581486626307917
0.6454812593256336
0.6314659676823923
0.6175486687474506
0.6097530185044525
0.6041536093536689
0.6242084902207882
0.6356304431822674
0.6301411874496353
0.6241361495520145
0.6537967888393431
0.6454030844179713
0.6419873420420319
0.637073053376463
0.6211503382044642
0.5883677811523775
0.5803634037124562
0.6044430706257149
0.6191627939480145
0.6272240716719917
0.6477841510925141
0.670268556954633
0.6729799711917868
0.6706293400178153
0.6660173126967578
0.6573834830450758
0.6718594761483986
0.6540869699288453
0.6575810294535086
0.6600399184488133
0.6556311124291507
0.6668221672906496
0.6675183363289422
0.670220046941038
0.6768025138803128
0.6826834804791992
0.6764171787726576
0.6755210624352004
0.684942012701201
0.685991645528726
0.690597148156379
0.6947401889122296
0.6936735607390059
0.7081027683371189
0.6986672380142974
0.7137382791616278
0.7035454577137186
0.7079467894775594
0.704661578571684
0.7183080706588052
0.7139932001621454
0.710535427628497
0.7118435340326311
0.7131875259581023
0.7191373042433097
