1.5046364049474472
1.477561631690654
1.4690326971191223
1.5084772808389548
1.4969202882394461
1.492621272723824
1.5143146502755411
1.4881732322520997
1.5069248569771643
1.5100098394505013
1.5140545600503592
1.4892931563390182
1.5082695795177825
1.524081377528295
1.4727803760273608
1.462592764406664
1.4899725786202775
1.4527516627326231
1.4645933956543307
1.4691172871555285
1.4529882956604472
1.4457227369497585
1.4504846387979835
1.4718279068827944
1.4626364681064292
1.4563117017242178
1.455890793252962
1.4439525126888257
1.4557672854067092
1.4728531921805386
1.471672256627431
1.4556954976052556
1.4691645735688148
1.4984683901049305
1.5048946123914053
1.4908896196703327
1.4594147311192844
1.4787555040919698
1.4629395963562175
1.4412406815744023
1.4462854102067249
1.4447383052280307
1.4441751277535033
1.471350549544786
1.4728458752464264
1.4593900708882999
1.4539392181886674
1.4450519322126596
1.3950315577773842
1.4016010129781502
1.4031130176351312
1.407714028557294
1.3994833466887935
1.4037532705518287
1.3986368749227716
1.4105329561892874
1.4331515513889022
1.4290278126468214
1.4257956553318314
1.4169728173277374
1.413229090861602
1.4259979227208455
1.4067728973150453
1.3954347218855645
1.3886724051828025
1.3632164573086742
1.3860559105225894
1.4169582094505668
1.4243582728554025
1.4400791511272804
1.4629090938640537
1.4673276825887638
1.471600301803526
1.450401461055711
1.4637446815535136
1.4686970723677082
1.4418935390736574
1.4458340703917512
1.43177016899181
1.4059856039233978
1.4006261325884648
1.3971606976605517
1.3871496047301013
1.3627351582120035
1.3428945735023468
1.329856447189883
1.3195844886171617
1.3018390394829953
1.234169848960672
1.2810053023536114
1.2735990006416114
1.289180449420593
1.2935636192163862
1.2961933859570773
1.2876769645401482
1.260502782549032
1.2666348832129948
1.2720921031196464
1.2750039350587345
1.291547325221537
1.282835040485517
1.2825633625538433
1.304960210653706
1.3149062752389193
1.3316187400179993
1.3124137051829954
1.2936903274714948
1.299755133855763
1.3290663558725782
1.3361214101751469
1.363428870721508
1.3677138851607398
1.3657695632869993
1.3740161375161817
1.3692602922426744
1.38660878677993
1.3957352950316
1.4093110376999978
1.4016772710338865
1.3813854038191047
1.3709161671814538
1.3394030464638924
1.3327761527709556
1.331039353944786
1.3269163982922942
1.3062185804883748
1.3153555060916189
1.312992521073966
1.3335218779648919
1.3360873001032147
1.3375530088551908
1.3350108836243046
1.3453030426341972
1.3439196179162043
1.3499361007806492
1.3440728208043253
1.3268082361067521
1.3223862248896858
1.3018955457390764
1.2817820437275325
1.2907870402769832
1.2637685733710429
1.27063749230419
1.2745899318975684
1.31232057623487
1.3183726257244952
1.3393528529679901
1.346674732264231
1.3657612354265807
1.3655012186576527
1.361045381536176
1.3638970443953264
1.3630236854395983
1.361703074265351
1.3523926581651808
1.3366415049024227
1.3312067010086246
1.3282526747089054
1.3336123484530695
1.348383663577644
1.3438803202031568
1.342787145058694
1.3331431224963952
1.3293545016257613
1.3371571307499126
1.3241961988294013
1.3137338506744054
1.341963778561977
1.3338278823307628
1.3429266194636926
1.3634548179481951
1.3642092385341709
1.3561079300024068
1.3658459918214687
1.3667510214249174
1.3692842382895896
1.370990484245812
1.358140267142169
1.3567337676375237
1.3581506748188188
1.3857242375043872
1.3741578045363487
1.3795443742971898
1.3841402561939962
1.3752700851087465
1.3383648734317222
1.368786448960796
1.3696632380245777
1.3426656494983806
1.3527375341321135
1.3342707144760957
1.318335856680563
1.3185881371168164
1.3141830379819055
1.2915853905100312
1.2818669552749167
1.3137284688761675
1.3005308887973968
1.3086667030482548
1.3038284131181546
1.298664253692891
1.3084746975136057
1.3053401106140254
1.3070085836745358
1.2952338783145143
1.288527299469344
1.3031859689761622
1.2941551394835744
1.2933409032141154
1.2845033216079773
1.2898598389260416
1.2773855764525477
1.2734712248807718
1.2670083495423157
1.267356171021044
1.2678233275628106
1.2644185662541532
1.2502901013999708
1.2432769202497074
1.2568403170028823
1.2582859632234407
1.2538958375006715
1.2474659318742856
1.2433420332022747
1.2527977893702382
1.2451228983403284
1.1882742275210372
1.1897135387984845
1.2402793853609912
1.2144348398708968
1.2481873396130567
1.255785635306515
1.2795425014073607
1.292529088055497
1.287006485921375
1.298671858812274
1.2973283012883465
1.3072948235355302
1.302449759293005
1.3087229440961272
1.3060691202082313
1.3156955130043795
1.3253576226377974
1.3203959494173074
1.3168113926416465
1.319801163219933
1.3204262268094955
1.310832807634915
1.3258241522567145
1.331847410675852
1.326022373106921
1.3249011836835334
1.3258033714481958
1.3232093864725254
