0.6462329495470421
0.6342132540801365
0.6200950022248737
0.6467895307791188
0.6489485599621253
0.6501790542494461
0.6487007448306867
0.6419447487139244
0.6494205709250226
0.656961311068159
0.6474793476265447
0.6396639240582416
0.6547847739395751
0.662566191745453
0.6285009947449034
0.6300921300092538
0.6220646166206646
0.6160115902494976
0.6217519239992433
0.6153919523734345
0.6199551766993251
0.609296609476174
0.6156126961179237
0.6203703878720974
0.6327122621131859
0.6394573165368636
0.6345428098194277
0.6346199816116392
0.6310423384208494
0.6426833468892726
0.6114964921540185
0.5852810504274438
0.5983476952920312
0.6118405027163083
0.6340930434231361
0.6364430785728501
0.6286689793082881
0.5974325205682143
0.5945315928784559
0.5818048643476382
0.5964870481154221
0.6058480400586144
0.6143410863357062
0.622649432701107
0.6432370618495258
0.630128989397368
0.6093659892850168
0.5932572074536492
0.5854055921207583
0.5908401261428611
0.5858513804514032
0.6092643766424913
0.6053430490361781
0.613502556701694
0.6070051457960616
0.6191759765312788
0.6174786059283658
0.609405987789521
0.609408786744515
0.5942000327016773
0.5815146073006455
0.5447533530906243
0.5701860143071737
0.5576147530904636
0.5430949532827432
0.5489335303118299
0.5417017882140723
0.5458414564554664
0.5751443040905642
0.5900165683075794
0.5999340672874447
0.6021340638022531
0.6070648368413804
0.607774924374322
0.6247898626433093
0.6406896415902985
0.6261970124832588
0.6251307423008422
0.6184270557618564
0.6140877874213175
0.616410772819453
0.6155894474145204
0.595951963843336
0.5781499121784036
0.5257173567615913
0.5442177958474756
0.5500691504778888
0.5825966257600603
0.5853002552487362
0.5778318919111385
0.5830298067019002
0.5722863905726953
0.5741282768632858
0.5662820940416207
0.5620081769026835
0.5578360787618666
0.54052363965729
0.5378368281355792
0.5214463040253425
0.5069083929287506
0.5107055077498782
0.5030785414245313
0.4999549417048011
0.49226742534700824
0.48320558595283497
0.45931577119503825
0.49857042242908933
0.5060845393730251
0.4960470013532977
0.5108564603704143
0.5261990049846665
0.5226845363562096
0.5419619744131404
0.524014191133348
0.5269037844231353
0.5661319836606319
0.5565423723830389
0.5759821118828545
0.5537006913967174
0.5544375496348645
0.5345958220012675
0.5219646251863922
0.5050734471957483
0.5082090304380487
0.5143775939012356
0.5132692658616721
0.5059203250583015
0.516519098804658
0.5271138394392826
0.5338756836220565
0.5243300045882944
0.5336132799124074
0.5463448014656391
0.5439122576969639
0.5385755689055878
0.5268494336586694
0.5389792722849226
0.5260929253021869
0.5161827873023379
0.5138941335367353
0.5035472717181189
0.4965058676820411
0.4949740391540916
0.4824567841297092
0.4436341603470082
0.4848700640563122
0.49955196004222147
0.5030878202110909
0.5046380952968099
0.5056016051936977
0.5208547427471056
0.502601605652409
0.49432356176176256
0.4765826982218312
0.4975494008757056
0.5021121619172936
0.5301055336193948
0.5288391027995926
0.536050207718699
0.5165038001391085
0.5288414288025964
0.5254068221622601
0.5227078297240506
0.5134727927638992
0.523665118307385
0.509251056640433
0.5126923819839767
0.5055693482652482
0.5133287920412313
0.5305065061332224
0.52941476908364
0.5454325509248685
0.5525957540150859
0.5781896009004139
0.5686256589876185
0.5650287177408766
0.5651298381122605
0.5616905240802758
0.5603612968807629
0.5680677777477529
0.5681207645454802
0.5691493779293516
0.5571163777223114
0.5484708032991115
0.5485482932693089
0.5592023499794957
0.5357564915739734
0.5447950929144915
0.5315867283931724
0.5176239488533176
0.5176730419195238
0.5175708371528233
0.5020994564189951
0.5061199375626484
0.49722667543823423
0.49175343119694687
0.47996758023172525
0.4783296881403589
0.4739780341194218
0.47588289808032075
0.47066562475347357
0.471761910898968
0.4623353407924432
0.45729786364570635
0.44250640016514475
0.4609172184821018
0.4686806475239315
0.4618133652749896
0.4626219062217478
0.46602998750859154
0.46907701979087946
0.4555583863548415
0.4596478979856322
0.4575773141908783
0.46092925848625166
0.4614897458150299
0.4495350144778854
0.4595855843030291
0.447511656297304
0.4526445693492855
0.44097892221760027
0.4242928889839281
0.4345678415796719
0.4218050138667307
0.4169937343581891
0.40744604554744696
0.4054238246442508
0.3946255688919828
0.3930396250578065
0.3854044121836929
0.3877097375700872
0.38723015856921095
0.39678763644575726
0.39452418616532436
0.37814825003388197
0.388017152785809
0.39605695537984315
0.3950447035711073
0.4079048092269476
0.41440894588377086
0.3943306236706176
0.4145572021117994
0.38685677791871537
0.4227273684950579
0.40490910889017057
0.3999057387700121
0.38904466792784126
0.40837411006066754
0.3914132562037652
0.381734465641588
0.41074684633854847
0.392430010079849
0.4027243456976174
0.3851702002502238
