0.8664084852533872
0.8578392413771098
0.8644468976146047
0.8841060872868413
0.8730824972419907
0.868442611508148
0.8886583516691741
0.8752224566403901
0.8733078398511868
0.8868886651747504
0.8675833031599397
0.8716477828810103
0.8963113627187534
0.8896893703865071
0.872112899493148
0.8777142040250817
0.8631757510523331
0.8476432960504983
0.8663049686797454
0.8659337360792263
0.8662584353402777
0.8439640367484104
0.8610538823795775
0.8565244764050227
0.8391123607153159
0.8698939508905555
0.8703114971470586
0.8699282317674623
0.867877359112995
0.8706814473758612
0.8646487479568188
0.844131682022147
0.8471686813232778
0.8622468976946644
0.8748789799092601
0.8604398828655231
0.8524054969319204
0.8453293807428265
0.8189310596540142
0.812393713177242
0.826184224822451
0.8197935217574365
0.8344668624139964
0.8629878914029684
0.8655986922946349
0.86405540152271
0.8701668058217429
0.8601607114828983
0.8462766272486582
0.8254967043376814
0.8191524360764908
0.832933793502595
0.8164908782241296
0.8179625375852052
0.8106573807412367
0.7995830616473316
0.8120132282022353
0.8069093974036666
0.8166031859746301
0.8087834335611634
0.8026480828574135
0.8152622414744094
0.7998052418735223
0.7790455183577476
0.7792447188470599
0.7924197979159457
0.8129093153298417
0.820688897464419
0.8147802443788585
0.8161319787565237
0.8176433062167687
0.8222350163564764
0.83289263107938
0.8278798865764503
0.838825623338639
0.8342713483654646
0.8178342926343509
0.8288602460480706
0.8131409577625963
0.819670847014393
0.8260009380607781
0.8075208304405697
0.7983622639453235
0.7750238912108827
0.7818497044606624
0.7942939014221188
0.7888001770351369
0.7997053166240364
0.810124955981378
0.8053767508875062
0.7788366084424092
0.7766328393575033
0.7737268500178607
0.7739185276996693
0.7582845406010614
0.7596401588239925
0.7416337940167247
0.7464464015545452
0.7308179553887153
0.736230210884761
0.69583782111152
0.6661646543348935
0.6467117740031637
0.5969380928173654
0.633536606633294
0.6737986849960744
0.7067486955840957
0.720666195602115
0.729702810113847
0.7465920034699335
0.7510609815074423
0.778208396695548
0.7706945148537309
0.771979215916958
0.7839729442264237
0.7998790354145758
0.7918750310147668
0.7931868792722448
0.7836497760843728
0.7699403829275262
0.7742409324288907
0.7565718708090099
0.7669523454025883
0.7449303805449339
0.7312287126277296
0.7255164418052901
0.7488369273064891
0.7582050672537609
0.7542810936167924
0.7456238670867202
0.7550317107924825
0.7644419962439227
0.7596346857770325
0.7662415947272583
0.7707621250405312
0.7602820627827398
0.7598388076398105
0.7570954397389544
0.7579512405298336
0.7451809107086363
0.747999886506227
0.7676605109776058
0.7332388398233947
0.7219057382454688
0.720259204966819
0.713186202729941
0.7481038781393253
0.7611538365862626
0.7762238952146283
0.7720073649912188
0.7817012123088355
0.7745366014397089
0.7772429927214941
0.7786610226688616
0.7722056100026164
0.7798366688511953
0.778252069372619
0.7594519172838042
0.7382420557682126
0.7453622299253658
0.7286109987364914
0.7407564629873152
0.7269507366836976
0.7169998406168425
0.7188406104177938
0.7117230991005511
0.7137455779590137
0.7165067594762979
0.7147424039043997
0.7169834464468584
0.7276525324972957
0.7315125662859585
0.7543320100309133
0.7571306369397502
0.752477623287306
0.7621890187239492
0.7623510333157606
0.7680543819135203
0.770362553645469
0.7671578512632274
0.7789691520343616
0.7575239052415882
0.7579938861433019
0.7561888771518924
0.7321989458056081
0.7392075233542483
0.735200452290559
0.7070943519393733
0.701551488507148
0.679413924067193
0.6856525152236266
0.6883828948673257
0.6980108561921856
0.6994143812815121
0.7020232176751193
0.7061322601166962
0.6942510943065678
0.6869239847775507
0.6955492070247681
0.6990705867350013
0.7052085863945523
0.7002791530877751
0.6899259371489123
0.7000522105776212
0.7024237943916645
0.7091025932080683
0.6953249671778823
0.7092336767596656
0.6877134258562312
0.7011704834199294
0.6960077992046986
0.6986296377701023
0.6945373423890452
0.6892820553070874
0.689249648714504
0.6776211137102047
0.671572342082631
0.6717603814376238
0.6780223266397557
0.6771968742494506
0.6855151201700462
0.6848667471856387
0.6741013332527919
0.6508052207717981
0.6672113930772061
0.6546693656126241
0.6426580810895635
0.6321499101182141
0.6310432808042952
0.6640234051168186
0.6697435017011072
0.6811139980443005
0.6826823971042294
0.6926057258503935
0.689917074848944
0.6912403999903762
0.6991016895917291
0.7021568721278103
0.7015695448328811
0.7144451183702106
0.7084758509090614
0.7025249353788836
0.7113612938403465
0.723988305455646
0.7059634690842307
0.7084970805005039
0.7114769181388705
0.7189995645885982
0.7049791878328782
0.7120282069475027
0.7026980326118883
0.707639124644917
0.6978454866584565
0.6932602207874902
