1.2686350449667638
1.258614666083332
1.237168762407911
1.2906811130271405
1.2699730717443478
1.2693578276930106
1.2835016697909472
1.243683394790439
1.2723494918807674
1.2990768917637663
1.2753289443092588
1.25087840408289
1.2944581549302427
1.3076302423685304
1.2637741369793025
1.2583912493082186
1.2609811571805039
1.2472526087894016
1.2607230989997749
1.2780709539285593
1.2715269516838477
1.2392287848852608
1.2464758802784803
1.258611629022446
1.2551131182640434
1.258291759506809
1.2574302531942099
1.268816882760042
1.2725649057572337
1.297419206182272
1.2633882218711787
1.246636283135521
1.2408434599225826
1.252157467481895
1.2835255549638955
1.2789821240707853
1.2540002297756199
1.2387115014125694
1.2479406653457772
1.237455503061669
1.2348856550173164
1.2304335888423965
1.2452661893973525
1.2491539961353892
1.2458156921579002
1.2120473926834103
1.2261266211864257
1.2198354692078246
1.212018575096093
1.2057799576293433
1.2136438454481
1.2187585826314156
1.229888746320942
1.2173851902610462
1.1924116365203656
1.2207262971385506
1.2276146014842253
1.2259266600249552
1.2202571345682875
1.2238150348649224
1.2086759349526184
1.2112303067382713
1.2046137808003858
1.1815909076446611
1.1868649141863428
1.1705640236768888
1.1772987913488089
1.1801785726598732
1.2119963123159914
1.2268863553685825
1.2356892329417741
1.2415156078319733
1.2386736852844282
1.2281115245004222
1.2500020002718444
1.2417497535975897
1.2366869736556105
1.2258067984585386
1.2221159829485324
1.2115136879622657
1.2311892876436443
1.2222038656321257
1.1964012910827904
1.1739423512107907
1.146523836166317
1.1382500928667
1.1254986452583433
1.129952356057206
1.1489172424684342
1.1346803515437283
1.1389874197410326
1.1420649544063244
1.1169091191177065
1.1109625381035377
1.0766460619425033
1.0338232095048385
1.0343205629183754
1.0506657515000324
1.0594817620187638
1.0652110556848846
1.0586862017837317
1.0763833514450725
1.1089408668751002
1.0969289151342754
1.125194218564359
1.0983012199487343
1.1046726520280716
1.1093858935383785
1.1183816391355519
1.1244344450841626
1.1440559801457548
1.1572893296918774
1.1535440885847181
1.1514663741941134
1.1551091122655763
1.171500421516722
1.1893186219517673
1.1915467375016568
1.193081806125972
1.1784681321940762
1.155973681952365
1.1184865713853
1.137777286432856
1.1314787654938572
1.1248864601459425
1.1415978808911493
1.1334529783222813
1.1379992211034922
1.1485335760290034
1.1593603325430442
1.1517258583676016
1.1332475650036598
1.1424806794792015
1.1385656660525458
1.1355982039643002
1.1291173911430876
1.1187314516795936
1.1270151895671614
1.0977376223189172
1.0894100158357756
1.0808773928762383
1.060811510565904
1.0536417879168305
1.0661196916041398
1.1014425439507274
1.104798343092237
1.1071137799812096
1.1222597736052464
1.1426701827731829
1.157815944978357
1.1487627327633845
1.145435972076341
1.158192268456694
1.1560955461350066
1.166615733937507
1.154477811093772
1.1263809200139958
1.1545283814421818
1.153121247789921
1.14270954957466
1.1451605827812488
1.1334800610900961
1.1343891065061393
1.1377523179166351
1.1356529170996834
1.1103525660211186
1.155185008517321
1.1480414271721588
1.1709615782460028
1.1582816609535656
1.1804628243597655
1.1596324745162299
1.1720916701685797
1.1891497297895262
1.1939031200869825
1.1766092821200325
1.1743743169081953
1.1542702479855973
1.1475783492304914
1.144746002008199
1.1572656252987608
1.1542762121523322
1.1644819980820944
1.1791041569523442
1.1721817312067846
1.1764432926878985
1.1682102141221
1.1525140087486492
1.140131338825014
1.1626649935612148
1.1242068712113218
1.1228726326108842
1.128230626027427
1.1319171726009065
1.1066177938020398
1.0836942745011582
1.1230680375302438
1.116314047071609
1.1071212824882533
1.1123403210797203
1.1085753582645805
1.1122096998945392
1.11583785611642
1.1033113720063983
1.110629338614252
1.1068123739382714
1.105293827870785
1.1003301928995488
1.1047957344716515
1.0931041980126321
1.0960390632367658
1.1065087390466233
1.0859023381585502
1.0849286871524457
1.0895260866828596
1.0952438731962109
1.1000882072957643
1.0891167974726101
1.072790993890225
1.074488134559527
1.0645239393201358
1.0234584564845268
1.0013802632063005
1.0030234543896404
1.0350570268087511
1.0277496038659646
1.0130264752923754
0.9839035597222573
1.0261838799107865
1.0110870799040907
1.0301262364494241
1.0381049378019682
1.0564291465175644
1.0728525035431415
1.0686306433177861
1.0825129872578774
1.0888383456113062
1.098136923691691
1.097110088408369
1.0956982581725683
1.1025892205371361
1.1019181417680688
1.1115123232849557
1.1005442749237793
1.109223237077758
1.1165462797276653
1.1091839059850797
1.105261379954226
1.1072516474304592
1.1137248807703783
1.1046299487529205
1.1177829319509456
1.1195435510854417
1.1137087191649973
