1.079523364310033
1.0745747893498
1.0546047611818072
1.102557982895171
1.1028719196293701
1.0874226653367653
1.0943019755864927
1.0775128307526316
1.0885086702032822
1.0972777876872215
1.1013404057939729
1.0823423807676331
1.1059805681282628
1.1093615416565747
1.070872494201023
1.0653853044403419
1.078504388866606
1.0663521129470155
1.058041095695249
1.090229627194346
1.0679312936392613
1.0616597462235453
1.0585180991330916
1.0686738075747533
1.0720284718146633
1.0765876218332346
1.0715576255592536
1.054436297041371
1.0596169754539864
1.0836993541631226
1.0768484196942016
1.0682222396943974
1.0606581340798051
1.0630905668056234
1.0778314117481982
1.071095182889837
1.0547561612136225
1.0312475315958902
1.0364508520925377
1.0161488577082791
1.0129519466809016
1.0214258028615395
1.0374981621574826
1.0547252129326865
1.0765935005380176
1.0562995777673019
1.0610656132052558
1.0349419264680844
1.0147702686981634
1.007959776645081
0.9981964823783342
1.0390067536670309
1.0200977356281509
1.016808295816722
1.0133427888749624
1.0406583131037717
1.019552167425779
1.0282026029273459
1.0356427778214845
1.0317849583563916
1.0368491476589285
1.0204589178944765
1.0194857124272372
1.0161123474333316
1.0094520285824609
0.9601433520758342
0.9952506361186645
0.9920555296553265
1.0197826936891958
1.0569350561128914
1.0448793241560836
1.0371375370807185
1.0313231271382208
1.0325041717013732
1.0378885126671764
1.0513430064600706
1.0349534459587124
1.0450411303948048
1.0292291237839846
1.019903036052258
1.0146660239113188
1.0179724799836964
0.9889923600123608
0.9752002296582858
0.9600124042896333
0.9891667863031625
0.987069695816872
0.9975555677147274
1.0065137480700745
1.0055557801031088
0.9955494546341579
0.9981878868880214
0.9797039078386739
0.9817811663768821
0.9662349585491268
0.9298112914805379
0.9308349304571436
0.9440663381010195
0.9448339696426701
0.9208677405262011
0.8946848533023064
0.8954826404966925
0.9128209694536433
0.9274389771778726
0.9350704750548875
0.9423479500276759
0.9201962753295284
0.9315918661524036
0.933993133144496
0.9573327497674099
0.9662690531175004
0.9628162213981375
0.9674276616644718
0.9848949503044889
0.9711430769668726
0.9860452967750886
1.001387346128384
1.0069320045500283
1.0026851412214999
0.9883376301599666
0.9634867779666113
0.9550383382875043
0.9503935770018869
0.94179409370646
0.9482333844951465
0.9551496744711285
0.9467016437022775
0.9398757438294947
0.9563613439872367
0.9350463996196623
0.9447737810784121
0.9362359461705876
0.9474304121786159
0.9648020602429683
0.9243233065726777
0.9049615253199612
0.8810947642483498
0.8519900572232617
0.8394280085101591
0.7838368932499304
0.8219645561975633
0.8147947429834856
0.8175521263612353
0.835787731751979
0.8809094208910148
0.8820233543284828
0.9223367426734638
0.9297559229181779
0.9608795958638615
0.9641498859762316
0.9633075744095387
0.9529695373403204
0.9761281636781792
0.96076014586529
0.9613395738354397
0.9517811249274877
0.9763470909726482
0.9764081985132678
0.9664830006422104
0.9620987908932902
0.960151088869607
0.952908770930904
0.9509109361931279
0.9418730523665956
0.9582544322865841
0.9457296683271346
0.9556162209208748
0.9473373717247995
0.9677038829795365
0.9638716413705664
0.9687534624925322
0.9774462235557244
0.9790246619197523
1.0070128131619651
1.011397490942515
1.0050846971112095
1.0017928867800305
0.996872204031841
1.006206659197421
0.9827566550837823
0.973810368546156
0.9672260118775712
0.971046802682729
0.9688162676333295
0.9759661415077556
0.992472209540495
0.9891885139364158
0.9866412033998294
0.9762689627160474
0.9738885237425334
0.9677216835657573
0.9677280111642368
0.9628782925229045
0.9586626259082633
0.9565959931144132
0.9471340689607503
0.949934870263579
0.9415128529415516
0.9377407628551258
0.9374361929925026
0.9280188348919923
0.9438475047141058
0.9358853453742171
0.9345067966635926
0.9398314823806994
0.9359574796564513
0.9340532242671484
0.9367992278308684
0.9281250298045498
0.9254706649050992
0.9306004238658567
0.9274578330107567
0.9326822633424778
0.926094241495636
0.9273648279041858
0.9158998257160016
0.9182614919331861
0.9204907221737321
0.9217150586383895
0.9207385730915068
0.9168278524053086
0.9184048943420289
0.9069781774830019
0.9089000912046291
0.9149273260956752
0.8904456780968322
0.8602781554501974
0.8153995283966896
0.8549195001507481
0.8587142471306728
0.8741666754823622
0.8849044212507922
0.908871278255706
0.9026254832924248
0.9059611404265372
0.9079156944753818
0.9071962156214596
0.9122282310563075
0.913055108096443
0.9103173894757317
0.9097448167234297
0.9024565341725668
0.9079858554494659
0.9290877775870524
0.9191937038468415
0.9320463689514328
0.9101178632967486
0.9203224043973226
0.9238314401282592
0.9330928862365212
0.9275535275634539
0.9313755342142802
0.9225631992624971
0.926623184399997
