0.6729740465212738
0.6640629726822986
0.6630341726875738
0.6817140322165803
0.6899930850566506
0.6758499691261382
0.6887429573889836
0.6794091288553585
0.6877914146297492
0.6790380058417091
0.6906130117114535
0.6741430111100134
0.6876213734248137
0.6882557982737179
0.6534592348842551
0.653173780055279
0.658432420568257
0.6295811055953425
0.6431170304978348
0.6472467279399141
0.6578023760093711
0.6462179057102805
0.6607089586754704
0.6527428670503965
0.6609893405508938
0.6569788742864782
0.6587799890800832
0.6553873010730474
0.6649689111002337
0.6566022186479269
0.6448673604346801
0.6283059980406273
0.6370455029318928
0.6326642477367026
0.6468869092987227
0.6518067699651644
0.6523446775970839
0.6304122765897205
0.6341215398118728
0.6178659807814249
0.6174728022945127
0.6268519090282609
0.6236879443751314
0.6494514784949176
0.6604982814515243
0.6493162762563945
0.6422655737408113
0.6109040391304928
0.619652348304877
0.6110127717105712
0.6208133666958217
0.6383373552958346
0.6436841257837156
0.6400551996638776
0.637146128060637
0.6393548434794286
0.6453827889916817
0.6403537500886526
0.6312644095221394
0.6031248184762996
0.5915134298097425
0.5877744689130429
0.6080424267684158
0.5953537534662401
0.5727824257994232
0.5787404504009153
0.5801872791797815
0.5831925534481658
0.6115241641460786
0.629349609958864
0.6325521365544307
0.6390754657668622
0.6451630806781306
0.6426263830672665
0.6619701152971623
0.657433908788632
0.6579457879362883
0.6452120370182252
0.6451499484332954
0.632709564366314
0.6415012275678801
0.6260683128685239
0.6110505028158464
0.6024913097007808
0.5427145607936928
0.5621048052132879
0.580330545773991
0.590036554683738
0.6019607991731993
0.6056387275826426
0.6006385226813357
0.5874707185025297
0.598333627930681
0.5861959070129459
0.577870190542283
0.5712419188881431
0.5722480283396217
0.5635173973046251
0.5588439648998641
0.5524646006738064
0.5400229115412823
0.5286792659184258
0.5315555251165724
0.5199505813511848
0.5276934421165268
0.49936694205879134
0.5209569511456428
0.5208412903392865
0.5412031349573804
0.5460307028552133
0.5554955282196555
0.5650905666838525
0.5549478659196583
0.5634233299939214
0.5747953014700786
0.5805056114877946
0.587956161429272
0.5882611831095311
0.5832556384927775
0.574349127781199
0.5562707674236675
0.5493139401231236
0.5530858896133988
0.5434429720264696
0.5498613713327899
0.5485594869594514
0.5511068467842473
0.5517915520044538
0.5548736773139143
0.5598079672827089
0.5627856449780733
0.5563848354639356
0.5719254586781158
0.5639828853240934
0.5586834333886064
0.5547867677152656
0.554059957482093
0.532812045946122
0.5421700749264035
0.5282419707880908
0.5369511180381766
0.5201139871641348
0.5240249776830757
0.4995777439483332
0.4817116049865489
0.5124374912622485
0.5217489972250028
0.5381146317420809
0.5328822510720025
0.5396654747586817
0.550333419597144
0.5393217951456505
0.5246398722836825
0.5296308305847633
0.5120138399549713
0.5096846986527034
0.5184055380499407
0.5269742577361325
0.5433898997124407
0.5536799529611853
0.5384789505774495
0.5342411111385875
0.530082695076012
0.5302874431164346
0.5452835577521948
0.5382229122580207
0.5361525700103372
0.5393294564729406
0.5402425603078451
0.5610235374853538
0.5727393300770022
0.5706329756903088
0.5893238560389965
0.590198042780945
0.6053967919748728
0.6086126967994919
0.5969388270758338
0.6079386761730696
0.6013098540752614
0.6045579808390811
0.6090824622321142
0.5912782379373571
0.583630003477233
0.589797840425401
0.5950547345849366
0.5764494583899413
0.5676049619603273
0.5526381845699
0.5647959039838317
0.5557294280969826
0.5596153956393882
0.5516988746419135
0.542476046250631
0.5186946301941574
0.5340130662876581
0.5049318712158783
0.5208516951192715
0.5059627569781573
0.5005335413275607
0.49108149407361656
0.49424253220530456
0.47865603602466134
0.4895974249425045
0.4901632152269792
0.4828827593733088
0.4914635246441079
0.497272978493832
0.5074068058559799
0.5076973163680213
0.4881524666181327
0.5096263643799154
0.5062123124880764
0.5106067286388248
0.5049008226743998
0.5032542408616211
0.49548550998752133
0.49795274412765383
0.501679941118158
0.49426591009372317
0.48823852838255316
0.4829055002798447
0.48079280275002984
0.46939207543869477
0.46719647003670833
0.4622917516616001
0.4467710577368155
0.4405281523561249
0.43688208985706123
0.43831090354720953
0.4470652038793591
0.4396434323729715
0.44186324664518073
0.4407843775004979
0.4402292067035962
0.43408983887230274
0.43677408623315506
0.44508982343441095
0.44016352834271716
0.43171339587487584
0.44307625531922246
0.43997887051429735
0.4613390023449317
0.44408125505137
0.4464913404471596
0.4616054326957848
0.4477660840486979
0.4473043753528684
0.4545503665134762
0.4453089321857071
0.43151134830082505
0.4401172672750652
0.4456263165323225
0.4212556455030381
0.4122089420855977
