0.9633400136705771
0.9507859623574932
0.9317043562778868
0.9709324919695019
0.953888474700135
0.9509271192115968
0.9796110666659252
0.953758851249183
0.9550436892376138
0.9774514153948846
0.956288916837242
0.9459019475451852
0.9770681538037084
0.9792180880442745
0.9542342399888265
0.936910441462158
0.9443719800773359
0.9519699404921051
0.9736316763301733
0.9760271475712307
0.9526922045377834
0.8910027373499249
0.9124721389941624
0.9230803942178615
0.918754487376752
0.9439538884731644
0.9544984592401023
0.9569481516711994
0.9608629235015986
0.957962121938148
0.9429455163448517
0.9160757324156727
0.9354213861376302
0.9494089066666586
0.9701315646332097
0.9604478334602375
0.9379181563832888
0.9268057166171758
0.906544451797146
0.9167735772491826
0.9369864781554249
0.9277420921977695
0.9343767616828097
0.9470906489562801
0.95766907609245
0.9408787099600207
0.9414054958593662
0.9484059226874212
0.9393213043876644
0.9313113718799605
0.9118795064041919
0.9097114933266546
0.9014079329503354
0.8952406472602266
0.8762573451383777
0.8690008618251606
0.8819931273255945
0.8805278634083901
0.8868020861272313
0.8841234963190212
0.8964615060229925
0.8962702938988693
0.8986878407074521
0.9020920601039656
0.882389345322309
0.8899157263857354
0.8811803334964847
0.8745837585722821
0.8746164986315212
0.882821814419379
0.8911620810864548
0.8729303984774162
0.8676047631036408
0.8534380842366601
0.8854938754079325
0.8887108522553004
0.880269589099728
0.8870001787203624
0.878502197627003
0.8910408781416238
0.9010266292551891
0.9057585496785706
0.8872104129248103
0.8580834619447617
0.8630810582236174
0.8764314063519079
0.8738554617843828
0.8917669987548501
0.9054781675019765
0.8917663874339513
0.8878707151579622
0.8599575305921048
0.8617707218662543
0.871203157248397
0.8599660655871105
0.8395850986496546
0.8529257879144473
0.8415179620283945
0.837502601854724
0.8283258150569431
0.8203176312071483
0.7968679572055225
0.758227054174002
0.7237395915953045
0.7133603187439509
0.7288588611418199
0.7463186817443301
0.7173804515820509
0.7415314222180359
0.7949190760628141
0.8132602520963713
0.8193177843393481
0.8507714574392451
0.852347679959622
0.8555793302672541
0.8719041699696161
0.8767623601738251
0.8865835557620452
0.8808542717517311
0.8747604325475269
0.8560424892782728
0.8460924616069436
0.8270063488728523
0.8376117595305951
0.8357052105146857
0.8315037550330986
0.8338924614277587
0.8380742201416834
0.8445713967708646
0.8525756641444888
0.8569491496944744
0.87595250843092
0.8630217760798224
0.8589151951668578
0.8424575877723833
0.8452377615885968
0.8427236802021382
0.8722973441728421
0.8706366824205517
0.8381819286509856
0.8301023343646032
0.8152274471088465
0.8204315041555448
0.8430036103308707
0.8238868028226297
0.8249393409737766
0.8534886037964577
0.8452733698955943
0.8470103355025228
0.8684585073321179
0.8804693270977171
0.8725724158967324
0.8868935102311261
0.875662221442469
0.8758742092096439
0.8661060630651567
0.8663617820688999
0.8640443877931097
0.8609015410176643
0.8489955236496046
0.8416957183406144
0.8396308393736801
0.8287999290771347
0.8188206911507735
0.8262869886496287
0.8143044180112952
0.8192208651210975
0.8182218990578679
0.8330215895487
0.8310885019663639
0.8450867085227243
0.8467353711210831
0.8569258536983623
0.8787604205243189
0.8913221863693572
0.8814446448907605
0.8815409797305334
0.881969959892964
0.887393662582978
0.8818788913857943
0.8780542212906467
0.869765954684259
0.864037284339586
0.8533315716286005
0.8575676576686737
0.8463689510498924
0.8368810510710782
0.8135782319901628
0.8146643597054589
0.8095216966848428
0.7855510364064904
0.7969184872088734
0.7907158465159824
0.7919890322206345
0.8111538052786655
0.7851600310177556
0.7773625326186967
0.7722614837805243
0.7677863230546095
0.7670824105175527
0.7684254302761795
0.7581392500577081
0.7583189841111772
0.7571416305627668
0.7375430027222044
0.726721804427892
0.7498869319748712
0.7387570232116696
0.7308676936361578
0.7418350408044773
0.7429658117097526
0.7449310633895766
0.7564362691602172
0.7346288628475351
0.7494621474119888
0.7473183896552472
0.7478145961795788
0.7696035201827236
0.7723858218171649
0.769691859762808
0.7655038649077339
0.7676423813472538
0.75525016723771
0.7419817849230549
0.7765489572062504
0.769861178496355
0.7654639360508718
0.7418426060928431
0.7216186999703795
0.7452341819356689
0.7797202332520146
0.773874139847872
0.783073580056602
0.7941542870296588
0.7902377390251377
0.788664441934959
0.8010741869076119
0.8011612189561266
0.8002331392565597
0.8039493914382376
0.8040601823840434
0.7994009436269701
0.8046640775356321
0.8083141675498858
0.8088242766633836
0.8142357702600301
0.8108349605890074
0.8154303963910444
0.7961335637319568
0.8075993431863981
0.8137636503917757
0.8141216920793151
0.8142783685461475
0.8054417146609264
