2.0874310631397552
2.0695038981607725
2.05230015752442
2.0979536868049657
2.087380213615453
2.0727945556778913
2.0867862883671413
2.0722011246443284
2.0833652521650072
2.087540094825261
2.0804908369839517
2.050961741807885
2.085834174192634
2.0928896305548177
2.035856743477985
2.0110186823000897
1.9902668347039132
2.005470109070878
2.045217531919088
2.05598739930046
2.0413124604898294
2.0263284430084387
2.0281753458801335
2.0414262275339397
2.032846874765861
2.0387951725521516
2.0351526363577612
2.0344075889507636
2.0529703830957753
2.0677198785658795
2.056031718647109
2.013677525955463
2.019008626633229
2.0211120848162967
2.0486928217086953
2.0460878409392236
2.0309631774608494
2.014507187973388
2.00103071870647
1.9970529521856955
2.0058620742237814
2.0077715815976624
2.024527123297895
2.039134842732041
2.0429524904946095
2.0425471889795115
2.028787027268641
2.00530228068807
1.9894768263562643
1.9570261487021743
1.9509962331681163
1.9783022314218581
1.9761731542309036
1.9728068614363046
1.9699774206426266
1.9719491123641497
1.9735554816048588
1.9660117918292195
1.9708919883487468
1.9597235242808988
1.9649800720834192
1.9677136091849863
1.9643077870164998
1.9467528775207237
1.9076499490604546
1.9022845653126388
1.9320901084816908
1.9532058542515383
1.9664927182554817
1.9971582342323397
2.005876135938609
2.008424731534292
2.0032187948040776
2.0054228001644256
2.0160239841640557
2.037482124817882
2.0274531540511287
2.035440361087524
2.0252239254003706
2.0091249117657126
2.015244990920795
2.0164820686574525
1.9797711684577186
1.9589120469327381
1.9208202432955646
1.9233166528347132
1.931288088787878
1.9560294091408208
1.9644282112107572
1.953918689474865
1.9520743409239492
1.9524547829850512
1.9431172728981572
1.9469715532954057
1.930862152027447
1.9002219029424245
1.9079384044490446
1.9119565805866119
1.913917906474063
1.9061445211292334
1.8880132858782253
1.8941881302731909
1.8824610704927742
1.8924490222999035
1.9022272525520159
1.8929544522050124
1.8924671248057368
1.8400637384510992
1.872909001674746
1.885719243783764
1.8799647764905894
1.908577123411939
1.9137016017591635
1.9409277355742651
1.9345339786432292
1.9524374572945573
1.9644713133793208
1.9687914249268104
1.968718056928459
1.9557659118581747
1.9432017426125026
1.9250938913174278
1.9058974486391962
1.8928539489363978
1.8848101535524653
1.888140767986993
1.9025693474812224
1.911909250546371
1.9232965972357372
1.9369552419901166
1.918457205473141
1.9356772925742372
1.9285872189992062
1.9312035953048396
1.9206554979758133
1.9197009824811602
1.903679299816259
1.8957500070551345
1.8820623272475
1.8689995229149479
1.8701981825418974
1.869743058122198
1.8451182359365834
1.8481489987391768
1.855268549849382
1.8685158790520169
1.8989157075132832
1.9025971344177257
1.9035526963866887
1.9091153372114376
1.9207438163204889
1.920527752911394
1.9227359467650877
1.9270033434256602
1.9314463905828259
1.926133006261183
1.917702177674602
1.9086744708373402
1.9126479807629677
1.9134687168461704
1.9209951742022071
1.9119148979239053
1.906277866428304
1.9113169774306429
1.8976719327675289
1.8701117855412845
1.896491893466551
1.904889638620986
1.9153074245135493
1.9259772652810057
1.940809202754536
1.9458093812518775
1.9518808027343013
1.9591255257252593
1.9641235729625584
1.9575514009881172
1.9560015561438946
1.956009355608744
1.9488852227978444
1.9497502398468771
1.9520447351345662
1.9465688077860135
1.9546947063949076
1.9561129262625474
1.9518570310603256
1.9472975636874106
1.9392345504546256
1.9454208540626903
1.9328241104023878
1.9343524612181007
1.9150893051089373
1.8955455246196895
1.8750350312721795
1.8736166017323592
1.8714359488745202
1.8500614952033816
1.87653675130217
1.8860741257767821
1.8951118773814126
1.8889432038881553
1.897990172132164
1.891098481822231
1.8993846796080749
1.8888698848938197
1.881457937689826
1.873272114151149
1.8863688462027821
1.8850723243156169
1.866854198827709
1.875722532193494
1.8694817847600276
1.8644134721575158
1.86498467825267
1.849963187556214
1.8490873017769673
1.8436034890844701
1.8306067749322366
1.843545811579212
1.836475308066981
1.8277631579859235
1.8227454455670369
1.8243376744532052
1.817591810657427
1.8180468759271806
1.802204245275963
1.8072519495236374
1.769604689265705
1.7557236779973986
1.7868690595651406
1.7932357693142804
1.8183029270079
1.833323453524154
1.8487293109831047
1.8524959674820543
1.855821516144444
1.874160299096914
1.8878119020820145
1.884781460522323
1.8959430774535033
1.9012465983347522
1.9000734091647216
1.9065849262523937
1.9029216036268182
1.9039553528900326
1.9009111757509642
1.9031292705751464
1.900802577973131
1.903806047485261
1.9041355568167846
1.9017630712588494
1.9007216674550125
1.9013092937157177
1.8962669491964832
1.8965864568062554
