1.102223808586773
1.107904395248082
1.10340462602864
1.1260683057862035
1.1209820241501496
1.1077944981803898
1.1221927324870506
1.1005560843807882
1.1177554108219612
1.1126676642969666
1.1200087028125794
1.0883795787158694
1.1118731809883142
1.1250394040153935
1.0875253790509558
1.0902231362624302
1.093131091925003
1.0877775047784297
1.0967005705918675
1.0951130274771423
1.08308391017301
1.0642919484593765
1.06871180792777
1.0858892131289706
1.0617315175898803
1.0670134610040907
1.0736829345263352
1.0875072064105942
1.0945775058407277
1.0844824273959228
1.074244395447888
1.063592026736816
1.068194208764264
1.056417815356779
1.0869252466136063
1.0930759216725026
1.0847573402323036
1.0732164454888804
1.050972268156909
1.040190650156604
1.0195620033239643
1.009258680744941
1.029948047679444
1.0333736478983537
1.0681232247488208
1.0550058305762797
1.0458695538921934
1.0391488309810735
1.0268354480521311
1.0065107915024925
1.0125419960657964
1.0414353058776245
1.0247230223318564
1.027386620750348
1.011684686872901
1.0215992246662229
1.0254038501990093
1.0318958493369275
1.0364785940987884
1.011572038631562
1.0168182416772538
0.9853705938134889
0.9929283875455308
1.0036586657373812
0.9923762869150772
0.9848655321804608
0.9979161926029317
1.007174343461299
1.0089510503507335
1.0175161605230874
1.0234412296016586
1.0083772314606096
1.0151850467537327
1.0213171560448926
1.0310284479736194
1.038026044289638
1.0376637470609367
1.029478084939471
1.025671380762075
1.0166363190013903
1.0131917973634073
1.0080180075939114
0.9844453571722592
0.9677856381621518
0.9573463847608723
0.9689918227582233
0.983411319403013
0.9990956720445626
1.0123405895275712
1.0060268478130197
1.0106327381142002
1.0140096548426225
0.9976527109262925
0.9807679482659495
0.9780958410870738
0.9618533925805616
0.9606464648268591
0.9524777645786899
0.9485139926512178
0.9361991023930694
0.9453721199289419
0.9169507581973199
0.9180693653774528
0.9387396197553475
0.9416239059124235
0.9357285040708369
0.9458882964271919
0.9365155868544938
0.9426229518864008
0.9544787019682162
0.9432346529662197
0.9561718682275903
0.9584343705321
0.956217130896186
0.9541811271003052
0.9627720654571086
0.977443577839107
0.9941995895832099
0.9919899203713431
0.980291122821095
0.9716081542092284
0.9629628802300316
0.9575652570137471
0.9581567838419419
0.9595409344125249
0.9480269855422989
0.9477860406373486
0.9451956376550135
0.9532210921290736
0.9589529744783322
0.9581738408212863
0.9644814442671229
0.9699040410987694
0.9541179803900948
0.9588067071261518
0.9452937997776866
0.9333730651317189
0.9410365270857887
0.94458720259426
0.9333954701777561
0.9195052048636374
0.93014148365343
0.9175804254296147
0.9110040121242265
0.9056284545400539
0.9176576311009026
0.9247133862534747
0.9262316413642888
0.915462318118804
0.9087749846164923
0.9162558535178823
0.9074721829189496
0.8828905148545099
0.8752947141248029
0.830373069805238
0.8408110597277847
0.8564461431362856
0.880216079711826
0.9017577606393741
0.8924240451771756
0.8896778946972946
0.9043368015091391
0.906848406838485
0.9066792270940888
0.9140519612121973
0.925194950409416
0.9372593672037952
0.9322208383808394
0.9482946012294452
0.9515832134782127
0.9547981405068463
0.9678864576621402
0.9713343219563828
0.9931885202511833
0.9994818698806525
0.9953281584590478
0.9922912063535998
0.9844801692222583
0.9877333914304832
0.9793434282435391
0.9817022297808137
0.988212612467939
0.973876796673533
0.9733124894026097
0.9769442171122354
0.9677290708022869
0.967140584624572
0.9651474720836564
0.9750470855418978
0.9664259887910268
0.9618977445579574
0.9532787487878884
0.9442820760460113
0.9419752433250884
0.932115404650525
0.9303631942123287
0.9319146624123507
0.9238872914264024
0.9236827378362168
0.924551744687261
0.9245941364879594
0.9373770029284224
0.9239662527235152
0.9234790323244116
0.9274617524313545
0.9190702262989313
0.9234004587710412
0.9243984371664424
0.909297550351088
0.9202614271247967
0.9118554937752784
0.9190681118533679
0.9084444118248871
0.9122461284456332
0.9117568495566025
0.9094468049117427
0.90487162426679
0.9116324518182986
0.9062153643908328
0.8982866639813049
0.8942377923918334
0.8934493880780718
0.9007855429867453
0.8982917659233657
0.891091675802615
0.8837509032395325
0.869156722343685
0.8522200256758071
0.8654913850628106
0.8869618224841939
0.8850498116501325
0.8801842220892011
0.8849342454823574
0.8894738319989889
0.8903122368362062
0.8792020430298095
0.8777665776028103
0.8932622445689452
0.8823523947529487
0.8899740962383054
0.894402278222095
0.8863524154824906
0.8857574626763267
0.8859161254616056
0.8797808327572848
0.87805514341298
0.8758823996074848
0.8798549955503856
0.8688963801408838
0.8917419947109501
0.8969452707652614
0.8834706677032798
0.8836189499439366
0.879072597474457
