0.6890979570301768
0.6813900846355522
0.6708524520104996
0.699609650763104
0.7064501764318131
0.6765213906460329
0.7016326216517584
0.684546437841127
0.6939138375276556
0.6974063845966217
0.6902856164108381
0.6852782570096203
0.7113424612489458
0.6974261354090561
0.6646718055524373
0.6811871317358332
0.6807505720274795
0.6549117806394803
0.6638842162391547
0.6616522283567826
0.6658142487403889
0.6651690318577591
0.6794100965480824
0.6584041459843342
0.6785238439261616
0.6780290311551308
0.6709152576724168
0.6722831573844685
0.6725876661278732
0.6771595381916728
0.6552381262410313
0.6411998858234097
0.6588867055761995
0.6513796455334587
0.6769134784713583
0.6783105485290661
0.6660642061909463
0.6469791753993386
0.6401936731052291
0.6278156051382229
0.6281880166490215
0.6364174503621506
0.6406281408238016
0.661365860751801
0.6721323107486806
0.6641844840820431
0.6533014732275964
0.6333074907393419
0.6242638696109784
0.6305049134616076
0.6285096386501722
0.6537124668225397
0.6424926195055501
0.6414226426451447
0.642269098437843
0.6540072108739389
0.6558105431562684
0.6608835988595103
0.6293581588601069
0.612566360186783
0.6056169261574966
0.6046578538476439
0.6006557829755533
0.6116617853488197
0.6027435428518646
0.5868976590195337
0.5946842423898261
0.5986821300841463
0.6285194153380457
0.6382856282839794
0.6412013761822024
0.6445559025806515
0.6387533455701461
0.6520015229762754
0.6667375355958685
0.6668337380859721
0.6532027577176033
0.6652972064870865
0.6440724876869999
0.643580867145565
0.6495445288472215
0.6289071355901581
0.6063228268087145
0.5915257646591473
0.5515151181702632
0.5765821213250053
0.5930399722250579
0.6047500235363953
0.60851006347212
0.6042206281827261
0.589650230821976
0.5928782533130641
0.5998368003834877
0.6240519397341742
0.5854693015329195
0.5808743577420087
0.5622146636854334
0.559067317494371
0.5503686396514864
0.5550746613914629
0.5554085242786461
0.5340024978326827
0.5326921068649676
0.5346344358553349
0.5226302781753283
0.4928957628700186
0.5305258660244874
0.5399091123156327
0.5560327951994841
0.5736279225112567
0.5646677434660874
0.5585793379651804
0.583618112193249
0.5811437461078985
0.5726319816931315
0.5950179883549289
0.6035734688413221
0.614953138691193
0.6071117648780651
0.5869319178233068
0.5777065486818417
0.5650631849670696
0.5625469439796986
0.5468965925267759
0.545151670969387
0.5590577923925939
0.5426172420880913
0.5630825187613199
0.5573986243645621
0.5616732024952232
0.5712981758119553
0.5639748299258579
0.5801604862636093
0.5809649439924915
0.5712764144586601
0.5694570595159977
0.5672533684163785
0.5587123858615825
0.5467896258176985
0.551480150577989
0.5579878669518918
0.5449117649877692
0.5319585117930145
0.5400172009207099
0.4908298594251995
0.5121119332423631
0.5351416826632109
0.5465637652157889
0.5536578462572306
0.5569782008519233
0.5527938940015757
0.5547151511733205
0.5545931279674996
0.5432108200912343
0.5250082816715875
0.5180424608839024
0.515598146297525
0.5301581011716308
0.5549283747549837
0.5428043249778937
0.5465991062320397
0.5558922571330973
0.5401028954852427
0.5436658575325761
0.538171347894473
0.5337634256246899
0.5358287588228531
0.5541626240116917
0.5487080046022537
0.5626009028746322
0.5733227068414795
0.5811804697066233
0.5907831646729945
0.6018084468769553
0.5962006100731619
0.6095417908029807
0.6016638182636229
0.6029962486673267
0.6068009159593502
0.5998711606838664
0.606976513596479
0.5931965371613556
0.5975882581527676
0.5861501400346025
0.5945017602702891
0.5897844592426774
0.5722728060656807
0.567465602489212
0.5671958600129973
0.5609889602387479
0.5592978740995804
0.5477418193198615
0.5397440040304469
0.5401098462471619
0.5446583558841197
0.5262513953671002
0.5224514007777863
0.5142196795856095
0.5111031559544363
0.4950718317658066
0.49768145194706265
0.49269945203491644
0.4781282798060453
0.48998062991827096
0.48585547140298135
0.4897464890886394
0.4975184930127792
0.49784833196798073
0.49865143277287194
0.506422428226358
0.5003066968770589
0.5084311330218758
0.49867434263563365
0.510946948540056
0.5035977136971729
0.4906066615222054
0.5037165264216092
0.503242300672046
0.4984903031247802
0.4862884144724819
0.4747120858293539
0.49227670817851343
0.47019979220667135
0.4571585178919635
0.4600855965109453
0.4660624952745587
0.44885926839213186
0.45286732427771625
0.44441741008083835
0.45093679641135187
0.4440138149384322
0.45215928925019394
0.43864646248246125
0.4478414835439433
0.4306203188542709
0.4339114795216382
0.45861681041039737
0.45193857421279626
0.45922134589097313
0.46993497214243757
0.46887309416150236
0.47680965455903385
0.46323176895253554
0.4605912332928291
0.47508353787963037
0.4671186793552243
0.47866267590786293
0.468329390601393
0.46786818310561723
0.4829979212719828
0.48012626997983576
0.4710356693894174
0.45754763032684237
0.45346351187125533
