1.8045374865253159
1.78450062015819
1.7701245380891235
1.8213697659228427
1.8019040471585683
1.7957841457757768
1.8163901250933463
1.7897758510438266
1.7998953048683497
1.8077506770870402
1.7903100331595319
1.7984954144040803
1.8129998598244357
1.8225575886704644
1.7733963949449996
1.7835201111683894
1.7926557645791494
1.7841161397647691
1.7740190930125248
1.7858317816927332
1.7676186923610175
1.7309423596101228
1.730652562349904
1.7400102562763464
1.7356173291720647
1.7753853794488894
1.781513500171553
1.779930821404722
1.795558946532911
1.8044627504093331
1.7896399114190018
1.767977249159628
1.7764420808700798
1.790835443210605
1.8270661218716429
1.826513766533158
1.8109106540416058
1.7693119709597553
1.7553408580058973
1.7143857289401545
1.7206910678184149
1.7392564794701668
1.7406515127157973
1.7871554267715664
1.7872188410888583
1.7750409599000987
1.7586954590789134
1.7410775332846062
1.710654161458466
1.6939146476400058
1.622325772433113
1.6367600094675556
1.6069970918879992
1.6388296383227157
1.6489382057935216
1.6784371040858745
1.6662656121641197
1.6785271990143917
1.691595535507974
1.7037643983766597
1.6897642222175966
1.697009798920545
1.6677856702833502
1.6721171033685833
1.6654345689239212
1.6745058716383652
1.6828152306800834
1.6696999796587249
1.680160102092834
1.6959638099904426
1.6953443644548314
1.7040285526537704
1.7032942683464194
1.719179475353174
1.7386034932760632
1.7479401469856612
1.7294834525967904
1.741110210068231
1.7300101094476972
1.7150881698947233
1.7253003089039163
1.7216169059084259
1.7007897244598742
1.6643144802443492
1.6445528679291102
1.6514627102171895
1.6652881991457085
1.6846636205099008
1.6843125171750015
1.6928723449430823
1.6820891926698602
1.67648672058309
1.6619746327340095
1.6648213770656046
1.6596779632137981
1.6267459110213252
1.6239174319337943
1.6102357547315327
1.594780334261458
1.5967864444634805
1.5848664696275343
1.5935861045927369
1.5785507809921369
1.583681517495924
1.6001533272116766
1.589290546172772
1.5792515597074277
1.5463979321075823
1.5597777908302863
1.5876870702268635
1.5924993322063068
1.5867871933992301
1.594023318523472
1.6122486606146185
1.6146335828784364
1.6358121825219354
1.6532678394749392
1.6634258371345991
1.6742229192420723
1.6497655035674381
1.6310881956004348
1.6053015910910764
1.608742082731794
1.6131890182636808
1.6305376482796063
1.6300391661143778
1.6381125283131637
1.6448309521398035
1.6605745142604424
1.6591226805303538
1.6544853811861246
1.6517229895880485
1.6608559250815274
1.6551381174812636
1.6600426661109469
1.6411651780118184
1.6280603937950275
1.6226136579014308
1.6015621760307586
1.5952970035379404
1.5987945192899045
1.5957366652203655
1.5880860361627167
1.6124006243451108
1.6117158612161082
1.6187147261807613
1.6314298107304837
1.6301708330253024
1.6252798733760774
1.6376416079324316
1.6477581397041041
1.6421881003557195
1.6459402429931975
1.6388681747925569
1.6265321400649742
1.6264856487769057
1.6108105254785605
1.608891106346972
1.5943336701096635
1.599090399657832
1.5932392639659152
1.5952400897102992
1.5905404227713882
1.5950375526235814
1.6005269197722154
1.5923591761480236
1.5833961212042251
1.5951924405503777
1.6067011722877305
1.6139543596442225
1.6373304305725882
1.6407043718210839
1.6604253226954366
1.6671674760432633
1.6707172740140956
1.670804033140731
1.6646890579565456
1.6461545818787164
1.6542237316852488
1.6560194688644616
1.6647153372184813
1.6536693612513729
1.6655581907701467
1.6508792247338309
1.6541428820504587
1.6596469815645996
1.6511078943635904
1.6457689749729216
1.629483506849772
1.6197818388584317
1.6064930985921462
1.5757567934224301
1.5858732396100466
1.5862088181387106
1.5761885124906907
1.5644515712861644
1.5754309195181113
1.583065757816753
1.5866194897857526
1.6001148216699166
1.6113046699391245
1.6152522245174294
1.6121688505604124
1.60312134697851
1.6126276946177893
1.592345159585984
1.6042585503276714
1.59338545628474
1.5829722931320958
1.5951058353906007
1.5816294720328181
1.581522502034908
1.592425564479571
1.563554700825613
1.5850900547931597
1.5785706789689276
1.5793380178932914
1.571503533881099
1.5881101145949044
1.586809649046189
1.5852903681787947
1.5707400337940423
1.5627085257738702
1.5366031635646724
1.5465058751985963
1.4982155898865457
1.4783678366304276
1.5082166779122212
1.510229158285413
1.5094409014566552
1.5242594906582287
1.5440922421665457
1.5652478474433247
1.5598427622502749
1.5510572478671534
1.5595274945988356
1.5637453600382853
1.5563841821108015
1.56222025542433
1.5688288254014098
1.5728085623554666
1.5726613197222818
1.576881607645859
1.5793010700486025
1.5783611063348437
1.579744720124186
1.5840033208577615
1.5801537312412868
1.583070559477557
1.5841540382641677
1.5796156400442567
1.5855169362707924
1.5864682043376104
1.5886731961502139
