1.6635497275104356
1.6409963150042195
1.6158500100261284
1.676471431972929
1.6645392074036822
1.6537617393696324
1.6671044884159583
1.6447525539884398
1.6595677024962585
1.6565585720830178
1.6491676853534452
1.6385795843263289
1.658395458798212
1.6711902210339573
1.6234307573450684
1.6254628495578887
1.624867274309412
1.6052426526830326
1.6333405007158746
1.6438975380838285
1.6206758457795103
1.6002500006330438
1.6190251603853383
1.6094726645799633
1.604975390252977
1.6219499996464677
1.6339540660786778
1.6253068906573545
1.6294502264358788
1.6413444401702948
1.6201882401829464
1.6056915780709489
1.607913175170561
1.6128920706689576
1.6492789938944652
1.6476931041659815
1.6312387915462878
1.6010594327263419
1.5740171732814718
1.5313207199881533
1.538457466821102
1.5548711175984364
1.5572940725047208
1.5723313008170825
1.5898544585987968
1.5798460415929616
1.5926365273152168
1.583271878708707
1.5600970883355825
1.5450083386699072
1.5366415304859533
1.5296374898145817
1.5077314491306175
1.5088308208465853
1.5051059275492578
1.4938457344342746
1.470642787487282
1.432390768006535
1.4425867175534963
1.4491734685202942
1.4700131050744463
1.4993306560237292
1.5002173872805062
1.5020955124759114
1.5041688898438041
1.49905255367733
1.5075108915002182
1.5359950591040914
1.553477609424168
1.5709686257306936
1.5640589630472916
1.5622591113205466
1.5421485350427704
1.5515700040693183
1.5880138282919691
1.5915929676067289
1.5811096413045347
1.589457060655977
1.5450503350109361
1.534767546215791
1.5551523835369732
1.551187571703009
1.5265591400803817
1.5162997201178299
1.4853602788685407
1.5184569067783924
1.532291824417486
1.5550566473149816
1.5648236559780728
1.547510078206023
1.5490963733742076
1.5397544945976291
1.5159293790899617
1.5170049899850482
1.4993252302196902
1.4742063869659023
1.4709472958388117
1.4630320917967523
1.4617471079170874
1.4572522802265842
1.445627063858578
1.459294909587707
1.4618695796053696
1.4677325596281288
1.4468115516717535
1.4297874703001843
1.4477976040781355
1.4321831358662438
1.4359981498495362
1.460929557468775
1.459022423483343
1.455109246515093
1.4783449815903638
1.4808409898524053
1.4901234209968595
1.4961432768395544
1.5183166775372432
1.5376581482926137
1.5298524833787703
1.5230006608172353
1.5090686865621281
1.4843565672842154
1.4933257815286343
1.4894202391397648
1.5171343927966652
1.4993557352385354
1.496740693919528
1.4964054842929966
1.5070341543702517
1.506407873851854
1.5052689531124177
1.4994090315771438
1.502759182500194
1.501022410105919
1.4822071373432801
1.4776692643278306
1.4767772878369287
1.470462947514534
1.4556121165337186
1.4606551865563302
1.45905092002173
1.4513464321654366
1.4414369913701957
1.4238872283665287
1.4502476042230161
1.4272025155057593
1.4711511712521477
1.467324560926465
1.4674711186307996
1.448466751490639
1.480662752608625
1.4726035584752848
1.4555337160062451
1.458343972119947
1.4538446889812457
1.4536333144475655
1.4345683238930742
1.4442962943947975
1.436665072092257
1.4331094253890981
1.4386958306496858
1.4388782208134785
1.4578044632817486
1.4596571184141132
1.4573461875069402
1.4329466159340896
1.4620520172143754
1.47416706998323
1.473653917344953
1.4851448852541098
1.5039125734257706
1.5121448711740415
1.5219238798292316
1.529622335231637
1.532252431847357
1.5167582302060403
1.5104813463527764
1.5033923362520445
1.5033504575903587
1.5164157790920285
1.513319454564413
1.517322328134961
1.5242961567086108
1.5118985636706403
1.5163906230032853
1.5103865042162772
1.5030253156491862
1.499396585912292
1.4912259199072535
1.4769711015383578
1.4655908883674145
1.4436238477759218
1.465182483724106
1.4618485636348948
1.455684228291538
1.4498633043725195
1.455815440369128
1.4681387051101358
1.4628153486628896
1.4661494954245309
1.460798789872021
1.4582196471759903
1.462290761797891
1.4521750090993615
1.445435151741798
1.4504624576030802
1.460631517562576
1.451029304701548
1.434668334356182
1.4513026790675914
1.4335887280182775
1.448508337927657
1.454411155697265
1.4437298350767942
1.445176389774136
1.4483706152682303
1.4576560319535223
1.44900769156272
1.4449035304898414
1.4468254675706769
1.4538507186028868
1.4525431837379328
1.4406035527750498
1.4113439679880029
1.3961341398396845
1.3800740258094115
1.3732520700466535
1.3889196670667665
1.3974482726075392
1.4173159082741225
1.4382072224684754
1.4405651855552184
1.4443168903049803
1.4425532257109601
1.4342768398764
1.4381394320363767
1.4424546043168076
1.441327326310531
1.4508438994597446
1.4513201746871736
1.4484576330805037
1.4435880140535873
1.4474203694318704
1.4429404998602344
1.4481762276481749
1.4494187436041066
1.4472077725256653
1.4494223681344265
1.4485490695934125
1.4497976941819328
1.455644684579405
1.4578337907968202
1.4529096388799945
1.4554652237194665
