1.104952147908953
1.0745811150988538
1.0636258558910916
1.1060551527866196
1.0980937675696443
1.1065944472504285
1.1121941279181573
1.0841149360093758
1.095867181743239
1.1060214183548576
1.09242922745143
1.090178774472869
1.1119889939938468
1.1191592139754445
1.085020914848455
1.0839560137343491
1.1040518538580746
1.093974465141224
1.0865572056640214
1.1016849540115996
1.0913747547238426
1.0775400298954465
1.0584209722288878
1.0541178806493416
1.060439495784353
1.0840968998160938
1.0875451115883634
1.0929475909116462
1.093044558304504
1.1038486147148125
1.0796833970194508
1.040413528403601
1.0612996162402424
1.076844160937775
1.1007987883467796
1.1061707806001193
1.0980526455612658
1.0844570019852637
1.0402888670229558
1.0389864927454822
1.0425374359890114
1.043922870518788
1.050166047693705
1.0742846644850679
1.0894923169163147
1.0901368588661178
1.0799766449799852
1.0733772267086172
1.045674169579304
1.0195264206670784
1.0338249922873293
1.0548450392417188
1.0565611542471456
1.0534899665504938
1.0313611344100952
1.0360557949100542
1.0249001423086792
1.0333923759822328
1.0201180928857532
1.0211187505867396
1.0161007889450024
1.0150360028804613
1.0199997138530703
1.020162549755784
1.0184801304745876
1.0185460008425486
1.023026144822556
1.0406866935502714
1.0206881683527185
1.052136388433541
1.0563740581709766
1.061548412884986
1.0569296163411777
1.062536503860752
1.0722779699118432
1.0825072210716036
1.053822668516405
1.0748870963821282
1.0494185936630875
1.0400558528397006
1.0605317540589057
1.0510361008206253
1.0397140885710943
1.0132795160015704
1.0051653340856834
1.0060622583485745
1.0113991589192899
1.0130728683725483
1.0233526553436083
1.0008829396191217
0.9934224700367918
0.996743399561529
0.995352699051475
0.9989930320146198
1.0137572016691958
0.9955422469475449
1.0006905665510308
0.9845571201793019
0.9799966278639393
0.977463596057432
0.974431670877328
0.9613388026943341
0.9325413074274629
0.909519438777891
0.9324502913521643
0.9515791556834634
0.9582296504476815
0.9540871480178931
0.9561517637184727
0.9638198018839398
0.9906772355437691
0.9864767134557276
0.994283933214287
1.0110270448730734
1.0114153121954013
1.0053714884527822
1.0136268839880325
1.0304971246118242
1.0177599957223198
1.0095874806184924
0.9867261960385285
0.9807882454204495
0.9661873241800183
0.9409512551223288
0.9423754623772228
0.9163839174668021
0.9363929827722547
0.9441336870288976
0.9724298016610279
0.9834279668309676
0.9790701441800781
0.9985942018725805
1.0175729914598022
1.0166981553916574
1.000797356959978
1.0046591548957924
1.000651450419906
0.9966945146133881
0.9963896387273476
0.9797442799851221
0.9766324971151676
0.9835069380127357
0.9821120464417679
0.9844568516436014
0.9691977913118051
0.970462668415025
0.9777468388593084
0.9778956223098165
0.9836138077170057
0.9858557671055173
0.9874739305282514
0.9784072766440883
0.9749162810306653
0.9812618714242901
0.9682322450240618
0.9733546244102227
0.9727552677959264
0.9650946211031736
0.9563239636011213
0.9390260186224975
0.9479681459224538
0.9593720230323606
0.9436789696407432
0.9235834001452471
0.9302814473994873
0.9046203032084825
0.9041866571540056
0.8900930433610991
0.8698379612011138
0.8568400968948865
0.8868328402736225
0.9026155634004159
0.9134929137740664
0.924350074279511
0.9468365122215381
0.9609886878093393
0.9725809006335655
0.966087986485227
0.9611212850989301
0.9526167912110125
0.9567179542078708
0.9365257472718516
0.9557197155900724
0.9419393365570917
0.9401958029083342
0.9190193432521001
0.9177854378688222
0.9165823737290801
0.9214057485974175
0.929074571986491
0.9411028733177403
0.9383892015103105
0.9300274654798789
0.9301938875183038
0.9249394936303167
0.9162503980899004
0.9293527230790917
0.9341956642311977
0.945097835549416
0.951660001708783
0.9465527813448557
0.965226315150687
0.9484574394410645
0.9672580357179311
0.9697198910179071
0.9432674102514822
0.9637172862147765
0.9650331692577375
0.9454467822335161
0.944418673022769
0.961259465054152
0.9553118671677522
0.9508511037105553
0.9367924313765239
0.9349556874600173
0.927837499428467
0.8937406890312857
0.9135137100008939
0.8989408414768173
0.9217082899029145
0.9151184618827977
0.9352245820177693
0.9240103194109284
0.9363242793967234
0.9176079151046841
0.9166110172884276
0.8999511059435565
0.8561868797722569
0.8854057262098934
0.8770239401120222
0.9046457707595534
0.9374644330083642
0.927031812085835
0.9322633724719825
0.9304529348442478
0.9264645274497644
0.9248944653963098
0.9369568719865303
0.949617979042698
0.9567727543488912
0.9540792536003063
0.9565407700913241
0.9429662427465636
0.9532201962259591
0.9520335777570119
0.9676564698911306
0.9576800605190056
0.9617676690276913
0.9542644738206273
0.9645117962158833
0.9645735112959085
0.9688202977197968
0.975213912080265
0.9753282930276808
