2.0716568461495317
2.0479713748764277
2.0323393146995574
2.0769903372587533
2.0567412584082456
2.039212375772579
2.062554342800398
2.04304863119078
2.063228097686554
2.061272184831853
2.056791642361792
2.041093018365714
2.0679998191748266
2.0768786437561526
2.023667602456634
2.012092045294012
2.016117892545688
1.993058353519616
1.9856467009144887
2.020014882147663
2.0157522860308887
2.0095381097701983
2.0040485168606508
2.014123392399473
2.016672270554005
2.023787438505141
2.0190980199847517
2.01217373976485
2.0249883545556613
2.03788996947497
2.0072904758800076
1.9840098850888757
1.9940325764217037
2.0257018416272365
2.057179726130211
2.058451684198329
2.0332589117319086
2.011346095221363
1.9888032083923421
1.991127076447694
1.9886263150172163
1.9848945051840585
1.9971688229227158
2.0234869059172893
2.034802433639255
2.0212872998281353
2.014404907992944
1.9913460383662154
1.9721326364270646
1.9483714912614962
1.9203336658481494
1.9549888159671258
1.9465214003196043
1.9535115990126988
1.9498570500362968
1.9639685912905362
1.9642659260378825
1.9527504718149675
1.9513830507629213
1.9458350226560766
1.9576687699592796
1.9483626752263292
1.9350746215532806
1.932642796487691
1.9004093298337101
1.8899715598852542
1.9227736963956596
1.9452943387052983
1.9671846568993792
1.9883508209538727
1.9873992499981348
1.9861819785719312
1.9825308218919713
1.9843253358074942
1.9975476705593598
1.999599022626105
1.9826208979957889
1.9973233734525186
1.9868508392325506
1.981096205017382
1.987692679954528
1.9765147199115694
1.9649462187913798
1.9381011566774826
1.896093208533248
1.907896287939701
1.9236582006225122
1.941768339964773
1.9463932593147308
1.9389325935074841
1.9430378304368496
1.9346915483127058
1.9329543318136444
1.9235914315774223
1.9095681292584394
1.8980650309764526
1.8917809587921135
1.8856197876117868
1.875271006523715
1.8773876145258093
1.865700382765414
1.8619026321698413
1.851713384882025
1.8396364137006893
1.8442733576888517
1.848246019333267
1.8671886403817273
1.8476205080751347
1.85895060364265
1.871246906192567
1.8703852374445413
1.887787875898996
1.8844247878472786
1.888625958215258
1.8872927620254987
1.9090993203999396
1.9223217245327893
1.929045506508521
1.9283455827907907
1.912778562568442
1.9092160908732254
1.8856038204141579
1.8715020055657288
1.8655062805106863
1.8521519388257928
1.8531296704375892
1.8790375881467714
1.8843092008164262
1.8966256572727278
1.907211783727299
1.901962361935152
1.9087917607006486
1.900664603516723
1.902607352905525
1.9080963521925758
1.9103154312571882
1.897344901087115
1.896101902650572
1.8800246287393272
1.8537937521975572
1.845638789002233
1.8392240184273334
1.8514094470661542
1.8277642894345223
1.8168361045611543
1.8073294070852326
1.8703205336169222
1.8849142933112353
1.8988277509149276
1.9049828912913704
1.9056101505740763
1.9100922196545198
1.913987414848285
1.9113775473055177
1.9029653616561006
1.898758264233084
1.8932207953026097
1.8958033841202218
1.8935084948888043
1.8859948889778688
1.888801294692098
1.891837237373748
1.8839720910193203
1.8996329435077965
1.878120973727632
1.8577956041304697
1.8795403471184133
1.88925009381733
1.8884177978942784
1.8951921805422478
1.904606581327078
1.9050927399615796
1.92083008304696
1.935315645511971
1.931153104042658
1.9319714179981908
1.9333926598897915
1.9332325147714184
1.9314783541404645
1.9229374295142527
1.9277051669145653
1.9262737861001349
1.9341205884114014
1.9281912496184044
1.9161516133856666
1.9191503502906946
1.9090424742242924
1.90480803642409
1.8839444392173479
1.8815847001028272
1.8747642300435097
1.8454811483959797
1.8499040684561796
1.8487165117822937
1.8492556122458073
1.8265248199733128
1.8464506672007586
1.8525567078288285
1.8717924704816336
1.8651776287137076
1.8708574294780724
1.855805426693532
1.8554435518549466
1.847851731049631
1.8615896746833769
1.8431809432887611
1.8409211882115577
1.8473511527557018
1.8389144078288167
1.8365302568107698
1.8367299510715422
1.825670741103941
1.832630100821248
1.8178467093869122
1.813464326300019
1.81755931119835
1.7997986006699167
1.8253709498645567
1.806670408345115
1.7990665099104843
1.807405382178163
1.799443654311222
1.7947710897348383
1.7941360027303384
1.776529892517245
1.7892668373641438
1.7398543479161366
1.7330018967853051
1.7740598166615835
1.7803992626905776
1.7964484374214655
1.810316854576637
1.828011130907908
1.8320861548119587
1.8383609606715887
1.848739796585557
1.8599767897526525
1.8528970159178042
1.8566372123809922
1.8679255184140071
1.8629664741921472
1.8687511785300195
1.866768259426502
1.8599253030368328
1.8659815382346145
1.865056501462943
1.8610672127453556
1.8637429165564032
1.8592342679644989
1.8580717291320112
1.866080600668336
1.860968072337353
1.8566278239910123
1.8539415980581613
