1.8636562825861522
1.8687803027764085
1.8498804963214008
1.8945444872163968
1.8823438721630903
1.8825450996636723
1.8946117368886772
1.8705494460520617
1.8818530176695385
1.8785095346640976
1.8782230701969715
1.858259770408013
1.8870684685219647
1.8949666900357094
1.8628192060847202
1.8535892429397796
1.836991101381895
1.8070977830094546
1.8357807834178232
1.8429826633781745
1.8369500551207563
1.8254411765276406
1.832785380292088
1.8357289353156285
1.8244263857933163
1.8321776950103876
1.8414553007570804
1.8520357469539648
1.8641563689276017
1.868914530735331
1.8471712409275307
1.8111822403995776
1.7933163284996878
1.7658303276943823
1.7745210068688755
1.7925914264202023
1.791659538498728
1.8094701337969803
1.7991163811079267
1.764852693415016
1.7831858844189123
1.7921583961303267
1.7869024823457569
1.804204393516283
1.8205326861951394
1.8201664697381816
1.8155772257781964
1.7965298697630878
1.7756390049457547
1.7520892055669461
1.719350366281627
1.7613881624423513
1.7614101403742695
1.7763933920725532
1.780048454101771
1.7729745651047457
1.7651334775598422
1.7547109921067556
1.7441587828327008
1.7329863617407149
1.7406199995644431
1.742743231723646
1.746069467352048
1.7314248468447935
1.7000956404579892
1.698910973222943
1.7336441087044538
1.7398239764645427
1.7536265169882466
1.772340419657441
1.775412481114068
1.7721777817628102
1.7769640208357789
1.7731340214059217
1.7981360134980604
1.8053599326751497
1.8007509640966513
1.8051822753794848
1.7912267586369517
1.7788724413246315
1.778142239314421
1.7744381381837917
1.7570346586077676
1.732341257628602
1.7110295090898484
1.7132037565022866
1.7066760899140256
1.7248911700646872
1.7207517799191145
1.7187471125186362
1.7197676865470481
1.7283376372386032
1.7283762354461376
1.7330386138301015
1.7183051715296842
1.7203835253325228
1.7187566671540955
1.71139041070148
1.6998297854808346
1.6890989133644227
1.682192062756247
1.6859048141189519
1.6785230416166934
1.6673214510045051
1.6534999014943923
1.6662315862491726
1.6834127521455036
1.6541910110273317
1.6546295396005832
1.6756036985889828
1.689569237642383
1.6998253208143241
1.7090596231309114
1.7073140250346288
1.704647848258918
1.7204639781373823
1.7292700945093578
1.7349936322749333
1.7392945669720505
1.7398072434025966
1.7341543916377358
1.7280541910632186
1.718217770841411
1.685561877598614
1.6929287612377855
1.675329692222417
1.7019891119009567
1.7010363754204676
1.7103976023818832
1.7172119084061113
1.7212532119548065
1.720844637097327
1.7206011620127608
1.7202812722339298
1.7141913230532269
1.6953296116409171
1.6890985527518112
1.6947622348769338
1.6823669013755371
1.6747869739456278
1.6797548555075528
1.6643238015486193
1.6620838614000049
1.6512594440257684
1.6508535451196358
1.6334908997535205
1.6760451247076273
1.6794234548673723
1.6836975612178002
1.6979642728124793
1.7031977080036798
1.7033581330095928
1.7094781533547245
1.7085706358813226
1.7053956134285209
1.7004949047278866
1.6955715426834517
1.6847336425586223
1.6869149576224134
1.6956623299504223
1.6918208016060141
1.6994156872298414
1.70407928806517
1.7015914166184984
1.693173926708542
1.6800486894808486
1.688241160217714
1.70000861824813
1.702162477063063
1.7088053951129327
1.7254570022672473
1.7220327106827447
1.7298087326755816
1.741618825762422
1.750454146858702
1.7409696303006348
1.7436094300749945
1.7487280996719905
1.7445273496830194
1.7516352302170444
1.743336478692684
1.7310257880263569
1.733669725102632
1.7343849034800805
1.7246519004139866
1.7167452412967366
1.7090528590006155
1.7087456813556183
1.6998986343977498
1.6976421579939633
1.673115454325171
1.6765304255171827
1.6619726259877838
1.6609958245573688
1.6553499404552283
1.6328058266310912
1.6518048271024706
1.640515540623167
1.648048901094124
1.642779402175518
1.6469059665813852
1.6413682456166947
1.6385460059988195
1.6411991993190296
1.6324789309831147
1.6210609989192224
1.6342628698220862
1.631903347766767
1.6097175157947414
1.6317610412396226
1.6150450785312889
1.614443718549521
1.6166655502047844
1.6055947957547263
1.6070874322334434
1.6077586650476743
1.5991119876819344
1.6142910400452735
1.5984329253784904
1.6037140366928717
1.6050082773495518
1.6062446191878883
1.6171978646856076
1.5976887378240923
1.5498204622283422
1.5842375445222225
1.5594233209354915
1.5750230693459726
1.6102775847563724
1.5894958159318182
1.581134396344219
1.5975272100908975
1.618771493418035
1.6348734763851236
1.6309689590633234
1.6459548668447692
1.643425238611926
1.6520637222722467
1.6476966011356708
1.6445425393455833
1.6451237005139172
1.644573288186056
1.6441619902435507
1.6435146946773636
1.6448257523657308
1.6400786299225982
1.6482640719993955
1.6458623242583093
1.6498016182875754
1.646221490888287
1.646251183203503
1.648650930120812
1.6541284622828556
1.6449360346679587
