1.13465855612761
1.1172027948262468
1.1035761726744275
1.1412374737557711
1.1286103974314865
1.1326095995302121
1.149618693063112
1.1244294264514603
1.1360307024916774
1.1410611595553886
1.1239482625848032
1.1124298205999588
1.1402670112182711
1.154612400002123
1.109314989744477
1.1136511665101612
1.1200486043012492
1.1176627439984914
1.1225927709824706
1.1468822599770552
1.114080960160026
1.0904982408071229
1.0970095822966632
1.1124660414906695
1.1085503062179078
1.1225212049349382
1.1227213308860295
1.120387071479544
1.1234036215547651
1.1267866421658854
1.1234540059010065
1.098932544374458
1.1135946991834322
1.1142509112950854
1.1422364626334292
1.1335538249991657
1.1274302933493954
1.085029194499161
1.0983260710267355
1.084115302278827
1.0721002342177317
1.0880517473553384
1.0924519108366688
1.0783484992976593
1.101990418095459
1.0732758118256842
1.0844228499786215
1.090064192086758
1.0768191075662998
1.0612556179971682
1.0577851891339174
1.0806573967867223
1.0658540565873609
1.0701584524056391
1.0486338886060758
1.0757731313370005
1.065697129701818
1.0758940363730685
1.0822687192061533
1.0791108961340787
1.077830894083801
1.070590703351412
1.0620864558731433
1.0522615407436609
1.039921290080012
1.0283960460903028
1.0404863859258766
1.0234908879369573
1.05727401279216
1.0807145827781335
1.091838922037391
1.0881349787444332
1.0877191303740412
1.084549664026568
1.0762008105487166
1.0968015136751579
1.0875672431884458
1.0927959973090555
1.0914123527404866
1.0786443651042077
1.0897235376185443
1.086987087540431
1.064313273363518
1.0378581541340592
1.017442287821315
1.012515849523414
1.014431561759094
1.0178738155251115
1.0286771262086334
1.0162928167061487
1.0175090783373482
1.01109811362669
0.9895131172122246
0.9863386605046383
0.9601939484571903
0.9311616496423069
0.9028477679442795
0.890578298810349
0.8897002939393726
0.8875142233252107
0.9073952780878349
0.901378981499463
0.9352168184618417
0.9366434478855775
0.9594509789932991
0.9459948024756755
0.9401516021655587
0.9624551341536841
0.9644264180079309
0.9826243001248899
0.983625724505842
1.0027344124584137
1.0104641680694761
1.0121767255624028
1.0124948599793957
1.0279595338664134
1.0274623152106779
1.0521673348837377
1.0469405735259247
1.0324899704784312
1.0076608677312215
0.978406043643942
0.9808535688876361
0.9720106118449369
0.978846413629705
0.9919514590933329
0.9839538116596402
1.00707625555681
1.0100131131222156
1.0131687659363255
1.0174875683109674
1.0184508955378786
1.007507898317972
1.004380759708201
0.987240522471941
0.9892999646916579
0.9788043630509742
0.9877093308497322
0.9668404338223886
0.9474067875056924
0.9386347429123054
0.9030710730101942
0.8996413967269042
0.9142796518770404
0.9357792932821049
0.9707080365636557
0.9714691213448098
0.9959544638853056
0.9947194612976545
1.0066844187789787
1.0083036712745772
1.014083302446595
1.013290500585745
1.0039071317648605
1.0215227998777925
1.00596968875805
0.994394321434634
0.9850638607767438
0.9940327668301742
1.0003802129591115
1.0027511507355937
0.9950828005210641
1.0002304563200397
1.008791493022736
0.9960040762055618
1.0013952216331925
1.0003194324498956
1.0044436316122318
1.0050588966773641
1.020558798271266
1.0112135540802165
1.0148954677901174
1.0442984990261317
1.0372509067528808
1.0521977998981886
1.0458457828813614
1.0284792858014802
1.006579365926344
1.0074048266894393
1.0077190446281468
1.0086423558217914
1.0026379392821936
0.9979815327688696
0.9991759261662638
1.0280104583373046
1.0187708277562602
1.01475291421509
1.0029377511388062
0.9865645644475777
1.0007329717753946
0.9966439515526504
0.9664806126964611
0.9669444608175923
0.977558698754214
0.9704867220397937
0.9812357685920995
0.9658337480516926
0.9738760083148649
0.9748361347228561
0.9752395262112531
0.9838128498581055
0.9759511615531983
0.9703853982302905
0.9724398047033858
0.9854487242635583
0.9751700660397015
0.9694097424344935
0.9679894132294333
0.9717797260907278
0.9701896260233254
0.9696133807793557
0.965491338482067
0.9661262419647618
0.9627012307975703
0.9652222570750997
0.9634497556173599
0.9583891215466188
0.9488901144728293
0.947039907474472
0.9418505845202497
0.9282522462275896
0.891944958516536
0.850513795323787
0.8592347561184972
0.8927339214885244
0.8881175838948353
0.8768999232255341
0.8356903766446061
0.8719158701854112
0.883709145431382
0.8847211518077921
0.8988459081582381
0.9138996648835689
0.9265244457794554
0.9368920045070049
0.942603044246101
0.9486262333600942
0.9328266592878689
0.9445180106866146
0.9524761017399148
0.9576334318209612
0.9496976825026813
0.9767851806058503
0.9643172996452554
0.9668725285689929
0.9611153859338485
0.9643471201751975
0.9620918371656569
0.9814797600615701
0.9747572338442342
0.9820480253047704
0.9763432426425079
0.9642003877254935
0.9771892031415228
