1.6482224565360655
1.6426026553607562
1.6295734296060227
1.6541784970320013
1.6498206959343311
1.6395988324534037
1.6545691069246993
1.6346553947455988
1.6434974163089386
1.656023402237173
1.6474675285355411
1.6292918557935205
1.6560908442797997
1.6713994320607153
1.6033568835078333
1.6087207034446365
1.6214567567985174
1.6065055702265316
1.6127635656918438
1.6133902766487005
1.6138356976449861
1.5990086896212758
1.5821651929850509
1.5973997064965357
1.5914708671245692
1.6024807834605643
1.6153212767283676
1.6242167665788616
1.6179520952791349
1.6220145904992218
1.5997247292823042
1.5848253334688647
1.5830909815804703
1.587248676138509
1.613286438161115
1.601600679399518
1.581045138850875
1.5699507734796445
1.5372865237852658
1.4916727991220096
1.4713507331318993
1.4158535378358088
1.4919600211564328
1.5252130502222707
1.5473782438272448
1.5583880535631267
1.5511384367287526
1.5468725319430943
1.5258259182738796
1.5154528026008813
1.5049967403988753
1.5370392469174583
1.5337947486595178
1.5531766246558447
1.544545241116838
1.5520684030657812
1.5627849231171047
1.5537827178910604
1.5451578216930997
1.5281860337470154
1.521641214955565
1.5149208374375587
1.5112883467071352
1.5236764029398235
1.479734307059651
1.4838296807587887
1.5166719738021912
1.5246823758270298
1.5278739880171897
1.545254165977883
1.5537860151292198
1.565361247700412
1.5507879619506493
1.543940124485683
1.5687649920075672
1.582034325048313
1.5725101238893937
1.5808054000940468
1.5721344996630073
1.5516161391608654
1.5434142240228341
1.5438837653129658
1.5158388046298958
1.4981906693922997
1.4799249644080217
1.470464702491627
1.4843416147805137
1.4979449209871847
1.5191594144129519
1.5250487907472565
1.5339108139205138
1.525269448446277
1.5112206584121484
1.5095746995583628
1.4984194915883415
1.495084165919754
1.484713730344685
1.4534931989024982
1.465625147882415
1.4545186509724484
1.4441208959242744
1.4347311764599586
1.409511154685093
1.3829394630081884
1.4376470635664533
1.4231032756184947
1.4288394808866982
1.4089794548419072
1.410256805035346
1.430323714947733
1.43000495680967
1.4466580354495124
1.457103535652181
1.476114413889537
1.4781768190697226
1.498795692261421
1.5082287025584047
1.529446117915445
1.5384915097466112
1.5225927126741399
1.50935914750778
1.4912714992097666
1.4929721923168964
1.457641004562421
1.4380111098553585
1.423437532710454
1.4370529595977986
1.4511906153754952
1.4720711604769958
1.4778353759570833
1.4716696789725259
1.4842150266020298
1.4838496424249705
1.4864527533263396
1.4769139923845434
1.4784889607322973
1.4668587164118558
1.4611780776119772
1.4484526407961278
1.441573837290574
1.4332675920600029
1.413740633426288
1.4042906832377815
1.4339001031861194
1.427111188804856
1.4320512771995257
1.453779109529238
1.461544030634948
1.468387445725804
1.4698919343703842
1.4594154228682912
1.4523710961224507
1.4696907790678735
1.4567851131070313
1.4440455413323026
1.441436978689655
1.4294204719128834
1.4456185582507883
1.4328311136374254
1.435122939210695
1.4408070073134056
1.4328139460002733
1.4344098063202861
1.4322375684154733
1.4320916944533408
1.4158793105668956
1.4279762599739154
1.4377585128939243
1.4434619832323052
1.4566790739449533
1.469499395479659
1.4827671250522871
1.4902146935703544
1.4948262234634877
1.5142114735263519
1.5095129723582152
1.5076157147542997
1.511878577336847
1.5134889041017932
1.5128074716911954
1.5067354695120672
1.497039761905678
1.4967131032180143
1.4860722152549826
1.476276501479988
1.4681906422822302
1.4688923440639
1.4667963248065334
1.4507568722770552
1.4576090602182747
1.4704630013342423
1.4507400609611463
1.4306507137863615
1.4311631060704384
1.4409604797479099
1.421484278655093
1.4193140151201118
1.4290643991985068
1.434739355485323
1.4477298934090421
1.4372351242007093
1.4401736891102763
1.4350142272686948
1.4303929671585303
1.4303643311045373
1.4195967784134953
1.4281721907111518
1.4210190945703804
1.4247833485230168
1.4233061359458348
1.4195130428778435
1.428168690687487
1.417865963002513
1.4033771398873915
1.392809110479299
1.3842475276692872
1.3639261948466255
1.35618290657211
1.3548559101705813
1.3633150849870224
1.370916958550505
1.3640827158696445
1.3440149015701819
1.3480011859215038
1.365458222179757
1.374381571084671
1.3523025958061583
1.333331971759429
1.3558888847631971
1.3790463528883719
1.400081827867808
1.3968151758379084
1.404135743290408
1.411126682752355
1.3991538296292287
1.3988448281162984
1.4070018549521586
1.4021522377023756
1.4073715344059694
1.4086450575356517
1.415111691142893
1.4159204662766574
1.408170362219535
1.4171404600947934
1.4153106541032179
1.4242654696651653
1.4216587953812865
1.4252624550752433
1.4210120317738013
1.4214444367374601
1.4186215403881615
1.4245409428212867
1.4224746915197006
1.4288771797945508
