1.4079673693673964
1.385890139302411
1.3751965315070795
1.4078190195164137
1.3938912681290914
1.4036685000328606
1.4102838118437069
1.3700070191741494
1.4073053379258882
1.407921272672476
1.397387651810243
1.3685631314575724
1.405149952047992
1.4207437235104097
1.3871902092989377
1.3717681265808161
1.3749894364880981
1.3652680507573642
1.3911553244677675
1.382339596857662
1.3691522029953984
1.346449949691837
1.3585645490074971
1.3831221844628092
1.3757377074265797
1.3646696665191838
1.3664970160637269
1.376135461837317
1.3861598553948045
1.4022794333387205
1.393548379763092
1.358071911031067
1.373946339892367
1.3723961624941607
1.4022193853587872
1.3887332364839702
1.3595481762374413
1.3637319426726555
1.371698436650208
1.3544082982097707
1.3647319320279403
1.3486531249906806
1.3508902229261444
1.374882201509006
1.377287878364503
1.3450508705516528
1.3538915744831403
1.3444343581598392
1.3079689975453914
1.320988203689035
1.312326509734277
1.3271441100720915
1.323025660900696
1.3243217043019189
1.3091233563970182
1.3140147040865628
1.317736573403589
1.325301795695725
1.3312634547644813
1.3212801361641664
1.316062824393743
1.3135596432958252
1.3148605828674953
1.28916815986035
1.2829485394324096
1.2659183303066182
1.2815430019246603
1.2970407966583417
1.320444684971453
1.3471700799819193
1.3555441584011438
1.3491369189163371
1.3683765212637369
1.3574093108666168
1.348778166364476
1.357674676979543
1.353776344063409
1.3439208317856934
1.3364366413997697
1.3145303306172942
1.3313023855016435
1.3199519510298718
1.301715708117827
1.2757002107408295
1.2527228325823194
1.251024847542698
1.248856781019841
1.2560395909341227
1.2506412903669453
1.2379461121782884
1.2283616809102744
1.2061753318678163
1.1906170477676494
1.153684247883271
1.1867575312807352
1.1593843930337762
1.1822757822140955
1.1574315033936309
1.1831122923868966
1.1835367422670227
1.1775937499505207
1.191071176992803
1.2220320862388896
1.2222227921671684
1.2379959617581386
1.2205464846572625
1.1970006173605703
1.202644357470621
1.2283702732395914
1.2379077363905604
1.2525862529079266
1.250818192235439
1.2658827535748474
1.2728480886855964
1.279889885654515
1.28336170958856
1.2960694953617873
1.2966082922520186
1.2887407356887122
1.271754210233483
1.2525448794830312
1.2310861404523523
1.242453686539337
1.24684763742785
1.235167511060217
1.2441023348628737
1.226694554430136
1.2307592977158957
1.2381898698906544
1.244951797874776
1.2437820358416412
1.2477554335029284
1.2504478221609943
1.2552334511821859
1.2378431332303723
1.2329393931814434
1.235281531376749
1.2186625382370024
1.1995116164195838
1.1890671237379145
1.1786162708437204
1.151762134713875
1.1576545006298018
1.182040908516293
1.209639745745434
1.2208198030586808
1.2318334573558987
1.237567205767077
1.2529053335088687
1.2523532983318475
1.2390995336553416
1.2691846682490338
1.258751786830145
1.2496100933065004
1.2538728061772488
1.2535173035505482
1.2376508360905285
1.256125853641347
1.2525646805438215
1.245687019499347
1.2495219576375984
1.2482105508486936
1.2464981355874232
1.2453686646642663
1.2586911715285087
1.2365109352974881
1.2469499660322045
1.2791032056852263
1.251231953545866
1.2719384014957253
1.2691384610673377
1.2757552186222125
1.2871288271728631
1.2952696588969204
1.3041449958470637
1.2835254039746893
1.2860480282466447
1.26798266645535
1.2593348199018037
1.2595970699200567
1.2593910877583063
1.2734386416030252
1.2849742761664757
1.283642381117556
1.2898083678490466
1.2817341352578269
1.2833984611593252
1.2696302222147848
1.2436792755128165
1.2499741951076206
1.246338028524233
1.2332866216813232
1.2331888699925528
1.232585223405772
1.2120383979195335
1.1893367231150467
1.2207003178732077
1.2238474827623156
1.230150468205938
1.218283735925959
1.2201325817215025
1.220381315884831
1.2208051866442704
1.2089941542884903
1.2174089439290308
1.210965223680515
1.208614007361181
1.2102581212281747
1.195475288525777
1.2093244311668685
1.196663903019691
1.1918402393725456
1.18873487656669
1.1879725128777159
1.1877564603014226
1.1830735355275088
1.1876061664694517
1.1906214545086098
1.1802054713775982
1.184243303415843
1.15770373006195
1.1414890036085117
1.1309077370161964
1.1391043812072434
1.1474755345637957
1.1471176363001905
1.1085320636810803
1.0940125856137224
1.1480586499946732
1.1265969938707614
1.1291322323000144
1.1431032053410204
1.177066263573222
1.1876627012990704
1.1886232011897342
1.2055821035260383
1.198541880392894
1.2107335025736943
1.2078758123596132
1.2101562789438132
1.215973233923503
1.2103109842599564
1.2110311253765973
1.2148702624773582
1.2094232235951436
1.2304677774428525
1.2112556462683137
1.2278495071690765
1.2218622428128894
1.2206603565680763
1.219275106387531
1.2332331864498876
1.231499085668338
1.2279577976247118
