1.6244947671249046
1.6310179598157712
1.6154207322918757
1.6514554915686843
1.6416167342282262
1.625835396843084
1.6463279780796682
1.639082308291187
1.6360574006960522
1.634369520250976
1.6308951729390666
1.6269407237410816
1.6285596567471257
1.6530437642619649
1.6100328266811101
1.6116019604069827
1.614509316745259
1.5922310413084653
1.6108291490786248
1.6237272934899183
1.6010171592475173
1.5752855364787366
1.600161758580227
1.6081921796952368
1.6007386078733457
1.6160430900402651
1.600433938821064
1.5863189130440776
1.5981518799337007
1.5932778024532206
1.5930816965424546
1.5696147086997043
1.5730692011054739
1.5797090445393653
1.5992666311326913
1.594521293283943
1.585828032881768
1.587216053195645
1.564881586300123
1.5425661196348728
1.5350047388098653
1.540032014727616
1.5454020480070905
1.5652502969720319
1.6024123879658916
1.590908003315272
1.5838995117561643
1.5643239022027369
1.527349034242117
1.5236340689671768
1.5273180058032723
1.5484882987530415
1.5411147162625314
1.5455994178728432
1.5397499962852526
1.52965635657062
1.5252793453221942
1.5365923943540132
1.5333077778743465
1.5184460167126084
1.5219169982100988
1.5307868187362341
1.528171457033467
1.5400690149836125
1.535894814384526
1.5040355883883807
1.5158708396574911
1.533393024580243
1.5420568804836536
1.5483550561394268
1.5295672478762008
1.5148419272482194
1.504998223992719
1.4884617372868105
1.4946865544422732
1.4988976216235594
1.4632166547560554
1.4758598759432164
1.4564540229191087
1.4677793386308977
1.4672511312178063
1.4549107694934986
1.4657934803620905
1.4619902773192779
1.4707462281320078
1.4822464925184107
1.4996895976653764
1.5252109125594169
1.533368740734861
1.5168665028247261
1.5052789763244168
1.5133383169572152
1.519904152257705
1.502261186050674
1.49230467944226
1.4823038876970838
1.4949413812432861
1.4767696587450903
1.4667645060206058
1.4582885469817275
1.4278309567960974
1.425974622422979
1.4365374612095874
1.4379913128946984
1.418779226952694
1.4481092662786703
1.453356605914484
1.453810181973543
1.4698597828313262
1.4679842369497045
1.4707619111486423
1.4721765781452767
1.4821591120302764
1.485257104772099
1.4865594189936806
1.4891078259875605
1.4962446529760618
1.5019864857221938
1.5106270936295585
1.4932065006318933
1.4854792205849532
1.4603957187758672
1.4616716038831246
1.4599777550360653
1.4490074946318883
1.4366208791686188
1.431924805809935
1.4396531827018795
1.4459186079062467
1.4510299773205138
1.4558862743598322
1.4422655041957635
1.4542003164642596
1.4466114860340058
1.4321256017930213
1.4391236406460841
1.4309357434072403
1.442689352937197
1.4343282617225022
1.4407026928453
1.4594190856377314
1.4498586414481187
1.4458629483184269
1.4560594558907254
1.4489090070953903
1.4111994506713847
1.4508316149438274
1.454327718742108
1.463461972337647
1.461324241024169
1.4613842307799978
1.4532615420772028
1.465817692766491
1.469351872354565
1.4621633379703776
1.4631423632555118
1.4505774738158932
1.454997389740007
1.4505379453195888
1.44579417190219
1.4404844022224532
1.437307937378429
1.4144051202381684
1.4149508974885365
1.4009214646221608
1.4133221591949432
1.4234150455101873
1.424700931299895
1.4202251782286113
1.4443704735212277
1.4489698196197307
1.461639856421601
1.476013531781758
1.494549516074772
1.5011140355568222
1.5011283702574387
1.509270723068965
1.512085563195698
1.5100477833416641
1.5095417377120806
1.5170384365827494
1.4891525408872026
1.4925909085202524
1.4968172231339205
1.4988503511318516
1.496665125698192
1.4884334252279097
1.474977338883766
1.4732158694157262
1.474240829444129
1.47474562211835
1.4657709113680653
1.4539780415571606
1.4609897660589595
1.4621875817434111
1.4495216497633525
1.443437673021155
1.4273561304953515
1.4330895674741517
1.4264158202240884
1.413254220236911
1.4129478593987164
1.4053425299697604
1.4092608370708208
1.4075675400768752
1.3966148953688704
1.4030868260079086
1.4044153997626305
1.3853793556907192
1.4034802314775943
1.3955889186656225
1.3978735568326899
1.396774888874104
1.3834124199111768
1.385955991477237
1.3915158937607208
1.3835711672953086
1.419091779714843
1.429902290487921
1.4361756511489656
1.4362851778190422
1.4354683495328038
1.4279558315408745
1.419805819690312
1.4271577617645432
1.4065540336478317
1.384853212161536
1.345905176687625
1.3847277817206693
1.4072915396242855
1.426551016744353
1.4403555432086164
1.4394921281422628
1.4382699169327156
1.4425113132377054
1.4402308321399429
1.4410492268506874
1.4512266290256097
1.4494911357454803
1.4474143389726495
1.4477069899803452
1.4490038211141365
1.4625680811381239
1.4499718771505241
1.4583003932268792
1.455143805947095
1.4446960823296455
1.454799860333993
1.4600804813455577
1.4547096540396414
1.451035408795901
1.4563450955187314
1.4558480797879496
1.4527493772613922
