0.49893246679016195
0.46119227466045265
0.4719865165538917
0.49008789299492445
0.48352946186503876
0.48994073390437
0.4986795122303254
0.4860901509429615
0.4918888415681756
0.4930214179458682
0.48916563240329225
0.48780886775504684
0.5205697495277649
0.5104999049824855
0.49068192783886383
0.4724626980138321
0.46891665669616267
0.46123703538998684
0.47696362160552536
0.4670716490701452
0.4825808269329369
0.43318321899293105
0.44062565399509523
0.43809860915349325
0.45130490372359144
0.478799399780451
0.4782700330607751
0.4773085368833856
0.46099436933601606
0.4711457102852205
0.48469724126572905
0.4717609522335155
0.4540064973420414
0.4808780939757154
0.5025218253132259
0.5008729958105035
0.4803297740579022
0.4662913885272783
0.46975102810515273
0.4488994127977988
0.4850601431396938
0.49865545213120904
0.5016683380571829
0.5313688334734887
0.5404269328138873
0.5028098102928507
0.5007445759600216
0.4937212671341138
0.4882733860981171
0.48396797691233895
0.4548061062469838
0.47042969396908185
0.45897629998133116
0.46217261941466187
0.47303070572878836
0.4789526378679083
0.4762234103411992
0.46100829598555093
0.46372780535948604
0.4651112461291159
0.4686054541266749
0.4645337703815975
0.47170693190245666
0.47082239343963805
0.4352395741872353
0.42082326549924653
0.4442392008980276
0.4400353964050567
0.44873450110487173
0.47656817941494795
0.48370672533235665
0.4803689631678371
0.47352893703375776
0.4685332918615817
0.4830389713863006
0.5011047250224205
0.49879073200390334
0.49283702628903175
0.4961493814872092
0.48393497200131363
0.49807402917096516
0.49016711318526685
0.4788033834151008
0.46900484666085407
0.44348822866941623
0.45767854211556863
0.45274406967070596
0.47128895123493425
0.4708313390662103
0.4770691487354741
0.4698409692531284
0.45786871656767114
0.45738709623454304
0.4608765894912703
0.4437133592404302
0.4361629851928593
0.4270953922641769
0.43066909964122146
0.4447243368040296
0.4275365672036189
0.41804159433610705
0.4180325271066846
0.4039060726036496
0.38479614679812807
0.38666722742057025
0.3732493575454872
0.40126385179969076
0.41254665312150374
0.435296801014083
0.433415098204241
0.4423026197663355
0.4596914332460681
0.45871851747900744
0.4617360045862057
0.4628748071846511
0.46957874058567545
0.47607025578354384
0.4776497348933107
0.4832609963127989
0.47388266600280926
0.4578032096418288
0.46518372583633355
0.4513405882862556
0.4293544124776758
0.4200628489219922
0.4257375744786603
0.42950647878373127
0.416224167056135
0.4178450232630765
0.4288022118443732
0.4180287480921403
0.4210819169916642
0.4367869295064323
0.44425415886547653
0.43615737208513433
0.4353865921801741
0.4275298979091604
0.40870471917478646
0.4142357439263801
0.4103490932207941
0.4103956955062152
0.4043950135982953
0.3946991554474353
0.37257495651119577
0.3567849985307755
0.3894803485216266
0.40056410358565414
0.4082772935177173
0.4238978230476501
0.43161179229076424
0.4445680192589887
0.4470767596024431
0.45835097749920695
0.45772795148365536
0.4535662493876761
0.46440198800305243
0.46375387886370134
0.4646891075371379
0.46141035357244725
0.4505889248009152
0.4579319543139924
0.45515506072234246
0.44923256377334714
0.4346331968099583
0.4355608939490502
0.41974204826944483
0.42610382267726155
0.41733968177852626
0.42265806811517304
0.4155667733801551
0.43657003670016364
0.4339534543223372
0.4467310132196433
0.43774733981470015
0.44280672911934593
0.44018060996667513
0.43782361829720545
0.43585607872991783
0.44265387035262904
0.4299237424918746
0.43238702861589207
0.42866838562134746
0.4320879157806889
0.4387979710426046
0.44201629581681123
0.4394385022709643
0.43786561254689127
0.4419955608099444
0.42994923818429587
0.4207316473960512
0.4082997242155502
0.42200980066969584
0.4129301001250879
0.4271204648385176
0.42568578140881264
0.4118299954659868
0.4011305249020416
0.40448592572219416
0.40512077917881556
0.40512825610244757
0.4006215978190028
0.40738296545503566
0.39975232445624287
0.3992407225896272
0.4055185775217285
0.3797220812403392
0.3800058337543478
0.3865733945887838
0.37385414009426954
0.3833059438072882
0.3839216480215201
0.3887414445553339
0.37682207857859185
0.39090693795935966
0.3762806119107771
0.3789573695519249
0.36969402599398365
0.3834965317020838
0.39061838331423
0.3772558325727617
0.368896287248417
0.37161944634016286
0.3610762334094798
0.362416733849053
0.36159004824926083
0.31344379607105893
0.2852175186124317
0.2984520780471011
0.26611440807182823
0.30198690938566203
0.3194154728112082
0.3459667613632179
0.3653423861868494
0.35245172421574084
0.37801728180855243
0.38812110512762316
0.3863625810302262
0.37925367026608875
0.38639155890295546
0.3991509807062925
0.39935171931112456
0.39917533397907773
0.4111810469048543
0.3925398327801884
0.41065738696055976
0.40039865971373617
0.40336521567036754
0.39559777763790765
0.4097758750151374
0.40093713334524045
0.39383900429296104
0.39733067473695316
0.39635580854318375
0.3915922466219558
