1.707160225308121
1.711702656131494
1.7090066964045725
1.7308799552721412
1.7173606098809506
1.7113833648568404
1.7358489275612974
1.710584529880614
1.7223983769261475
1.7256018938710274
1.7027943646108616
1.6924314971883618
1.733459060050434
1.7375494161684264
1.6781359110951113
1.7000576584894653
1.7011384776768739
1.687738671169003
1.700509509128291
1.6993984367037498
1.6988941841207574
1.6922899519308952
1.710066501376589
1.7056744207642678
1.6774279730145922
1.675314041448962
1.6821234461781234
1.6862471104088066
1.7016998634855707
1.7075166645110191
1.6968823650985183
1.6608953643173454
1.6545065865218143
1.6642657466519106
1.6811437158648048
1.6757077633656474
1.6555773469740946
1.6301175745177645
1.620973592935646
1.605075561839835
1.6170639465440035
1.6135446215621811
1.6073160434503853
1.5937789077064026
1.5818821912320378
1.5558061817543298
1.5894163087932596
1.5910923702361863
1.5979035810628215
1.5955293424858725
1.603766890023986
1.6306087526180066
1.6423040581643908
1.6255866901832325
1.6202702156841606
1.6273981785666476
1.6387511910944468
1.628371368744373
1.6309271189039536
1.6328506563610785
1.622285179207814
1.6269021675856488
1.6355350344048831
1.6321883731559883
1.5887584059527438
1.567118004230384
1.585257993321496
1.613244800574863
1.6139622511033858
1.645153731815404
1.6513023220383634
1.646432827548166
1.6415249075701732
1.644003557828804
1.6627997880302863
1.6729925202366553
1.6558233534081324
1.6671297879034501
1.6511153122362794
1.6465610534380484
1.6513641432006105
1.651532877415571
1.6364273177853268
1.6172466654225164
1.5940011697613568
1.5890422416890173
1.5856506608415528
1.6003752256868073
1.6123252165796798
1.5977122714452263
1.6028663445606752
1.6028908481590345
1.5890366486691716
1.596695896831969
1.5791879910383733
1.5684192854110086
1.563298364765496
1.5553119049460538
1.5360608857938856
1.5329178307016214
1.525478681392485
1.5182924250322978
1.4963795265511672
1.5162458437446535
1.5292965866368016
1.5130235028871695
1.5197093512431148
1.5024443619487933
1.5142066083525552
1.5055955391624616
1.5266831555275775
1.5409016739210561
1.5503149409126051
1.5542843010428515
1.5618017263468804
1.5854860210978465
1.5936565222637336
1.6094937222265646
1.608792478999887
1.5964367475601082
1.5810576405470391
1.5706722270621942
1.5754673144045612
1.555344856012726
1.5381557690828735
1.5466634257034346
1.5570313715680082
1.5605283532693917
1.5707768173782999
1.570671207316217
1.565088608431767
1.5867077923723385
1.5815539245910926
1.580023874543614
1.5707548416020356
1.574321388357945
1.564400459173151
1.5540056363777577
1.5321617048745504
1.5219875192102905
1.5240816902042431
1.4960084225850523
1.4870158554388193
1.4880828324128557
1.5129662272484399
1.5156142194075437
1.5380659335954943
1.538864212198225
1.5548943773988666
1.5559014960176543
1.5503377045433901
1.5470127585414168
1.5456969407983723
1.5385905047592094
1.5415391588891976
1.536757917809181
1.5369766413587234
1.5530803571828176
1.5530735008155683
1.5422292111797429
1.55850405981013
1.5632514007627247
1.5499147642640867
1.5459712096507314
1.5517616223411033
1.5284990715051656
1.535444791465867
1.5535654844536415
1.5576195115741536
1.5597586442504123
1.571693673030406
1.5859807712617533
1.6002247225385369
1.604900240263323
1.6132327212197681
1.6105830760531301
1.6122151837943262
1.6082455434700111
1.6050280794886722
1.5955195222801268
1.5844119708761097
1.5773684062427062
1.5793644667064979
1.5732629611070104
1.5845541632016014
1.5809970220730414
1.56787811330841
1.5839557243602542
1.5696682005264686
1.574897680389588
1.56270440660801
1.5550004245839582
1.5409350213509472
1.5269461140200744
1.539100110531853
1.52358875548912
1.54553853488717
1.539528498062961
1.5334934005318404
1.5314638071322946
1.533914910036727
1.524848648474894
1.5248896900589697
1.5293956477845925
1.5244038330071596
1.5074722270658745
1.5155008611067795
1.5218865233527303
1.516526592777078
1.5086362218907083
1.5183734206457435
1.513691557890868
1.5052263578260463
1.4972591496872338
1.480935606305662
1.4826546615789968
1.476814867033652
1.4729866987992595
1.4631569352619536
1.4674530026172752
1.4623031591324138
1.452294720609487
1.4327107567383275
1.446063808657301
1.4572591959504921
1.4792976526988924
1.4813871542282249
1.4614841455645815
1.480153635963444
1.47302093246481
1.4665548154006909
1.467016649277605
1.4920184241864844
1.5057942491544423
1.501085574202025
1.508196297440278
1.5087276193739263
1.5102938892409894
1.5126932263757016
1.5143037037237672
1.5177256947903026
1.5152472770655876
1.5248197594828836
1.5229720126024957
1.5259964435324351
1.5174166518721015
1.5311342920831978
1.5293529211071646
1.5286518671338423
1.5203572150381337
1.5284842473162668
1.5325363278422548
1.5283578649271365
1.5287182797444774
