1.1159014775206952
1.1072393372152465
1.0886219591573219
1.1250799929299715
1.1113080302894103
1.1137362965585635
1.1233577735991838
1.1001793102787616
1.1046683151070549
1.1171468893117404
1.1030752706665206
1.0816742513111872
1.1186211960084769
1.129155173577861
1.0958114588924017
1.0910353653567655
1.1127907038745088
1.096521226430302
1.0924750891365282
1.0962303154411952
1.0920959974744
1.0680131916503754
1.079555006795347
1.0821185009437415
1.0855651008632683
1.097056643744725
1.0882427724948143
1.084636190893834
1.0962722469176356
1.0992876579552444
1.1014777435966612
1.073710212376338
1.0752358497578969
1.0862154543249942
1.0965667877591014
1.103970741390807
1.0839395913000742
1.0837536660979628
1.0532634717193967
1.0435989854921506
1.0406423826858264
1.0623056198150902
1.063782870937439
1.077358310253362
1.0906977989901612
1.0802348541008036
1.0686157680193817
1.051759978606368
1.0362599261908083
1.0114886996585806
1.0133631130987562
1.0419286905760334
1.0472098781701644
1.0366377576155965
1.0281012083345902
1.0277995194069605
1.024826321099456
1.0236848209930134
1.0181637442523757
1.03242514193012
1.029000090080765
1.025706287366813
1.0345138723425744
1.0286675540963537
1.010389654034077
1.005801801972876
1.0256547460583614
1.032492315918558
1.0356137488931556
1.0436453389148663
1.0363868831329162
1.0472498302792976
1.0558194058344585
1.0555019354182957
1.0735082810042444
1.0781919213780906
1.0716830930963586
1.075656782893976
1.047062603467952
1.0270434764414536
1.0262829317785505
1.0168637737710295
0.9935370387907785
0.9873165860904431
0.9832062315989386
0.9894767230136731
0.9994925443127061
1.0146682755511756
1.0377319336182635
1.0186415448183344
1.019214510551651
0.991623947648423
1.0030002095774904
1.0106277363470397
0.9990944394396214
0.9782565718579663
0.9621763365742435
0.9593385762348547
0.959962548913532
0.9629686721598715
0.9499464699243798
0.9550870638306259
0.9289186898658222
0.9573793202399964
0.9602731775407882
0.9749760592329707
0.9533366147917959
0.9554298895075157
0.9569899243964465
0.9623094235340237
0.9577914741686985
0.9587032168545936
0.9626943254242813
0.9612616679426672
0.9638948627395811
0.9648545401694958
0.9905921821386455
0.9920405447254909
0.9831978568849525
0.9925775708018494
0.9887688467099344
0.992409559473939
0.9757635395871254
0.9762068248781604
0.9634032328793505
0.9463459383313084
0.960214768747022
0.9674287133109467
0.9772262749346106
0.9697127472386052
0.9873835553694181
0.9878779594798712
0.9869530665885671
0.9942759037085552
0.9782520811022161
0.9728707356856706
0.9669131788165571
0.9727169040095086
0.9762488253055968
0.9558875940141827
0.9522685816225979
0.9506129192137499
0.9499829594364051
0.9525336913335527
0.9538059123328636
0.9449115261943788
0.9546779415457164
0.9586718908883677
0.9534647927107771
0.9557197949809625
0.9466002444484485
0.9343367509910938
0.9426607290434214
0.9266831260579267
0.9160136424182883
0.9308664545726599
0.8762062511772329
0.8054570348271352
0.8684654074032173
0.8730975339630103
0.8548481839588887
0.8739801444901895
0.9009741703332458
0.8852723902820991
0.8877376788196708
0.8911646512850373
0.9132356419795032
0.9245314336035726
0.9328446421644516
0.9353823110302258
0.9552456442610991
0.966514473270372
0.9717325573372712
1.009007438563616
0.9987492017570944
1.0039334516046579
1.0069070923672887
0.9857395414024092
0.9822678527209804
0.9960124078852022
0.9993328020541058
0.9995221216960428
1.0013804054155
0.9907622680451674
0.995378720668923
0.9784551013569006
0.9702802552156168
0.9739697766647888
0.9725179125513618
0.9770401440744872
0.970686972208985
0.9717613067648074
0.959394442207962
0.9650752742796521
0.9602777756723767
0.9455653009925155
0.9504239906009749
0.9447921842947442
0.9471691216763362
0.9495033990244472
0.9539170284108205
0.9466010187210019
0.9389785779522409
0.9408915106464452
0.9322658490258547
0.9170680504971352
0.9352021624438566
0.9203711718248412
0.919647648860297
0.9247806335324757
0.9297491747104684
0.9288334890913755
0.9219145173771608
0.921341533391251
0.9276068219590429
0.9332748532000684
0.9267917495894733
0.9187934264286624
0.9209009583024528
0.9156577394701126
0.9201003235044187
0.9185839482462691
0.9086794681905639
0.9093961379412987
0.9115674426109952
0.8986439540007645
0.8876228501589488
0.8675444813480317
0.8889984702086156
0.895671830770725
0.9046760381387672
0.9115704408360192
0.9083760930233791
0.9094252125580535
0.9141428409354363
0.9040594324609673
0.9108797739910466
0.9205297057947718
0.9220009117033137
0.9118104021363503
0.9300631249357514
0.9161278018653084
0.9198507304087076
0.9212189064657392
0.9204826017383851
0.9410477433405404
0.9295725045029279
0.9265055790746609
0.9372470093669826
0.9152209121125569
0.9171883177297916
0.9336464748717672
0.9398466203267143
0.9315305503760769
