2.4033994925457205
2.3562946085444225
2.3202828709972
2.4088348743418826
2.3824667112597835
2.404017647340456
2.403768649594394
2.3877263059129015
2.3972749415981434
2.4003529162189317
2.417615691305676
2.403700053418167
2.4223160294741373
2.4213520948879608
2.3886501609649335
2.3845869346067654
2.40205019240122
2.3868553886876978
2.408226306475187
2.4146233711131617
2.40178751271727
2.3661326800317997
2.3646483863279752
2.362697139898387
2.376526163124619
2.4064339528258984
2.4092748515621145
2.4051643461789247
2.4195359257122
2.425640777845644
2.400294870198042
2.39380965320401
2.39319808924759
2.4024277008120904
2.4286632607663217
2.4270352943623483
2.4039314431994194
2.398478012622409
2.39547517301785
2.3695425886168295
2.3832214844449
2.3853218208391254
2.3918592590636107
2.409220403789515
2.427243804600823
2.414797125899174
2.4094741823984935
2.382853865538489
2.3648038750451064
2.3423599884391435
2.3192050658177834
2.3471677122070265
2.326317565010336
2.3437690088871155
2.3419185012731356
2.358937028733442
2.3630459959743675
2.364662698620924
2.3679738790448637
2.3496142706091416
2.3562007978340467
2.352887721193399
2.3604543672648344
2.3553244915408573
2.33493874529595
2.335621209618744
2.3522925916279576
2.372973018009376
2.3834433922476297
2.3981699526769464
2.405315054033137
2.3965842343044472
2.395737574374669
2.387198944483785
2.4042985678910678
2.411837936328044
2.3929365917307686
2.403746288515665
2.393286958200008
2.376089206243405
2.381155350796082
2.377010942697117
2.361643264235776
2.341682473710775
2.315328502437325
2.3316303436737162
2.338976369954062
2.3436420671078717
2.3359547155207645
2.332913657908276
2.315247119448699
2.3127652385735527
2.3104238387812375
2.3347223280110265
2.3200395819519475
2.306668129149753
2.3158045811664705
2.3027617012228614
2.3139020652153683
2.3129004410790106
2.3041660573450247
2.3060072216675973
2.307475334610772
2.298272256782846
2.3143382907391863
2.3050014535173817
2.3143789659378986
2.2924795106006726
2.3075404444297107
2.3208484226852226
2.341668157023129
2.348891907949334
2.356453473575715
2.3627159304778234
2.3563963353420267
2.378251569230551
2.379656497215479
2.3991396535612535
2.393246878218372
2.374507116862492
2.367115377448403
2.339696881453977
2.320944345947418
2.275945680418754
2.269293489267446
2.2954161102174644
2.317801290151674
2.3259535967980236
2.352100261702636
2.3570762215422416
2.363786642458361
2.3646737681932195
2.367834512596072
2.3591511635307234
2.34598265756851
2.3493029311532334
2.324134484931246
2.3165143508727235
2.306609304092987
2.2837848050426084
2.279486232580452
2.2763623037360796
2.2677661814842733
2.261540808026577
2.247925228529742
2.2453409169752048
2.3174372200420534
2.334907955207017
2.3513172293950446
2.347928780148037
2.350262838262662
2.3578490781987043
2.349004853447545
2.354178793672388
2.354545504344099
2.3454665421415153
2.3266712886380305
2.31755875359761
2.318099326999152
2.322532427002369
2.3165319054388274
2.317803050228073
2.3230775931282097
2.3127808617849612
2.299402311389206
2.2729126802602098
2.290574131705872
2.3040564733999602
2.3166218530092615
2.3220325907915558
2.343497155847586
2.3515529830249795
2.3723348921198886
2.3770408331446524
2.374852952599447
2.37298766018027
2.3755288755354385
2.3704208666754303
2.3735820796433273
2.3775903640141554
2.377670251696803
2.3743386623563554
2.369630139261804
2.3707652465642193
2.368619119835733
2.368923087318153
2.3594679632086377
2.354996816028296
2.32990622513194
2.3194491188116277
2.3152264257110837
2.313421158271103
2.2929704210397523
2.2853571995516804
2.282458651506705
2.2486743842936425
2.276792747427003
2.2829852646432314
2.287508941676956
2.288403458541014
2.288969311910485
2.2816440843172905
2.2743904884478647
2.266035151267024
2.263252219251877
2.2414249583391688
2.251232036064211
2.253808114815649
2.227112176113645
2.252868573665214
2.244947048147561
2.2361638685013063
2.2413869818685708
2.218772744866033
2.2122477271124765
2.211931637089457
2.2104200907573053
2.217769998827883
2.2082817445444674
2.1965893335518802
2.1830819620953528
2.1764311451969944
2.16893182681848
2.166070846944397
2.16707946944502
2.1601828335047992
2.1108272308131752
2.1215041774305763
2.1582562432569485
2.1491501923733116
2.178910593163788
2.202134942636158
2.2316058530293668
2.2396276876866765
2.244336633841958
2.2736574212317002
2.2849380018628813
2.28663684393644
2.297910475654866
2.3020201352428606
2.303453443729555
2.3052990932801043
2.3051035553246275
2.3085964838223445
2.3111192107270093
2.312033012385254
2.315337621411114
2.3138258579870166
2.315183015278973
2.3189771865550197
2.320475682061178
2.3239684961210894
2.324790654671311
2.3284893622094223
