1.0795705479498952
1.050764482885175
1.029955181718008
1.0702760626902412
1.068716271948551
1.0728199753267658
1.0742987173988205
1.043187462582806
1.0561557446824532
1.0842413527264105
1.0659515859912259
1.0534983827404
1.0769256179255549
1.0895808129121762
1.0608783381182516
1.045741377973472
1.051393385462146
1.0436125933652387
1.0494324121829197
1.0785832589225677
1.0578955343102199
1.0492496969598395
1.0457080271309276
1.0391356865692325
1.0342928966816487
1.0673096211054738
1.06331342395825
1.0680822542890605
1.0733151933646132
1.0741845593034685
1.0476862302509886
1.0215833226542388
1.0289633905719535
1.0343670195435732
1.0704308420701396
1.0678973831111627
1.05453600295713
1.048186615033957
1.0139991911237285
1.0001963313462316
1.0096926929230396
1.029986005671725
1.0532966510512518
1.0410544524859717
1.0455716705605431
1.0402914692539258
1.0358896825930082
1.0177821416084845
1.0014988238923581
0.97293073391783
0.9811718800720871
1.0216176341145893
1.0256829432322867
1.0325666458526652
1.016931720589479
1.0079995889636975
1.0000477249271806
0.9996969557421729
0.9958592384398177
0.9894801678406726
0.9969023828668078
1.0060937130539886
0.9968616043093285
0.9973518104172817
1.0041742607610782
0.9916835016665477
0.9894246742831738
0.9971947759460031
0.9962701855121621
1.005076872850758
1.0183645336101752
1.0210435837552017
1.0257458373579047
1.0340788476365608
1.0437740780878113
1.054302025052659
1.0467517759309208
1.045232007923796
1.0370969535273356
1.025021588113596
1.0283646575048395
1.0249072931516503
1.009059982138826
0.9775721296475648
0.9495958103505829
0.9580583037289371
0.9618218764000894
0.9639735215105961
0.9859329675882696
0.981944942758758
0.9499612605813298
0.9676224452165706
0.9581625410900285
0.9818572257932573
0.9704643187733973
0.9470714834043681
0.9505397757953324
0.9435132677571768
0.94072042189527
0.9391406004973508
0.9362965383917604
0.9440812578571443
0.9170882295744092
0.9009233295126772
0.9201419567820261
0.9487531545560168
0.9485559958908676
0.9485862308667597
0.9605547073869358
0.9590465192157476
0.969054392923317
0.9660443959433032
0.9777352114365688
0.9831044526314219
0.9887050483949299
0.9820929496971074
0.9854422004314279
1.0073438530952687
0.9941130877173203
0.9833692867312072
0.9645147808041086
0.9596235256016817
0.9587273426119806
0.9525650819721261
0.918798253309672
0.9138982793840392
0.9315398269853614
0.9562746965123083
0.96157124473229
0.9817573865561701
0.9749057795629567
0.9671303796884599
0.9874251417916892
0.9755129490583372
0.9817530707969151
0.9740080661286359
0.9666190930807765
0.958216704775377
0.9525728365550796
0.9449643870726865
0.9546591525959691
0.9529128432903127
0.9507107599121624
0.9458085334951625
0.9496055465120568
0.9439920205056415
0.9618554666581093
0.9522544378235114
0.9555402967277377
0.9439640818314977
0.9572040267898505
0.9444710368958061
0.9453048717553854
0.9373507280704539
0.9458765057843069
0.935348160614173
0.9461028423219285
0.9284122720302369
0.9205718288364979
0.9125689853792857
0.8987166635216576
0.9047526776752582
0.898626103444318
0.8812441928071602
0.8771136074155164
0.8349452981025921
0.8414433066815397
0.8568176395403605
0.851850118988085
0.8845102159904188
0.8985161675467729
0.8961015322524155
0.9166947952234675
0.9207901843038181
0.9474257248962477
0.952976877060966
0.9420723663749071
0.9644045620037142
0.9525204431189839
0.9500730410736973
0.9628814511062416
0.9455217214771251
0.9391435918314978
0.9323050515929782
0.9281023128944984
0.9207120895288416
0.9178581994424955
0.9292718735636721
0.9269138266418006
0.9249754458296336
0.9481065176157748
0.9310764298595925
0.9278383092586105
0.9160087714085924
0.9085573107659982
0.870564664131843
0.8949883213191829
0.8927021350713871
0.9019005388216784
0.9041693370465158
0.9167769217900329
0.9154044426468315
0.9160021909618227
0.92450973147174
0.923507257571845
0.9137256622801336
0.921766945341314
0.935292965268802
0.9267758768694935
0.920919804756345
0.9259871321291062
0.9160695215348734
0.9108248661273525
0.907141970212097
0.9019084371533921
0.8921065789367522
0.8678373727873648
0.8845752635959039
0.8807093350621066
0.8914975231715276
0.9107532338287857
0.9018122555257435
0.9104781272260711
0.8979016099395244
0.9006458570823073
0.8994030264587173
0.8995606343287504
0.8671171541838704
0.9074539951989807
0.9073421140645009
0.8993102220811968
0.8909639088274627
0.8808123839719478
0.8952143066355368
0.8963090881895562
0.9106588560582515
0.9167229976688749
0.9051292223498422
0.9262423094746172
0.9321479521508571
0.9293230335704544
0.9162064855955274
0.922080773284882
0.928572805981518
0.9229985626302918
0.9269913731829919
0.9237900018085533
0.9445077160175506
0.9319651976416801
0.9309329842061151
0.929652579372484
0.936027986290606
0.9318628828786841
0.932428898286007
