1.4062035286498678
1.3956710392819942
1.3807975613325765
1.4368681169517974
1.4202745681182156
1.4106448564154719
1.4265518567302364
1.4055787483263227
1.417160547934027
1.4217864131375222
1.4226143817171564
1.4084307834690313
1.4325682413026084
1.435041728393625
1.4029657934913806
1.403081543570843
1.3997823647557004
1.3777190018726384
1.3855896433739057
1.402331596201846
1.3927314434265905
1.3713031008267758
1.3778542669361862
1.3956557793159636
1.3892166106287074
1.3854911995047332
1.3934442338334765
1.3635805837440225
1.3803876286519143
1.3905657009758234
1.3826723360896627
1.3678851518021378
1.3844077648325672
1.4109730343217235
1.4257546235152885
1.4147764888666303
1.3939519543280903
1.396614227519677
1.370440914586933
1.347394534518601
1.3493216497138703
1.3653010048013385
1.3504949834753035
1.3720545218409717
1.3962975808519305
1.3834931158717727
1.3650784724880605
1.3477299649583914
1.327073419120201
1.326026490771522
1.319887492116052
1.3414976179225409
1.3223658294106195
1.3205616652403762
1.3246816201707852
1.3295303376587935
1.338717533628983
1.3469152482621427
1.3336285344852794
1.3452968420152647
1.3394816254011535
1.3358220704961756
1.3335356564737215
1.3184537945331107
1.2934651318241093
1.3012547782695152
1.3222247246548846
1.328474211406689
1.3418381450762935
1.3560487973362847
1.3698861593093583
1.3796988507793906
1.37109845688903
1.3698123157685456
1.381171922752398
1.3866055411406801
1.3532350615807676
1.3545513089678591
1.3443467093483756
1.3227385716948221
1.3231404634779271
1.324123273890692
1.2863259742793764
1.2540971810457586
1.2236947534372369
1.2166627617453378
1.1976168489414172
1.193769510006618
1.1944569038425654
1.211022272737893
1.2139463518499678
1.2283338548583203
1.2374832523717612
1.2290788543550641
1.2241549051459855
1.2146247817283085
1.2221139038933857
1.2199512568638722
1.2124612524135254
1.212467446607515
1.2192765482899688
1.2262733937016908
1.2193040300889677
1.2355004322418321
1.2449384121755827
1.216449065214152
1.2082651055002018
1.2113037416637367
1.2402280741438425
1.2572947555684075
1.2613433061168884
1.270334191363147
1.2850943406051043
1.287096033458917
1.2832495222209412
1.3038940207522198
1.301815539166822
1.3101680241558284
1.3097483107307244
1.2971072768722218
1.2828758829480396
1.2785595375294958
1.2660145093936652
1.248335179593626
1.2399495710293402
1.2388794950816229
1.2398988627267413
1.2449599751696037
1.2468985735436922
1.2696945697825095
1.2644508434827553
1.27121704264789
1.2817750348997834
1.291468731122863
1.2857712991693537
1.261967811565564
1.255533902773452
1.2452997497169236
1.2351883550034453
1.229986548858126
1.2225691742323086
1.2128069521439244
1.2131130259860625
1.2084099431262743
1.2470075244191947
1.2481237469297002
1.264689994846504
1.2739283078432608
1.2858089037119949
1.287557822880306
1.2835260318765394
1.2794939063406583
1.2878252173499916
1.2853429614909921
1.2755901441275195
1.262207377099408
1.2518050613773057
1.2535812778644153
1.247225243253797
1.2511103711314284
1.2609044936206242
1.252423333021372
1.2500382651121693
1.2539400552235196
1.2404899898878516
1.2371109823094921
1.2456505316980444
1.2660230491873246
1.252901102596734
1.2615889582732616
1.2711020185089599
1.277611439440474
1.2868447225284918
1.2944343313762257
1.3068539204155392
1.3022015832275324
1.2906145583458475
1.28238766298132
1.2945430062092815
1.3188374036541892
1.3094435282855261
1.3108948968959748
1.3193517824522076
1.29992959217121
1.2980175948103077
1.3006313392352487
1.2990704218993012
1.285119241256447
1.2705499901488473
1.2746397458079892
1.2493503450377568
1.2318118899956536
1.2299076141721659
1.2282152779036355
1.2149485986483828
1.2004314350990075
1.2315227311954338
1.2256553827336856
1.238623269627554
1.23363970266885
1.2270779937461405
1.228156214186006
1.2263810667569843
1.222106843118343
1.2162863837854092
1.2227041097127664
1.221288389488714
1.2213143196086422
1.2188446271939144
1.2214919058982203
1.2122348872783533
1.2068392396600456
1.1969810346089271
1.2020588329587867
1.2008719620871977
1.1949632734519922
1.1965401956948587
1.188167832436631
1.1850937579316314
1.1882096576170331
1.1882818054653845
1.1792812632470595
1.1716441716826418
1.157954379882184
1.167332910161983
1.1301472804628014
1.0905267333576127
1.0983671981165972
1.1735961020621084
1.1442914062748826
1.177482816261203
1.173712641262547
1.1915635938431401
1.1982281904626166
1.199989924673664
1.2028469360146918
1.2014607052660442
1.2028315622612609
1.2035147414899035
1.2172748691315711
1.2127786654638095
1.2166809107891832
1.2201773197115637
1.2250932325711572
1.2362555187002975
1.225148010593034
1.2276568088052207
1.228468296942889
1.236899153604748
1.2302796012205346
1.2385200130282235
1.2324124442591835
1.2296166014159906
1.227986193787136
