1.5462821932690012
1.5095061273048183
1.4933375861894482
1.5392888436945409
1.526934966466239
1.518523400841496
1.5493625860702525
1.5058622993145572
1.5419879634005123
1.5448634754023733
1.5446820316316945
1.518361031485005
1.541081973832898
1.5524755107761121
1.511066680860169
1.5043119605437683
1.510899613766556
1.4946977648628803
1.5060282514798973
1.5045258111163118
1.4749930049390718
1.4820581591152406
1.4869172356953773
1.5052534165273737
1.4848855691918894
1.5010925527872343
1.498636032166395
1.488929045290845
1.4939860043668853
1.518985142685958
1.5025067843086997
1.4865405089506238
1.500657720838835
1.5234524436694412
1.5318603196974183
1.523017880506786
1.490581072425804
1.496848139465831
1.5107733210798642
1.475962681125005
1.4865105068305022
1.4870587883931152
1.4931117155439437
1.5004664471944276
1.5038767199790468
1.500849756546024
1.491408351583454
1.475946477156136
1.4258788503202262
1.4446294074545625
1.430667971071837
1.4385251711277722
1.4417409672597805
1.4527589094126756
1.4491781723197166
1.464648783168914
1.4671447959071806
1.4643143082091952
1.4674523841924954
1.4573449117794415
1.4579613622327208
1.4647298899828591
1.448962398526193
1.4313096152856457
1.4308511472825058
1.4098100203162751
1.431540806364966
1.4496885429738255
1.4598796349949288
1.4820729132602568
1.5007667393733843
1.4957253286863899
1.4893928450142742
1.492018014865432
1.5014344661219772
1.5034316892873492
1.4792348381777942
1.4900922260363882
1.4596123967711319
1.4419089322905623
1.4441260820246848
1.4492213087114805
1.4260251758388285
1.4117179450535884
1.398246480269146
1.3876343498547283
1.3773899677641073
1.358586842685598
1.341607560950675
1.3124716301108068
1.311947251185444
1.3020113193084248
1.3184469489463182
1.3247759319923895
1.3211551583523236
1.308302975011343
1.3113917424524693
1.3044376468947882
1.3160224956805215
1.3366440583290513
1.3438580902385968
1.3429419277422083
1.3499552390724334
1.3609847439280514
1.384117074360008
1.3565974120463056
1.3431571688722246
1.340014866679694
1.3742774543219662
1.3901382584511583
1.4027879364060474
1.4026824471823898
1.413630190102528
1.4113006001594666
1.4155506213290703
1.425663623419703
1.4356971093839679
1.4468587150120913
1.4296308423319355
1.4270577282916692
1.4129088993912535
1.4024613940118733
1.3691402474898213
1.3729436744861598
1.359161828750371
1.3362173086755516
1.3529549693890626
1.3616760615461114
1.3717746252401861
1.370438400839051
1.3682907115355736
1.3833677049983968
1.3834579336041846
1.3883665572997888
1.3862219837379608
1.3746444532643771
1.369993185941813
1.3569804630021007
1.3439088075670678
1.3268901201032626
1.3169145011023975
1.312288551340634
1.310785093806846
1.3263559385437667
1.34462946107279
1.3643101444583037
1.368465982363368
1.3801515657075776
1.4038984839036674
1.4011846219443318
1.3838032422998734
1.3944503582648873
1.3993968793486544
1.390545614596623
1.380353838285455
1.3813905665317823
1.3596675093711006
1.368688692087245
1.3683987177940014
1.383450604783333
1.3882537119264504
1.3925199701385307
1.385348836609735
1.3852764512168232
1.3842537396829253
1.3639557284600865
1.357657068960063
1.370148268808863
1.3828510137724181
1.3885519224754055
1.39687051102115
1.3812752752867024
1.3955476744936177
1.4016423506582834
1.4176959870974124
1.408362633339398
1.4021787075834478
1.389833279077788
1.384486293240899
1.383752830874305
1.409353180237158
1.4035372587772492
1.416403132975382
1.4156483022685558
1.424106796445467
1.4187265138647476
1.4140990655705095
1.3928929152642473
1.3764159559756954
1.38457000728379
1.3750660727622075
1.3603424495285112
1.3681684507431513
1.362380328865009
1.3331399636318662
1.3222132482743827
1.3451114190889026
1.3362733168448917
1.3424719901610735
1.340224377862922
1.3567621280612332
1.349313764966019
1.3539421435261136
1.3427780271193606
1.3448077997903922
1.3461076273330335
1.3466958043554134
1.3475363810498526
1.3290133358564173
1.34684919374894
1.3321842038426193
1.3201547676717558
1.3167242783045783
1.3192695309878157
1.2962737985917239
1.2998778763925363
1.2809489524159343
1.2870609103989201
1.269793730966886
1.266779740758494
1.2840611866643592
1.2932685432644657
1.286460344049664
1.273630091347666
1.277825360250389
1.2770892094414574
1.2407102900730345
1.2368028031260618
1.2854946178046185
1.2734332648306907
1.284767878113242
1.305066724364735
1.3301432419365309
1.340020581029392
1.3348574680487344
1.3514429139850912
1.3475809955020992
1.3573356186047745
1.3622860787714592
1.3579673552788998
1.361688771827581
1.361898091610338
1.3713341223873219
1.3603830397904095
1.3766434241260004
1.3692373981985149
1.3659550227323913
1.3570502037791357
1.361336892581751
1.3745913280949376
1.3710940035163712
1.3721487891556063
1.3745454197035847
1.3761273604036932
