1.0202354905248308
1.0236194887868622
1.0060803585722837
1.0350332811984624
1.0272869684142825
1.024884149029795
1.044279700884387
1.010261650279373
1.03923177944308
1.0308150815929211
1.0287282988327417
1.013659445867319
1.039842805868552
1.0390865556126694
0.9936019634557244
0.9918678949746988
1.0230122703302982
1.0052402445128144
1.0116800920452045
1.0109311335387823
1.0102576808283903
1.0024663913563696
0.9947102597955539
1.009994800238385
0.9984922250329094
1.006618898515013
1.0121518056580574
0.9998235680411677
1.0038554451615247
1.017818920576198
1.0133333228276897
1.0057741911427756
1.009960014578941
1.0052216367325495
1.014811570513404
1.0171914648422478
1.0008093508077784
0.9903149244459629
0.9688808937689657
0.9502904462859684
0.9627887740791288
0.9771765704968104
0.9926370045591797
0.9940967156102619
1.0032441474837845
0.9841854533958588
0.9788232508423867
0.9739056446351686
0.9385649588556342
0.9228924731629836
0.9265513510967898
0.9496450230362184
0.9459544547495524
0.9412688143380009
0.9400208423711284
0.9614568722620166
0.9620980040711414
0.9535414462619719
0.9609115324925955
0.9453343916640999
0.9395789942332358
0.9391347787748029
0.9496507628652381
0.945917634466708
0.9184607435910567
0.9123389535793566
0.9192273310263047
0.9165298748729025
0.9423445354048314
0.9546537555949374
0.9626741386498234
0.9665029500351542
0.9630483932638748
0.9617617287857106
0.9708848727359842
0.9845194147782234
0.9718682324895754
0.980090770932221
0.9625354049064722
0.9497668608097708
0.9435250994848975
0.948531877991185
0.9251530900699992
0.9165822397153646
0.8971663884363144
0.9155428020312016
0.9227002682469919
0.9416971692235941
0.9449088299935594
0.9431467963379195
0.9398236539148237
0.9396776100936076
0.9142888700530127
0.9085874861049512
0.893946542894657
0.889551355486161
0.8946704662226479
0.884954564874404
0.8715356118070043
0.8722650769840599
0.8460346907506855
0.8480387228269901
0.8568971328891999
0.8666630266177526
0.8454262723607912
0.8476071240601444
0.8598558543445356
0.8627648890952072
0.858624982535796
0.8921809538256286
0.8836016688187496
0.9058527329029962
0.8963845530570876
0.9209373361244942
0.9088395197967295
0.9290189148870773
0.934431913902001
0.9312348291957864
0.9271961166827984
0.9263523615656826
0.9191495166571751
0.8883103782914046
0.8936428709860391
0.8894113960469613
0.8913645031675478
0.8800809855098372
0.8810737927425731
0.8984526575016828
0.8900271104640725
0.8907785382963955
0.8851289254651288
0.884412929665183
0.8985561748471599
0.8999917686147377
0.8982686163642736
0.869482228783636
0.8737492477018821
0.8624668476599049
0.8625579033692918
0.849581073073338
0.8454520824354401
0.8344321224659683
0.8147370425348225
0.8251450044390225
0.8052512846021682
0.7960177646212386
0.7940654576855701
0.8033179666719888
0.7729085137988468
0.7724511200383593
0.7932056209998196
0.8255337261563713
0.8468383711026777
0.8610156597036501
0.857873473926585
0.8620778027635074
0.8678852736380726
0.8707505578948214
0.8657827566604345
0.8491309762122894
0.8652480904961733
0.8661999423859444
0.8735845575087713
0.8687922989528287
0.8707299418338282
0.8712058210257451
0.8835174687002267
0.881223287301072
0.8804030607526189
0.8934449965720817
0.896773582515229
0.8992083251422547
0.9001894781354656
0.9192707149468228
0.9215930379756814
0.9237761660782262
0.9280790132200517
0.9144697279070992
0.9223394330913264
0.9220596617080851
0.9333531128188587
0.9229545189074984
0.9264617973769892
0.933774925308242
0.9138926042374838
0.9126418500420654
0.9163250830727182
0.9104442899692652
0.918745422687845
0.900122827144492
0.8992363386768989
0.8868183311901102
0.8843245431279373
0.8764812753999289
0.8805863251384688
0.8753638445414419
0.8852483512365321
0.8679184705952246
0.8628124915397452
0.8646492866854326
0.8672719926779009
0.8619072957333
0.8621803009456637
0.8591627957371417
0.8698022366776271
0.8666941142034569
0.8660210109716289
0.8643093646744577
0.866704274960868
0.8591793886273453
0.8485279264543333
0.8493872391100924
0.8521463166699795
0.8512865738703896
0.8445638487888821
0.8534383434374272
0.8394109048082625
0.8438457687068612
0.8380577066048602
0.8481415532120573
0.8467332195802848
0.8350118563852005
0.8364221802407076
0.834094732882904
0.8166247400094717
0.8185668300336431
0.8060716648296015
0.7644566825279198
0.7836759993581232
0.7824160087169986
0.7822534779245702
0.7926685492326848
0.7838773881637507
0.7842799202597678
0.7899411912197375
0.7983699995014065
0.8022493857704428
0.7989938765783386
0.8005111826730766
0.810058764811566
0.8126771984161084
0.8198843103000769
0.8290581320883011
0.8426018968636441
0.8404511360143511
0.82429132447209
0.8412565236079877
0.8430693706012388
0.8368398927546363
0.844719055473069
0.8410591724024282
0.8438347332074283
0.8445571712940645
0.8427469460412701
