1.578689852110497
1.5692120968621557
1.5548271158174252
1.5923867959456617
1.5784084976104593
1.575380662859088
1.591514507014302
1.5733427714724266
1.576829870785023
1.5815184539755995
1.5798216179104616
1.5700909297271195
1.5871815445631083
1.5984798931012258
1.5671304524619987
1.5558016327026367
1.553990686606236
1.5367497002109913
1.5590793504067222
1.561688419365767
1.5380052200510153
1.5303756852720076
1.5354819330341427
1.545042076489252
1.543193069114804
1.557973331534294
1.5447738663703876
1.5399374473657799
1.5379458305564138
1.544846725141898
1.5403151535885047
1.5088596683648734
1.5244845931367614
1.5272706020064697
1.5416559992770826
1.543820922617801
1.539040518953194
1.5257635201772761
1.519435254446718
1.492400843387896
1.4915350585805904
1.4848838216326317
1.4904484970016727
1.5182869990107768
1.5445322862319664
1.5488075348356007
1.5341795468569792
1.5118357649273222
1.470387202717519
1.475765498115911
1.4747831263375848
1.480307263893797
1.4875927933266189
1.4883275851497941
1.4848885465009791
1.466076007363048
1.4780370207354239
1.4766640182943513
1.479169062720619
1.4637831163677049
1.469022272070562
1.4755985215488003
1.4787171827802024
1.4768430682276386
1.465982724008594
1.4424191023592243
1.4722847752596389
1.4945225269466038
1.5147388832789999
1.5089584874932838
1.5029950967389651
1.4783175124015797
1.4713623264517173
1.4720580525056834
1.4679638038980465
1.4810581314756326
1.452268593603572
1.4270747524221044
1.3905895418806906
1.3980325869087527
1.418054637321924
1.3932702252950353
1.390987417669325
1.3956606925404191
1.4052396649961452
1.4252490631170842
1.4344909378862745
1.4589555380244317
1.4779989375011404
1.463113054820484
1.4673693393766538
1.4574723990854117
1.4481436408696917
1.44887682565901
1.4370337716411763
1.424722799256129
1.4153658966097062
1.4214433522395469
1.4086630904264017
1.387941120332678
1.3763414560661438
1.3885049962465448
1.4009548950288915
1.3957565225510333
1.390796261469411
1.4040533116994431
1.3945938934800144
1.3893847419518979
1.3936075839367734
1.414430491548251
1.4004711643774195
1.4197934365703857
1.4183884264957722
1.430679490880521
1.43129635116962
1.4290725994687101
1.4441712895191443
1.4500385745728548
1.4566163996705155
1.431818053260789
1.4192964697297084
1.4154841067456894
1.4157745994534068
1.4045756757419616
1.4028380833886387
1.3917978261577293
1.3770623966366617
1.3850274608656692
1.3815637514283956
1.3937037280553672
1.3930428478899461
1.3889459193649678
1.404613514454812
1.396064964970409
1.3790539702808753
1.377633742302639
1.3787283673634902
1.3951269591129638
1.3880169408008927
1.3951703601561372
1.397577821941334
1.3891457831361531
1.3913222256235418
1.3951462695095431
1.3984053818359479
1.377945612641159
1.402379991118043
1.4264972150748154
1.4141604310912046
1.409453936828945
1.418806061669999
1.4230463542034122
1.4227538774439432
1.4183168284881795
1.4117933350105276
1.4162732815984787
1.4191097729389333
1.4000797285310709
1.3915617216128162
1.3841219965893798
1.3618125441267586
1.3500253199082937
1.3492550747745926
1.3594061560947714
1.3650442281164743
1.3591785355270178
1.375174640319868
1.3772888787780553
1.3912525820459225
1.3974106760033989
1.4096312360162204
1.4175125330168479
1.4395854815528923
1.4492767698205136
1.4497325829205439
1.46114055970453
1.4661291916054813
1.4624552138202196
1.4720592494620017
1.46685146612943
1.4614442597804116
1.4632902170920288
1.4504749571714282
1.4568988090908153
1.446325251001975
1.4506747977375898
1.4450315067759225
1.4399667613889113
1.4289926770469246
1.4270738261936362
1.4259577366578147
1.4205677871214806
1.4184780458289206
1.4066670498484712
1.4045863378067147
1.4075228095466765
1.4120140322905699
1.39512174342541
1.396531192108129
1.3857270064926919
1.3851540709687038
1.384920689058006
1.369395848560151
1.3699126658191825
1.3621955605117178
1.3557045389139912
1.3503770060190563
1.3522016346430676
1.329682873990815
1.353988670498631
1.3329107011239707
1.3414952677078622
1.346356533894688
1.335399072255853
1.334852507083819
1.3391326028285184
1.3524677446707238
1.355472241898834
1.371481530165673
1.3780949804897076
1.3770711250049608
1.3739240164340427
1.3772698210821561
1.350163953977542
1.3591239888201778
1.3426684375190239
1.317317526053875
1.2761981714323074
1.3332440583111913
1.3539236847499059
1.364055744307223
1.375658458371379
1.381772476200469
1.3729624570750834
1.3820109306402366
1.381489439526489
1.3920131347482492
1.3818397697434273
1.389644488491597
1.3959962471573113
1.3965271811423383
1.3930212070057797
1.3969225574988158
1.3846706454320206
1.402514408517031
1.394805598081142
1.3946755301932108
1.3994979135610204
1.3939872450271864
1.397860573122341
1.4007728313016992
1.3993021406834285
1.3941856321530468
1.392015157120504
