1.1788867788705149
1.164225284407637
1.15072723491264
1.1878517468800527
1.1734231435508897
1.1711567515785632
1.1924904962773428
1.1622295183476143
1.1629102390068466
1.1719120603808657
1.1664350001954726
1.1641012647079676
1.195179016271462
1.1990082617848963
1.1616407724114435
1.1654832234294228
1.164349934227904
1.1561459914065535
1.175533716009894
1.1665875680316276
1.1559171616136652
1.1399275610846442
1.1334743118758501
1.119600749017748
1.121736609514164
1.14399431315021
1.1623108156512176
1.1574314245945456
1.164560362264353
1.1612060295476792
1.159564349991653
1.135248878127425
1.1498532392607697
1.1584630825321296
1.184221364132532
1.1659799948179432
1.1649080836537145
1.1431821637775084
1.115373236679801
1.1023202266411682
1.1276325134327057
1.1040367112482214
1.1003922695028716
1.1272616647228713
1.1298328880148367
1.1224165699043045
1.1109250650302611
1.108348279706752
1.1017323276816078
1.0984281588096205
1.083966248438134
1.0972518034875427
1.1034588241216354
1.103915449495841
1.0961764185273135
1.0925231831454696
1.0931070979265531
1.090162971946983
1.0834883392491974
1.0904545883157077
1.0986173179711214
1.0955635503727323
1.0881498383968748
1.0962195659157419
1.0639447244493996
1.0895147608901292
1.094645051482022
1.0842229635168263
1.0775091394318053
1.1051437005180647
1.1101904101446831
1.0893134589743725
1.084761926500382
1.091413957920484
1.1128923639334853
1.1213568563218066
1.091277535384977
1.0965804113253173
1.0945820853947525
1.1085906492026831
1.1175921367665682
1.1182650438187174
1.1077898169502522
1.073294321707859
1.0705212843597995
1.0571599190636918
1.0660244695919943
1.0908940442808877
1.1003335635765816
1.1011016828504607
1.1033155985709366
1.0862556903772054
1.0809208908765677
1.0761326232257273
1.0802821536367202
1.0525610208067677
1.047408658611708
1.0528760927798142
1.0377494525022068
1.0209431506328834
1.0053886250530055
0.9895745346816714
0.9633516947314759
0.9541785136353925
0.949949594669286
0.9278098096691286
0.9378728474510377
0.930335299540592
0.9259902345418974
0.920842591392833
0.952798444684142
0.9277724772180397
0.9635111289191263
0.9699810402430715
0.9819715914582444
1.0014574568403687
1.0201990180927714
1.032383750758101
1.0310875076565953
1.017635356062312
1.0206054805961369
0.9902733577289199
0.9942546478717208
0.985141624093631
0.9783709695686548
0.9847383656613851
0.9995317669830639
0.9985760990655633
1.0076928394227056
1.0420173908301253
1.0466358793629498
1.0544975193684119
1.0668802853272288
1.054062072740121
1.029593863211247
1.0421974312010975
1.023139748967866
1.0328821903344905
1.0119683862747628
1.0037194555830329
1.021034441870289
1.0188078812330372
1.0284849789550203
1.0261128010112752
1.037265426316028
1.0316680999436691
1.0318510165946762
1.038390555842545
1.0463239841724112
1.0456684373214888
1.0373590441217666
1.0193941356991596
1.012193482374195
1.0163937262432148
1.0229948640055764
1.0197146813711142
1.0335161980011787
1.032875144227865
1.0350487298271205
1.0261329803605732
1.0249111947478362
1.006549862320946
1.0013190723147398
1.0092717042547368
0.992954837481595
1.0038386004089643
1.0203012239874825
1.0022267006736174
1.0080223258071295
1.0339801204132255
1.0208565375761682
1.0356192654186083
1.0557713950504692
1.066574602880094
1.0790271438520922
1.0903980614460491
1.0901481753751336
1.0795290275038723
1.0798798907346563
1.074586564274245
1.0803413599200447
1.0739489365988661
1.0545944136182963
1.0649969064706268
1.0408587599911012
1.0462185013389502
1.0283598367391764
1.0218024955082508
1.018539653376058
0.9991798091418833
0.986858450673418
0.9774034346577586
0.970288135726213
0.9657151953580551
0.9874532576883718
0.9969575598776352
0.9927684891120917
0.9983762676807444
0.9956922809958362
1.0036872377828474
0.9893512427886066
0.9946550221716773
0.989187392162389
0.9796025762515618
0.9826048523342066
0.9687362545754055
0.966105055297085
0.9705422723012275
0.9579043599913332
0.9660842004917933
0.9602018950014847
0.9623769636013964
0.9721180321749773
0.957009658234795
0.9605746971727595
0.9554698578629748
0.9688126952830171
0.9679895200582029
0.965992746887703
0.9541838617782653
0.9504521091895581
0.9468834430482017
0.9411908744119448
0.9404062825155497
0.9676339587710623
0.9694509293356869
0.9576185978375504
0.9345309752841798
0.919635859337891
0.9288023908207336
0.9659284417616272
0.9634145379767508
0.9820456553490513
0.9807816989490469
0.9694338095004092
0.9902772460088326
0.9895559504387974
0.9842841285156793
0.988777289099005
0.9948777202321096
0.9919944893386304
0.9931462303039964
0.9979609627557888
0.9983166224475348
0.9879750255643315
0.9916541981776268
1.003420836829801
1.0066390987957963
0.9985819476655918
0.9973828447477232
1.0003562183705013
0.9963675892938305
0.9995126436838239
0.9916368347996215
