0.6948586201418027
0.6798912832348126
0.689414150783874
0.7051065893682839
0.6993066589037542
0.6730410215428865
0.699117578193078
0.6909207553109968
0.6913864863840381
0.6989556634219372
0.6960689010981402
0.6859980212934997
0.7092346506600541
0.7079397155465459
0.6673726715754612
0.675547686627722
0.6737975852631664
0.651742710236202
0.6605296961661834
0.665507807785882
0.6629417539558292
0.6630402604539309
0.6820738626081384
0.6613506339593334
0.6669006579556773
0.6781993036294716
0.6681924469149
0.6716394235171625
0.6743438399121043
0.6714311123477351
0.6492114770377856
0.6324320729432674
0.642967335118925
0.6575273670729815
0.6902930705337164
0.6887604193415499
0.6655329484666699
0.6462728506194745
0.6330840929737003
0.6310534719793173
0.624670989242261
0.6435888960978188
0.6384388095978968
0.6634237321237374
0.6847620241859274
0.6793007970682311
0.652929358033205
0.6322673825336534
0.63523221278464
0.6359691110171275
0.6175420266332725
0.651361612938754
0.6462805336795151
0.6465391838799822
0.6531064480334506
0.6591215454997003
0.6543634308898372
0.6465361085629592
0.6261127464137048
0.611836091303357
0.6085637514892325
0.6101042376326306
0.6078520907660478
0.6015529639582579
0.5845538207059224
0.586196816422773
0.5909860113927905
0.5991620225760672
0.6252353148319604
0.6493271670533334
0.6383593532918854
0.648850155995892
0.6516417727671142
0.6504388659753307
0.6626489874546431
0.6632177672490497
0.6538867481578975
0.6564353335692552
0.6502846954271806
0.6383212800546896
0.6330100257100062
0.6277696624698212
0.6211888214123759
0.6004391826969463
0.5589869771923021
0.5736385854002922
0.5857763183561449
0.6040881182404725
0.6087033718127203
0.597237046308627
0.6055444873049635
0.5984166381114707
0.600821474239816
0.6054884822395356
0.5855308317494775
0.5732689698300898
0.5627673269406253
0.5639246102868369
0.5607265390466144
0.5583472564514655
0.5424426057855134
0.539643325444267
0.5355332150139973
0.5205773969983992
0.5214056689614232
0.4969058446021743
0.5333464324719842
0.5311924841244949
0.5418046152343624
0.5604488152527624
0.5641137024653251
0.561726888296422
0.5926365462567592
0.5818666175905565
0.5796553211426025
0.6066344237419098
0.6052119085996912
0.6038324940296701
0.6009343719123623
0.5866303077548451
0.5835727109478827
0.5755645124064988
0.5550602765905449
0.5490648365717543
0.5453363625585533
0.5465530259045808
0.5393344200920797
0.5601758701458338
0.5596707385022688
0.5664575953428377
0.5747020282192872
0.568524898217879
0.5829079546950635
0.5682871016353928
0.5677241346913363
0.5656368477503303
0.5714676632240155
0.5522136660903377
0.5557305141333784
0.5486840725679805
0.5458187619622853
0.5360158811998688
0.5279397171982037
0.5376082739953265
0.5012695040159434
0.5246799361978002
0.5479183387138169
0.5591002477922696
0.5532008264807391
0.5605690663004314
0.562328025640998
0.5536072818287189
0.5530341719328821
0.5424078909761525
0.530406165317635
0.5095712966614785
0.5236549082203017
0.5225877856452182
0.5419007521263668
0.547566140117951
0.5443574892693528
0.553365229574128
0.5211058709899798
0.5493103665882061
0.5552986967908415
0.5420376641642511
0.5306749517085537
0.5482504915127444
0.5523434370910748
0.5633290736234017
0.5634028222321962
0.5685207347558537
0.5754957527697045
0.5854505920833806
0.6029719629843215
0.601332541184605
0.6025110791331114
0.6106783487874937
0.6065314123900846
0.6007356471944363
0.589986422447362
0.597517040133364
0.5914136775107954
0.5856621817599686
0.5948143419862923
0.5876368486669775
0.5710865253917332
0.5750056581300642
0.5735574322528997
0.5628189249413008
0.5462348285301458
0.5445050668859949
0.5348491279549585
0.5277056022465352
0.5270756410901295
0.5131529716248999
0.5093919499488119
0.5073396895501666
0.5029335775001353
0.5068037081259955
0.4940505316034676
0.4915144778487939
0.49251400280480895
0.49959605233263144
0.49124827727292664
0.4866882191123124
0.48710313378288683
0.49584532030409506
0.48674123149591425
0.5014603109154117
0.49007697817847806
0.49629659206965737
0.5098828910214498
0.5049314913895849
0.496665151749098
0.49375815915806603
0.5037232441330708
0.49356234066444715
0.48213820793991846
0.48452541563766954
0.4685273401140855
0.48439966195059475
0.469075878174321
0.4791416605310181
0.4521265610930871
0.44711954366908285
0.4468301545033133
0.44349320285567934
0.44270416765241694
0.4521192772826443
0.44116323544431396
0.45020714156762054
0.4372118967622621
0.4397890747020365
0.44356848418610195
0.46765272919120254
0.4619859587792246
0.45815387545976066
0.4715412129138352
0.4617232809342385
0.4647367765224977
0.4734639755486829
0.4677193609712808
0.4666515022475782
0.48025192750878004
0.46407516105948976
0.46930539380797776
0.4819827597093569
0.4731386440501384
0.4678352728378784
0.4786821273169095
0.48412509456197944
0.4879138139568787
0.4728308841416558
