1.066081547337833
1.0519675947924523
1.0297293605748483
1.0599271639875245
1.0426845259841568
1.0286373227617067
1.0719140284151842
1.0367462071009033
1.0557454006110163
1.0546240251454915
1.0511426824635943
1.026305670734541
1.0534442646191282
1.0728955739604606
1.0261623118948313
1.0165131613393157
1.0230695850790787
1.0076196340625183
1.0231789379417096
1.0353662190497968
1.0210566566433634
1.0001694307232178
1.0076052401151623
1.0144980883124028
1.0065386503050269
1.0255854846819268
1.017196101769474
1.0124506969018023
1.0254453495290636
1.025105017399617
1.0004926307809225
0.9923924974439352
0.9959607656300973
1.0095756714521413
1.0221235927303463
1.0274165978606655
1.0166695123162983
1.0004885205596608
0.9896709338394931
0.975572571938845
0.9700485616719149
0.9865679174703752
0.9995547368041188
1.0240518785942052
1.0243984368075207
1.0254766141101233
1.0199393789333902
1.0092884496405152
1.0001915104550176
0.9792935288199331
0.9560715504153658
0.9722846511148845
0.9483632417129578
0.9537099889727297
0.9585909854329051
0.9604134953372718
0.9748623408662498
0.9768266304981943
0.9694941633177101
0.9546858853959787
0.9663838622945803
0.9585601043149474
0.9404844500423577
0.9594687593494338
0.9309264448143397
0.9337940529305406
0.9390670644478495
0.9734050651513348
0.9567251982211484
0.990608738000561
0.9877753453876111
0.9921245950028551
0.993839144896589
0.9860134801553829
1.0095611244516443
1.0127908128283116
0.9952783152764825
0.9963669787029359
1.0068295593329337
0.9853009603633889
1.0022113538205768
0.9836205654555777
0.97461161954229
0.9549821460276251
0.9430221347571334
0.9382278269886218
0.9458310035093375
0.9586265558554407
0.9644106563851372
0.9468318380535561
0.9478178963346291
0.9505012645786044
0.9324416011817334
0.9206322358524116
0.9257140094288601
0.9042957157966538
0.9015691245968293
0.8864401081101209
0.8822831149042036
0.8843464133934303
0.8508914609285386
0.8457332033473183
0.8082001719160914
0.7986120775873472
0.8145961136922866
0.8476502795790909
0.8747055082822929
0.8839246759094107
0.8900710677416859
0.9000387940738136
0.9176134042014775
0.9129190924082098
0.926015128806313
0.9225269586713986
0.9301259945950846
0.9282959603142511
0.9424554613271265
0.9560843845584404
0.9474462022645701
0.9420158238896266
0.9350406987859107
0.9263273579169632
0.9176916920668039
0.9006816463024768
0.9028946051757147
0.8858465467280625
0.8941360264680773
0.9024605470135206
0.907507115180453
0.9076836220040314
0.9176238499062422
0.917585217118163
0.9174071337556081
0.9273480625976489
0.9167430819697967
0.9256693237723314
0.9145752271877748
0.9360873749133256
0.9283439933135813
0.9070088397353456
0.9208074369622534
0.9145129172144368
0.9148477962784858
0.8935604235469365
0.8898188665187523
0.8689206009372914
0.896259947477361
0.9150248494370529
0.9213613535670869
0.9361230723704583
0.9357434002295698
0.9306081008219821
0.9276187913589921
0.9309500681293197
0.9362816733000591
0.9340416877683501
0.9245367959097887
0.9305869499248842
0.909413001590261
0.9005094322564451
0.8990660482270446
0.9055883895931047
0.9015709443405983
0.8886181039127653
0.8977607977035842
0.9027807265072595
0.9006934761986573
0.898118267245148
0.9018094521119084
0.9120148668340818
0.9063468141539153
0.914640925592312
0.9292211137935535
0.9295289080627617
0.9541845529675511
0.9472944267534334
0.9362217791561963
0.9231008532872512
0.929513019967261
0.9458875313946747
0.9195247627201659
0.9174973999950554
0.9161776916848142
0.9027266007040619
0.9021595562286391
0.8884603810480131
0.8825238712707051
0.8540224195227777
0.8345413402677123
0.7829619633467502
0.7787830558574463
0.8147444425307471
0.8228917438528212
0.8514140694970453
0.8424366293455159
0.857585757898735
0.8636626448886576
0.8612885447056731
0.8692626091593465
0.875899569620074
0.8687330106800057
0.8662297445600246
0.8717521093407449
0.8740127585914377
0.8722142044283694
0.8649212372383852
0.864670586979987
0.8704129769538509
0.8676839674735807
0.8698667493348649
0.8710911238758009
0.8651761998416794
0.8750805780148075
0.8493101229845544
0.8573130346947005
0.8485652276234141
0.8362586228446023
0.8194818755571979
0.8008982802432777
0.8087064174903621
0.8160578974486142
0.8293292676024994
0.8283257947036696
0.834883662902133
0.8378832115551311
0.8024254695867287
0.7845382777756901
0.8103074933461046
0.7919986601314831
0.8169486444564
0.8353517079824111
0.849188488548481
0.8526667172082575
0.8551475464190834
0.8477546435774703
0.8562566347182964
0.8480501290467631
0.8636161058294526
0.8641296511811524
0.8689584107954168
0.8671422918547783
0.8613540829424801
0.8661357839902002
0.8652583281857134
0.8630449362778307
0.8665166079481071
0.8724492402539433
0.8699573077684553
0.8715825721522734
0.857157085012954
0.8692078428316901
0.8611563064932266
0.8695100511487868
0.8620656232100152
