0.6115682972773481
0.589762549800272
0.5707445445467583
0.5895052262204895
0.5921393150231408
0.6026316061406
0.6233485236853419
0.5907181107861502
0.6035739147151915
0.6108058127528592
0.6172548147037876
0.613424655704439
0.6111352417333337
0.6165106945242254
0.6053207521256159
0.5795411476235006
0.5804045445093834
0.5996365803792922
0.6198297797016744
0.632887093840257
0.619757161492178
0.5894243149455495
0.5955495755189346
0.6066521614346028
0.6004285990061886
0.6187309202910407
0.6137361537536067
0.6153501479265684
0.602562979215408
0.6015990717658745
0.5961306470003594
0.5855133501478007
0.608832699963174
0.5958517859880067
0.6098751382467639
0.6168357497456455
0.601129199803253
0.589263497272815
0.6036838860974479
0.5691502975922037
0.5892836329346884
0.6180907974758099
0.6292684614747656
0.6413993589227762
0.6289341452442786
0.5997398123022712
0.6081454538907547
0.605348449271696
0.5866012871187699
0.5875309956771658
0.572322780523235
0.5970696686277442
0.5867334781371226
0.5884960576354973
0.6011967447942772
0.6102825218581078
0.5955725469912558
0.5866744983688899
0.581037903337684
0.5692429582016285
0.5811150926725415
0.5900590138216608
0.5782981607643816
0.5575675984493397
0.5555183055330849
0.5484722453395161
0.5536625006595814
0.5746030003017412
0.5930826803627289
0.6043097833014586
0.6046699782595579
0.6194878193241738
0.6274442375343656
0.6098250598109055
0.6399437519272019
0.6465593401080507
0.64070814073313
0.6532791835135379
0.6395126056861055
0.6361739696297862
0.6263205941293591
0.6139232511019884
0.5956136291773869
0.5748184734807559
0.5392800030829191
0.5500984380530038
0.5582768565134559
0.5725865525262451
0.5861647109369338
0.5846253435536468
0.5718569227259023
0.573321075938959
0.5797342054938907
0.5938285245084307
0.582836491925552
0.5793353471733754
0.5706644800637336
0.560007869516101
0.5675240075341187
0.5636541656656927
0.544455699651811
0.5381571572321207
0.5322521778647483
0.5301912562581884
0.5164449513552509
0.5028906361220278
0.5353942491909921
0.5391626571377734
0.5418706139864662
0.552534147333563
0.5394767292355329
0.5459063566634489
0.5547394928411823
0.5542003086821129
0.5444970698761894
0.5644586625246547
0.5672190264660946
0.5844381695386806
0.5814382248623348
0.5652084433148835
0.55191498464933
0.5516227091904635
0.5310622411149636
0.5323423444703189
0.5266946720078877
0.5510330921670183
0.5596213493093116
0.5713197988872835
0.5752090716297897
0.5803486831152148
0.5803804594009239
0.5743534569433238
0.5809925917916202
0.5843760854099845
0.5776789500957566
0.5662982204658353
0.570252971392824
0.564375224038334
0.5646331421923116
0.5648161330683388
0.5615807079797368
0.5518183975702932
0.5378333731473861
0.5013186333235023
0.4955537098208049
0.5145419755631634
0.5366456656775422
0.5481337049635118
0.5523652911621152
0.5625690183944444
0.5782386965796283
0.5740751931551883
0.580597864236578
0.5731788648917173
0.5805259115423388
0.5751727731171768
0.5729019084746331
0.5873004547090381
0.590127048986637
0.5701079511738855
0.5661401205981488
0.5579805502925913
0.5481214734785845
0.5530708270855964
0.5423722472006534
0.5319896878704593
0.5540562249629388
0.5452778467347086
0.5529219981202532
0.5689178695516931
0.5805826584129752
0.5684254373201872
0.5981290516481961
0.595601679950884
0.5887491209921414
0.5796562754243401
0.5815856436141639
0.582995417582374
0.5720577165331797
0.5788221515395953
0.5765915682211283
0.5796357774887121
0.5804208936343304
0.5753887353650654
0.5738706312050248
0.5694624458597097
0.5627320393730743
0.5624089968216083
0.5567425884491874
0.5345047355702667
0.5280461459836968
0.5162918283302542
0.521601353850242
0.5393820542916369
0.5479665032949795
0.5305127556514013
0.5175788556528211
0.5241174392479647
0.5201246408495556
0.5396423523361271
0.520240825970275
0.5163789644434925
0.5070722336255207
0.5000534279960025
0.49869413640060506
0.49610511558354564
0.4857469991142939
0.4838709865900049
0.48125642667555596
0.48014503620909205
0.4842800643749565
0.4732960199776306
0.48539599435873537
0.48303799984420914
0.4799534748820939
0.4954630586081906
0.47577134512704483
0.4750492921139177
0.4690030107093868
0.45724847761637466
0.4603477001853523
0.45597279629686127
0.44367807305763446
0.4188123413928125
0.39674498028906413
0.3836169088450431
0.3875068221159959
0.41752256459327225
0.4345752574582298
0.4388123828917963
0.44313155626961126
0.4551159685261638
0.48338775505670467
0.48085706614621676
0.49050901829785887
0.503851441911824
0.5242933568559281
0.5053532234631679
0.5077337941703386
0.5201830797456793
0.5268864472927182
0.530835515962296
0.5196889658173665
0.5255035910833407
0.5256448497515974
0.5322463505235422
0.5280452397500873
0.5265864307236335
0.5236876459658308
0.5322337793064457
0.5206127183349814
0.5255713598660496
0.5309451577184561
0.5154543978456619
