0.908501893768682
0.8797188359176283
0.877150899134759
0.8982616139110667
0.9101675575423729
0.9025130461101731
0.9151140668554945
0.8898004698384732
0.9133125901971202
0.9008360638842413
0.9147057757446668
0.883409604787938
0.9046985250089679
0.9128287960598437
0.9025025263635801
0.8746000340307927
0.8748027693864683
0.869739407411103
0.8916597591428136
0.9011070352337652
0.8964340028962654
0.8815193480864733
0.883225348378312
0.8902839086110726
0.8923151947116421
0.8920210269038664
0.8924010730932338
0.8943548561291779
0.8986617645177454
0.9190908429061418
0.8947588973507916
0.8508800791801209
0.8582427049002737
0.8492637962337615
0.8823429744157832
0.8853240041018645
0.8837117306287402
0.8747039234517003
0.8631393696996336
0.8340408070370491
0.8459098437870829
0.8585367463128023
0.8667510952863438
0.8860939739729682
0.8902365016803638
0.8796362938690336
0.8580370882664163
0.8430407551468688
0.8377551669065892
0.8291430862913389
0.8352306179372179
0.8635533021090864
0.8578924049335764
0.8724807028620492
0.8649711230137506
0.8777343726046917
0.8760792900724902
0.8487949173507296
0.8449169683401906
0.8393431005926644
0.8376274925455349
0.836266531993655
0.8260959224741006
0.8291978475856937
0.8028504980957846
0.785355305671306
0.7907527871334105
0.8109234107183397
0.8274424332189119
0.8436672216275158
0.8497328407611136
0.8551105778546643
0.8556320224421
0.8572635657357981
0.8777720855519232
0.891700853506362
0.8858157019908288
0.8948360580804272
0.8832738936960041
0.8752062303208459
0.8852043012463678
0.8671230723731447
0.8576903562724435
0.8233592742305831
0.8229930935295144
0.8319796013471309
0.8507983295632755
0.8694534819259521
0.8643838672813431
0.8605292544161746
0.8153036811551161
0.8308725295925384
0.8267594432195925
0.8282828960325546
0.817956410585747
0.8021254403352602
0.7923741495216498
0.8053251316805243
0.8005608412835873
0.7949913796115482
0.7921847824999818
0.8001536193147514
0.7685687242782908
0.7298646928056447
0.7470056438147609
0.7333355601947791
0.7509145994432322
0.7408986308615543
0.7667088107937141
0.7896583535870869
0.8042608755392997
0.7977504629540236
0.8030928225488565
0.8112730049953357
0.8167421242432926
0.8084603875378813
0.8272653978231997
0.8307665110011991
0.8290073434459279
0.8237695114384588
0.8167346593237585
0.8149631057725933
0.8013525426803066
0.7895321162278386
0.7820188529076173
0.781700679874782
0.7944698055430639
0.8012040063883765
0.8219438561751502
0.8061695616505775
0.8097142688197283
0.8097656076457619
0.8076587251947245
0.8004779365394527
0.7944402945672299
0.7942635917042314
0.7911862622873067
0.7879069655904508
0.7817818576445419
0.7840681761598509
0.7967962452502488
0.778752904110397
0.7634641688938744
0.7670185107121855
0.7279740286079458
0.7745725485282376
0.7848117399803528
0.7923989821946682
0.8167810918935475
0.7974285835334555
0.8041411028501271
0.7969436561640061
0.8041311753472314
0.8045131243540513
0.8048706498772014
0.7954548326449087
0.80671426516315
0.8074095941963064
0.8162976852472641
0.8085699261255308
0.803169770689045
0.796472914423141
0.7968040886669692
0.8063384680744576
0.7773687029683424
0.76890858275019
0.7659728103463914
0.7551181111194993
0.769342997534017
0.7804092499315006
0.7862286486298811
0.7866874836378664
0.7984173358198438
0.8083915449309279
0.8212192164479937
0.8051177186778788
0.8071526703995967
0.8074417516121659
0.802193557504197
0.8092036862741745
0.8082812042083853
0.793675972544085
0.8018123039819274
0.794770071934874
0.7894369631183931
0.7792865984246675
0.7740267022770001
0.7703067877981498
0.7497120043804576
0.7553183486827391
0.7589567137817801
0.7397720578765945
0.7334336155200932
0.7078959497041961
0.7085195686898399
0.6890714661488978
0.6929690733781969
0.690747422380315
0.6870315815704885
0.6774034036067922
0.6960526347688407
0.6813771926338036
0.6784545741526515
0.6803500411298192
0.6929255480736507
0.6602570921519938
0.6879116702034515
0.693597866662978
0.6702787233221049
0.6781742642249322
0.676471127401128
0.6823868789641006
0.7021934802478453
0.7026074750034391
0.6735520574587399
0.6750167839884564
0.6339172575018857
0.638063327290706
0.6302969377026985
0.6408235793863449
0.6805278197898416
0.6899577533188611
0.6859011344071688
0.6714323001779943
0.6832672335464998
0.6734458535571859
0.6639753396674549
0.666565759192808
0.6723390243798587
0.6845508000877635
0.6929382756046812
0.685695351010262
0.6792064028522377
0.6877273993974922
0.6849174342323842
0.6942515102197593
0.7076029090301739
0.7121027848121535
0.7087420701375784
0.7177670795840358
0.7153427097130806
0.7101580724137307
0.7219748375186715
0.7233852007888394
0.7263530880919619
0.7358570276354589
0.7351377187181535
0.7355667779084039
0.7249592077025777
0.7211899342104017
0.7202718379470168
0.7357890110001557
0.7369457521034968
0.7349737869266473
