1.2143942444264804
1.1986985818296345
1.1950878844607629
1.2296870592572267
1.2214551453546567
1.2082232649282993
1.2216084357261519
1.2044654688090628
1.22634607717385
1.226432775529642
1.209434857250588
1.1839078362458364
1.2216413964117192
1.2318961212608233
1.199493328138186
1.1865896133261375
1.2015615428361948
1.1756038502289705
1.1926636215993067
1.1886829469614082
1.172735601447083
1.175261355259639
1.1776199437402681
1.1798238925478453
1.1721246635618419
1.175727423502158
1.1877850937939523
1.1722512910756135
1.195910274828729
1.184387269009319
1.173149590071979
1.1501139103247482
1.1582959550050347
1.1694023151298465
1.1982827375398952
1.2014813617426618
1.1821332572820071
1.162682428892411
1.125168102139214
1.1208746705356252
1.1291106892651905
1.1489402268498157
1.1463954402693188
1.1650712727528452
1.1866040865141116
1.1728117187412745
1.1698814971443234
1.1569072464288466
1.1057692647207933
1.089111308640357
1.0819888235459423
1.1169698219324706
1.115588869254267
1.1218582092230516
1.134649810883398
1.1220410499759885
1.1155202264718629
1.1087061562762195
1.1099338869541426
1.1002978869896893
1.1078231135942205
1.1017489635361215
1.0976266043013576
1.1046367751124684
1.083627405861429
1.074432208879317
1.0895894642462902
1.1118302886893652
1.088503581403947
1.1052855682805538
1.1230609115361823
1.121042785634875
1.1446897116015484
1.139837981471857
1.1582605371288244
1.1695346222307492
1.1491765681401183
1.155642658345745
1.1305347485733566
1.124531954789268
1.1299238731276082
1.1206015176966722
1.110579058663775
1.087322837326614
1.0730152060920783
1.072660668659783
1.0723256653777664
1.0990321229302493
1.1061339040057272
1.0756230682017949
1.0695112330164969
1.0737260011000171
1.063807998648676
1.0588456245348272
1.0505351073685976
1.0429138194904262
1.0345580540870731
1.0393287773277184
1.0381052803410717
1.0229869393071793
1.0234485400436482
1.0033137274848936
0.9733926433464504
0.9772375344012793
1.0275300588820526
1.031823524245006
1.037426080238492
1.035815347604864
1.0457003233202486
1.0460368514811091
1.0683950736122265
1.076411048722744
1.0577095845916007
1.077259238215197
1.075512284345353
1.0867947968114677
1.1071277470983778
1.106800336461266
1.0993273564414598
1.085730751314348
1.0743021695854327
1.0589256557407
1.0342158492643534
1.0205605864134388
1.0265350056247557
0.9917093765832212
1.0103899192079715
1.038982170240227
1.0348853395871158
1.0316558140524623
1.0422498002465934
1.054058811666705
1.0448023767789756
1.0431169860532625
1.0507781720521032
1.0344482707170155
1.0401506983489661
1.018600264713293
1.0232297157875248
1.0315226180588797
1.035193781820932
1.0294654229864126
1.0504060996207654
1.0432540358121012
1.0525473959956635
1.0442101856926538
1.0421157482805408
1.0485642637044366
1.0541719030687504
1.0635239666186287
1.049258443950098
1.043021472211284
1.0566706715758891
1.049490710527376
1.0448903893684887
1.0440140359229955
1.0302615393547543
1.0228204217659944
1.0261544191240872
1.0155156401495773
1.020409642483009
1.018657316314707
1.0181049098438097
1.0125216294596986
0.9990384301880739
0.9984131856693694
1.0124910576662787
0.9969018864130563
0.9936240894316101
0.9906449340046981
1.0026243939894652
1.000629011685965
1.0011797704262508
0.9731554937481139
0.9881679144353757
0.9814587770706854
0.9823195520971707
0.9676598497216817
0.9861160860283278
1.0056690062866032
1.052552217529892
1.0165576389519777
1.0190627240127268
1.0241028045789515
1.0084836310867311
1.0071069600854243
1.0010439393279937
1.0007964784938934
0.9956885242366657
1.0032055205011052
1.0266650235575314
1.0189531061562411
1.0181140576303258
1.0135361796533575
1.024120444731935
1.029649754753187
1.014833290930088
1.012531248810321
1.0231067681539772
1.0305944691866513
1.0228718187640493
1.0242182016384065
1.0238021985006804
1.0176665234998659
1.024519463819222
1.0140370514009023
1.0207747662790059
1.0135919869512604
1.0152598007984894
1.0223237205126587
1.0145709850685318
1.0254959839284283
1.0161613597396901
1.0021903875616653
1.00127357505722
0.9950787110404384
0.9834987235104155
0.9774988663286059
0.9570951534562642
0.9519365329350772
0.9863376217266948
0.9747519947318356
0.9800883276338047
0.9700919936514211
0.9798904317158965
0.9673094868853388
0.9420885895644231
0.9235135352702569
0.9681718393422225
0.9773574842668062
0.9936480904747922
1.0008351140008767
0.9999295875425227
1.0046428763257547
1.0018110109403038
1.0053932271212702
1.0057699328002188
1.022866143294875
1.015764486806514
1.0076577887818272
1.0163683830618129
1.0223142486768764
1.0190485683055368
1.0194712106231028
1.0273358077064554
1.0288614896002806
1.019441658516623
1.0159529746575269
1.0241213147841157
1.0300257024126473
1.0216848896443331
1.0245051737797777
1.0231684031132346
1.0222774954744067
