1.1659834184972315
1.1518075126122482
1.1309198080584877
1.1753225464737027
1.1505515016618477
1.1658531694585295
1.1748566099264515
1.140028978120922
1.1671460969697398
1.1598529842669223
1.1581880493038348
1.150381600544429
1.1691671781356796
1.1778330801312455
1.151023046233875
1.1502502268146921
1.1656967337809074
1.1495591980647697
1.1443100519434446
1.1576333778451595
1.1488457604864448
1.1344329535119118
1.129589254944504
1.1249271643574434
1.1371047091987825
1.1491140834050115
1.1435029542823116
1.1526211940900477
1.1396086161062344
1.158083786119943
1.1482554339644064
1.122759978169756
1.1335005380994139
1.128073825222653
1.1479090866412802
1.1540812665425122
1.1530871446310829
1.1360533237376071
1.1108828525103953
1.0958598131651827
1.0952888576043716
1.1109060417524836
1.1065072630361565
1.1363523289970034
1.1421346125744904
1.1262184285378058
1.1242692065459967
1.119302606970552
1.0942616386681896
1.0847535353593538
1.0793369274005464
1.106264381103024
1.077927935153262
1.097654993042394
1.0980959727988702
1.1075285302413898
1.0893018776048542
1.0928290781619072
1.0773048342783684
1.077307634587693
1.0725694799169896
1.0657776790381104
1.076184308810408
1.0710485916752048
1.0527444196550937
1.0615190331961784
1.0748116952566311
1.0824789091446108
1.0894766710207868
1.103648701450429
1.094999528857154
1.0899655221186695
1.088898417399967
1.0946170517612699
1.10786575699832
1.106799451713002
1.0891635934721273
1.1048216116049885
1.0914881594903034
1.0985202816020552
1.0925749439918289
1.0819872531254622
1.0741740823606294
1.0467055868744786
1.0387187072590653
1.0475267464933824
1.0482152070013064
1.0633867419847607
1.0813464998203202
1.0936198066788931
1.0888485085489383
1.0702791947419292
1.0521700097543474
1.0772330701430477
1.0547482534472647
1.0342537391907365
1.0163643196055439
1.0269833811818345
1.0009777323440292
0.9918936589441457
0.9840316635167196
0.9773816695371218
0.9833814305188435
1.000663363000117
0.9914991452065962
1.0016824578472907
1.0009911375026803
0.9936768669656946
1.0169929840457836
1.014285549617183
1.0161421013988903
1.0392728657670502
1.0304983768935905
1.0234445859558479
1.0346117319205044
1.0279489427065187
1.0466102423013917
1.040890938427486
1.0430517593772077
1.0490093432752743
1.0406647271765923
1.0249590615904822
1.0182929112000858
1.0116648533980623
1.0129139022777318
1.0036727645970733
1.0054552078899603
1.0139101595043836
1.033948876407797
1.042963096666512
1.0370021688745534
1.0483296645422928
1.045110597555842
1.0499524285425716
1.036241751270366
1.0340740725376314
1.030387966740642
1.0358802290937128
1.032621258295284
1.0171121910619902
1.01384700467543
1.0212615001622254
1.0115498732757036
1.016906361400819
1.021465854168699
1.0094880739829863
1.0084162518153317
1.0132087382833572
1.015848532832738
1.020141142225552
1.0190148448206107
1.000897245080795
1.0060841158140787
1.0022967465101007
0.9879221902287187
0.9756322538159931
0.9756392157514604
0.9665669410392984
0.9521697503308415
0.9436923412203319
0.9293988416131586
0.8969567989126861
0.8924920432812888
0.9023652313968985
0.8907252495633937
0.8984644485745462
0.9388145640115749
0.9452556275713847
0.9739317301374322
0.9966003217362245
1.0031681443409122
1.007831651923352
1.0406755069366613
1.0505293005484233
1.0570779884116104
1.0600015563585046
1.0479798379761582
1.0478140858631004
1.0569800638842928
1.0454298308392131
1.055997729552068
1.0566447323060233
1.052186934668613
1.0421878661068482
1.0334521074267027
1.0600578925605486
1.0285059979692606
1.0435631606944018
1.032555731610494
1.0431612235366396
1.0076792725267383
1.0263414385604706
1.0167874761760156
1.0067750403304854
1.0089066243863032
1.0081182341096324
1.0104050056401501
1.002263680873408
1.0028123752641218
0.995595974534592
0.972002957725126
0.9717395795663631
0.9527805994384485
0.9482972675079326
0.9432557976960179
0.9245232354076709
0.9298863363298239
0.9282662516269676
0.9165309840337275
0.9246694598723163
0.9213477953398599
0.918377884120292
0.9213764169847185
0.9116091470143941
0.9091626447524834
0.922415335695806
0.9430117261665558
0.9501128913135752
0.9762265713387309
0.9664160302132415
0.9696619935937596
0.9618912418181874
0.9619864052913251
0.946416509110082
0.9600623273665524
0.9560545480279916
0.9473379229854826
0.9240278195046271
0.9495150947328205
0.9514798330642978
0.9563806065914607
0.9733331788096778
0.9716809496140308
0.9744058383988792
0.9741128598516137
0.9703281835145819
0.9713804725493429
0.9764575375081899
0.9798236182265949
0.9760223238512158
0.9786476044936911
0.9892618450233523
0.9845677496210931
0.9761188407621629
0.9771268991778134
0.9787834715876458
0.9962487318623018
0.9848642540836626
0.9820373521972063
1.0015077964475982
0.9846843768941989
0.9841473981862573
0.9850566428848366
0.9863380314819915
