1.044756505624045
1.0258267840247117
1.0180944626963313
1.0524852134956224
1.049015763257459
1.0505061761823362
1.0543122233680677
1.0282121752551932
1.0404604874826682
1.0429622874542648
1.0398446728477628
1.0216639490379555
1.0508141415392696
1.0577753025278784
1.0294841230972491
1.0207968547446968
1.020973007983468
1.004654716745361
1.0176888797497305
1.0358059416510506
1.0262028005627757
1.0108960578934365
1.0169309913061952
1.0186865210979674
1.013762045416462
1.0325948434372
1.021458404876677
1.0232783408361412
1.0333349366227238
1.0410207444991646
1.0301385640235856
1.0258885179442085
1.0312425157845237
1.0464834543172068
1.0579312858191463
1.0375825848562408
1.0262731614482528
1.0011274830267378
0.9989532969195178
0.9986556043867378
1.006077602043968
1.0069063685425717
1.0004084446115198
1.022170741122885
1.0481421117249723
1.0228923794087257
1.032786599050921
1.020026239900793
0.9956470748305718
0.9757128116757928
0.9470689941568636
0.9771631020349348
0.9865454328424875
0.9919745477452012
0.9895461513555384
1.0117697492510136
1.0140472620929126
1.0203242644844448
1.019449554574137
1.0010520721124205
1.001625268098009
0.999125189500023
0.9998771174023945
1.0081166311881768
0.9900444400104524
0.9431773437613644
0.9325719595927244
0.9735803405939987
1.0008729917754176
1.0218262627796
1.0110276906337514
0.9996723090741805
1.0030434823432834
0.9926553992033889
1.008810901696487
1.012460613001196
1.0028950996363435
1.0198082221966505
1.015637540985092
1.0021031258214135
1.00222245975203
0.9996224053374363
0.9878079983603059
0.9719621867966187
0.9531850096590596
0.9625863360370938
0.9697294136993091
0.986845238639207
0.9765985603576804
0.9799955638953975
0.9866280109462053
0.9726428312897608
0.959038394848897
0.9615476589478129
0.9448597891196131
0.9326249527444145
0.9299441413354798
0.9238810784703027
0.9232377451757926
0.9093844402166488
0.898477283430901
0.8632506942283197
0.8807458938517302
0.8829091597158294
0.9105876329940955
0.8991513030711307
0.8993517305253834
0.8965803624613564
0.9094944496624935
0.9241691448628592
0.9329115849504308
0.9337791064136277
0.9373819797713858
0.947796154014039
0.9488815579573031
0.9892484606052525
0.9814673306545124
0.9954427083032686
0.9857744093712566
0.9729650803089648
0.9652839582451618
0.9342220623962153
0.9431887037979917
0.9253030530709183
0.9256304442578445
0.9305929853242109
0.9210798938984086
0.9394643078537519
0.9288166469434137
0.9231109788220832
0.9278506296775789
0.9368370852205233
0.9260277064402026
0.9334627793006447
0.941300902779414
0.9195246997429948
0.9060344485479392
0.8942533624280238
0.9065290321885192
0.8586377317410423
0.8301470333499629
0.805971789286194
0.7872964571594887
0.7821275806355843
0.7841003790472139
0.8104221295918594
0.8706784072813848
0.8787018095884007
0.901344638587895
0.9189542793737722
0.9257422803537919
0.9346307254672716
0.9371026415300975
0.9387649399756112
0.9363940662085365
0.9299268090678443
0.9315547402073098
0.9338281061369534
0.9333418553766867
0.9351722688744795
0.9434485691135442
0.9392035867662296
0.9378377376011335
0.9381979888095335
0.9339218537129378
0.9372878407978719
0.935670582113678
0.9450211227477476
0.9403740929340322
0.9458869398639125
0.9509116806212838
0.9598398292529012
0.9844710536692092
0.982773259706047
0.9883507334528132
0.9759146710455429
0.9733722724639885
0.9786236758258701
0.978967012495032
0.9750225725984288
0.9651541656277469
0.9510917364121234
0.9564368609973107
0.9522265267003067
0.9513656570387669
0.9639903026162732
0.958745846850313
0.9687645529287496
0.9586023931759956
0.950510659713351
0.9538178082212866
0.9468317839613316
0.9315402466956976
0.9431011338993148
0.9322436276903147
0.9325622102327257
0.9271063410371571
0.9136159370646919
0.9349800269647423
0.9121434524619612
0.9280245349881715
0.9206214723129428
0.9188200653508292
0.9174137998672007
0.9181912619992613
0.9214009055096644
0.9244108271121494
0.9161896297381645
0.9141371527750096
0.9115046125563608
0.9142060259068808
0.9069290879873336
0.9110632894566925
0.9085486844407525
0.8977649120462269
0.908018332960306
0.8939850934519719
0.9037078228640039
0.8949054486818235
0.8952447929563261
0.8915848291208255
0.8936181914470351
0.8895068041180278
0.8741165363843327
0.870527416061934
0.8664414066084153
0.8446050772326431
0.8017284616513451
0.8174602179008893
0.8283119205144934
0.8301058395122893
0.8467560159554653
0.8619644026514404
0.8718295531229738
0.8688881511094889
0.8818131220822477
0.8775664172586592
0.8817221124431994
0.8844614183748978
0.8893289416734942
0.8889846562708076
0.8863230805924907
0.8940705589195922
0.8940789013168248
0.8982889634654618
0.8928231252036374
0.8966291839932023
0.8901590258509083
0.8954172356786243
0.8960736010842331
0.9007917170291169
0.8995684316996944
0.8921466832410758
0.8878366458788998
