0.9001933674168496
0.8815776869958156
0.8852884842319372
0.9050573722870446
0.8998776757577673
0.8909374375559082
0.9176062972032675
0.8872795150082262
0.8935125435338487
0.8993537622443379
0.8864259260951614
0.8800374113243369
0.9119699901156659
0.9212210532396757
0.8903989657571936
0.8874429353974114
0.8852212171306234
0.8508197810421825
0.8905498637548716
0.9040714424391497
0.8810379202407046
0.8556400544812407
0.8579748442547005
0.8669666247627227
0.8568054090174121
0.8690015457306578
0.875326423809008
0.8657228617458527
0.8633047065412802
0.8740355980038476
0.8810644505592367
0.865205273501657
0.8685294229742311
0.8883680940786373
0.8983973087578998
0.8957152028546534
0.8763106463206174
0.8573870415972984
0.8304892660159213
0.8479353573628163
0.8532611489504441
0.8477867823219439
0.8607539308235906
0.8839397577575917
0.9030918925576392
0.8892920815038825
0.886937113321032
0.8578477245612272
0.8584785451388711
0.8537926291100306
0.8374808381017712
0.842014671328032
0.8336179293178784
0.836898090047681
0.8365687010302729
0.8262113602772412
0.8251324982326962
0.8249692411546695
0.850446589809289
0.8492962722373324
0.8477274827177803
0.8391432427422911
0.8266980153066438
0.8183337160220784
0.8076825565622002
0.8019218113834342
0.816726256685569
0.83290005630167
0.8396194050434732
0.8481055488183266
0.8387694189708519
0.8336861889674829
0.8366398031047944
0.8414600212471574
0.8433995387592731
0.8486448209889536
0.8343454880348044
0.8430203738248874
0.8440231132307618
0.8433298291012261
0.8535730095074077
0.8403541023868359
0.8281419541622352
0.7994743957120778
0.7966194642982518
0.7940776995543268
0.8005498294347964
0.8081159024448612
0.8084287768506528
0.8015552741924529
0.7795476079730527
0.7771879876946622
0.7781949734343682
0.7756418554729971
0.7716339121212283
0.741922035732325
0.7547633103245502
0.7397846257359768
0.7454472903189859
0.7483966488409415
0.7288771014036035
0.7049764728113466
0.6822704930571469
0.638518893407369
0.6451395627278153
0.6455566771748326
0.6825997709398001
0.682334010049645
0.7039348248636832
0.7339782242927232
0.7550466172341925
0.7592906588066697
0.7674319783938673
0.784780650025432
0.7976985542951316
0.7908563142093381
0.8020007666015799
0.8208544461688378
0.8047948569665847
0.797912418528008
0.7795313312933058
0.7762307114398933
0.767628680325142
0.7494499376704803
0.7600600714245315
0.7687627367206222
0.7645385704809384
0.7593287675368465
0.763428276614847
0.7917807079240954
0.7719701798854489
0.797008551946307
0.798100081164401
0.7998023173839243
0.8110003054654917
0.8100116919103019
0.7875991169559252
0.7763902815996951
0.7837459645571301
0.7527048511179675
0.756210292327286
0.7356413979305798
0.7423809753065411
0.7588830107217558
0.7536152500265808
0.760150701361899
0.7638182884792374
0.7805886316503284
0.7974612086057256
0.8020695709569046
0.8084029590138591
0.8002727657591178
0.8027378910439225
0.807727276401113
0.8013208578596598
0.7744019101452166
0.770035244245822
0.7816961452605908
0.7642651741976625
0.7724927535120999
0.7678206703220801
0.7548989088300385
0.7513417705257699
0.7343860491522541
0.7296299495908454
0.7396066831885661
0.7276549054512808
0.7342606268368614
0.7420247174006518
0.7360393469383237
0.7540754117769781
0.7554419238134853
0.7685770313137973
0.7869065991474917
0.796899930237076
0.8017712344623863
0.797429956909912
0.8013267559486184
0.7937737664310753
0.802773981430215
0.7942173119641239
0.8011762193358201
0.786115314244259
0.7770677238607717
0.7661186376453379
0.7569980718574433
0.760474214795276
0.7478398747464474
0.7387275402146835
0.7262898972576812
0.7231321142802423
0.7206003890559655
0.7132572349292837
0.7108126610163864
0.7237902875537787
0.7034371040603382
0.7053468034913113
0.7065110696871354
0.70364785857203
0.7112283053309938
0.7053870180604082
0.7003117470995075
0.6959508478523422
0.7000348355898224
0.6980891356079535
0.6804373190286059
0.6887843833430584
0.6918545248608641
0.6978542360494121
0.7002321320320407
0.69039295047707
0.6911356021816965
0.6846592619849968
0.6721309068264225
0.6787944290795754
0.6814928591489678
0.682524398102999
0.7011818121855473
0.6908731133297318
0.6922777132707637
0.6857382923198503
0.6811836274335801
0.6767448190993388
0.6616434598362156
0.6814746789390235
0.6904917896071708
0.6610041031821248
0.6552732612984684
0.6561191365181098
0.668553000248907
0.71397884468323
0.6928358359267675
0.7007851391806745
0.7044904979122278
0.7054303162374135
0.7078386996354703
0.7090186873787436
0.7146388626914116
0.7185167513738869
0.7165312376965056
0.7142948598812799
0.7242609510911528
0.7178132579740585
0.7266568768320664
0.7197803224470458
0.7296962080553836
0.719451012541926
0.7259422354429947
0.7278798673362091
0.7314548407548666
0.7302756053038769
0.7290679369814126
0.7307383148964944
0.7261864778085046
