0.6891658944339539
0.6784139089498241
0.6752775427742023
0.7010249357016798
0.703804239172733
0.6845789542583761
0.7017562409935681
0.6859478811842225
0.6931945035792847
0.6956939352694225
0.688466687172117
0.68856455203411
0.7028332181662097
0.6964493444086142
0.6588229146179464
0.6781535909821811
0.6725306868143427
0.6538534252041986
0.6566678657591856
0.6600694035000411
0.663371758941933
0.6532337292963314
0.6671613774349289
0.6569497646085304
0.6612178940746962
0.671001219371388
0.672974245138371
0.6779420578525479
0.671023074475437
0.6673620176265342
0.644651374273093
0.6387290645238597
0.6375590673204901
0.6582769886871515
0.6810165520930292
0.6744457676250124
0.6666948692868618
0.6506221606849274
0.6366347804212951
0.6184704331810901
0.6268453705065327
0.6326316531280534
0.6477653025778682
0.6632392055150466
0.6768263986926286
0.6599253080001365
0.6486467808969074
0.6317219726767053
0.6333225778706546
0.6254221511228829
0.6211497218810111
0.6438984176817523
0.6481610509834328
0.6466743509429442
0.6425825840860582
0.6556562818371222
0.6506034497123573
0.6438705360599902
0.6320822240489812
0.6256009728110357
0.6080658476350602
0.5968120026217346
0.6136940759811921
0.6031700283512582
0.5791170687663378
0.5817395109579776
0.5902562583368784
0.5978964899426351
0.625771871627193
0.6427859485831344
0.6432372195724033
0.6506732069913237
0.6557782583471332
0.6553518505076125
0.6653741777383768
0.6662070320064092
0.6557342768940421
0.6595340574513302
0.6535352090958917
0.6485249723625784
0.6398083062676987
0.6290894179700417
0.6048576667148149
0.5914677011214302
0.5558772428482289
0.5762893049845628
0.5803643968445655
0.6085688289681199
0.6053724077169363
0.5927768737739423
0.6065196689975101
0.6090233178571771
0.5886053100670124
0.6021813041581175
0.5759336388924898
0.5743867148990001
0.5802997046229724
0.5541303309473051
0.5553962833184729
0.556684089707861
0.5368780557468391
0.5452632517948971
0.5413758453036359
0.5431702555151079
0.5294440145102246
0.5049170738354115
0.5281867149762156
0.5463692041401151
0.5551574076582096
0.5542715671795961
0.5761060038338527
0.5755216907948192
0.5738736394198972
0.5802054984189776
0.5732909244391986
0.5901151677399973
0.5988203625858916
0.5977174538683653
0.6133292859254503
0.593133595539929
0.5894712611229335
0.570835323865902
0.551825352427816
0.550554512748552
0.5542484296261336
0.5469042425925444
0.5421745438015859
0.5603386431020195
0.5576944424178977
0.5682549212376785
0.5785652302764612
0.5849178201778589
0.5719217494236595
0.5778061590159488
0.5707056632800974
0.5577659706701001
0.5550024318818049
0.5468020175554796
0.5441914351638539
0.5318925904542059
0.5435147810610406
0.5352925265417632
0.5226240933408497
0.5197299014396868
0.4850424858980569
0.5081354873016742
0.5203833539904197
0.5396761182511306
0.5529208790997506
0.5603566567078472
0.5676821237692375
0.5557335315579224
0.5557805426130278
0.5408146353006206
0.5292859270565704
0.516919672419571
0.5025106192810591
0.5244778695153247
0.5483198749769113
0.5487033814575502
0.5545317552868201
0.5473360854518337
0.544769225416036
0.5512159705897026
0.5444512329760167
0.5469084326806053
0.5448357375412983
0.5539290920637437
0.5535874108272114
0.5671983815819057
0.5679580906659065
0.5725176833653136
0.5892296988833238
0.5909937357379548
0.5962874698019953
0.6041277497389534
0.6159431799835701
0.6010660074296234
0.6035499970306131
0.6050968254081476
0.6010284067470231
0.599071300836512
0.5954977561631967
0.5918089366486041
0.5945091070606136
0.5803422686317341
0.5810234781056137
0.5753624011888971
0.568263278722906
0.5631223984370494
0.5687413392739523
0.5420020897609344
0.5330630248871384
0.5304251844040115
0.5225811361683965
0.5233090028373297
0.5189790873991378
0.5086613659046465
0.5134866287324957
0.4985295814801645
0.488680043574394
0.48807403858760995
0.5004799564762433
0.4953605409888582
0.48717085050319486
0.49278303615559826
0.4879634010474187
0.4948782074121005
0.5051823097431126
0.5053860220932113
0.5043225486124829
0.5134781842473533
0.49973414680883865
0.49583881540993363
0.49576824737952346
0.49478316372913034
0.4882259577521883
0.5048915693055281
0.49848261730857674
0.48382363093821107
0.4796592179693328
0.47380962880221544
0.47336694840045523
0.4818089387599017
0.4661834691137007
0.4685962641587642
0.4463412486741199
0.4518013661283236
0.44442600655853015
0.4470170489400924
0.4375228965700132
0.4459759335025595
0.44629962793743827
0.4413718440274264
0.4412701749142306
0.4484774108612583
0.46116866872707946
0.4500774110002113
0.45880731364540733
0.4636148996985798
0.46505896802192714
0.4662955864834043
0.46157237827637776
0.46316411022763576
0.4749439430988212
0.4636375069785007
0.47785981223260376
0.469832587543397
0.4693989854943038
0.46073662080065236
0.47005144053374365
0.4893293127522406
0.48134308484335386
0.4569311115425071
