0.6748037725108507
0.6625016959990677
0.6550806612332991
0.6810088879533623
0.687399849026289
0.6603036021427884
0.6780490922764728
0.6773721571340046
0.6841072180919523
0.6865706860653079
0.6914298481554443
0.6734428682434349
0.685468990333065
0.6887534471551383
0.6578502964520507
0.6637616580743275
0.6589905570053457
0.6188661325594713
0.643365586155009
0.6505315256561702
0.6479762442663416
0.6499739794244791
0.6631458294164224
0.6632582529193073
0.6551654461174443
0.654218734634669
0.6595865609351138
0.6540094220493895
0.6707252222723369
0.6567393039608287
0.6319293001784358
0.6255761000903658
0.6306640175955543
0.6296220443719649
0.6461937550706758
0.6527535599427647
0.6507930209026923
0.6193477802928522
0.6191091133761255
0.615284263083553
0.6228237080288322
0.6212604460721703
0.63486543673532
0.6537500272065814
0.6733574578992862
0.6528208775786896
0.6543892764046257
0.608944894256375
0.6149823263666045
0.6145772413797383
0.6016949898538015
0.6459316348618834
0.6399296419627359
0.6289881455236385
0.6358800474253701
0.6435706330427279
0.648859994529854
0.6374794448792441
0.6306322623114571
0.6136851747528107
0.5886753834805277
0.5852669785952979
0.6006625303465368
0.5896996932001741
0.5768742610638927
0.5825933189520589
0.571099363313912
0.5719654326966699
0.6082567951839073
0.618048501462734
0.6273413768216168
0.6442370359009212
0.640178802313104
0.632389510065905
0.6538202832637331
0.6617480210222677
0.6469036296776267
0.6476861474324315
0.6361272800017862
0.6354480316557081
0.6343663526962621
0.6264013039276799
0.6107400949891608
0.5849080949138682
0.5410190884766031
0.5612634805551666
0.5737859663180035
0.5938253497269468
0.5863042184322416
0.5956071816235627
0.600711405013122
0.6112703773153216
0.5935154347093173
0.5935345803293045
0.5814208946484526
0.5611962514627239
0.5702214862508987
0.5553245748032019
0.5498945073386386
0.5484080862133074
0.5444665183482051
0.5278338662292523
0.5233894469664615
0.5253698141007359
0.5086628242804948
0.4910342737031647
0.5146268689205173
0.5156473855106849
0.5267030629005347
0.5433032419657648
0.5554421688412219
0.5602624644975476
0.5542123990608946
0.5689299666187739
0.5669108884417805
0.5634621733635659
0.585849738922992
0.5941590749420754
0.5818696860508644
0.5725944567199989
0.5657579152255507
0.5474832771798074
0.5435015457128693
0.5517530959019705
0.548678224044164
0.5424930708934457
0.5363561871468221
0.5416835831673406
0.54286730881906
0.5523360093061361
0.5554251644203867
0.562407690409884
0.5731092321226345
0.5673413127615273
0.5548003785978489
0.5676250802747336
0.5572712429630577
0.5437333725507004
0.5357757008482326
0.5295133786371549
0.5360808709679955
0.5231323692744984
0.5140644595657089
0.5083434545519537
0.47201470010118224
0.512449097727221
0.5212190243136596
0.5224795649780224
0.5379741044453353
0.539444365937328
0.5524484136382481
0.5439943302564865
0.5405259100537545
0.5255472624865715
0.5177673517710566
0.5226322211617012
0.5193600614459843
0.5389383685396927
0.5479754501594828
0.5422784170600711
0.5476581877462773
0.537718773916731
0.5347816817174811
0.5338460853080136
0.5377477731758022
0.5371051573593968
0.5383861435935121
0.5386474827089017
0.5514919866220681
0.5572343301868447
0.5664868099845884
0.5647071819079099
0.5863908200496316
0.5777709976041359
0.5994263388335773
0.5837486942163695
0.5904535573330034
0.5796093401389921
0.598793632801715
0.598844331545904
0.5832826550443941
0.5914254853327757
0.5979712566835532
0.5768448294937012
0.5722864859499622
0.5708432768104217
0.5736453817097042
0.5595405534943507
0.5415473001336292
0.5526378150047717
0.5429482000090279
0.5388326772029465
0.5323685643402618
0.5181747686838502
0.5177431528991733
0.4986746712888962
0.5127437664170684
0.5019854354137062
0.5045217389178697
0.49247325047992896
0.4855034961278149
0.48746981430135694
0.4984460721617444
0.49729457497205043
0.4812127862528469
0.48589594685554344
0.49145708296505797
0.4899196001051042
0.4958089412898061
0.4979860331679939
0.4959068011633482
0.5043942761264847
0.5052797294491279
0.501760547175479
0.4935000660256833
0.4900293562685386
0.5017561213912333
0.490801386201788
0.492092311977673
0.47426436037205505
0.47974702476657843
0.4724286278621013
0.46550594694817593
0.45720893022484
0.45684847646543564
0.44853825530531266
0.4524751635922771
0.4353361396969613
0.4314880523986145
0.4417784093443237
0.43416988956821123
0.43034308070020183
0.430322682875011
0.41989397028788994
0.4142134497029433
0.43674815160679187
0.4256008208038942
0.4232972063960741
0.4383175151668155
0.4308001039467305
0.4565402321163628
0.43438104865196014
0.4430113167266648
0.44328301682026716
0.4419704612277277
0.4584231597220408
0.4284169145176418
0.4399633864614769
0.4400622669794924
0.4381031107970814
0.40624820248241167
0.4237045519164342
0.429877454818655
0.4214476666133875
