0.6420251627689517
0.6352225550785462
0.6279086020565949
0.6519496647261888
0.6577549370277073
0.6534105534237726
0.6483594273771491
0.6526012761755775
0.6403009973224509
0.6542232452039912
0.6508602874927094
0.6408316019197026
0.64969197660011
0.6577018145040399
0.6323191858811528
0.6305769174349677
0.627099539016563
0.6012288849270977
0.6107744630360198
0.6120510965282862
0.6322148205744003
0.6130635385843526
0.6233437846127772
0.6143896293775306
0.6404459752957093
0.6381734973624857
0.6376915757530439
0.633055750454686
0.639403316607016
0.6455015147972062
0.6266214697641795
0.6083354075276453
0.6003732682034169
0.5936743006085724
0.634330038502675
0.6384607582115076
0.6356057064590284
0.5881598462043747
0.5898465229762436
0.5898599545327881
0.5992784583915176
0.6098931224180382
0.6185655140378667
0.6348411923634733
0.6420311287932878
0.614452380541042
0.6159361036717018
0.590776543831845
0.5964253165451865
0.5904631141348335
0.5835928472081704
0.6105997520166657
0.6190743000589648
0.6155734630694197
0.603459345837802
0.6232989692973817
0.6134309060424854
0.608878698149875
0.612172853449171
0.5843566553737626
0.5783011480865159
0.5577342575117977
0.5746081677133855
0.5656777669427623
0.5616679545579201
0.5466334527286332
0.5539101175259032
0.5604959491512705
0.5728383281872854
0.5953695235374964
0.6010717482950226
0.6068866836678664
0.6048524813482108
0.6208698110728267
0.6323070361619885
0.643648508994168
0.6320673125867564
0.6413604213951021
0.6260830601706493
0.6185045008808622
0.6346930822998272
0.614260481779097
0.5919005430331379
0.5700014221478212
0.5332516936976789
0.5532309445122703
0.5480609650721684
0.571426541303233
0.574214409630196
0.5749601695119368
0.580982885383533
0.5689213470139034
0.5764602943038296
0.5627464208708501
0.561874318087817
0.5487968356434206
0.5508765371164722
0.541410098513504
0.5262907373265967
0.5212031993088952
0.5161015074129273
0.5158957520078837
0.49929100183439096
0.4947984448102007
0.5020866506227386
0.45256419871206466
0.49241006186898567
0.4925249489201841
0.5129308581828758
0.5157414372559677
0.5337716200195667
0.5384183609626967
0.5326783405208364
0.5323390605736822
0.5474842619904776
0.5503436567592251
0.5468720848770363
0.5698276979170285
0.5595506509427439
0.5588265199825035
0.5422440356590468
0.5225791696958424
0.5204548876659437
0.5132162794361663
0.4987542405687717
0.5092597394736699
0.5091965229548842
0.5179047102250333
0.5142720217842071
0.5384044892777491
0.5336488057500263
0.5486974741581853
0.5408855932240176
0.5640402938141564
0.5378530781585574
0.5317931847673746
0.530570222265815
0.5403048404099208
0.5152582345569464
0.5201332926787237
0.5121169229310948
0.5014930275926406
0.49115341817226266
0.5015161995409302
0.44421524388979633
0.49090451816947434
0.494982288913637
0.5040952069008873
0.5188243162269618
0.5153740289925245
0.5055515497255672
0.5164325636375503
0.512178596171794
0.49993386526968897
0.49253603572861426
0.5037459044761895
0.5239462283554652
0.5348890752058539
0.5388003422094327
0.5307600420662563
0.5283933464984851
0.5226027743018489
0.5197037234759556
0.523860827824223
0.5162942679620948
0.5177767302357112
0.5314369861800143
0.5129847036751942
0.5337690856811639
0.5431510367477943
0.5390556306117467
0.5422262774940377
0.5596450646663518
0.5624816823139465
0.5723844266441546
0.5745672712655389
0.5696359671168654
0.5709809735418723
0.5722790011226514
0.5708432307990748
0.5655187117976193
0.561107803169665
0.5486683191947715
0.559729197630812
0.5620547304753779
0.5526526083501095
0.5482527764348429
0.5490838140514773
0.5297101147547669
0.537216548478242
0.5195116146888337
0.5021904385199345
0.5058986108181788
0.5013711049966069
0.4897504104397746
0.5010811579648156
0.4928743025591442
0.47022678806484663
0.4784396057004591
0.46561725517468155
0.47313798907356863
0.4620885984737336
0.4516403149113977
0.46874587755524005
0.4682972941289061
0.45689522095343504
0.45953626539935416
0.4534291593922567
0.46027758658455
0.47866757768131024
0.4687722171005969
0.4676966829935714
0.47396634161420825
0.47460832316098106
0.47348627424764345
0.4673910996742254
0.45522833656595457
0.4622479291015756
0.4462242703892288
0.4533583304419137
0.4481185925930615
0.43642076047103523
0.4349219453421709
0.42907891307888685
0.4154361536092345
0.414717456605083
0.4058408390549236
0.4067573410292722
0.4017951701933883
0.38690935083500994
0.4003203185541664
0.3939924716925241
0.3961788629322101
0.394974379251396
0.4029196432613938
0.400474152294272
0.39100183954272244
0.3931038252080948
0.39703812525979426
0.41528552211414876
0.41477695635839734
0.4017767031325931
0.38773560860568124
0.39224086573607214
0.4219549133982999
0.4076112649417733
0.4395130574650397
0.41670926998298596
0.40885099548611137
0.4124882853230481
0.40805476024491416
0.384279809759061
0.39869518426247597
0.38264153562711894
