0.8233798165108471
0.7955843018043838
0.8041700967299703
0.8396002319223229
0.828127762687283
0.8551559715323482
0.8535851252944407
0.8403187846448187
0.8436671686712074
0.8502862981346172
0.8501213841582329
0.8362087865392266
0.8684009244677102
0.866058406218663
0.8287786091747725
0.8146630859485666
0.8115134098938145
0.7992583091208174
0.8209448172917783
0.814666918789758
0.7996460081663047
0.7923850703033473
0.7972540474568381
0.8183179488037217
0.8314918041423561
0.8356524192451831
0.8203060477827483
0.827532536068138
0.846200624746739
0.8545256492700443
0.8398827806964899
0.802939503562851
0.836208297859763
0.8334637370221274
0.8309419972910153
0.8363907221720228
0.8079261275007541
0.8024678182125591
0.7910857787043265
0.7953771417209972
0.8039471478226289
0.8122889426210416
0.8278810950434403
0.8465990467422381
0.8464071052477514
0.8281127891512418
0.8392114385904127
0.8111844263513038
0.7993687672825288
0.80534537707088
0.795300149636319
0.8225088127853744
0.8064708672591216
0.817062832949576
0.8081687957201998
0.8047406008310051
0.8039164320792688
0.8030958615419932
0.7979018964957973
0.7962036897788104
0.785794963899646
0.775918941465281
0.7813102389748604
0.7690448981941072
0.7605449873682453
0.7456955282877521
0.7681050816619441
0.7772913157976172
0.7843679852406936
0.7929476115104844
0.803375939555512
0.800507144512498
0.7956181191179863
0.8032894773939951
0.8196488364343126
0.8357209131552686
0.8262652678547426
0.8319834348172124
0.8339832979810614
0.847453861194504
0.8317425575641874
0.842534275472612
0.820219848063136
0.8080619516773148
0.7826258506835557
0.7845432048383467
0.7966499842061382
0.8181325592888712
0.812021960765268
0.800456557652651
0.7639328998446081
0.7850167577047732
0.8063797179896576
0.8043341693363218
0.7801288839193762
0.777209773246324
0.7536604878573455
0.7643306439441042
0.7654746389706503
0.7787227687789554
0.7601831546451001
0.7618238091283137
0.7402846752730465
0.7022746673213326
0.6989788968539824
0.6788872784923243
0.7100522193902772
0.6809645848785131
0.7208133125994244
0.7526554283636296
0.7586837837631077
0.7595309447811867
0.778790917522706
0.7668988103043411
0.7770544415275398
0.7804336944369441
0.8025135418832048
0.8022615171006166
0.7989100328997614
0.79255298935803
0.7843792179368243
0.7631932823947408
0.7634283993699521
0.749963467847941
0.7555800063204672
0.7668583539020254
0.7710109887831894
0.7718534749867917
0.7841730929960602
0.7757799592115611
0.7728337054286883
0.7720050744108298
0.7679513707584051
0.770330574167824
0.7569063005314107
0.7689788646464142
0.7563453598557879
0.7678596472177572
0.7669653749924379
0.7621661592518795
0.7528189434219287
0.7585648303661722
0.7448390550478377
0.7076619992042166
0.7210243427422816
0.7382966808345182
0.744524917187495
0.7514316313642868
0.7769001532984561
0.77773277858014
0.7722276046786735
0.7837174365649621
0.7755499095660973
0.7746295505291861
0.7812454207137779
0.7821231902596856
0.7736941652975514
0.7862909870065535
0.7898355003499922
0.7846269040863433
0.7652624416475814
0.7617529826414334
0.7631221786058805
0.7541895226980193
0.7303274598936037
0.7152776158979692
0.7261207100494023
0.7293994600003505
0.7261171381236653
0.7364430645794926
0.7436152253820233
0.75597399719198
0.7571906763373739
0.757875461756836
0.7776909978291002
0.7773148071474655
0.7728595896318013
0.7719144671823787
0.7844389533508325
0.7834473226171892
0.7639549688288076
0.7555988427261351
0.7623344486990138
0.7653186920462166
0.7587164014057424
0.7560840672097544
0.7484784862293842
0.742167887552011
0.7292523683366208
0.7348205222966241
0.728434537360944
0.7212272654490517
0.70703084537384
0.6978011934096834
0.6840231750114342
0.6749244341974809
0.6445229788810001
0.6308227906250605
0.6335214053597338
0.6220501988910414
0.625853242814524
0.6422548685654846
0.6267538452038144
0.6424945067998687
0.6532102739340211
0.6358364821753376
0.6514812406866818
0.6337318553052314
0.6270041791721165
0.638247922066198
0.6522475022585493
0.6291815566326439
0.6205501041361197
0.6193664571952809
0.6180570711456335
0.5976198409432042
0.5807719365297729
0.6049194844631485
0.6137106448511642
0.6443307723357785
0.6565948900280643
0.658555786694238
0.6599635153750589
0.666597482430188
0.6639866040187783
0.6564204616522089
0.6720989733947912
0.6499073717169447
0.6602128923590451
0.6708247341437055
0.6675142381831811
0.6708647871830972
0.6722739009436551
0.6772511709603756
0.684123726622662
0.6664430576628885
0.6766185471888883
0.688964624055278
0.6886851050015826
0.6890757737234235
0.7012204659279593
0.7050744182713095
0.7046460646076903
0.7124122084058462
0.7034326578408672
0.7166952805574689
0.709787222779398
0.7131152167721014
0.7117003500655014
0.7248601249410355
0.7163666432403341
0.715631128092789
0.7235284954932868
0.7209986065044763
