1.4607965536767429
1.4544490505514256
1.4361856614603332
1.4846538033243535
1.4594421418963954
1.4558475757068152
1.4656390883951007
1.448945651383301
1.465487960026947
1.4562814543340363
1.4486569321775287
1.4306049998750276
1.4594259020499265
1.4765053390104221
1.4236982590034486
1.439385541016762
1.4570527615869289
1.420087323288423
1.4437884636188993
1.4486650631275746
1.4363598848862642
1.415491071389092
1.4267277615329765
1.4235875339904454
1.4188663268919843
1.4239717185963867
1.4180085098003756
1.4132263368787106
1.4228521031582602
1.4433518666938296
1.4129362749203263
1.3868636271740755
1.3978606365435258
1.390763850552956
1.4243582353937252
1.4242471965456973
1.4161364448303695
1.3857694569320773
1.3660182949834738
1.3502134510977484
1.3952591253602944
1.3925584429888613
1.4134764168552165
1.4224897742151175
1.423295623614642
1.4027343683784288
1.4056476907577966
1.403983563220327
1.371859321247306
1.3629774049797954
1.3678703517779796
1.3863417472018265
1.375138126235194
1.3833312923183478
1.3816488580798891
1.4041917212046497
1.4044606887037037
1.402098457241286
1.4038346505309471
1.3675783344278611
1.3650244907339468
1.3684268614281097
1.3593423145877281
1.3466744064474574
1.332398720380716
1.2672867829738064
1.262654874903846
1.2557300971761785
1.2479818776536582
1.3064464131433593
1.3408572954823765
1.3647872329494712
1.380989564514927
1.3783683087038097
1.400371495658645
1.412320214965231
1.4059017751194227
1.4080343275728409
1.3980294400449027
1.3715072860103432
1.3810427051986158
1.3862436165676268
1.3692345159666914
1.3440282429989718
1.3339312258075162
1.336018018414526
1.3612582237471476
1.3685735389127132
1.360791366354108
1.3631949711257891
1.358205462432863
1.3545781581753884
1.359674557895163
1.3623974750361019
1.3328274513385976
1.303970221508383
1.31371618323117
1.3036190233764815
1.296056937314637
1.2855424262948179
1.270631931000529
1.2399244000003884
1.2280546864699535
1.2044074485865393
1.2360613916803556
1.2612418757891493
1.2727676251469797
1.2632639976090354
1.2666945459594203
1.2859837908957807
1.2861744922530751
1.3060564999541941
1.313060048616426
1.3260947627354858
1.3187207480537912
1.3306042701272656
1.3417853077006077
1.3414712397554072
1.33611002778777
1.3253561518151926
1.3229035458021579
1.3045346109403244
1.3052811147328536
1.2866909650589953
1.2732436963933598
1.2728085979590662
1.2880138934754461
1.3008849246351348
1.3053738402591315
1.3142502740578634
1.3131238547823374
1.3162010010183256
1.3158322962176976
1.3100821141749766
1.2945652790352293
1.2881165238260477
1.2690865465731052
1.257624272692335
1.2472563193137822
1.233542413356009
1.2460574855672841
1.2488099295411945
1.2507529844449894
1.258424364361924
1.2528421442614768
1.2296928093087744
1.2719085772696668
1.2919224231337578
1.2829043452360338
1.284757881513455
1.2979542027105888
1.3096214809579425
1.3038997615627703
1.313002492198121
1.306110625803999
1.3254063564556609
1.3250248425683018
1.3185566282974504
1.3155487461693867
1.3092928966091277
1.3005238343999037
1.3004358975760877
1.2972637163962077
1.2983444048728954
1.2848366190204858
1.2896548331200004
1.2915766323497158
1.302002016710373
1.300107523720115
1.2970456770617371
1.3043059842004954
1.3060415322236842
1.319668899116609
1.3308605716619872
1.3337893556313032
1.3306385281909467
1.329365437041253
1.3261505598127177
1.3239607538069529
1.3200339841606348
1.3175503544031757
1.304062880895659
1.296886770588999
1.285446467947929
1.2656345678300414
1.277148284396141
1.2697990323194197
1.2613565296858331
1.2616923867266383
1.252738127137818
1.2813545623804203
1.2844692077283941
1.2821846795933585
1.2718865105717183
1.2839200110775952
1.2658700645944656
1.2618221719335634
1.2670530503884354
1.271578295368331
1.2675636275536106
1.2822825864832752
1.26299466082996
1.2740167851138244
1.269785339178934
1.2757934926174601
1.2588804961233115
1.2666101996137868
1.2572047938184971
1.259837676460149
1.2729426467537053
1.250226843015799
1.2535607817491408
1.2680512354529607
1.2512625884089195
1.2610029740992694
1.2478028193625486
1.2351041230034896
1.2454769727491821
1.2281543911351336
1.2421121284916967
1.234269564618316
1.228248210380039
1.213257281615535
1.20106516492463
1.2366336895044785
1.2252543054939102
1.1904259803250101
1.1623699349651162
1.2179228384190923
1.214874539658582
1.2303184773544726
1.2396002761983622
1.2505791286389654
1.2519839390151923
1.2618959074072071
1.258028657594794
1.263154961708232
1.2577482683535646
1.2654066743958399
1.267102138471165
1.2667296827232146
1.2620043821962659
1.2654390675584635
1.2689213546986433
1.2730112094229584
1.2635423927987242
1.265858295412888
1.2665053684172558
1.2603676640312906
1.276009574440348
1.2674245423652792
1.2663128792328644
1.2678699149739554
1.261261333693044
