1.6275763812948392
1.6155746393266968
1.603301143995795
1.6470003757644303
1.6278563498794814
1.6264795804621934
1.6455610291464682
1.6267317129850898
1.6320606451655228
1.6280633718746915
1.623354847490543
1.616594920896464
1.6297587102748738
1.6445758550570968
1.6121762394260337
1.6145903825128094
1.5983211905080734
1.5780436436770517
1.6007213139954315
1.6195916400756452
1.5903297705243262
1.5690267857819828
1.5956776536738049
1.5829142206583031
1.588828549941447
1.597807434015233
1.6008118550789663
1.6021828482044234
1.6118450900189847
1.598589515658042
1.5848118798355673
1.5672396481158883
1.5609007863182522
1.56370033638144
1.588082937278608
1.600052250825405
1.5925039539231336
1.5825488318459051
1.5660656581142949
1.5325600587758563
1.5289608718155325
1.5218743533902181
1.5486777585428977
1.5649016567263292
1.5774015242275365
1.571737455740533
1.5713309599346306
1.548818532841638
1.5291706538238223
1.5096532138256544
1.516868627464164
1.5377550312038284
1.5207493528852545
1.5259996811629588
1.5133826821281806
1.5183294301390269
1.5224642074437407
1.5304312965193436
1.52988977321519
1.5215029159466833
1.5253173465641663
1.5178500824739969
1.5087844647237867
1.5259101513234046
1.5124904630812124
1.477920971168136
1.5009668106856322
1.5196651464196305
1.5172816376651914
1.5171043289053574
1.4990425449300318
1.4819012852639972
1.4761684448610524
1.4492874734477796
1.4608782326243555
1.4334561437176767
1.4509972490594583
1.4674477327637734
1.4669444767907946
1.4831591183058257
1.4843008249178737
1.4728244259798868
1.4656393798739555
1.461057867952036
1.4717252986924756
1.4960127130132086
1.4998302215655115
1.5259514517625112
1.5324195131760925
1.5328469140192984
1.5234982315754142
1.5262150938562602
1.5176931973891985
1.519483244190731
1.5039906276962844
1.4763001027217366
1.4866580578202324
1.479889744442153
1.4729977832495218
1.4609122361078366
1.432438896621917
1.4185084196536415
1.41910914487807
1.416405902706973
1.4155710198807256
1.437993480514466
1.4493038893688124
1.440284282683321
1.4569031572070958
1.445732211983689
1.4600680698626876
1.468981391736862
1.471077740842706
1.4685200820453477
1.4722615679560231
1.4716895321640238
1.4875515262471324
1.5008317231979897
1.4895178993223872
1.4920687511649717
1.4782639807955384
1.4740067068986948
1.4588982890925626
1.449234444961529
1.4494908753028086
1.4315724847730162
1.4415295081877666
1.455838039596733
1.458213538129939
1.4608909948802413
1.4624921226202034
1.4501488018070399
1.4552014786914527
1.4422224082019695
1.4332790163298015
1.427862020183148
1.4272947771123163
1.4320564767327213
1.423743485911951
1.4185669809019552
1.4351724439251454
1.443372629634985
1.4448001546356584
1.440082476411469
1.4435376677485017
1.4089383627410685
1.4490294898151141
1.4604101796686617
1.455703135362936
1.4606677818390492
1.4530042802753997
1.4619231044270322
1.4611636342560814
1.450561276902955
1.4517480540566354
1.4364142049096111
1.444259108922837
1.4491552359043711
1.4365910256305943
1.4336677520756873
1.4283489920235524
1.4337487266609255
1.4269364857662674
1.4183171614181902
1.4067103962797989
1.4102407561437782
1.4053539807075297
1.4162294353796108
1.429188248289137
1.4282272349175003
1.4473255957566695
1.4431094293083013
1.459499015895993
1.4762985860478093
1.4793924073858582
1.468955613154386
1.4754487183317595
1.4795364625092613
1.4852380064205963
1.4878464784007848
1.4883996737944818
1.4795182753258256
1.4831173166198452
1.4834184410549114
1.4716424908232268
1.4785915976025146
1.4715300062694314
1.452350664579659
1.4421155743787692
1.4524327948557805
1.4530500425806683
1.4413802681074985
1.4393465468236022
1.4406822191447288
1.4408918411613056
1.4327476382233717
1.42993796808089
1.4241421565960666
1.4242878521325528
1.4191539289100754
1.4196440038545455
1.4170663922093953
1.4078720602902566
1.4161117275067523
1.4107784487215391
1.397347682498646
1.4082804330630978
1.416843101355535
1.4030299787433138
1.4236979620927817
1.4098702661811153
1.4076982662392914
1.4060180653036285
1.3842429071385973
1.395483308597044
1.3965723286191876
1.3788273366028663
1.4149470063149812
1.4214608971643479
1.42634484841472
1.434359182423708
1.4299729346067092
1.4302878904405454
1.4093542711516869
1.4211989944102648
1.4039462091040174
1.3859272139498813
1.3582498703777388
1.3835864377514657
1.4024816476557476
1.4287819003069306
1.4241979196244032
1.438789493437365
1.4415369936133653
1.443340704020082
1.437752486745698
1.4379524606754237
1.4418741363134169
1.4425507249894547
1.4438036351096786
1.4469073305803077
1.4404274440321134
1.4423375988731715
1.4432152877611992
1.450057527504467
1.4450332252803784
1.4456010919260214
1.4420654537732651
1.4558277778137407
1.4508759006127883
1.4430084984589517
1.446817462937065
1.4450486983555957
1.4386379068110156
