1.423506532394526
1.4163209712797513
1.4111010638433434
1.4497344263921403
1.4294604043931234
1.4292523393653842
1.4422226663625477
1.4134269525835643
1.4212175272102663
1.427515947381675
1.4071153937510181
1.404398407405953
1.4312888886428041
1.4340402988853518
1.393126090967934
1.3910902592229097
1.4113148184161948
1.4071090686993348
1.4342827471653923
1.4242509832085484
1.4039255043118575
1.380404990163998
1.386309495284996
1.3901567446635517
1.3745016511943555
1.3950180696599295
1.3805893647511205
1.3830735824577471
1.4060901437905051
1.4089796143730604
1.3928087408648788
1.3630403773422584
1.3701171906185783
1.3665380880166127
1.3775603209236855
1.3818374796121473
1.371795954585882
1.3530593963385398
1.3490432945313626
1.3383939353906908
1.3586468812100363
1.3734175797633854
1.3891880910884364
1.4065256766358987
1.4119723720851376
1.3731153037999633
1.3870064827257957
1.3924596599455261
1.3597118000735946
1.3219027339432556
1.3280640265027763
1.3312075711809195
1.3399991890295115
1.3464414242015081
1.3354739349768552
1.3542383910652196
1.3577327450828853
1.367433834332338
1.3611408336483948
1.3487540231904254
1.348566810959291
1.3318353077771206
1.325762044589479
1.3106624183955626
1.2633217622859692
1.1961043425640558
1.225432420112011
1.2626464099308576
1.297463301997175
1.349776720134555
1.367033421487665
1.3630988341312689
1.380787700664007
1.3736913051614243
1.3783810346822507
1.389169740694169
1.3902841607529504
1.3967934515830038
1.3774148222545222
1.3720419677931492
1.3820060922131578
1.357866342534208
1.3466897637447701
1.308045216154197
1.2837657906605844
1.32238399768243
1.321327631588808
1.3299389708570069
1.340386593220935
1.3463099187254928
1.3416536156981202
1.3353266255607903
1.333473159899822
1.3237816895034185
1.2945975974696686
1.2711085980803865
1.2668640897614887
1.2635856088505457
1.2579068208853597
1.2476434130945955
1.2462337022543952
1.2364645821754452
1.235008786971682
1.2306708182689121
1.2343745229605183
1.2250410218462604
1.2311425066027966
1.2323774742641835
1.2567121414121776
1.2756159984493372
1.2959753990631968
1.3086812500817582
1.3075414270135244
1.3036639370516372
1.3053401663938795
1.3149159615609378
1.320595742997549
1.3353517100871335
1.3225837709161898
1.3155033039502397
1.3039261470077825
1.265531829256021
1.2683428970830533
1.262225893589257
1.2782308327285705
1.2796670253724556
1.2969241856090656
1.290102778329105
1.2919513252893888
1.2891937725380265
1.2843653417841594
1.2906380264768957
1.2861612762731263
1.2903884305678053
1.2673326010224646
1.2730661267933707
1.2481616720048927
1.2402400825104785
1.23520166608193
1.234797578969729
1.2378230699621293
1.2365323374736026
1.2142465892991543
1.2173609017738414
1.1853684300765488
1.1950529175549904
1.2170706902008135
1.2308989157455883
1.2468738739706835
1.2680945551552747
1.2745061610894328
1.2831960687606505
1.2953880116020204
1.3050244654954317
1.291189768427641
1.2863852837892784
1.2938183642100494
1.2903337044876215
1.2885499444282065
1.2795803321441728
1.269845664932631
1.2728582400789885
1.283657789135766
1.265875605460357
1.2642583885371044
1.2708109292615726
1.2824658890920881
1.277268110788126
1.2855838702533957
1.2929244274172027
1.291183752663457
1.2959564561566408
1.297502386820798
1.3059086840858287
1.3134904548725503
1.3129882928236964
1.3081015815378476
1.3122064466775019
1.3096518140099236
1.3031039958825121
1.2993468577375076
1.3075458556908663
1.2974509696680432
1.2887772932259443
1.2865665268450386
1.2918599352959852
1.2739520238041435
1.2718513781080432
1.2598000839851586
1.2549660448257716
1.2631311335531377
1.2666819543856067
1.2594501243146599
1.2524363813712251
1.2406339321379871
1.244591028211016
1.2368088147044434
1.232638900131469
1.2525907901810094
1.2414309292987067
1.2390124750915759
1.2529715136570656
1.2527785235986897
1.2570269681950785
1.251976164567336
1.2444889691471652
1.2451842974497875
1.2412461091030391
1.2316988848651336
1.244195736606299
1.2409198683739724
1.23431893425281
1.234336266850382
1.230325646182222
1.2302289086751077
1.2342136943078321
1.237536765440335
1.2363054102737736
1.2332607909532225
1.231490387444187
1.2234174421685011
1.2160527890959654
1.1908668329957885
1.1600315993985615
1.1744056292578549
1.1972218434313753
1.1772977778187919
1.164972020659689
1.1846514188583703
1.1739383249933626
1.1697158499736577
1.1700861599278742
1.1798676409406519
1.2002390047585605
1.2003274589566466
1.2009615493578205
1.2090476334906133
1.218519856422868
1.2127349459247176
1.2176678237367742
1.2169050914073218
1.215961677300929
1.2167303338708622
1.2146184611046316
1.205020159575214
1.2205338873211566
1.2079592221161377
1.2201157144273436
1.2135960043049312
1.2163253943679262
1.2166375944003638
1.220560233531957
1.2221225798372868
1.2186709062682957
