0.8980975235937977
0.8772417475648338
0.8616390572721383
0.8958635613992154
0.9009788404566201
0.8979274212285473
0.9138307127295477
0.8827019193458885
0.9038736130033674
0.9003290259759421
0.8929105596100102
0.8872414712270962
0.9050925403795047
0.9127710703213121
0.8893373310615096
0.8825282323249828
0.8799531566950123
0.8718790399645749
0.88427259932461
0.8807628307578516
0.8717509668787267
0.8539196332335264
0.8593713119680411
0.8606018007563508
0.8747180070950286
0.8796159730656893
0.8746086472522472
0.876598441159594
0.8960495430698818
0.9083889435170819
0.8811682189541643
0.8507772125550235
0.8617941696190977
0.8657714349722909
0.8786750364434908
0.8842362133156115
0.8767863259728436
0.8648318397969638
0.8490376259237232
0.8190947957013508
0.8289613843772075
0.850472896230435
0.8556943137489034
0.8819396573026375
0.8831872160928352
0.8607962983968217
0.8528972533812335
0.8365863587690631
0.8274886681342141
0.8440334002737447
0.8293748098050626
0.8606080059690687
0.8571661414684191
0.8547233843779234
0.8532934081437356
0.8594340083213792
0.8505790848180964
0.8531419187562393
0.8371726030499917
0.8268465695585184
0.8305282572428141
0.8271636775848429
0.8184637034473898
0.817610228848869
0.8001287879883648
0.7714156859007596
0.78520854621073
0.8038014982474594
0.8204871285075377
0.8336585202644633
0.8537174919347184
0.8518159634571159
0.8494360169541754
0.8509958311138555
0.8786779757802509
0.8880519233537751
0.8779559573892642
0.8909500045962637
0.8766470764560454
0.8780461339215753
0.8732551573823961
0.8701407638684924
0.8506111637052307
0.8294328036141443
0.8049083410554438
0.8293389814460376
0.8365567050379464
0.8733843747162323
0.8623569504412727
0.8492764627232029
0.8023868830869733
0.8263369562531689
0.8200761775767872
0.8355051550408474
0.8295663563970536
0.8038801060767851
0.8048345076846134
0.7896277210926718
0.7976283576035356
0.7923660958144886
0.7930390059104138
0.7974575382774409
0.7739966019689494
0.7287877699573473
0.7553437949772077
0.7297987457444285
0.7480043386891096
0.7436720993303658
0.7697624491966827
0.7802625772931061
0.799536477283429
0.8014117542401351
0.8034168551082271
0.8013710339613632
0.805277556787603
0.8139319659785814
0.8252687256376765
0.8284401393685098
0.8250975428368936
0.8273147421132282
0.810531701757811
0.7954907567425433
0.8020646093077096
0.7937134724831526
0.7810283480297957
0.773032060123959
0.7863995604019451
0.8068151106511339
0.812605669865823
0.813233761967396
0.8031258191528946
0.807919338680124
0.8153441781765476
0.806450918479294
0.7871279121296609
0.7808101611823062
0.7867652641168582
0.7815939982468063
0.78872540716445
0.7815688312379161
0.7868926816082403
0.786586327511135
0.7674708485634149
0.7657337525510659
0.7280510802693999
0.7601840294705396
0.7662912427690725
0.7841073610185734
0.7975252836743508
0.809338836369366
0.7992357689141775
0.7881125829645493
0.8074571609572337
0.800096814627676
0.8012631504587292
0.8052711178224844
0.8019350071706486
0.8028894229006984
0.8106380346181662
0.811197889748589
0.7860104629244595
0.8140987972216517
0.7924685762054333
0.7981341254064123
0.7872921848029348
0.7580747861660483
0.7518799075518416
0.7536499819853081
0.7488773580296306
0.7536523831817292
0.7713068901122202
0.772218101313916
0.787906510350175
0.8050308213801686
0.7972191862771608
0.7973628507301432
0.8099690357474872
0.7954237107589827
0.7962163835953505
0.7952714026690395
0.7920732147808501
0.7864184206820873
0.7980768497217271
0.7870452948611454
0.7819275059875764
0.7685964393620475
0.77635110609199
0.7727753377544018
0.7639764431946522
0.7543852394710084
0.7591146550740366
0.7372560694048326
0.7266984815110972
0.7225088273238922
0.7070537808083428
0.6806398196631248
0.6908340081873228
0.6632129753680159
0.6869184613746451
0.6674673918715777
0.6832988899922712
0.6858663152207449
0.6917167207895901
0.6955929254013233
0.6810568480487316
0.6657853997515436
0.6656461025127863
0.6710125936846838
0.6713730811101101
0.674280820303986
0.6805225434745774
0.6782402598708323
0.6835789148626971
0.6614548729853176
0.6725381018510195
0.6731392203419702
0.6367373827688391
0.6199589358828176
0.6267095977317327
0.6444015095236933
0.6878751117545815
0.6861709730499359
0.6762629058648828
0.6834500742526555
0.6775535088310203
0.6844025439817085
0.6863921490571697
0.6660638008878078
0.6689186338392336
0.675118781377268
0.6772831743907778
0.6881393289675525
0.685868176532161
0.6942659267808341
0.6977891589532315
0.7075046839567151
0.6953001770105708
0.7108565668840422
0.725253384606757
0.7132973068913063
0.7195552903547754
0.7296712407736301
0.7244743964385516
0.7097649159171411
0.7340778457852399
0.7195896920298722
0.7278467419690737
0.7190738060997615
0.7298157479449232
0.7387555904543226
0.7260140985203498
0.7372691305783282
0.7301636520671804
0.7269695990456282
