2.1528317968021886
2.140353667808234
2.127795681427435
2.171944644227964
2.155106625833812
2.159846964236595
2.168859964331047
2.1400060780413956
2.1518654717845553
2.1555390762320354
2.1343326818301684
2.1134995156850063
2.1546844516584933
2.1737311171413056
2.1337084304118723
2.1255410953236993
2.1318468224822933
2.1177483410426743
2.1314840408318023
2.1436574857469664
2.1380358468472482
2.113313508712071
2.111706037913398
2.1144527669698223
2.1187862345244537
2.125713648786873
2.1267969922316183
2.1275004559728483
2.134963673662574
2.1354601509778433
2.1179482307074715
2.1085432697799433
2.1117308842913047
2.1163209202334
2.143579723156637
2.1398008214122513
2.121212481512675
2.0882044744968895
2.07053077857375
2.066578837349405
2.078069050614711
2.0785268646753807
2.087770374065388
2.105941829180836
2.11590300406225
2.111479731571494
2.1122640128804093
2.085694236921781
2.076542800677955
2.050081178093314
2.045212779845872
2.0759401113370943
2.0614579402735376
2.066243087075073
2.0679869755850104
2.0818455029878407
2.0842647143745054
2.0755076674328636
2.0698240474445377
2.053721472384502
2.069150741716317
2.0677883613450034
2.058975809267769
2.0464334058837386
2.013869011969109
2.0044303390749496
2.032710175318501
2.0468273403768302
2.0529335684898964
2.0733756279808104
2.080749961882234
2.08422254653784
2.084685851563802
2.0929729293878436
2.1067812311274383
2.1165893969587692
2.108628647695867
2.1083137229796565
2.0886459061648863
2.073552242298927
2.0946641241550727
2.0947578884082168
2.0774270178539913
2.0553697978059846
2.023172678641519
2.022238962729009
2.040992570359584
2.053840421323488
2.0542785946148343
2.048162535116968
2.0461173973347146
2.0349755558606
2.026270329959569
2.0375117336591737
2.028444943448702
2.0112646819668925
2.0099130191399404
2.0012046471787692
1.9850787954163396
1.9791151157930016
1.9665017755373315
1.9525319974511977
1.9399328138824041
1.9502934741566471
1.970873446864047
1.9676941643105914
1.9703155044029468
1.960177162343816
1.9588129040884368
1.9864743344756952
1.9784333230978581
2.001564838003217
2.0095297773425864
2.0101833100724322
2.0065617287230846
2.0244839766988383
2.0339664646841253
2.0428228289991757
2.045456067239314
2.019881135114573
2.018987247710595
1.9969756173177349
1.9896408886651795
1.958413598667583
1.9587241382765639
1.978875093311947
2.0059699352240514
2.021171998693776
2.022971443442628
2.035907261618251
2.039132259156168
2.041974948712072
2.0464134590382863
2.0453252141941527
2.0360505848372625
2.030022655992944
2.016152105278806
1.9970060752333394
1.991761157441603
1.9768136906270415
1.9647440048665101
1.9673092013641518
1.9578713322385999
1.949961080919554
1.9454635400901417
1.958420863108098
1.9978020607430858
2.0023346198172947
2.006037437573757
2.008067083442732
2.0144235886453425
2.01936573366229
2.0200454212826893
2.02351964108071
2.0138531828410757
2.0025805265120002
2.000457777488236
1.9987313335012893
2.006889640088699
2.001479475983946
2.003425263230069
2.0072726571540636
2.0027177587036387
1.9925146431733771
1.9927747247693288
1.97451648331969
1.9838542030847435
1.9882075076931227
2.00085687794147
2.0113739642200996
2.0214719577339357
2.0337760895426786
2.0456736098515975
2.0472125967017396
2.049599362389172
2.0497224324020706
2.0446818331564693
2.039242266161967
2.0434237057070406
2.038632546423943
2.0331256695277693
2.0339894392244693
2.02828168032572
2.02775503899269
2.0197992839335344
2.024036127611877
2.0161513048998296
2.0169333784305166
1.9926226555752877
1.991601340049711
1.9792678907306696
1.9701881473238565
1.9669678248374665
1.9759863801514872
1.9818392870805337
1.9712711236591827
1.9776805666886215
1.9805607901724072
1.9903655988452853
1.9909600187558423
1.9899320273190222
1.9851423779816961
1.9824181244418022
1.9783781678445376
1.9692485528495656
1.9545583380132776
1.9601564367193578
1.9625478827508078
1.9456419040765807
1.958608358445524
1.9498797132606647
1.9463500836422678
1.9516700904984348
1.937213054163782
1.9366471483485115
1.9317663631058977
1.923888543119687
1.9228689395834615
1.9185857748925854
1.9051451697074113
1.8905190542317913
1.8834221985395112
1.86971055733616
1.8673597901858563
1.8589528738859387
1.872364084127929
1.8467730320075229
1.8525325737933371
1.8769767210446875
1.8812100220086907
1.9029185801136794
1.923761633017614
1.9423191530158839
1.9463424732534507
1.9492926511482
1.9541802634049026
1.9670977374492573
1.9720308757977938
1.979610527157787
1.98315293092686
1.9844760081782422
1.9837271789005784
1.984518512834336
1.986225799005397
1.9865807091531655
1.9875564399017134
1.9910285155815466
1.9890336403735411
1.989505158522091
1.9900960811866804
1.9882016725136569
1.9896168394841982
1.9885946082990122
1.9919586960910125
