1.1019229059729785
1.0769197161458008
1.082385868875182
1.1150641728635537
1.1066673472051276
1.1003200604149277
1.114762429376483
1.0911334195247786
1.1026889204392425
1.1121607017688537
1.0988520203165135
1.0794394042137285
1.1027267159972332
1.1211860615465454
1.083273511706811
1.0952229969148464
1.0933030390115284
1.096345586420622
1.0841402743092248
1.101635823008932
1.07971966256881
1.0646399401715396
1.0698320280888833
1.0744263183044658
1.0673434435009916
1.0660792420555145
1.0950719849122172
1.0952656245029389
1.1014333981380522
1.1148179287272222
1.1021647116754432
1.0907827804025019
1.0860334413385269
1.086551719576579
1.1072027153385668
1.104971437558778
1.0844051086799433
1.0527972407128359
1.0566166130012018
1.032987605432289
1.02194377847191
1.0345926213983818
1.0403395045635724
1.0408277848871126
1.0547402132964196
1.0615734670027364
1.0420033198148142
1.044137348439535
1.0313666958619905
1.0264789065747422
1.0178620973265942
1.0304191888055354
1.0211425550211883
1.026907310054607
1.0246092656068186
1.0346431113852406
1.0307258910305612
1.0311306482854234
1.038950145509379
1.0374811863768865
1.0339279348450883
1.035628626381529
1.035759543985147
1.0271609914733983
1.0205607528318934
1.003535832012505
1.0206688869671057
0.9969455153132123
1.015595181827209
1.033934708483897
1.0431707710354368
1.0444062489078962
1.0652068985611802
1.0533676744835274
1.0680224153130793
1.0751537078166522
1.0728281184543984
1.0633929468749668
1.0561931780325804
1.0494835278100978
1.05405298086456
1.0572205688241718
1.043710119862904
1.013696410316828
0.9877297743617743
0.979660206712958
0.9993572312552664
1.0127050812272036
1.0131514029751036
1.0008801418579152
0.9981543791030447
0.9755940975367361
0.9765491369767463
0.9714810611491388
0.9513611222594068
0.9264464606611963
0.9029751060816452
0.8556900102547638
0.8308270753862091
0.8424250598147293
0.8166585042626232
0.8336179563718841
0.858250353688278
0.8803055211706566
0.9044240142031517
0.9125533478325368
0.9177610405537626
0.9272255800662427
0.9444133698880337
0.9520660862391865
0.9504339001831335
0.9771822590845531
0.9662697619643894
0.986167966573678
0.9701966707644862
0.9936610819999941
1.0086041136010118
1.0032467919924497
0.9999610775316699
0.9904453442185128
0.9783826551632797
0.9567577091711926
0.9502545974476517
0.9460634611808216
0.9347242434496323
0.9471665356785957
0.9654422308772995
0.9754745270928202
0.9741416950147207
0.9723168678901863
0.9798954624444779
0.9631791984641505
0.9656929546073459
0.9803075218358263
0.9679039730818009
0.9620093771039316
0.9466087737940728
0.9327844798000816
0.9307381169249379
0.9085625067744707
0.9120562677341492
0.8792492690426602
0.8776668834732412
0.9061896206236805
0.9101113697642929
0.9364282587352608
0.957203942018906
0.9687985923929258
0.9854005315705533
0.981169400781252
0.9749811357133263
0.9708280739618261
0.9863325623942002
0.9787919767326947
0.9885371650056464
0.9841807602786208
0.9500315531843273
0.9541992275373827
0.9487356118529746
0.9495202115357622
0.9515033221164109
0.9593347206175608
0.9431364107890269
0.9395762818891763
0.9536370230082276
0.9469171492566689
0.9327124935450505
0.9491262231166486
0.9502839499633596
0.950670906445354
0.9562806359784671
0.9575468905467749
0.9728237738468752
0.978238919028118
0.9874693054672545
0.9866994090351442
0.9873061870604344
0.9775590927344462
0.9838226679439892
0.9887730792315975
0.9637413654777605
0.9695289950491617
0.9603531564697705
0.9625792815916722
0.969421105667647
0.9756547160196687
0.9825208606443412
0.967122121946573
0.9684966240269446
0.9539060865319764
0.9641785067691461
0.922309104438871
0.9459079434806916
0.9625204955104253
0.9544088014269534
0.9505760736973226
0.9322981569668136
0.9489960649604466
0.9500516358487977
0.9423347712852147
0.9446052233243951
0.9341592994823336
0.9494594061078911
0.9446009535187259
0.9287141158534092
0.9313016153241153
0.9374169724513943
0.9300542317480113
0.9323077999113923
0.9199651552243902
0.9450903667387743
0.9298661960944605
0.9247967297397961
0.9228268209257807
0.9238176625854224
0.9106891658376108
0.9253786111157057
0.9117428462795066
0.9077467005270237
0.91285350736565
0.8885820636316968
0.8462156195260062
0.8227978350374847
0.8300234047287275
0.84661359436677
0.850397162866169
0.8270066515261248
0.7896442836982964
0.841326033356761
0.86006223643602
0.8732664976558092
0.8954438832040836
0.9028196775835751
0.9108790988917352
0.9020490274366534
0.9128698629290728
0.9057189361145501
0.9188851674890482
0.9227240197819389
0.9231322788216315
0.9190197275682603
0.927532521089546
0.9428876259861266
0.9196497564857261
0.9312003529931492
0.9139517390828915
0.9367654797270694
0.932224163355736
0.9439966318596549
0.9237177458805508
0.9193899917085196
0.9301543903544172
0.9470516659246153
0.9423224786708588
