1.7183607579086224
1.707239069610251
1.6878721721898655
1.732622336482602
1.723067906302728
1.7114668500973393
1.7321545314676428
1.6935819638931233
1.715759461628747
1.7217090474266816
1.7152681969743522
1.7068092004918707
1.7241191655644659
1.7345153457004694
1.6902466614939484
1.6847711026749876
1.6982118716247236
1.6875823921962623
1.6901385190086542
1.7086837258665282
1.6820220567109982
1.6378678938048965
1.652935656661207
1.6542364974507238
1.6547771831054767
1.6660926284185058
1.6817982071733886
1.6737288368471797
1.690251923136134
1.7095468185023515
1.7006491152523862
1.6743767962434726
1.68172060491167
1.6856964738299929
1.7211941986624009
1.7067000142113475
1.6910914725952917
1.661195737049976
1.6542886039180076
1.6174673711596035
1.6219157138659903
1.6207777764864404
1.6417416446848718
1.6406546163030313
1.6608581842730374
1.6548449481260896
1.6387864499442326
1.6341017006177414
1.6255616062820846
1.6150950113185771
1.5891331355694926
1.5901471717292346
1.5513168534061608
1.5412224465081854
1.5101086879421393
1.479000092080784
1.5277802505193812
1.5485175938572615
1.5594774930700177
1.554362766341236
1.572527576261262
1.5766937970242159
1.589250023541922
1.587661774055082
1.5831491076594362
1.574757839364387
1.580528171884
1.5937091242194927
1.6184238357126803
1.6344376499956323
1.612957213326851
1.6090559366430233
1.5948602496666415
1.5858127905394757
1.6045898888698094
1.639838910506202
1.6102394366826278
1.618757900217417
1.599904132687042
1.5999587757322542
1.6125811303076358
1.5991942932132288
1.5756824474391264
1.5580503501878682
1.52982422845137
1.564290322577071
1.5843838775446955
1.616090664761969
1.620370088953614
1.6187328919476864
1.600120037394771
1.5915642720501544
1.5613853563976705
1.5592220411096172
1.5488482388071965
1.5189693751881883
1.5236411689361062
1.5251535159606042
1.5196307703543201
1.5178747427919659
1.497408521802517
1.5005082318429792
1.509621918183776
1.50198223058326
1.487513095360155
1.4727692064107727
1.4811736852036748
1.4582706678412352
1.4810027430371515
1.5009887406623579
1.508497433000711
1.5208165414467276
1.5327124535523624
1.5490222226487103
1.5541418498961836
1.5659151236071926
1.5696021587066167
1.5868576929393434
1.585800394317347
1.564474440708067
1.560501706645632
1.5371063854909002
1.5298676727142697
1.532469186943087
1.5546941095385396
1.5392599487919285
1.536542155096287
1.5418986227785771
1.5610129065374079
1.5595548883354773
1.5489898817660912
1.5469657072068284
1.553790065227515
1.5588631031653786
1.541820369012501
1.5308409969921102
1.5219356489821294
1.5088346338199208
1.5172914126565895
1.5148205572126203
1.509610178039677
1.495039902107337
1.4727756160791552
1.4965401141499042
1.5097499044426304
1.4929579540566453
1.534088202494749
1.524499949978016
1.5239290756114596
1.5103570195702072
1.540380467009852
1.5365532573984024
1.5466303601077658
1.5395785384178822
1.527081042259973
1.5159702079317647
1.4995462784495348
1.5097056853617428
1.4923518641707008
1.5014950966618323
1.4867229329507368
1.485317813938772
1.4779719068641721
1.4665317871649322
1.4915212343665574
1.4757223199014815
1.5015815798026373
1.500007110124372
1.5095612770921696
1.5141524929111527
1.5336130220304995
1.5483714438286171
1.563528931556742
1.5697510133900634
1.5649429966644837
1.5621593051869855
1.5543394407603623
1.5494864152642303
1.5657278688133387
1.5656950388761872
1.5761258760260226
1.5782332191060546
1.5652930191609846
1.5731683168646435
1.5638775438734738
1.5680933489953235
1.5632396204887877
1.553393199591859
1.541310757267652
1.534242925843195
1.5170500339595976
1.4965301936243574
1.5164728043244355
1.5166587138468297
1.510902504308766
1.4987405863563117
1.507810322949306
1.5199215817350609
1.5122650802125037
1.5124427090053076
1.5101285587388773
1.4998406867088627
1.4959973457752753
1.491663914731682
1.4815373707608475
1.4651466122242318
1.4715462492363782
1.4730359377297453
1.4513432799127959
1.4728703612603682
1.4690717476173507
1.4616249641668322
1.4754123200859524
1.4666497686956048
1.4677457523106523
1.4822754309238768
1.494692229175219
1.494435713139441
1.5004869906995209
1.4934337451091415
1.4984553510611947
1.5069801344698586
1.4926654032230948
1.4800756405217137
1.4767942947861274
1.433610730678966
1.4230724041736522
1.448312063647536
1.4444651907386439
1.471856394606814
1.4894142721945491
1.4941313906140763
1.5050370372099418
1.4949307477935503
1.4890143465451258
1.494406277098883
1.5086670548756411
1.4925254437036122
1.5015477639372712
1.5026168953789332
1.5118809180785142
1.4991993883419463
1.5084149963786457
1.5097687273882434
1.5065250420350018
1.50472748976676
1.5033414310610769
1.504264054514904
1.5046151850969316
1.5023723276978573
1.5141000013998758
1.510682958105188
1.5038964920361904
1.509238508854406
