2.0567979395835847
2.0406196139132713
2.021545858487128
2.0622534862121227
2.045529694386341
2.0467312856308006
2.0616353314173845
2.039844048982487
2.0517463549076895
2.053055575518047
2.051828303143854
2.0350858976159456
2.0615342692178364
2.0698082390660617
2.026353416550916
2.0063240882898303
2.020604317855391
2.0108930013180006
2.0018951166640058
1.990618074059539
1.9896651408661696
2.0032200870934624
1.9945630512917476
1.994535268424006
2.005049161527403
2.0154549670661837
2.0015920511427154
1.9955344800677228
2.0128751227882264
2.030348897732452
2.003091440829729
1.9869215012121135
1.9899021044122422
2.0116733751783578
2.042824644078549
2.042342786140963
2.0225334251403844
2.0097297653293777
1.983909997711169
1.9652143351513158
1.9731323903299
1.9748591285733736
1.9799983497211864
1.9860787658149588
2.0068212812288024
2.0034162382260297
2.000703084158903
1.9801592455961563
1.9668879464573865
1.9414470476948955
1.9261007486526756
1.9746284409810642
1.9579905832941904
1.9666388638373016
1.9687413145981267
1.9721113568268778
1.9779309480783023
1.9723664497770552
1.960198430357456
1.9472700287977693
1.944575377677398
1.9446985177313838
1.9431905556217166
1.932837782007261
1.9041644766007442
1.8992963223285668
1.9209351626296447
1.9468264266931652
1.9501982074587676
1.9794564155902825
1.9721202972715564
1.9736498806008929
1.9809013023739777
1.97635875835024
1.9842451384901143
1.9930889894690837
1.9827196047543985
1.9939976288025398
1.9753450984919243
1.9743414252263338
1.9815207707969387
1.9795780049283789
1.9576202401671265
1.9329769915978756
1.9005650206759872
1.9130611600509335
1.9235921527448374
1.9350344986207175
1.9405231465834518
1.9388611619841691
1.9367433479074232
1.9369807255802163
1.9313485460578212
1.926034298652209
1.9142652269998708
1.9043378013013197
1.896822365532796
1.88668975169821
1.879959948236008
1.8775882990464885
1.8711521322280908
1.8736449773475778
1.8656651348928739
1.8499726230875508
1.8513602639814655
1.840921862826949
1.8538747448901596
1.8478988523780095
1.8477773929188037
1.8525015438763266
1.8576369617360295
1.8700872909321713
1.8805590811272315
1.8820132926144524
1.8875876420025184
1.9081257637323579
1.9167990837273683
1.9357244135581089
1.9400653335979672
1.9253884730317323
1.9195788300281438
1.9074039699982848
1.891406478287048
1.8746120634792838
1.86977228094925
1.860179820201292
1.8749245750973642
1.8821750763933376
1.891760896379075
1.896278567295391
1.9046691916430476
1.9063031944933524
1.9076382355694035
1.895775070874227
1.8889581742980588
1.891556746627849
1.8787577060527123
1.8767226845512344
1.8712207611218146
1.8425420185081118
1.8448814917273242
1.8358117332973556
1.8375498672068347
1.8100863745752946
1.7990303218385888
1.7967323870268217
1.8594159463526643
1.8737706441158684
1.8723669117504533
1.8654711128851098
1.8645339739943607
1.864735139679605
1.871177742587702
1.8759390492515884
1.866740624612908
1.86668342238972
1.8648940660838311
1.8784600499217254
1.8843957004852827
1.883208817557763
1.890448190085309
1.8851390277431834
1.887632654179847
1.890044677248853
1.8782863866933057
1.8649986856086818
1.8771684585747428
1.8892324962591873
1.8894241550924467
1.8984416625648737
1.9143194000860302
1.9129965178398867
1.9355257930874925
1.9483110182941947
1.9399708644037092
1.9392442063812179
1.9373146326304815
1.9298705936307368
1.9181263757812188
1.9190641162949396
1.9217350728259741
1.9270287329765887
1.9345188720411168
1.9309310496987635
1.921696134860097
1.9220450993273772
1.9102783865732567
1.8977826838574878
1.881711571182763
1.8907123228334968
1.8865923120029728
1.8579647282188314
1.8566517917813434
1.8640280237596867
1.8602183575401319
1.836908303077031
1.8563210473127785
1.8542426677506332
1.8632703907881132
1.8598673015026375
1.8550042152334645
1.857429821011055
1.8524609952702822
1.8594964132010465
1.8468735921215331
1.8276005366022958
1.8406701657226103
1.84021140988609
1.8234209970581636
1.839118033046088
1.8305566298713156
1.8247063246570008
1.8344218218681996
1.8060182781600382
1.8209366811228194
1.8115555613688452
1.795595843545508
1.8117913431874852
1.7934546960386357
1.7937609941706107
1.8010427589380695
1.8051468448140802
1.797711090085866
1.774188457740101
1.774144729872658
1.7838076565174859
1.733228268109564
1.7234713983304013
1.7722219906752597
1.7614112234894967
1.78743682090896
1.7976384874246927
1.8088561860549663
1.8132646295455717
1.8110438065175878
1.8240829192299963
1.8329592094200153
1.828914430327859
1.8316404855761235
1.833533392449185
1.8349191473679716
1.8363691690202648
1.8343842908130512
1.8351898290078381
1.8375080019967627
1.8354478487606676
1.8346459179298222
1.838453111224905
1.8366502251755965
1.8392117995482735
1.8410160750590412
1.8411608041854668
1.836820723512677
1.8356793614841935
