0.8908581447470683
0.8689441045100104
0.8611501167624437
0.8921645327095279
0.8970447435425846
0.8929887683009643
0.905973213331081
0.8751732910208618
0.8915456760794418
0.8963054414632294
0.8853177548698326
0.8781071534765558
0.8904765654458087
0.9041575665665768
0.8724844874769011
0.860009622151846
0.8753141398711259
0.8586646355872476
0.8738107209008661
0.865957599189085
0.8737567409612944
0.862792252933054
0.8582001942103136
0.8777627054417331
0.8645606531488491
0.8706997676287551
0.8540322209332409
0.8675470606323082
0.8890086672636335
0.9027955796789746
0.8730123194650313
0.8473653571032856
0.8544636116183173
0.8646755142731636
0.8727468192922273
0.8779904840744811
0.867626242828977
0.8539169319079781
0.8456396549098412
0.8211026559719005
0.8284841784581256
0.8368942116891697
0.8579959363389106
0.876881446569842
0.8810084910846809
0.8601146868035278
0.8437348909714287
0.839955958788443
0.8316008635524065
0.8274759785535457
0.8336069991835118
0.8457223311795274
0.8440770638001194
0.8524279723682903
0.8451630266532744
0.8550156358471792
0.8474108192799186
0.8457931882865901
0.818795894662287
0.8360351505841311
0.8338994531977173
0.8208978270902065
0.8089485855414085
0.8091615686480159
0.7868385857689859
0.7634408130450683
0.78085328225548
0.7947778122630624
0.8121765899065885
0.8439302083106729
0.8363907126187289
0.8446354353226243
0.8504349201566342
0.8414611925781836
0.8654196082201298
0.8784606378294173
0.8806713755512323
0.8890665399872193
0.8685058365064318
0.8605321208092535
0.8767202602713348
0.8548665291193236
0.8310523374911525
0.8127413425458442
0.7893357783802589
0.8223132836428447
0.8266334485963539
0.8564010227975059
0.8685312822596246
0.8333014421629221
0.7976525047717994
0.8211025399575685
0.822929467639183
0.836555752243668
0.8159212454241893
0.8047540673719451
0.7975539657848126
0.8063867057347562
0.7917719386958793
0.8036933947952507
0.770348292229259
0.7870846524939108
0.7814240836268544
0.727967185879959
0.7413384153884053
0.7322110897787408
0.7464078848387259
0.7504542492740195
0.7711328820620247
0.7791246131170604
0.7837084410867815
0.7817317547852528
0.8053898221430362
0.7984737525416042
0.801241945188524
0.8130129324601187
0.8130649511754562
0.8319512435930776
0.8236649391767769
0.8179880684249181
0.8071984993220076
0.8089143827533993
0.7926995068619737
0.7906862486409544
0.7777059882514915
0.7839978096578869
0.7889161288276785
0.8007755053643658
0.80710367214323
0.8043817832049215
0.8113263331758749
0.7959408559442597
0.8129261138676763
0.794848969926973
0.788014590216388
0.765308925775311
0.7751992823869035
0.766325356522882
0.7683946295639773
0.7686883725221971
0.775908797785421
0.7717615701308315
0.7721679268007475
0.7657554830315306
0.7167765204781408
0.7565869599199324
0.7634306485134508
0.7769455968652078
0.7850236803042728
0.7913041008313789
0.787683841548686
0.7874001161729307
0.7947087802748017
0.7908365043030127
0.7873775402603501
0.8015878469008301
0.7903892102059751
0.7941676472662001
0.8095320108359093
0.7969316565849841
0.7981520985110939
0.7807722038910286
0.7873567129084116
0.7891038995013635
0.7741640618909756
0.7425081083291265
0.743139585461241
0.7383185726805435
0.745432944463316
0.7565400582908454
0.7831755663639735
0.7832591947997101
0.7861909156214812
0.7980343580847339
0.7997792991347424
0.8002395371883685
0.7928698546820059
0.8010244956853295
0.7929279353680324
0.7921065679223805
0.79254780038991
0.7841958637344997
0.7812196035500886
0.7748312981614757
0.7857911388430623
0.7753025708518378
0.7609273587397701
0.7683995586768367
0.750615226524002
0.7558306029722622
0.7469940347735474
0.7300587250332305
0.731398295700893
0.711767489633214
0.7050515232397511
0.6955933015526058
0.6812345717871734
0.6774747129888794
0.6682306035684513
0.6674332968440135
0.6834402682491957
0.6849976361739604
0.6743875288807893
0.6733599517777531
0.6724208947937943
0.6505009999018015
0.6488813211526154
0.6657506597160024
0.6676309126710316
0.6785365188102471
0.6631566789332021
0.6717933759779166
0.6838258340758496
0.6813737630063047
0.6473602467678975
0.6382172859425737
0.6166800303782818
0.6084263498383888
0.6149811966620277
0.6439647196897634
0.6788822324133017
0.6654395638653203
0.6788660170476399
0.6754658525456531
0.6786362248048331
0.6742536182335472
0.670046411369947
0.6694702959413815
0.6677813240949401
0.6649674072488329
0.6728661193119808
0.6753186201475528
0.6892143369378172
0.6856035902279566
0.6900183807320615
0.6855504861877284
0.6954689531952529
0.7013253971839245
0.7029967614835635
0.7039148812106801
0.725077406503987
0.7172675662094107
0.7159178364771173
0.7159747395509256
0.7179538082893264
0.7254009151945731
0.7290620406465774
0.7239773234323518
0.7119455579906602
0.7285825063815602
0.7355179999599585
0.734160774412806
0.7344310005425576
0.7262998513781677
