1.5855294073968509
1.5776103495111748
1.5580417026264444
1.604461179613934
1.5960087538640844
1.5709534685804434
1.600192139524873
1.5840545826835615
1.5841240004056854
1.5830694388899884
1.5899085295929272
1.5769584901329856
1.5891914637132916
1.6031828660771112
1.562063400543805
1.549446182980696
1.5546225955167308
1.5429415116886365
1.5585570211939217
1.5692272621836247
1.5413854461890493
1.53398225177455
1.5306093321256067
1.5440198388473194
1.5502957300271774
1.5600526015174223
1.5378019733214126
1.530307729623844
1.5340752127065882
1.538432487556605
1.5314920485955643
1.5129711047006853
1.5179999856156186
1.5404430166083856
1.5647368560552304
1.5519475016205202
1.5267507443702366
1.5380077258473952
1.524425325229777
1.4786933762517482
1.470839794405848
1.492709308496275
1.495262775557407
1.515624086950059
1.544818208219656
1.5461864133814058
1.531386426908931
1.513250098429585
1.4666325940096465
1.4698326009736802
1.4633461592687558
1.4744057634963987
1.4634687318086677
1.4691639622447523
1.4748412077742517
1.4607557418736385
1.455590796000938
1.4582913978268834
1.4536238590183934
1.4588909044001068
1.4638351188788419
1.4759789998843507
1.4647809868513888
1.477338965821309
1.4473648509841088
1.4315398358282492
1.4637241353894241
1.490381136017197
1.494544543714143
1.5097551769804933
1.4939046746334246
1.4920827970496646
1.4931893375376
1.4850737667024263
1.4895553659174643
1.4739055532677172
1.4547813638063987
1.441255880281965
1.4223807135965583
1.3470878220839093
1.3914672772824948
1.3947546167044418
1.3741141779850616
1.3786614487544169
1.3834282387305208
1.3958441403857993
1.4211798852450965
1.4488707252864121
1.4578107286982631
1.4518159827382888
1.4554018817202115
1.4508907807933553
1.4515193283483467
1.4480035001356113
1.4163734435050621
1.4066477034102287
1.3989769829653307
1.3955198513829434
1.4058387131203598
1.3798534747094622
1.3706630633087769
1.387713580209422
1.3915774912992385
1.3990962579680626
1.3915307030133854
1.4053705549060715
1.394175239259257
1.3876933612599036
1.409254742891009
1.4109294667772503
1.4123391484500771
1.4206157355771512
1.426371575110741
1.4213312271239444
1.4281056020404777
1.4398450863109014
1.4496746505011078
1.4592992828834477
1.4648782983669857
1.44840716376261
1.439048031386984
1.4226318145372852
1.4148723705904425
1.4096915427875911
1.4042689689046977
1.3852337437538234
1.382703564669596
1.3807935950705397
1.386233571603194
1.3855349731178421
1.3897061696038095
1.3863158203815062
1.3935221802611424
1.3727683624534481
1.3771704834078717
1.3663918490930067
1.3684389739066822
1.3697459576446414
1.3853075964414334
1.3706595150860283
1.3867360931828956
1.3806424693965844
1.3879450014222103
1.391137395194591
1.3853335377498177
1.368487855479113
1.3937527695876637
1.4028466758384028
1.4112151156089172
1.412333590670232
1.4189150048358652
1.4058510088251635
1.4168881288550095
1.4203997217091968
1.4173748923896194
1.407701345747632
1.4131737338349757
1.3969879170520718
1.3854397999156567
1.3597989048031662
1.3573111012288337
1.3519693193411564
1.3558913379818314
1.3661246835675847
1.3711726416035042
1.3683276426597242
1.3712800527481495
1.3746073973978474
1.3854794622685014
1.3893727885506042
1.399151792833099
1.4176273082653197
1.4324655636485342
1.42747260348437
1.4486279645966376
1.4528380597942203
1.4512601111173435
1.4529509193077355
1.4510066592759374
1.4563346100564556
1.4597123845953992
1.4549888356389409
1.4617167351580884
1.4563840092348888
1.4496594163978593
1.441917977659391
1.4355604445277188
1.4305350596334132
1.4150839075388424
1.4249360838532523
1.4104794471531024
1.414705412943828
1.4004227093044583
1.3992417323707853
1.392930468458061
1.3983449512891355
1.3933129483233577
1.390173307144007
1.3888091162018135
1.3920850325381582
1.383270217420476
1.3777159596206396
1.3810857111509136
1.3775645742232003
1.3646240735666446
1.3598511500022115
1.353942408627389
1.3499529415217846
1.3395311884513272
1.348889692876611
1.3470933060026435
1.3508810349721583
1.3502618285629941
1.3409875344525197
1.3410912746373305
1.3512763980504559
1.3554401866409354
1.353601224481095
1.3661734145135214
1.3718881545560435
1.3671586467410988
1.3656750985607584
1.3638728551769175
1.3335315488106774
1.3460101072872326
1.325861405305826
1.2983009378704378
1.272955755756643
1.32994173449604
1.337404240868831
1.3577407735739315
1.3629498113306417
1.365732844398439
1.3690267453506688
1.368785865110542
1.374840019240234
1.3717391904685003
1.3826091628330386
1.3742061784129704
1.379691654899878
1.376227134965247
1.3814447743762486
1.3797639868976836
1.3867919295572417
1.3819976094666926
1.3695565961108829
1.3848675869662739
1.3859960625027545
1.3798450168289231
1.3841450562793283
1.382080403100591
1.3889256680002415
1.3949239959854614
1.3916005381723873
