1.1704488174584624
1.165518426971903
1.1461191670773103
1.1797783620065978
1.1776077556010627
1.1542738775905936
1.1888268558523847
1.1639655188311349
1.167386434101468
1.172614369068649
1.157928846307173
1.1498061240322306
1.1705416168325045
1.1882053725431818
1.151595598635028
1.1546924336630193
1.158523917259091
1.1293730802256676
1.1537990261185207
1.1514813517059206
1.1463529729397197
1.1350468084386436
1.123101342858361
1.1253593412563547
1.1124499487986277
1.114254049117031
1.1125237945082875
1.1245954097013156
1.1321662439313567
1.1353701291929719
1.1183806958599318
1.1006429368713497
1.1011408120455664
1.1080430803149528
1.1263337637709803
1.1234241643265725
1.1092707375480368
1.0971052884852441
1.0675947798613656
1.0738417315999296
1.0904458011878604
1.0859908343428981
1.10774397685142
1.1236271303747758
1.1249132849717802
1.1165518793638747
1.117826519224921
1.1046412264294079
1.085161855114836
1.0418409985215018
1.0515396337997214
1.0896233754218894
1.0887961696206607
1.1034882318516395
1.089634925232783
1.0957824004073273
1.0890880731155583
1.0791079932169017
1.0803416777790722
1.079597204204294
1.075876846894152
1.0700526549024785
1.0657385854334516
1.0651235689152605
1.044855069614399
1.0366749627558485
1.0392208360094153
1.0432763646352812
1.0289072917480762
1.0554560316252781
1.0492669796851046
1.0741881164594633
1.0737855027677683
1.0760320551184124
1.1013978477276607
1.0988840156030037
1.0958161018011299
1.0841571193016217
1.065276546968746
1.061406353575349
1.0668879765481227
1.0508595909236644
1.0536600714856124
1.0304142789290711
1.018326160787403
1.0338401028431825
1.0415801040926211
1.0463301175524602
1.0545434451652358
1.0480645489940417
1.0662136845086012
1.0576446677842193
1.0526198789751513
1.047526434311752
1.0164309866471501
1.0170811987047736
1.004859356271449
0.9934460084051465
0.9881902981808285
0.9691681220676776
0.9523804356645078
0.9271327948658723
0.9038847922892516
0.8815779421050167
0.9203914012163026
0.9648468713793342
0.9659377365304646
0.9731553160387731
1.0005149351402514
1.0032100946615725
1.0141191386681883
1.006845541193788
1.0048795770967698
1.0210036817869796
1.020753848971442
1.0197209710782704
1.0449388643194155
1.0404644906603888
1.045839970094077
1.0350957093430506
1.0187948029774296
0.9954533482353014
0.9934750655542388
1.0007931780413482
0.9860332589363326
0.9585145656261028
0.9794265766603629
0.9932819601771945
0.9743596417282782
0.9787153782283993
0.9867534621957278
0.980903059579307
0.9915655949160951
0.9971172033267574
0.9873243932620003
0.9707187910049692
0.9931883751557612
0.9828515712198577
0.9821059525340387
0.9789099691710161
0.9858455648158749
0.9898975818435205
0.9741114693440459
0.9724723666590773
0.9677281160906511
0.9346480494709357
0.9795055049010428
0.989205713823849
1.0062916160438162
1.0071873160332536
1.0166950450510188
1.0086035913820233
0.996647099117901
1.0051278672286215
0.9997219465965614
0.9986291503784029
0.9957808300873381
0.9972417798042588
0.9977208484723152
0.9911365202916128
0.9832015147968227
0.9825255103762288
0.9694792879661265
0.9674580568375692
0.9585707548686543
0.9674840156314692
0.968915233255227
0.9648045290375228
0.9686942091566311
0.9744476251250185
0.9853486206217656
0.9870473100927919
1.0073876916658075
1.0128325145314276
1.0105947195233471
0.9947235931605453
0.9839200414733723
0.9932866764539151
0.9980634663972927
1.0004986380476977
0.9798188206677412
0.9766673744083417
0.9776866845004337
0.9480704441380661
0.9158065672543151
0.905694791198566
0.9060042406525219
0.9097754938956659
0.9029473464051591
0.9303028907595899
0.9716120907328063
0.9710058299789115
0.9740391314810534
0.9668576572864774
0.9732810143627126
0.959166868057731
0.963725084279571
0.978593938580534
0.9641869467258474
0.9615272689936242
0.9585715399844157
0.9585751033169695
0.9517277598708661
0.9668653936106549
0.9531993387818639
0.9516785131678744
0.952316607892108
0.962977911044571
0.9558880751268479
0.9535159189296141
0.9559350589777026
0.955226225343241
0.9562515597790303
0.9378179046414111
0.9369130383339717
0.9426485003704177
0.9314036464614481
0.9176185729327209
0.893622556665522
0.8940010742127963
0.9089196209626224
0.9204956566411339
0.9177448890053468
0.8964665941888994
0.9240642549174228
0.9058666787253447
0.8767790597540539
0.8593058826077405
0.9163460399903413
0.9181262911358432
0.9399344084681904
0.9417551892031198
0.9313324736823232
0.9480581503547418
0.9485979970007777
0.9389879417806448
0.9566160688508589
0.9395828908984935
0.954952403655568
0.9484590087061506
0.9530189446564108
0.9585928026730303
0.9585665439685829
0.9493482048428925
0.9592604694073529
0.9610546194008555
0.9533552849697444
0.9623162166735054
0.963991746768935
0.9582251788244028
0.9651929504215272
0.9619115540257703
0.9652112152413705
0.9697798192413286
