1.5310532805439243
1.5221674654178683
1.496490504291717
1.5470851260683907
1.5424240710903876
1.5262480117794202
1.5509350981149683
1.530094068328359
1.5352553423463418
1.538834395237785
1.5342235026054702
1.5100018975796237
1.5374168040402734
1.5469796410803636
1.4951630285342783
1.5060032504833358
1.4994711081440368
1.4840724769170783
1.5099947722370632
1.523286222830699
1.5144584636613037
1.4911406295835226
1.4857619746085264
1.4968630293465013
1.4888078138901022
1.4880803389173
1.4926805137522006
1.501373034529955
1.5061929158069398
1.505734435527718
1.4964337073824514
1.4644053580815044
1.4713655511620185
1.4718373103839149
1.4981814424043658
1.4969141469085583
1.4925366195499206
1.4786053072771632
1.4480164327117355
1.4192680187874325
1.4060494616891737
1.427936878890701
1.4370326267441553
1.453988216465855
1.4759238171509037
1.4639826576675903
1.4727602021083506
1.4628799760568196
1.439942818168962
1.4331253134781456
1.4152095746487732
1.4310743951286082
1.4144461737365102
1.40968694763252
1.3990560971548935
1.3735962024441268
1.3829048813713394
1.385038435103073
1.3811012441328088
1.3441750761285345
1.3221604300768288
1.2955590854464687
1.3376591522058874
1.3518631692857923
1.360241272309844
1.3483476835801023
1.3691501838835416
1.3943644589855415
1.426166902300117
1.4393139690768078
1.4398937876109101
1.435725965245139
1.4352861405283959
1.4371021439445806
1.4699612165510332
1.4715091146220725
1.4664449022661967
1.4720920178657613
1.4661674727520764
1.4384829546438647
1.4304074070274595
1.4186283112391505
1.401435237162215
1.3561826222353874
1.3392591366325004
1.3489986967988403
1.3671126236804305
1.4005841270452823
1.4135120646025576
1.4109258844399417
1.411749869990652
1.421754029245514
1.4071430738090844
1.3911447090448061
1.3815304400168542
1.3551603910612249
1.34136310951921
1.3328685476957562
1.3381838935845292
1.3331195494865704
1.313048536496011
1.323482469445366
1.3250988163526605
1.3326379779504154
1.3145967160462728
1.306377172105764
1.3216026022776284
1.3280926802590753
1.3362748632261208
1.349832620322692
1.3525425205847812
1.3487614169201882
1.3452409037639004
1.3639025747012754
1.3568542815482287
1.3820270435093691
1.3983495802042618
1.4130288463641112
1.404510072544413
1.3829257900929999
1.3778628640116715
1.3504803726375199
1.3683076197885014
1.3510133439370033
1.37368697565086
1.3698616327632163
1.35947858852542
1.3613906867917847
1.3580701440086362
1.3749107850217595
1.3728970521821737
1.377059657408247
1.385858462831408
1.392739928616834
1.360662091944065
1.361007246501291
1.3635323063823472
1.3368566356094924
1.3437917105619641
1.3433074830880214
1.3384561906554255
1.3241288610029116
1.333973918506453
1.3117987884339122
1.3183150905271994
1.3174554747030114
1.352017224804507
1.3587001928860178
1.3640379473721052
1.3598078897862296
1.354569358355865
1.3646931822992214
1.363047795228542
1.3556872735513952
1.346430609376844
1.337528023639393
1.3171048438466715
1.3247054726949323
1.3290489542741828
1.3330381464748249
1.334844152455523
1.3491397252744968
1.3435914539364395
1.3389596181817758
1.3330756830964106
1.32436686820992
1.3361575751413375
1.3348483624619412
1.3430119063265844
1.3562521337129576
1.3666583353960722
1.379842594103702
1.3903355366149195
1.402441066752363
1.394279739718516
1.390028593255136
1.3842413126083981
1.3746738824953983
1.380076406227759
1.4040605460634568
1.3999629226847021
1.4066246617976021
1.393796939600368
1.3828003894233458
1.3738407815324891
1.3846524347847684
1.3756965571049085
1.3542142756153839
1.3443808908243318
1.3414800258036799
1.3121479746491427
1.2934924450809389
1.3155879886670911
1.3152238532072826
1.317560738161146
1.295981893547743
1.3211429181070566
1.3201508514055678
1.3167128072071834
1.318486887961597
1.3198075101796745
1.3189425965561854
1.3123700801509055
1.309994241424474
1.321793154723253
1.318508058593376
1.3163585689542892
1.3143454574027207
1.314848936062915
1.3172719446801668
1.3099821866683588
1.307220581406526
1.3099866831230331
1.3091144511711827
1.3204002118666103
1.3129245233307443
1.3062483757536976
1.306248847036306
1.298243619683491
1.3088539221033388
1.2962740897120106
1.3008412446816593
1.293410099970205
1.2650090361521562
1.2381251860845348
1.249519898281501
1.251559788760253
1.2527781086808052
1.2475547481595295
1.2625721400851764
1.2758846444886265
1.2791438193493307
1.284876474894722
1.2752374212401183
1.2759477835448276
1.2932855254301074
1.290598199120592
1.2831430655969889
1.3025612721230257
1.2913672945582215
1.2966268543159545
1.3018862293353677
1.293112809561086
1.3020994278627471
1.2913704021733905
1.2970600387042488
1.2944245944329054
1.2946756103038357
1.3017831180966832
1.290651260877718
1.3068204916936368
1.2977571123899818
1.3014279348884183
1.2972383554758538
