0.9807319263348651
0.9686975778083837
0.9384153212902719
0.9838228775584756
0.9694899231115877
0.9687044578625088
0.9902434586462128
0.9768192779881627
0.9723733482064034
0.9816848772637781
0.9804813661972289
0.9772770953607646
0.989383389059183
0.986932858678332
0.961099358606432
0.9535604312612307
0.9496362274598378
0.9404160766633929
0.95513253601751
0.9603659509426405
0.9468969386221053
0.923108222224615
0.9323692878100339
0.9369066646868044
0.9402509898554274
0.9604490487983209
0.9475835443786259
0.948012592205415
0.9630965643045556
0.9613057125138769
0.9590640692422348
0.9279192913281245
0.9369125641482665
0.941621571632249
0.9558300727476685
0.9567365880377516
0.9522909967429535
0.9378849565433269
0.9199271439541798
0.9119074416466665
0.9296873922869775
0.9459069476037549
0.9484233076169967
0.9733107642124312
0.9644836576088156
0.9583759255654226
0.94988639684622
0.9470328392939225
0.940581930280397
0.9155940060001976
0.8965360813285314
0.9189775242646624
0.9323447547226111
0.9412407198326591
0.9274423753044811
0.9322702717828688
0.9235183076890305
0.9375060971647565
0.9311519964143237
0.9229538885259838
0.934505423218549
0.9306389417460754
0.9255761368870693
0.920827262178891
0.8801974321593588
0.8937364011728344
0.882823025127485
0.9132599376764806
0.917701887691815
0.9243885449832485
0.9441728032737625
0.9378892083600209
0.9590419500955366
0.9422919506268892
0.9489040334080412
0.960785536830958
0.9490998072659348
0.9534633700295843
0.9498622628003905
0.956364783243437
0.9585874689771399
0.9645211338843972
0.9400703454302876
0.9321766061045655
0.8768848610886604
0.8953640985586448
0.9010530766791253
0.9075478474187736
0.9081787663087876
0.8733485251630108
0.8897843985964992
0.8931048453495898
0.8824279279449294
0.8920004110170714
0.8777359682225089
0.8875828891076639
0.8840737889309948
0.8717170145015528
0.865464138890943
0.8549650565387832
0.8635583252567104
0.8460069811666133
0.8147739038141418
0.7891128658500384
0.8021998674219154
0.7962972121776947
0.8112432334000735
0.8129529963888631
0.7978087973462331
0.8235292065676955
0.826834019692349
0.8582271639757156
0.8575468756850213
0.8763208609140043
0.8729007370395042
0.8832484608720206
0.8820086567154768
0.89031267974762
0.8931319730590874
0.8766678410658452
0.8760552391165696
0.8642262417131694
0.8669375240091924
0.8414793693683646
0.8377223620458755
0.8035039796869614
0.8139131095870002
0.8399890288755381
0.833528916519961
0.8568720702163493
0.8704194710841527
0.8909750450477127
0.9026487770570806
0.9040631517000791
0.902133219460535
0.9003579821308125
0.885820598547505
0.888410507555427
0.8848824806512181
0.8846305725297601
0.8809590863439128
0.8735403180719463
0.8601277291123101
0.8672019455540304
0.851717004174366
0.8519932162974057
0.8582320203899028
0.8738101047683341
0.8845119681515868
0.8900665706734876
0.887402477926834
0.8778912444238558
0.8840869709494263
0.8802960852303202
0.8964518850376049
0.8830725734361491
0.8872020834500806
0.8799454854444272
0.8679805258198793
0.882018805925347
0.8839182097106834
0.8724252423175062
0.8701265364366091
0.8549877907209205
0.8558292873729918
0.8573425093612913
0.8512484302668124
0.8428904778418082
0.8426336419584536
0.8555565763802729
0.8603240887752591
0.8691312156298542
0.8926521136488448
0.8937928560996377
0.8974962070893546
0.8921555417145324
0.8834030202891698
0.8875077028445182
0.8762810918683279
0.8790516209956831
0.8650650634561945
0.8617007386278628
0.8580616797548938
0.8610308042745931
0.8519718815025512
0.8356878051045958
0.8276170260399885
0.8357347298599502
0.7974089813519518
0.7939266128885851
0.7844383223035102
0.7762576032010413
0.7635380843378959
0.7461136537021668
0.762556757490851
0.782450632965685
0.7790323789579989
0.7886388984528058
0.8244203643716419
0.8256320200966172
0.8429661912610656
0.8300148133178877
0.8219700497308873
0.8198217298400492
0.8263436397934464
0.8282181442637236
0.8329738525642727
0.8221476061773924
0.8288885008974581
0.8367889679477444
0.8378669887229987
0.8362036958079492
0.8323447333720295
0.8155346358738129
0.8044084735867911
0.8019194757832725
0.7703891325055324
0.7732221035430334
0.7485166740397603
0.729846659270098
0.7468013352112081
0.7587479319989221
0.7749559711508348
0.793500938279839
0.7957356310218566
0.8108956046401956
0.782576847811266
0.767950380643066
0.773760265130574
0.7532845336756432
0.785887310514134
0.8045108799033995
0.7984263361456437
0.803294020932114
0.7959999709164794
0.8169387823431695
0.814919421453653
0.813148649269237
0.8029273136394715
0.8139296743846347
0.7989516574872079
0.7949020989089556
0.8048949934003045
0.7982484246121782
0.8043094967953013
0.8021499336649454
0.8072598479232055
0.7979730953895585
0.8121560226702063
0.8095897412025048
0.8000756254316818
0.8023981376214332
0.8051098605530508
0.8069198660155585
