1.1119181640221882
1.1076905409304267
1.093619580761902
1.128779058517329
1.1067660559708212
1.1060993154312087
1.1304743825374006
1.1070896372473218
1.1203203939571083
1.1221315950263202
1.1093421078682393
1.0918401403978972
1.1092914347737501
1.1344238548394543
1.0959877154540507
1.0960670764269245
1.0947903612397498
1.0757012466987341
1.0999390926506787
1.1059451156207083
1.0908427791078956
1.0923209432157144
1.0810671945114605
1.0852187202546824
1.0740798159826688
1.067427704611804
1.0730203199987696
1.0784770057687785
1.0787362021718316
1.0935191188773934
1.0772565135057175
1.0514694005938106
1.071025689764077
1.0787219628610434
1.1022657579458415
1.086653964897371
1.0640626389947931
1.049158658805882
1.0221979613445513
1.0293828568671128
1.0428523739559206
1.039685534305216
1.0543988680341987
1.0715138485956872
1.0912615231559812
1.0844750309554045
1.077535959502243
1.06491377383258
1.0391867966228308
1.0055467588961347
1.02016096900137
1.0562305048462715
1.0523053257038595
1.0474945014021368
1.0444009588718637
1.0433240006954971
1.0384252025094913
1.0280700614205724
1.0355590496830946
1.0279099584809501
1.0320302765854952
1.032391130714993
1.0192996753513441
1.0144898254171837
0.9995341582824984
0.9895451076346464
1.0016499585791998
1.002943499181875
0.9979405168028976
1.0069594299179352
1.0082373158412865
1.0296324326594744
1.030521962778998
1.0267338942413928
1.0470965539349255
1.0440328185385517
1.0403825142763738
1.041561827463376
1.027478409402268
1.0246504285474043
1.0148142564078402
1.0113806818080584
0.9998300499538083
0.9831413076792943
0.9835292640303347
1.001690501913088
1.0058674625585153
1.0175230314541108
1.0016511056823467
0.9882993634958817
1.0115617379042823
1.0116321311218504
1.0112557457588198
0.9969309961674928
0.9881449918310243
0.9838355102441111
0.9626758954128883
0.9507054342520151
0.9383584819969198
0.931235939636267
0.8993177865017947
0.8796908149675016
0.8529266372366399
0.8358884978575766
0.8768517931548488
0.913450553885744
0.923757796294551
0.9497210005781279
0.9441852994923107
0.9586875811680258
0.9611236762385306
0.9729863554985245
0.9671891173961622
0.9661349550060273
0.9664014803505186
0.9953388342148428
0.9951966360908163
1.003184332568383
1.005498251827222
0.9915081169015026
0.9765634027030061
0.9556736103359565
0.9694397245893253
0.9666972835957581
0.9523547391615835
0.9377834284586337
0.9504795580285426
0.9470362137072834
0.9448322882328292
0.954859099090168
0.9435116147898246
0.9412757395139831
0.9626001657997743
0.9601115828472432
0.9574550957749254
0.9659876230159797
0.9595482541674225
0.9611601798361157
0.9557372066919577
0.9659097717822261
0.9499482411960495
0.9536218015581954
0.9502717658168762
0.9386578754945302
0.9383776224948152
0.8991547921041294
0.9410802905411714
0.9672984563321432
0.9626131477043737
0.9815800271011085
0.9793387010957767
0.9821294257195733
0.9750370740515961
0.9732405585914079
0.9735042266858105
0.9642742502873899
0.9631432634291818
0.9676904900645009
0.958453003990806
0.9510560347946283
0.9498271187592249
0.9414869187112859
0.9303935767205002
0.9364224252433935
0.9397000814156201
0.9162046319320345
0.9378046338768351
0.9227663378094355
0.9324883830390742
0.9355472207975456
0.9446556043875762
0.9496613095057311
0.9594390679858571
0.9585777116934613
0.9635894248210018
0.9753988115701352
0.9800544562368874
0.9589000637943663
0.966002642566809
0.9567675695547017
0.9684090550798655
0.9503999177940812
0.9598266265185739
0.941256014367055
0.9228418570916507
0.9032784937427798
0.8832401349547915
0.8373088001875556
0.8200881055056313
0.860762326975768
0.8891784255074691
0.9082993125809035
0.9147487982349934
0.9244904629130027
0.9243508103664922
0.9293606303172312
0.9278958793544851
0.9191971674950054
0.9200409724881621
0.9141166746570552
0.9159290607901421
0.9274318335548203
0.9133195014315207
0.9112238108589008
0.9283415302393068
0.9144065529465799
0.9160881921064681
0.9232032216079821
0.9325206172026073
0.9188122970744431
0.9312548482271129
0.9223329132135859
0.914757167058267
0.9064653559904063
0.8894449631944296
0.8998271670580605
0.8801102386734626
0.8881953593047809
0.8547565277495702
0.8420400321517832
0.859780231239344
0.8861269536625553
0.8731578890471401
0.8592047366030207
0.8827098311054687
0.8662730842314224
0.8213527624854146
0.817377994120735
0.8466476525376743
0.8657078136959984
0.8885870065132805
0.8999310665100836
0.8996825818814536
0.9074049539015931
0.8972708435815414
0.9041640044996412
0.9143664086334976
0.9156104840364236
0.9148968512610173
0.918086962956568
0.9077148130459408
0.9166369721727861
0.9159427819102486
0.9147694531212692
0.9225313660912935
0.9081636425807301
0.9150527538693454
0.9171783848130266
0.9236239531949282
0.9184459907563691
0.9246401535473874
0.9211811708798622
0.9256377008145605
0.9209095506816831
