2.1038911470728405
2.094191611447565
2.0769228754300735
2.1246761047032803
2.1131218025648595
2.0905980095680246
2.122637993481787
2.0941511763857767
2.1018901535387693
2.106938653336829
2.10811109211498
2.0955865189144207
2.11499880140539
2.132601002587901
2.0840076014061357
2.0678622481197833
2.0833969782424804
2.0783604194616165
2.0845697056259858
2.071518739529464
2.027116029156065
2.032207335739161
2.056329113608938
2.069516095807428
2.0644067408909734
2.0702610566885986
2.0393901595989234
2.0516616527746994
2.0957597392379292
2.0995508129744276
2.0734428455674188
2.0493758150883137
2.056730640883001
2.059595642941347
2.0906064867401546
2.102636687700188
2.082552188912829
2.0638652245642435
2.0485140438283707
2.0303397726656547
2.0315062190575017
2.0294157332872698
2.0299940712293987
2.0478273964065266
2.058814237652225
2.06401362173432
2.0533543801262177
2.034638722617639
2.0175315203900315
1.9824186747618826
1.9732316561523435
2.008252512459381
1.9945005328349965
1.9964147652201965
2.000100620763904
2.0047674123874404
2.0077482691160937
2.0129747586345594
2.007027362105545
1.9837756416529568
1.9932209377614913
1.9946090463133295
1.9870898734102873
1.9900534769255251
1.9613025116249336
1.9443027217040245
1.9743037759165705
1.988444485240242
2.0023451155873495
2.0247234712830924
2.025238855612389
2.0258454002319137
2.015841665502909
2.0090970073138563
2.0077449542687624
2.024003913652029
2.0167716154935746
2.0292915937852496
2.001991227316335
1.9985305341932966
2.006299587385649
2.00366305968311
1.9795286385985722
1.9556251386449517
1.9372582882025273
1.953641643852697
1.9648224774345195
1.9763010855767744
1.974826271893269
1.9740498666886086
1.9743190802164077
1.957956339004044
1.9657577704115128
1.9617953197355869
1.9489345668225828
1.9226930987263606
1.9257068887010014
1.9140122935321857
1.9157643341617114
1.9121305452876491
1.9066436837668115
1.8946042445587954
1.9064741938656764
1.9016272549789586
1.9046292157503473
1.8894573448675094
1.896914642932203
1.8947213273920434
1.8925948616878991
1.9121168204390637
1.9220616085970954
1.9245822436797742
1.9423122675056608
1.9607147800553066
1.943992190414232
1.9751008006850272
1.9864402726848052
1.9972180596531335
1.998573907678433
1.9890817243738
1.9810681452278842
1.9581800422690279
1.9493208827840087
1.92624044369003
1.9362488319637694
1.906682331646967
1.9180454335558828
1.9252807970782742
1.9355789537522687
1.9357041176998226
1.9416832202670078
1.9421747591524472
1.9403185375152237
1.9338925617185057
1.9295127042818196
1.9320379195900452
1.9160754587130773
1.9239215825857605
1.905661586581056
1.8864824963559517
1.8966435846863545
1.8876978811689076
1.8732933636773963
1.864121331152196
1.848636796244379
1.8501125938855123
1.9141756594696109
1.913087023382511
1.9211360197393432
1.9187325490925713
1.934597466168787
1.9299658802822757
1.939282018109482
1.9238615314563807
1.9213330557327972
1.9089363209783583
1.898572432172955
1.9079035803417141
1.9067977852153641
1.9148854290265342
1.9125592437571006
1.9242574014777407
1.9245084771628174
1.9276722825640127
1.9175643826105184
1.8984054193341136
1.9181259927037144
1.9392377469247475
1.947365681890017
1.9540616503735193
1.9675712996025407
1.9655538429036448
1.981175744867047
1.987128286017714
1.9838305438950243
1.9783691979627906
1.9742636278633043
1.9704021370505544
1.9713577266386748
1.9783948170124075
1.9830694801857343
1.9766732206477031
1.9890403697411403
1.973206059838674
1.9688355947083078
1.9545836894249005
1.9538355660178888
1.9503936436196783
1.9430976076329611
1.9447544457591706
1.9421915365391973
1.9133723155134938
1.9166620059831465
1.9142967460550244
1.8956345033496103
1.8746231702890948
1.900211536428377
1.9002467248186585
1.9061362622140203
1.900286854215869
1.9010026348817222
1.8982595467800452
1.8967263098701854
1.8946044741549564
1.8948906252515942
1.8814189446729277
1.8867477753617956
1.8882434119271438
1.8648118094155874
1.8815981687548513
1.8708270265127873
1.8753165077785372
1.8737084990338382
1.8588966383783534
1.8607989751898852
1.8570185915332615
1.8522816668477176
1.8571418097435288
1.8413466986798597
1.835069260492051
1.843220230116932
1.839403086977184
1.8235389138927647
1.8144968309395555
1.8103817983180166
1.8097608888630239
1.7804656280498878
1.7547794247402004
1.8119895934545809
1.8076594011247806
1.8291974119987613
1.8401359469760425
1.8567337913021476
1.8629785449990892
1.8616053309606775
1.874546156328034
1.8790359840446973
1.8765477732756841
1.881883076907097
1.8880374143055971
1.8845198244862031
1.8866431154031948
1.8874419678502015
1.8861001168797036
1.8867090922723464
1.8854814011108885
1.8893670997316119
1.8944126545432693
1.8878941495325228
1.8910288392050425
1.8947233333483087
1.8947936315561211
1.8947278467310407
1.8965106601940316
