0.8732624839317691
0.8384656060714065
0.8247050169799757
0.8498017993345023
0.8618828225532651
0.8718311312807107
0.8798023215756279
0.85654947407835
0.8603925119731921
0.866111629212564
0.8658129472490064
0.8525330629759691
0.8791058606455204
0.8834320839038654
0.8526439313991336
0.8424339509955977
0.8410550156277733
0.8465144619022317
0.8496590436166804
0.8419812259732816
0.8566145619433804
0.8262531594832799
0.8439962469241988
0.8493588470806234
0.8504823289988186
0.8367535960958699
0.82599002163075
0.8371516381105422
0.8451089007345343
0.8666377573211904
0.8574411657314065
0.8152991454550177
0.825527793823124
0.8276057297029226
0.8402442035745595
0.836275121368255
0.8171368653923196
0.8233868163825674
0.8209224100672292
0.8148364623162848
0.813487852831324
0.8202657143044877
0.8432118471643874
0.8523174034155274
0.8423337446661328
0.8278929013525506
0.8375958553697559
0.8215754987948654
0.8168715955813661
0.8119279908930971
0.8084547493164449
0.8249927146022922
0.8093348151651898
0.8198922231450159
0.8123115798356675
0.8229204727813801
0.8129970574866994
0.8066656034799938
0.7966415575036226
0.7914109264383088
0.7965720698969242
0.7891770634259605
0.7812412811692583
0.7781324997413546
0.7676663219985208
0.7496093428736147
0.7729373264110821
0.7911222149071941
0.7988626049262828
0.8198269646359371
0.8192598125665725
0.8246590413143257
0.8133633022027789
0.8371784231269711
0.8450095933289614
0.8515361157413698
0.8474017598538038
0.8772878778716565
0.8661421192845677
0.855053612014671
0.8625376819028959
0.8462758424223926
0.8252946628318079
0.7922903064463376
0.7773816713326962
0.7937134427934103
0.8105412870450578
0.820990095945879
0.8168990502096937
0.8172416069729319
0.7694087487905045
0.8178470533079768
0.8032354383818632
0.8228691231212913
0.7940595647732662
0.7829100333141905
0.7726847915521017
0.7698127202627159
0.7851057007078488
0.7853228693514495
0.7687337793158936
0.7741236049020664
0.7596039385935152
0.7402736298437913
0.7058371094703104
0.7115528071495069
0.7425887567217384
0.7165905649387001
0.7487491003075345
0.756479919493315
0.7750959575972821
0.770965510493112
0.768128229284437
0.7759384957121339
0.7881575932753966
0.7793963861571264
0.7965411446648426
0.8071665513004402
0.8105892877641667
0.8053270432198226
0.795148850504619
0.7824501854384308
0.77472277875112
0.7608807078124947
0.7486453947168589
0.7699394308103666
0.7846623571729976
0.7955064353561504
0.8007834697787681
0.8043096392014755
0.7865077339872371
0.785568053458007
0.7848856186094747
0.778907749912097
0.7739111512060645
0.7696828568018051
0.7616352156579724
0.7601492010119173
0.764067187053627
0.7599004359019413
0.7545393214555026
0.7564311094928453
0.7505592924080693
0.7119885051496938
0.7259626568002044
0.7365047076196842
0.7409542166976861
0.7682567749445212
0.7783248087776129
0.7838254467422203
0.7800854248295096
0.7781511671189015
0.7780026123815112
0.7815011425905759
0.7741971124608636
0.7831989223646098
0.7875644335328603
0.7789914381395834
0.7908674088710744
0.794505337893914
0.780792621300348
0.7915407213926731
0.7620047893841888
0.7372035408318167
0.7145961602824669
0.7050572508979702
0.7242895701126797
0.7351640866792821
0.7385854929483847
0.7395650977101822
0.7611633227665636
0.7613292693964813
0.7952630402637233
0.7909268445532882
0.8059251501380535
0.8090491280956051
0.8104521357226275
0.80151795667045
0.8086765455842837
0.8137920108324621
0.8095416885906132
0.8032339887915277
0.8086765238555245
0.8084571474454783
0.8059891589466284
0.7958364210707743
0.7903543608728573
0.7787148169703728
0.7885500848073017
0.7741035901940222
0.7636230141370938
0.7534977169775721
0.7433614681475236
0.737314950418705
0.7219934607514317
0.706227407746963
0.6885015238317873
0.6814475087640673
0.6549359938418081
0.6445348736355916
0.6322232452181198
0.6323918292738353
0.624467764466697
0.63022706798082
0.6315685237370686
0.6127799149195525
0.618674295160368
0.6359925291950369
0.6445761631791256
0.6494147589979499
0.6454225695266566
0.6309253592697344
0.6106619139710205
0.6135153498109082
0.60036254032969
0.5989991470946253
0.5993810351309883
0.6483172146328245
0.6641208722736126
0.6698195136107442
0.6782721714718747
0.6922637674085165
0.6606634000288603
0.672394300348272
0.679216564509937
0.6702285907804595
0.6666344127382198
0.667150252843584
0.6728122795612873
0.6696020597451874
0.6776604651624584
0.682390376983133
0.6832820069373929
0.6813681568130932
0.695082338922603
0.6939443403677151
0.6951563872554457
0.7001382560391586
0.7004830896650396
0.7149454182324477
0.7056661413314452
0.7045918300706239
0.6930062737434067
0.7157490625493511
0.7150624742761535
0.716890241791176
0.7233444380449593
0.725036334075625
0.723588775571637
0.7170479606798131
0.7167065289836905
0.7093303378612271
0.714963706478359
0.7121411539120175
