1.7683623083812738
1.7483139320733012
1.7280826518730295
1.7807678259364745
1.7607972772051268
1.7534668274275618
1.7714037453232128
1.7474210052199712
1.7600123144378277
1.769104520756545
1.7598022045021529
1.7513818420638274
1.7839394850630974
1.7818442855069272
1.732798170302332
1.7253588266313862
1.7542358156875357
1.742750372802215
1.7375907086057025
1.7537117460162226
1.73056052571745
1.675499435781149
1.694231870182183
1.6945205091154583
1.6923831027482308
1.7149137404538737
1.713649284105648
1.7280316227264374
1.7376143567651376
1.7569859922538864
1.7555235189927512
1.7158513495457814
1.7241110882842252
1.7526902929275414
1.7806905789705885
1.7739179408318329
1.7579927611693913
1.7156306422630485
1.7151172215905834
1.6831966905099471
1.6912988801218205
1.7052205430536096
1.7153909456641376
1.7243201320490118
1.7362186776513828
1.7137775872883516
1.7110556066697338
1.7021791715447427
1.6883121646553527
1.6781131422926858
1.6315221483608449
1.6288984466559593
1.5730818644057944
1.5345047048355358
1.5640346749348428
1.6096409631367539
1.6256931816884002
1.6344800213545503
1.6314422598804659
1.6392684957500459
1.6473687929243563
1.6428034320237912
1.6293480710471626
1.6282915376813294
1.6357822033966192
1.626302834382723
1.6150325456014352
1.6206593650756427
1.6689918827119194
1.686785286647816
1.6601307248611328
1.6439458275308143
1.646535679040598
1.6393862841179903
1.6767180697587774
1.683130675447255
1.6693847056837128
1.677944074322238
1.6470838082173542
1.6524907222963774
1.6669993120998052
1.638979627656624
1.6398611181728886
1.6202022429208065
1.5871449445624881
1.6288888967606008
1.6445473893342093
1.6607019185900045
1.6728007932113176
1.660751466919181
1.6367442523124032
1.6377597907258092
1.6152216943245947
1.621047972699255
1.6008536764640249
1.5546523573927262
1.5625741456478608
1.5575276217470557
1.5585060456386923
1.5640081680350344
1.5505697299628503
1.5628598592035816
1.565574370147831
1.560264458032971
1.561687773019619
1.550180087530091
1.5443306254396718
1.5318318951169736
1.5420043873741986
1.5493345906582692
1.5578320594167006
1.5698731228806446
1.5746658427294014
1.5849994891779238
1.5952116924313091
1.6213656199975979
1.6242337538718
1.640333330276393
1.6402315544723087
1.6298732585430917
1.6086781624650386
1.5915216959233578
1.5719657772869626
1.5864291388530325
1.6078747520039993
1.596557735209939
1.5826262012115297
1.5961279546528044
1.6049096381715995
1.6068983647637176
1.6076052187380205
1.6043269711972699
1.616674262371747
1.6034496983154896
1.6010349580007746
1.5940786831918794
1.5753566688524003
1.5533327973355564
1.5524932785495678
1.5296547707093333
1.5456385995746544
1.5186086110840786
1.5205167683052598
1.5454426361459999
1.5529032812130563
1.548573642834578
1.581040822667223
1.5734999652669261
1.567091088408516
1.5727311512753013
1.596656333876138
1.5882732594179902
1.5978629194268357
1.5910626585348049
1.5744475107844893
1.5655343790619023
1.5687494655079877
1.5663392461239822
1.5526584409030313
1.5574820152410886
1.5573253480499485
1.5531085959500524
1.5577391568334713
1.5401096887233603
1.5534162383360723
1.532648256979238
1.5509223024724377
1.5537919281986166
1.563288354787935
1.565357484751035
1.5825590266769654
1.583999524431958
1.6101353685323903
1.6177661373556889
1.6237291096172024
1.6119477668291928
1.6058747434286689
1.5944194748589782
1.6033926935122098
1.6114108079372502
1.6237163472295741
1.620592010732669
1.6244423334445957
1.6119976261993112
1.620831283324144
1.6151282842014716
1.6207396579299425
1.6001732698455677
1.5830722748132953
1.5968615567823636
1.5814754703937695
1.5499693026235264
1.5581429266592368
1.5625892512881707
1.556051144505157
1.538616011346587
1.5465733569072149
1.5620642391594977
1.5602679657522267
1.5638297348149184
1.5657002951034833
1.5626886225464283
1.559140332128723
1.5584139201796527
1.5473745255956863
1.5386623414099077
1.5432618572645245
1.5411530934804234
1.5158143412128098
1.5413494830997594
1.5223268303634767
1.5230907400075877
1.536792670114852
1.520352439922217
1.5277575328189177
1.5306130986816024
1.5433322315602307
1.5532427913938256
1.560021024936508
1.5561830139170385
1.541616702860432
1.53936321795002
1.5311006918896457
1.509427012371622
1.5135440932784867
1.4793173212567254
1.4359067997327615
1.4510218202912142
1.4512617462032251
1.468590490819616
1.5155535549375345
1.5149113471098024
1.5275466814422762
1.528072729629073
1.5149178092318645
1.5264180883100134
1.5417681807941137
1.5378639026460768
1.5464341870829352
1.5479629966854216
1.5514619604382947
1.551495620116699
1.557410729661644
1.5603818173976074
1.551270123298952
1.5560673150492663
1.565370411783811
1.5638540649168535
1.572532824815577
1.5640572526895082
1.5691708525332144
1.5728864068416937
1.5690799329295884
1.5720521364522542
