1.28458178413475
1.2845887543025203
1.2687995008301316
1.3054360425027052
1.3001085123242249
1.3057927284246202
1.306438682817569
1.2863051618308619
1.3017624103062126
1.30556878431767
1.283179351136188
1.282315373747007
1.3084718002828053
1.3075329662404604
1.273309602305165
1.2801641070953147
1.2609196907959206
1.2483000097576977
1.28347146538655
1.2704749351397946
1.2635053906086977
1.2352073580739662
1.250447563182791
1.2577928321437242
1.2496780329194963
1.2689902616716988
1.2679728475918495
1.2521724421729206
1.2692194590789483
1.2742069170729082
1.2663869760156334
1.2648550032382508
1.2550779009247561
1.2580222414415068
1.2851963232435317
1.2760999404305713
1.253804866662063
1.2358701120262312
1.209743652819957
1.2115372076189062
1.2106294471387224
1.2267507153985353
1.2401442095883564
1.2468413917737098
1.2606154073572868
1.2463490109485906
1.2610769151217338
1.2473610109839206
1.2314560260111722
1.1888927410592995
1.1687787114294685
1.1853892081394488
1.1965512934267413
1.1950863415504265
1.211028553820109
1.2058531142119113
1.2084392212206445
1.211065623460847
1.2051532370179587
1.2032022337859456
1.2002832588492902
1.1859767116532027
1.15745616159768
1.1456491468140284
1.0814577292709624
1.1237036329038719
1.1480044034135704
1.1748195710018898
1.2042800863958074
1.231057601370242
1.2256374445845253
1.2381400870510402
1.234227046583325
1.2361720558874678
1.2568042672270479
1.2620501018467765
1.2561890828723297
1.2574777246303568
1.2475672670801363
1.248163561057402
1.2557209496707538
1.240144875565316
1.213089986857908
1.1893601917139995
1.1420099214401453
1.1479666863927824
1.1651909298599028
1.1899848997793538
1.1978622828299283
1.2070135517543035
1.195261356670714
1.1956066906745308
1.182266026237809
1.1733788460263608
1.1513313418937883
1.164223912936146
1.1469229026447714
1.1269779252997338
1.1275904767443061
1.1178517090383755
1.107717258994252
1.1120873820468866
1.1060527036135988
1.0949998712151117
1.109669480559543
1.099787636070021
1.1179074802157996
1.1071052193246205
1.1224243256678874
1.1253621502051863
1.1306058727424155
1.1518106103686843
1.1594675897098308
1.1528348934181638
1.1682657547953963
1.1647851352011986
1.182411986394315
1.1923680618671897
1.1861356454283003
1.1673600391047065
1.1606525528389469
1.1448710942605866
1.154057086893759
1.141586975631911
1.1387686311086438
1.1562404522318661
1.1424838343456898
1.1423413392899204
1.1486269055480716
1.159869147035267
1.166233596164654
1.1703795059710451
1.1894647067198418
1.169388099878446
1.1561119281893142
1.1643835664486348
1.1466410856431923
1.1407949879482906
1.1305817079740812
1.1316201997502753
1.1285374696954225
1.1232005706943762
1.1047905617981728
1.0960399083363719
1.1011689592586367
1.1024738080511012
1.1342775506493878
1.1413210685180377
1.146432717860542
1.1483836341704412
1.1375081451303608
1.1272992187861615
1.1345020764652112
1.132521412798616
1.1566473671785835
1.1568599934851957
1.153184081234655
1.1448305667040242
1.1427240880572924
1.1397803676922758
1.1313627447772063
1.1392842516938106
1.1222802762043007
1.1354733190526198
1.1173796259438353
1.1239063522845996
1.1324977853949232
1.1329524159145845
1.1390886665830655
1.150548337071828
1.153493588966736
1.1630281832113336
1.1697843376928372
1.1741930409908923
1.177316841937296
1.173590279579542
1.1588478181070827
1.1749713532238684
1.1822781207962383
1.1879297342682413
1.1742371337303996
1.1788483979665394
1.1712236569274126
1.1604067215472407
1.1627843359540915
1.1443143914310077
1.1511339177884603
1.1470137885824196
1.1334251493140204
1.1234459265734023
1.125691975226335
1.1028301453712757
1.0830846407675752
1.0868380991885935
1.0871769194544847
1.098855181036724
1.1077682062263494
1.1203384105474092
1.1247510476566995
1.129373408929005
1.1184327830641947
1.1247888651049789
1.1228362610454758
1.115903080006689
1.11371725958466
1.1164013205269192
1.1204496126385646
1.118966491381444
1.1248469837144672
1.106922865048071
1.1162490854362734
1.1171743086023183
1.11744194837717
1.097996473294172
1.1126063983037182
1.1006629844619544
1.0977232125893746
1.096682368933893
1.0761074951504173
1.0766414687245687
1.0695778933278153
1.066972417026961
1.0577503388322713
1.0244825560960842
1.0245633976077766
1.0565090172623794
1.0572936548969598
1.0522552050937928
1.0652406310718388
1.0467839481870276
1.0580272557578096
1.0561338149919655
1.0496786736707107
1.0512126929545436
1.0486592728108586
1.0480137495185657
1.0577129313876934
1.0515489520845795
1.0499048417073227
1.0547706720353012
1.062068364185466
1.0642513768503874
1.0638249593286844
1.0542552063704
1.0679860579870772
1.0643051123605596
1.0729573255537697
1.0637097109791485
1.0696931387455053
1.0732513902624061
1.0761061937037717
1.0753518359905545
1.0829343086561563
1.0837713487616962
