1.1213587896170727
1.1090097427031962
1.0952934079030672
1.1230090299634745
1.1152681323444746
1.1182009550626322
1.1235247721075174
1.114241839439538
1.118610821553023
1.1308796271044972
1.1226221065388295
1.1074024449702817
1.1255103902985393
1.1488114238180969
1.0946659899653657
1.1089328110067855
1.0985645959291575
1.104353311381308
1.1094962056217657
1.1278809099659748
1.1014462765402842
1.0813116928246471
1.0764786215522157
1.0882580024509227
1.0912926030136463
1.0977066578760624
1.1075712260762627
1.1079794882885785
1.1170285991009563
1.125583514804532
1.1115633786376315
1.0974829295440063
1.099552583878576
1.1025915265994128
1.1320491191316113
1.13379713805507
1.116661844068873
1.0739724874387182
1.0848121704640898
1.0628866221250526
1.0532691407122456
1.0671892045940317
1.0556126003429278
1.066741341278513
1.078566738944634
1.0675777537486284
1.0732861407523115
1.0705173994482897
1.0592692977746123
1.0455129331173034
1.0351179232338463
1.049847349378883
1.0504641866152837
1.0575208279271404
1.046296765322445
1.0445848708923362
1.0431748801888612
1.0533952367144634
1.0616605238775125
1.0632297056386548
1.0540218352158774
1.0493160027573798
1.0483411969094087
1.0399264855909578
1.0374774046527682
1.025029931520246
1.0238817150217459
1.0203025612397254
1.0463436787211353
1.0621604958447022
1.0724726685165955
1.0547106061222826
1.057770588935341
1.0589957110563912
1.0745084355928685
1.0822650054677987
1.074788565938964
1.0875969222751025
1.0657315164538255
1.0642366963709495
1.0620952237652475
1.0681054479988696
1.0555818856345063
1.0408333516271646
1.0081099950035377
1.0090989994602193
1.0071728002119693
1.018486075338047
1.006361100789199
1.0084946262069039
1.0030143734297547
0.9940709094163713
0.9887336660985561
0.9897410205330409
0.9574176703027929
0.911382272991131
0.884377045906263
0.8721045329969408
0.8553616777888705
0.8739433814602795
0.8660719503170742
0.8786635525841268
0.9060837673164139
0.9174912052598827
0.94198402888711
0.9274775309953482
0.9364273464198967
0.9549323127253815
0.9561234753987954
0.9623180923023746
0.964818616299389
0.9722246352826549
0.9967725226553206
1.0031953175324964
0.989735569452069
1.0074769908644632
1.0149826861351585
1.025205276508088
1.0355712450078571
1.0180711404841163
0.9960726400742631
0.968572397394735
0.9628631627279828
0.9580540810841642
0.9381990770946081
0.9720931311757217
0.9799735681284083
0.9918064534675733
1.003367476385536
1.004333695588874
1.0021601999151453
1.0013557994734659
0.9948134871372146
0.98443524556477
0.9897129931853573
0.9715530199252225
0.9639089503722033
0.9577404421065527
0.934146942914027
0.9300320288123856
0.9159049420786666
0.8947815231405337
0.8952365824869992
0.9128809594370672
0.9293997951436388
0.9478161549204202
0.9634446634996509
0.9849697615495661
0.9922245821723187
0.9942265822795642
1.0021625376162033
0.997856538839346
1.0019789129812025
1.003658630495975
0.9999351273622868
1.000360968298577
0.9791349233667108
0.9757397334735296
0.9746792695350855
0.9812408608954639
0.9815786704343271
0.9584258990380713
0.96434315040111
0.9613122050458079
0.95458823802253
0.9612712763057755
0.9804318920850786
0.9719102667232707
0.9723718868978865
0.9827209012055248
0.9848069190004022
0.994106195840743
1.0107996167824274
1.021800612448316
1.0191782774800124
1.014689513033166
1.0044980841153002
1.0046926544067631
1.009061266560488
0.9750936600407539
0.9835467281780212
0.9911006333898669
0.9866776017297322
0.9887928847769544
1.008863935978047
1.0078792101620584
0.9993554762300283
1.0034857615976407
0.9784379876940912
0.9947174351853413
0.9799742395030762
0.9484874752121133
0.9550163077796984
0.9796119782214485
0.9665450711858544
0.9678142783381214
0.9505728093541528
0.9484756700357108
0.9670334740508202
0.9637879332707772
0.9606328639169175
0.9625922445701797
0.9592817892332113
0.950795679801481
0.9559930096415495
0.9558876548154419
0.9450357065116559
0.9656339273422151
0.9516737227758136
0.9490626056848682
0.9411365358129342
0.9444043457017705
0.9529845844340313
0.9473421675022974
0.9488698025817778
0.9406099630140488
0.9350423575797087
0.9452869456718916
0.9371989171526521
0.9153875894763615
0.9065973682293815
0.8532667294380318
0.8430536957042888
0.8520044144846878
0.8653372131429011
0.8823933692111532
0.8454282220536997
0.8095227227052741
0.849557656520549
0.8594558243290424
0.879257948044712
0.9012666102144645
0.905374517447173
0.917734633145693
0.9202550896908287
0.9275000080062317
0.9276527872600849
0.9231951151931779
0.9301291555750646
0.9438894027442426
0.9339858358042686
0.939682174246471
0.9367238197361006
0.9406535280282741
0.9388011501576307
0.9539884193200615
0.931464453198137
0.9551764250426287
0.9396216906635884
0.9486404177153241
0.9555242415938533
0.9491040286392677
0.947416010664037
0.9421827725875799
