1.0599257714989898
1.041803085052218
1.02828037722984
1.0837202904977978
1.0484994741018197
1.055034643721638
1.0752943464862215
1.0547505259025247
1.0633178077329755
1.059666329879174
1.059886916670508
1.0426042634098418
1.0776576038728911
1.0744838964566565
1.042837661607128
1.0384635591764035
1.0536426272651438
1.0376655508763122
1.039715909723535
1.0585180749024852
1.0487501794536827
1.0314380621674517
1.0359275904617524
1.03776785875015
1.0243026968263271
1.052783248113868
1.0360423770074065
1.026397757394216
1.0228223267047067
1.0566354322769511
1.0471044265874316
1.0470407438012805
1.0354370083376034
1.0563645865876266
1.065625620004119
1.0533500379675207
1.0454909246816046
1.0092717377412934
1.0155572707842653
1.0059221512781449
1.0216059549832863
1.037216591287317
1.0418718220605014
1.0458522289282275
1.0682448672086355
1.0554147400982807
1.0499032330536373
1.0285916935141814
1.0246327972978684
0.9982491069386259
0.975033963650557
1.014250246509946
0.9962513120801259
1.0031347696929733
0.998317631110499
1.026667430996919
1.0348278098317116
1.0246887329547065
1.026209826983188
1.0148335375494948
1.012334151422287
1.0045105373917262
1.0162433606084367
1.0275212952535586
1.0218208633439114
0.9640491898496291
0.9838474211615966
0.9853578684118921
0.9996310124301958
1.0320720616757695
1.0322397925908038
1.013447349798512
1.0218804354111475
1.0062263595491334
1.0181437626892442
1.0141989273264695
1.0300480657344813
1.0222863494733605
1.0139077086977883
1.0171617879912105
1.0130748728661154
1.0076658288626839
0.9983012389214531
0.982848144092648
0.9544476565924719
0.9685407350394495
0.977397500278261
0.9890751066411599
0.9922150126264497
0.9884561762376654
0.9933187861974642
0.9937689108996519
0.9676987940657534
0.9643400277380065
0.9592724282412459
0.9338166061017172
0.9307662567871806
0.9359695233930992
0.9282774795430281
0.9145858783748603
0.9057033660768888
0.9037477897808726
0.9090182406165465
0.9057201918653601
0.9262492185843649
0.9226304770353718
0.9058880976400514
0.9209598447630548
0.9367379429699941
0.9534424531840947
0.9577903639072165
0.9465631086910227
0.9523018668834395
0.9574208772732464
0.9606410045604499
0.976389323699435
0.9939469535319198
1.0042044956098157
0.9929743534318342
0.9939394363061541
0.983533269606693
0.9598816799408867
0.9548311148013466
0.952550596480864
0.9579551925138347
0.9598405390945828
0.9470017832274612
0.9531277548168643
0.9479339678822005
0.9522317615518656
0.9567135931306493
0.9619981543053017
0.9599355673862279
0.9615130832297185
0.9586551156682985
0.941164413150329
0.9301875712140356
0.8955914551262013
0.8814525109465812
0.8530690972634472
0.8310900302270096
0.8114926230966192
0.7891026214314044
0.7889271059768339
0.7906010856636484
0.8467785636306072
0.8771160090596957
0.9201957689833641
0.9137340791729626
0.93894483557524
0.9567887096318649
0.9426393530499969
0.9484900890827419
0.9435995831436036
0.9478091764449168
0.94869411311513
0.9424298889418472
0.9650357070448121
0.9561769003062519
0.9589272146835749
0.9550309158345296
0.958283632879062
0.9547087111020618
0.9587907009077602
0.9556678525105899
0.956732370273062
0.954986596056793
0.9697492111815933
0.9551299921838158
0.9704087960504268
0.9745350951202305
0.981589999022055
0.9932192063564639
0.9908754783244408
1.0056267865977981
0.9963569796773449
0.99485714144218
1.009606066196739
0.9932480402884275
0.9871100740433784
0.9837464534234549
0.9666598420700317
0.9517872828342284
0.9610560802765031
0.9721618771276916
0.9700498910048128
0.9770313592053945
0.9601785701464565
0.9745447783127648
0.9693530591201044
0.9638513866057441
0.9636682997647902
0.9538593786530395
0.961311413407134
0.9463941042357714
0.9542652534866222
0.9302378539413434
0.9444540799147169
0.9497718612179558
0.9435703293290084
0.935739818042359
0.942357173049263
0.9352310788988716
0.9339592937391409
0.94305385625227
0.9315265664396818
0.941471780975823
0.9354951804915491
0.9235714537289774
0.9312015900949869
0.9279706324632411
0.9337336081491469
0.926217550524374
0.928764412393204
0.9153122754487266
0.9210534422563019
0.9215808246956011
0.9183502216064211
0.9192913828857805
0.9141165561683857
0.9039503990699301
0.9062999127386385
0.9054998006535119
0.9010639727282287
0.89816047470878
0.8832345719331204
0.8585020828381337
0.8212072619607839
0.8370092614550493
0.8435582921554335
0.8595484403936171
0.8628794391178928
0.8794124797000926
0.8827410391749977
0.9016733732169794
0.897642183918612
0.9008030845749379
0.9056990708472655
0.9118494124785628
0.9027376977221596
0.8999487472670472
0.912227854502018
0.9130954944765567
0.9218111540315088
0.9106534841728646
0.9127927328612435
0.9145171487678367
0.9142327668405456
0.9125727078160036
0.912948072594256
0.9166118351686829
0.922187447346669
0.9071898321378667
0.9103848144096832
