1.5528050649073233
1.5686613084330878
1.547472690978943
1.5914251768460033
1.5718089791031205
1.563648716276455
1.5828269602451641
1.5710363612580462
1.5766957322179684
1.5732482424740633
1.5670691185022592
1.5586785237598106
1.5713214062524345
1.5861604458023204
1.5426159068546343
1.5374043888407816
1.5531397383366803
1.5295369275345454
1.5512978669060153
1.5505731355172567
1.5375503791334453
1.5333851753995331
1.5436136861117706
1.5431543517390032
1.5374142012745695
1.5346676551002172
1.5409768469023377
1.5357289678855819
1.5538150801174275
1.5549007981170175
1.5298123943970559
1.5084404128241935
1.5081629301513038
1.5075927207191904
1.5329928671543243
1.5438337683162302
1.5419224506075566
1.5178733001749836
1.4778557254309461
1.4632634106094022
1.4838326689596506
1.475590391347465
1.4818826424543208
1.4896512442354697
1.494014065796466
1.498544056366218
1.4954941685340097
1.4940215934613068
1.4642723140947524
1.4509598955865213
1.4490923319129754
1.4759064473642851
1.4670731043104783
1.466190493768042
1.470723282808537
1.4844489689023586
1.484806040868113
1.4749515357053664
1.4664044351088827
1.4664007486096207
1.4669540022215088
1.4633889449456756
1.459423147959067
1.4498547047942532
1.4197516810155892
1.3772218044615723
1.3934052913007873
1.3889928160173357
1.3694253619675145
1.3728567554278992
1.3820515264694713
1.3959572788725183
1.4112217075575535
1.4329248112995234
1.4693229417669307
1.484313302115758
1.4768408836228546
1.4851566998122356
1.4811292781349557
1.4772927394176032
1.482309672438601
1.472852817421851
1.4552857496180507
1.4408937893700378
1.438158974373206
1.43405515176417
1.4468920956198805
1.4652826291694603
1.4535555746677975
1.4600153139704046
1.4458993835014717
1.4474265160989652
1.4507463869288815
1.4449874818158717
1.4326349685145197
1.4116526576834858
1.4098040965167786
1.394947550792775
1.377672683992831
1.3699348495152308
1.3573371597772286
1.3488432937432326
1.3351731403072407
1.3233865999447305
1.3258207033006892
1.3512847805818031
1.3611942512255313
1.3555370051179154
1.3735184166355452
1.3777531048005418
1.3856580678694428
1.3813753812008784
1.392518557506776
1.397787713034904
1.3940702928448077
1.4010468727987124
1.415943676835467
1.4277768363504437
1.4345756822715172
1.4243757428587918
1.4213306250758686
1.409332763178474
1.3992363722457875
1.3891876383059945
1.376892385067858
1.3735458709619428
1.3961246072306452
1.3931378167631936
1.399278186346551
1.4025058263279084
1.411117929799695
1.405698078435218
1.3993471473399717
1.3967389762565783
1.3777335066771819
1.357599961117838
1.3499381564680655
1.3419891998045903
1.3319974721776195
1.336893659030084
1.3661006904541013
1.36535421081871
1.3794405792314026
1.3675453919569198
1.3704108672706325
1.3327550498225935
1.3875244713876818
1.4040121611689476
1.4050580666950352
1.408453360187453
1.4048778349702518
1.3900515718319835
1.3881967573216205
1.3844765616231065
1.3969441289918278
1.4184132847278939
1.4103395039668982
1.408258110014648
1.4114801115642894
1.40099231470683
1.407990978174008
1.405923777049724
1.3943226851461874
1.3906879636169238
1.3760800113489207
1.3807204052568365
1.377952564200933
1.375195212441413
1.3700975190600082
1.3798952911361733
1.3900998555184618
1.3909184193097122
1.397898028509415
1.408337648626858
1.4125928785853776
1.409815922405909
1.3999231200060485
1.4086624700432886
1.4111827255884304
1.4173625586640155
1.4093285651348713
1.4021889338261468
1.406905054697828
1.398833595178928
1.3905433201651924
1.3692628723001572
1.3645177338203924
1.375458176499403
1.343625681367653
1.351317811364906
1.3587938041530456
1.3593355550075994
1.3686936252636717
1.3763493831858757
1.3761838816549825
1.3638354303445217
1.3545709555743746
1.3497305013714174
1.3660567127807197
1.368887982658649
1.36569756221249
1.3621562420908875
1.3530901259128738
1.355003880876526
1.3612870657319136
1.3478762574572987
1.363235968764134
1.3555549553146335
1.3400633409190652
1.3597683694185698
1.3466639210863138
1.3576461118442578
1.346781585525887
1.3385287368017116
1.3378741612946303
1.341829005637059
1.3230005382758783
1.349409897615489
1.3460430902206744
1.3380474681242656
1.3417021479147009
1.3357949491734626
1.3350351000573348
1.3355267491890968
1.3425914589108825
1.3171099933482393
1.2968789099223774
1.2621311468993563
1.3357491898493252
1.3236492717715012
1.3416641857244953
1.3513905333049658
1.367730551174122
1.3645159808806315
1.363977237748362
1.3648241093284952
1.3595503413229306
1.357468297203626
1.36335925223564
1.3586406624665044
1.3654320068240409
1.3623662276266733
1.362688323458455
1.3626203628168492
1.3649075686730328
1.36906511387524
1.3800440421805271
1.3640174087917543
1.3646454058599709
1.369950111040771
1.3695783415157123
1.3583398084775407
1.374368209825998
1.37368896403533
