2.029692239273241
2.0113762461804585
1.9930266589948304
2.0435363403928135
2.0240671937635573
2.0131467052167658
2.0280797370335426
2.003193613811618
2.029764705530892
2.0257512952106986
2.0240305814641086
1.9961584584221341
2.0237853506647183
2.039591297373229
1.9871354266364039
1.9646207392991124
1.9445821281058422
1.9117129525680592
1.9876178823188217
2.000595762486601
1.9827086607587725
1.9799955761085788
1.9737271201963253
1.989757795853509
1.9800653241561268
1.9857049632082546
1.9882385291246725
1.9778052035522444
1.9759308479835518
1.9917905935643454
1.976608557955
1.9471732118926233
1.955202341084736
1.972144086995952
2.002351491555616
1.9986618402255294
1.9755222410154962
1.957887470478487
1.959634623936751
1.937183992845436
1.9535756756393563
1.9523188548407315
1.9675510201071353
1.9745374468329138
1.9978502149540984
1.9843526523010955
1.9777961863545326
1.9517010261522403
1.9170116249432108
1.8967405688293981
1.8807572031806132
1.9192667613011132
1.8953119346565666
1.9062529976472977
1.8984397290995705
1.9005765862492747
1.8950084949449446
1.8875357012987442
1.8805241338713652
1.8750607661362466
1.8814466018730822
1.8888049050591382
1.8948252816723823
1.883732342911496
1.8577237564007179
1.8463991607430672
1.8898976922282278
1.918087564137745
1.9345394517540802
1.9388191535718313
1.950678718706909
1.9567464921528404
1.9505838945115657
1.9443257246529513
1.9497577720316885
1.963169086722882
1.9476264267350034
1.9583377637636383
1.942557159550663
1.9191787067124557
1.9273256269674588
1.9289054558477583
1.90909593809825
1.88426296796128
1.864159782757341
1.8768957086657547
1.888655390011656
1.8916715971527909
1.8928880093483136
1.891749319531296
1.8903790078282872
1.8738839498833098
1.8793501261299725
1.879876701187106
1.867533606936956
1.8473765742897923
1.8450586614722695
1.8340521723859238
1.83660793784457
1.8377733167370072
1.8184985490068042
1.812399377706579
1.7957093403273114
1.8105898619990664
1.8073552924339458
1.813242101931303
1.8222299366690247
1.789339337714521
1.8184137776331513
1.8465974831903254
1.8435267548286571
1.8465784517892019
1.8651545862598327
1.870818781346207
1.8688692581588464
1.8904622445288553
1.8943498564339498
1.896502178372092
1.894722936930356
1.881420420341124
1.8790712102077967
1.843097709912776
1.8348357043242507
1.8212144829246504
1.8141317586387617
1.8111294736929755
1.8371730829905684
1.848102685000246
1.852675375769868
1.8566604383751968
1.8653330037501348
1.8557311582941254
1.8634507172223809
1.855354401299962
1.8721389231137247
1.8666148709449628
1.855356670874483
1.8399179477606549
1.8365109086133247
1.810871563206692
1.8049841677611598
1.8104342508859383
1.809155054098688
1.7903341864654445
1.8006707663074668
1.7783166651940179
1.8320496492338079
1.8492445226460652
1.8567584405497894
1.8623049949873003
1.861841905640723
1.8691442565152347
1.8743803456280583
1.8727243124863961
1.8698917783292033
1.8564262938911151
1.8465563960776838
1.8497056962572935
1.8476444954752365
1.8450517042104029
1.8509625675732937
1.8565476290819936
1.8511778851150427
1.8541863230513718
1.8423898034751713
1.8154494555196736
1.837583093391163
1.8448586714932904
1.8575685654320853
1.8625915816862524
1.869828780796603
1.882083010127152
1.889901820884226
1.9044226260749608
1.8986168985168497
1.900227072852694
1.908510502976932
1.8952214699504817
1.8910260202413907
1.889654128457616
1.892351166802551
1.8832749817498546
1.8955295131237173
1.8885436626222691
1.8884549081076538
1.8786722423967266
1.8776166977080846
1.8689571675059582
1.8498044909421547
1.8420906862634074
1.8321745400196028
1.811775575374851
1.8040930046548365
1.7924120733576443
1.7947171845265548
1.770380279369852
1.794441746942176
1.8060223979325252
1.8164108159186518
1.8162650767814394
1.8258063388082595
1.8133956596764664
1.8153530725249736
1.8023302007169832
1.798594432870826
1.7896882570423287
1.7916680513544239
1.787757376082497
1.7822426974128442
1.7859425853914115
1.784159249680135
1.7729599807537109
1.766075712600797
1.756675599127598
1.757473172156261
1.7579921575043858
1.7337115617821293
1.745351755673467
1.743275197582852
1.7369822965210766
1.7328517665194492
1.7265088520746872
1.7119987337136184
1.7198183975522645
1.6975835748789487
1.709487584641477
1.6823783177402445
1.6678813025505266
1.7051767133892943
1.7113400891103323
1.7330225207423784
1.7336034095361856
1.7647616397479604
1.7752013480827145
1.772744415324911
1.793143454648225
1.8085743918103623
1.8097508815134868
1.8195174509234167
1.8191975211147744
1.8271120808262302
1.8250448467270537
1.826177846692449
1.827129693265552
1.8301176965141048
1.8307071437082905
1.8305785249698185
1.8333546659150302
1.825185935266734
1.8315900646329768
1.8265771035632494
1.8290102001137052
1.8285744387272465
1.8285187672221193
