1.2336048919920555
1.2321257992175962
1.2150944698576043
1.2449904565298904
1.2381867290369846
1.2364952567077703
1.2521403842533094
1.2309636713528411
1.2408642324571086
1.240201437547628
1.2290831350517062
1.2232431678475912
1.2371390762194112
1.2566601331608078
1.223443054932471
1.2166025123285766
1.223095109311718
1.2029001841874176
1.2222499241682023
1.2171219524347057
1.211880381913931
1.2039762007625807
1.196348114075607
1.1801599560404767
1.1753513516815552
1.188201160702102
1.1960682056912453
1.1948775169663588
1.2025038567710535
1.201304647301491
1.1963326120862847
1.1788744855858513
1.1832183092822801
1.2047731949841785
1.2188163107566308
1.2171492216294895
1.1942282503076256
1.1783250467358508
1.15308020929996
1.154852205675821
1.1567279642716206
1.1529590899677176
1.1587604022749902
1.1745483578350024
1.190855860846057
1.1787182412546207
1.1858865662635278
1.1707669417893538
1.1405870853414755
1.1348297146310629
1.128047637452945
1.1611032007463418
1.1526816476421193
1.1506087019113482
1.143680427144851
1.1495322452657801
1.1560911273380683
1.1315644321402458
1.1474459528430148
1.1484134832605624
1.1434811347199494
1.1326081282929004
1.1261801352395038
1.131993630392477
1.0886678224264847
1.113095085428817
1.1301177549800088
1.1224454366133045
1.1335404806844804
1.1485977905079134
1.1467833890813461
1.1564409858042093
1.1562342349871069
1.1548336792399971
1.1614391425472956
1.168182235137152
1.132816338815519
1.1414855177187624
1.1334950733809348
1.1301485304598797
1.1498552341444772
1.1460462201105037
1.1355062199747727
1.1180709098644792
1.0956360939029373
1.1038486208089517
1.1052443883326322
1.1244940269188077
1.1398224906203065
1.1371210973930705
1.1280786876992155
1.135750231820721
1.1113448083370565
1.1240772671737602
1.1003574799606815
1.101948605755802
1.0887538856045633
1.0703946994371347
1.0487816203430649
1.0413887487259654
1.03604574715715
1.0335748445285082
1.039718475618949
1.0186526756727359
1.0235275351836481
1.027102258857646
1.0326710818127867
1.0298700360207398
1.0323515573908368
1.024665250263694
1.0254573969439036
1.043726566027705
1.0350953939247431
1.0401212705548926
1.0523142261673248
1.0588021053241432
1.0742135764616154
1.0825933893623323
1.0724903313375502
0.9920442343204079
0.9913153176116493
0.9808027538122426
0.964322103563812
0.9585815479608363
0.9753840497815752
0.9903746329523866
0.988945562824701
1.0130261086487842
1.034982791555078
1.0309132045010805
1.052384795438084
1.0609126260718555
1.0724727094743312
1.0807429166473561
1.0626346112213774
1.064651623484625
1.0659319546246764
1.0715268644652436
1.0720414851391393
1.0578912148339683
1.069239548569634
1.0759268027980786
1.067202523166374
1.0697779340832982
1.06330284377845
1.0723293104415155
1.078758335541474
1.080743457667714
1.0830721978435158
1.088909722866609
1.091124930885099
1.0759492229327894
1.0723086730547726
1.0793668068160405
1.0446568686952613
1.0607187155656328
1.0636368312482574
1.0684668623347564
1.056642732030752
1.037045836284956
1.0382892693814065
1.0279681953531947
1.028716605228496
1.023467421370857
1.0191185629693083
1.0167235083782424
1.0127767454860364
1.0047656610673583
1.013157506443907
1.0310815061386114
1.0313897862026018
1.0551242018028317
1.0712528386738887
1.0806765993355996
1.0921861013433745
1.1009736626790367
1.0945406648465523
1.1006775986093307
1.099320138765785
1.10077988567917
1.0937474505109797
1.096941470464917
1.094198963639417
1.0920564964283366
1.0895449870096223
1.0694447417351518
1.073881083550136
1.0688181706160857
1.042554054786884
1.0435412529640111
1.0295430958054224
1.0112180198908747
1.0110112598002163
1.0419537289988665
1.0623118373873968
1.0527966834076896
1.0430594094356544
1.0387773876106554
1.0514905058074002
1.0379863589279055
1.0497461110199213
1.0213744157490163
1.0336501412136128
1.0251974547141254
1.0313538884576274
1.0093796807132818
1.0195234454089837
1.0190813801931107
1.016829927328148
1.0249911126508162
1.0061672091348546
1.012820075903137
1.0162295398810897
1.0014925512705297
1.0055504771778132
1.0127474564131862
1.0047906380024438
1.0231584387497974
1.0217799050024745
1.0215402338221746
1.0197683949321783
1.002470266004405
0.9855304497769221
0.9778615603827355
0.9767218581896633
0.9991725005820612
0.9946742266586653
0.987950479450417
0.9560039953272337
0.9606752541722772
0.998285257140375
1.0116853906654217
1.0125482248981217
1.019127738791917
1.0258438865204957
1.0228677019860326
1.0304559686474772
1.0306021424104947
1.0350363042013238
1.0398661793469055
1.0377954291421394
1.037522350808257
1.051107836631658
1.0453025895794246
1.0365996688080925
1.039056179932549
1.0469452418855671
1.0422613773277312
1.039098388254806
1.0316808463184528
1.0440589158058544
1.038979253613654
1.0386597947899565
1.0399153065064997
