0.8372292790808159
0.8049912413324066
0.7945324933207069
0.8228562067883605
0.8239179088551339
0.8397190511834425
0.8467423515125174
0.83259278340596
0.8287439206458177
0.8384996664154719
0.8335158081975776
0.8452380620340857
0.8499782656220998
0.848125055006531
0.820961586017742
0.8183059916101311
0.8010858611590144
0.8149121209550232
0.8193003402507961
0.8127067705216473
0.8079018430593575
0.7949709112983493
0.7986727257009856
0.8134406076638374
0.803982368264555
0.8134119646521119
0.8061124533091745
0.8056053760913756
0.8298350084749239
0.8484345452723907
0.8297477191645319
0.7988842450893818
0.8043913659505744
0.8168077795827403
0.8202845003961385
0.8283675325157788
0.7987854693368864
0.7960905680213181
0.7893815555652043
0.7868687557920895
0.8016460675370309
0.8030290807313761
0.8154845159703071
0.8358217487823029
0.8153531025581471
0.8207500894660084
0.8041211964809889
0.7959977894220469
0.8000093287739074
0.7855883492070571
0.7812355342776416
0.798826464572062
0.793373807419039
0.8000312672748645
0.784919048516664
0.795319043016946
0.7775541507609228
0.7738176322102535
0.7693281121317085
0.7705049335356465
0.7726422857344865
0.7631686485262074
0.7573698153794463
0.7383610673610433
0.7393087309626772
0.7298467724942276
0.7427288612934206
0.7522198906992442
0.7869585240564564
0.7865329504273374
0.7789670325139372
0.7693737857831588
0.7738755970992391
0.7755748665953258
0.7907715657083324
0.7984720115962569
0.803349437246484
0.8172949942419548
0.8227084965996015
0.8265809112129746
0.8193858546911341
0.8223354320228339
0.8019862281143717
0.7717850755439015
0.7562988405587973
0.7723716635399687
0.7841737024288337
0.7972612342814249
0.8148170418940291
0.8072424490344681
0.7572074534629226
0.7757304834088347
0.7816923251892245
0.776916524567923
0.767490119582818
0.7448409404971968
0.7380130216567502
0.7361614477823699
0.7546879963618413
0.7493180246677205
0.743388681368279
0.7437489663642393
0.7462009004826207
0.7149508888539713
0.6732544242260138
0.6627755017551847
0.6914492705625918
0.674037390085788
0.7164624996738543
0.726837303200387
0.7482098707708074
0.7412444008362886
0.755502549341374
0.7599049032433868
0.7563741168611229
0.7721393408622952
0.7832133685544712
0.7896536170671744
0.7897018272754618
0.7716489647934984
0.7681480467473257
0.7513201300896952
0.7411148526587311
0.7305621341187348
0.7335183277668011
0.7602659950323463
0.7652285631835721
0.7610138517811886
0.7625788493358272
0.7665950895377092
0.7554485186238387
0.7521105829192755
0.7593450578555637
0.7532684401375994
0.7344208851433944
0.7534266257017487
0.7450374513110529
0.753881951815764
0.7455965046535266
0.7406911940330223
0.7252110969985969
0.7393265975993873
0.730743101291373
0.686672755819689
0.6980139421628596
0.713263850816389
0.7392627982923108
0.7396725552306143
0.7467226628222806
0.7482713098631852
0.762237097482126
0.7567558453319227
0.7599057048946593
0.7579916337884913
0.7679183117194347
0.7593387613374272
0.7627616014683868
0.759108767503211
0.7659155517741554
0.764263368045052
0.7709753774226749
0.7485271505459371
0.7418207090751966
0.7106600981867018
0.7021160790376871
0.6989134450404171
0.701677059844395
0.6998188076493239
0.7153576428640798
0.7254977237891549
0.7379099856160449
0.7416421133844155
0.7566288090289145
0.7648379100150793
0.7726327541159814
0.7753461008437101
0.7589549740810357
0.7772851916272954
0.7814449255849392
0.7801766924002511
0.7760361515550881
0.7752393985279606
0.7745153068203718
0.7581483578937296
0.7629023106606603
0.7545401215254045
0.751760221602523
0.7476648274005564
0.7490174271004956
0.7303398007941452
0.7384302041687135
0.719221349489088
0.7097900776042619
0.7047455490490135
0.6885115269373044
0.6679939903998233
0.6602218638854407
0.6368267323208575
0.6279430754141108
0.6164397433332982
0.6142324831811954
0.6089058383465474
0.6157569408510287
0.6247916154746904
0.6214056861986081
0.62155257440517
0.622710313709821
0.6215731450281878
0.6126573138237814
0.6315464873616865
0.6180917783591238
0.6116991378581811
0.6039952935086195
0.6114942728651389
0.6024908195531256
0.5975060393055407
0.579869846981664
0.6033888044569194
0.6413977240585621
0.6340448619038198
0.6605657733852266
0.6772461367221665
0.6610522540107427
0.6379467204219618
0.6651762665973947
0.6445616395254208
0.6443538706525387
0.6469449471473091
0.6469315937219517
0.6563585721053072
0.6474897477901451
0.6624522396002659
0.6504348100475253
0.656481463964246
0.6570113331236718
0.6668968377519405
0.6731787153848477
0.6698070965962665
0.6787653320405801
0.6879892685011415
0.6773390262631047
0.6834509867268138
0.6790307656090736
0.6776186311424199
0.6959438671698118
0.6869339496576475
0.6862764246076763
0.6854702465895628
0.7020622194886568
0.7012549400981148
0.699169561480763
0.7058046869383416
0.7037464566126083
0.6995175671809268
