1.4422734072550394
1.4139560037517795
1.398713037027841
1.4447971235421215
1.4311902864457409
1.4381190338514838
1.4513835428232125
1.4119924565787427
1.4291528701181209
1.439315722983583
1.4426794766659206
1.4109834907646994
1.4403433501782352
1.4638172778858474
1.4139257793910056
1.4260803775692943
1.4177830661425008
1.4102260339146282
1.415163031099499
1.414994487959936
1.402419725783415
1.385811234550414
1.3987733816294599
1.4128411617596242
1.4059301986333177
1.4011855086792364
1.402139053378381
1.4126164375319126
1.4136820765581812
1.437718706042672
1.4341760243402526
1.4068206010301598
1.4134948998837398
1.4148307967688487
1.446851124121045
1.4294026140491713
1.4061501312726599
1.4010419641523961
1.4086489004838467
1.3988884523209661
1.4110939256820298
1.4100542544427002
1.3997514960224489
1.4197934854706848
1.426103594356031
1.3914760725795292
1.3965118693539995
1.3801646397131022
1.3351284662599767
1.343857562090994
1.3425165285911245
1.3596122147397363
1.337417261134484
1.3632975267082723
1.3466259975322903
1.3787094046062398
1.3741143909716345
1.3709245372768084
1.3782529512483215
1.3660865816237913
1.3722616015272033
1.3635738279004481
1.3572859148803385
1.3411417336623388
1.337030879043094
1.3134948840104774
1.3345029003795803
1.3481853579893928
1.3692736528833611
1.3679201468093507
1.3824676562935265
1.3825686197621057
1.3833924655459773
1.3923320737294584
1.409994738349164
1.4049226866317208
1.3826106409593863
1.3845562130508198
1.3698175456073536
1.3520661229114848
1.3460074834175686
1.3542304012790707
1.3307424764952893
1.319577171519326
1.2904923025830748
1.2868502562870188
1.2720357405836256
1.2843935791621364
1.2926138335378936
1.2751106154776979
1.2699338870632122
1.229291993676574
1.1889629353518572
1.2230363408646439
1.2195895276529638
1.2118883120612547
1.21869364601708
1.2216428166817395
1.2242088896515553
1.2333677722596588
1.2323211349467857
1.244424533098055
1.27603513222229
1.2641722201484895
1.2764193477860295
1.2534132513916396
1.2392075807999552
1.2377987853503378
1.2715903584883594
1.2953589102688343
1.2951898044518253
1.3033125510427708
1.3084932459313705
1.3025050106935745
1.3064075765222558
1.317783200515569
1.3240633376984101
1.331480760163099
1.330229440833967
1.3265045869599539
1.309151546516169
1.2856718500217243
1.2759098847689483
1.2669046476242969
1.2792321074183464
1.2927465581083573
1.2580700150264121
1.2823446956760851
1.2887225940601412
1.2901717799968546
1.2830596905230482
1.2885738319576363
1.2872497770113702
1.2922099486974323
1.2732460340857361
1.2816306649971196
1.2665728517297898
1.2590051348832654
1.241439240999017
1.222773727820778
1.2169524917452963
1.1884654170656384
1.19446080645266
1.2141914209032303
1.2400093241190568
1.2477528309703045
1.2629745079068968
1.284116098617972
1.2926794624488056
1.2992246724284267
1.30588629974014
1.3042269824927137
1.2962086571621083
1.3032735077247763
1.2919411698154741
1.2919475379547343
1.2796780131904053
1.2853714181570308
1.2844566189432025
1.2901906221469022
1.2829002301551629
1.273827612232478
1.2826343690162343
1.2780874222548755
1.2969858114136625
1.271978650676552
1.2888475147804832
1.2988304443918512
1.3058618137307176
1.3053490227396272
1.3238112667361168
1.317430814343923
1.3269457191682696
1.3307369004010936
1.3389896318812973
1.3220635189393675
1.3108102617701127
1.2774282507432766
1.2917139417152332
1.2995038560000933
1.3014078897980512
1.3174209326935726
1.3281493568901919
1.3162210885968626
1.3269023137082268
1.3233803550961591
1.3196407426902106
1.2969298611158162
1.2934047357191965
1.3049936030780906
1.2932708884460424
1.289101483382511
1.292564445292131
1.2743103904315567
1.2582283018176588
1.249339067072843
1.2631731164485975
1.2603277752413382
1.2749504593136503
1.2768948612511737
1.2577453927110631
1.258001518303241
1.2620475791519183
1.2620715156013866
1.2572579770674095
1.2549027744547396
1.2432923524928121
1.252674143016207
1.2388958860257828
1.2429224525117664
1.2423716999120487
1.2314791820926574
1.2388288914916425
1.2285784541633473
1.2356739421567915
1.2272200190113165
1.2158617786100554
1.2392507149150507
1.2400745891762661
1.2257528661122439
1.202630021283075
1.179898534786283
1.1769369222788275
1.1721422132086132
1.1857859990242674
1.19492408857096
1.1543752660168742
1.1473970434003398
1.1937849085876753
1.1765160418748648
1.1878487293423223
1.203187700709832
1.232202038047315
1.2532188328159473
1.2488988907918974
1.2522080131586502
1.2584439527363935
1.2527041375895513
1.2575401287309311
1.2609896176356463
1.2569223454545853
1.2616014054094402
1.266945198283751
1.270191639512679
1.2650920848305856
1.265599461755011
1.2673762093923722
1.2723049345705548
1.2662583808156687
1.2624747935036997
1.2721931262024058
1.268475131291991
1.2725771851337215
1.2664423209608375
