1.2753846622078175
1.2655394367338761
1.253969914515307
1.2920920162008385
1.2777501354767693
1.2644882046276331
1.2902855665937272
1.257814705114506
1.2830011568335582
1.2800471621452916
1.2496684023564189
1.2605310633167466
1.2780182671156906
1.2945635662500536
1.2423767743971625
1.2392573406446228
1.2508178500270537
1.2350034830228531
1.2497762074647145
1.253768036738845
1.2405336292324447
1.2364571358410783
1.235299382312377
1.231948536410178
1.2346141308459941
1.2453479677619057
1.2515176100100296
1.2379015295338731
1.2553554775732165
1.2517206415362312
1.2305784140217289
1.2069257360220944
1.203618102631611
1.2381435406295591
1.259223476000904
1.2585232127990449
1.2422813287407948
1.2060810128189867
1.177383219787299
1.1797689930516846
1.1933739566375183
1.208345452788865
1.2019073079532565
1.2154162046946249
1.2379481531279206
1.2163231268773143
1.2120978313069386
1.1947805602603427
1.1692091720464735
1.1433323737350438
1.1434511117633952
1.1714204079212072
1.1582870990979597
1.1738357515442268
1.170970766184596
1.1803192442770052
1.175683636182223
1.177237130394839
1.1766646505948346
1.1744809846017719
1.1674538896103328
1.167823958062212
1.160177459710886
1.1548371083554578
1.1382156961373142
1.134444614100781
1.1325565079842221
1.1411314552986769
1.1509050543599098
1.1699204609653489
1.181318052897869
1.1888484333565712
1.1906920891887476
1.1848663799040635
1.2069532383850194
1.2244056011367175
1.1971462417470344
1.2024666205464012
1.180786676818482
1.1647630053207867
1.1734123302135948
1.1498221991763027
1.1579410724034656
1.1357065556528594
1.1296573492799202
1.1331000380651575
1.142726159774078
1.1359177549156543
1.1553681842079317
1.145265266124701
1.132970796506914
1.1424767236309223
1.1303992499650815
1.117271927795989
1.1015481254384156
1.100464199879418
1.0862984082628173
1.0836799025837556
1.0868935496777288
1.0660968533047708
1.0487391529831815
1.0544971730083161
1.0378174503922246
1.031124807409269
1.0830829036277174
1.0870145993649134
1.0914329872170172
1.091750896515898
1.108323017397244
1.1060580142014336
1.1108552715333417
1.1179475499148843
1.1182997407061706
1.1334624052468967
1.1292931345287862
1.139576177522927
1.147511267016116
1.1583753377979336
1.1502628224397666
1.143190585011603
1.1165456056607266
1.102181707234472
1.096674032108937
1.0851572030132497
1.0845214430969452
1.071177956725775
1.0862074913734818
1.0799719457000063
1.0974609285320587
1.0907991290768435
1.093529099296217
1.0955540811682547
1.0900937404992985
1.1023390474943535
1.082165682757508
1.071958519869834
1.066640016387514
1.072868769694435
1.0567311269105875
1.0539766024141946
1.075432647638364
1.0786312387437547
1.0732007414714433
1.0996006809554137
1.086000482698031
1.1019730309788964
1.0909973291140849
1.100771853364851
1.1096173046457922
1.111278805769677
1.094682725317819
1.1033765436033878
1.1111562787244764
1.1123364361490768
1.0936668250792916
1.0946043214114933
1.0819874519650672
1.0775924560257018
1.0723400853051592
1.0841843357070966
1.0712267259974333
1.0709149331649865
1.070614626407147
1.074282953842554
1.0731653309710907
1.064117193551372
1.066564489370519
1.0534650218266504
1.0651737305887419
1.0749298256578008
1.0695310141213692
1.06370120851509
1.0704424002630741
1.071787698493024
1.034924612464111
1.0263554542743822
1.021969216796216
0.9975151205870466
1.016424421274052
1.0481001807608903
1.0625267484262457
1.0721554025812214
1.078876598739092
1.0833346237251833
1.0718445601341011
1.0637506847632887
1.0586553212289693
1.0578526395338035
1.0485798556735617
1.063336997100202
1.0864883553215632
1.0976543403078585
1.083127128701014
1.0846912625289662
1.0861965836420533
1.0808022115915479
1.0815529469169134
1.0810878636323011
1.0877186796399867
1.084751049222184
1.0914495691232386
1.0816403486713804
1.0828548752423466
1.082839559139766
1.0785476948566302
1.0714170912259589
1.0826599859627888
1.070552524624571
1.078879008242886
1.086001893941789
1.0736613630173502
1.0797822911181867
1.078959802483095
1.0670043888486969
1.0652717900093687
1.0665995197966938
1.0483339583292441
1.030560600735638
1.0216813752994542
1.0214130120644398
1.038584444811221
1.0426219670411265
1.039376362969302
1.0336275878898544
1.0412356826225075
1.0250438007922347
1.0028669075127272
0.9699545586821479
1.0214743983023742
1.0353463199124295
1.0492187767650532
1.058172650304286
1.0657450112856621
1.060008562658595
1.071030737209497
1.0631457966115645
1.0697585122120332
1.0758302799337855
1.0791079639789265
1.0749877864613886
1.0665250803893647
1.0790032269839422
1.0755636065189496
1.0758781384702312
1.0788038913901903
1.0789199122779556
1.0749402460738888
1.0793060144833428
1.0796530041445678
1.083432543231856
1.0810703590659128
1.0785288737255116
1.0826521585321225
1.0789127042186228
