1.1855899891141515
1.1830374103247763
1.160290433727798
1.2008036129291486
1.183955523833398
1.1715457465890897
1.1923686104472777
1.1751025783263584
1.1863066947451795
1.1876872921813613
1.1806516794881388
1.160397880813814
1.1770997078255065
1.2037323471314634
1.1509975807768307
1.1705134865468905
1.166614575578159
1.1500588411320194
1.1748851453104125
1.1612613336565039
1.157945022888499
1.1390065107796732
1.1398678389026657
1.1402895172114265
1.138503507769541
1.1362267807945385
1.124269605375788
1.129291161721837
1.1472018018156256
1.1558986530385709
1.127220728485173
1.110151533969139
1.1087765069255908
1.1248933767639138
1.138828618332344
1.1426991567689364
1.1303781241113706
1.0954102181965517
1.0784433652683876
1.0845865807636148
1.1066756155511395
1.0981476529444756
1.114536917471384
1.1205384649365635
1.1274112129031584
1.1288714539378635
1.1353924062205558
1.110302491559147
1.0871758384331043
1.051359471781926
1.0618978674526738
1.1002424049545338
1.1057622530489934
1.1047964284414984
1.1023403170698194
1.1110649261846322
1.1072351467194428
1.0931518662042596
1.0991969607969514
1.09734198698948
1.0954986723723776
1.0976725965997807
1.0943377494513973
1.0895541898710142
1.065243287473995
1.0538735409899735
1.0570920265588415
1.0554915369381774
1.0400667868781583
1.067883578561019
1.0732893988687788
1.0843897198041068
1.090262489777796
1.0913167187579527
1.1100510055620838
1.1122513853719107
1.1070293776201052
1.1014815291637452
1.0880081954523595
1.0909570258907462
1.0872572075387608
1.0808709987073655
1.0633527066814779
1.032407073801284
1.0249440310655853
1.0499192972939944
1.0564602298365209
1.0643659508503633
1.0630458628881063
1.059298993153508
1.0806745952773171
1.0654251527619016
1.0590629370624034
1.0505624731811434
1.0375657677434216
1.037254819709974
1.0206138203386141
1.0088119383966205
0.9851203963878346
0.9823610188065389
0.9517059744063087
0.9356548809590373
0.9131875687801364
0.8978229911553267
0.9556303052981625
0.9853248134083955
0.9997107640313259
1.0069080955289136
1.007161037739549
1.00534144838782
1.0225515228597795
1.0208481145903918
1.024274038025128
1.0281946871093166
1.0398619418967652
1.035989804549499
1.0361541492930681
1.0627269272634094
1.065377624578228
1.049159888291666
1.0336734138283734
1.013512780332455
1.0043817637204295
1.0072116581734916
0.9978802344594079
0.9763618135884028
0.9993245852133082
0.9960739424319137
1.0007066644925136
0.9992575798702443
0.9979093744334262
0.998497867301327
0.9934894997368439
1.00713808378087
0.9982470156008647
1.0023777313460616
1.0021968387986733
1.0014520479133862
0.9958501505484695
0.9989140707737829
0.9845837567619259
0.9942577090028653
0.9842247681723032
0.9813638700240461
0.9674577927021406
0.9639880082939146
0.9940975661760885
1.0180640314935188
1.0189303688057514
1.0201835565630724
1.0276678551679246
1.0277083511939482
1.0183717576087745
1.012028897227984
1.0051926191003917
1.0019112899172464
0.9920087784655305
0.9946037553952518
0.9938381919929794
0.9875540881418639
0.9893004837302132
0.9860067618864515
0.9828117791011791
0.9855192970970148
0.980735605369876
0.9815122397688126
0.9840368000122164
0.9813414269638171
0.9862780932472572
0.9911081115692344
0.9873636779733486
1.0037943955386437
1.0078837723783982
1.0093671235067114
1.018804130219086
1.024065927153119
1.019123502221036
1.0121183585114775
1.0059074461351991
1.0077207027329866
0.9995329335352381
0.996380165957168
0.982292175913431
0.9271744765112943
0.9265569802188267
0.9319462192763076
0.9386976872055821
0.945274947571427
0.9388526806802223
0.959831149675813
0.989812759421751
0.986186145865327
1.0025891673839504
0.9927826505219235
0.9748447546484018
0.9765590989338315
0.9811194339047509
0.9743229563116206
0.9789442283377383
0.9779333845677392
0.9906553646054641
0.9870745065031311
0.9816559504108138
0.9815957116009736
0.9780658638628493
0.9722454549624419
0.9736608119992098
0.9733207745015424
0.9760790261906962
0.9720929594057884
0.9763773824789748
0.96675994856457
0.9739179975199943
0.9720231188365104
0.9686700681628044
0.9670394978836497
0.9510375073593936
0.947134212551964
0.9222858830160864
0.9115061477360948
0.9286864240266409
0.950617115794075
0.9401125189125301
0.9172760167582475
0.9393727507435085
0.9275486973359506
0.8958609344857401
0.8838511741980825
0.9218328643045913
0.9341744339281601
0.9533851699660268
0.9496254157104923
0.9632254833335552
0.9700392989244438
0.9586849793803953
0.9783010722474762
0.956361278875457
0.9679604754973314
0.9670473686047474
0.9734874080006283
0.9739410735384071
0.9697680632632373
0.9715071903839517
0.9803053114987018
0.9738954834357677
0.9695128322971828
0.9735306012681861
0.9742002601167222
0.9650900836651654
0.9729298545482492
0.9770226073607617
0.9713281582762002
0.9678502470616773
0.9707291232462402
