2.1157951257833436
2.096508443376751
2.084626658259065
2.1372145026636753
2.115580466475501
2.1126347715986276
2.12888888300026
2.1039086460440513
2.110027093874074
2.128284874062356
2.1140764873930316
2.09469667318766
2.1318352711191992
2.144391311384286
2.078882819880186
2.068753029260913
2.094014953657734
2.0864687659543204
2.0963003714823873
2.093695049816442
2.0395596812123324
1.9969096318165531
2.031333307801433
2.0580370648833526
2.0590320320353444
2.0682346503911777
2.0565195931535603
2.075040137960478
2.0845969168099856
2.105471835576176
2.0886078774060546
2.0654582724245523
2.0640757966071113
2.0773612965979367
2.1030866886204374
2.098300724220198
2.0835619227771742
2.0781231608826216
2.0593079623815806
2.022065900712399
2.0223115695544434
2.0369986829341435
2.0469138283692017
2.071221296694597
2.0928682270702597
2.0835164238461257
2.0860698844467263
2.071690594184536
2.042689049548858
2.015332897001376
2.009727763252035
2.0155768809736068
1.9957554044986563
1.9977586684684072
2.007151775509219
2.023789282551662
2.0342402657890055
2.036057726802384
2.0311977385202558
2.015886380693903
2.023833022737665
2.022760718354284
2.01513249012689
2.0040974881330507
1.9753134041846492
1.9497996997540725
1.9817026647479625
1.9933314867074345
2.0183080683807058
2.0428360009497575
2.0459381361834783
2.0393689089993576
2.0453386920579018
2.0340466820950502
2.0518222561873336
2.063189757555925
2.053308280119239
2.055771180461553
2.03794494469906
2.0273124429314437
2.0271340202427233
2.033348546223322
2.003524820939592
1.9767408677067784
1.9325261622377097
1.9601714406323874
1.9667929263456247
1.991823104907964
1.9835699976007837
1.9881301319469677
1.9797976947881437
1.970530751706867
1.969351362647968
1.9574379355996525
1.9534831739064002
1.9255765375514708
1.9288464039581827
1.927123440729503
1.9225093499858728
1.9299555784868934
1.9239495151061397
1.9102834940167008
1.9270255974156771
1.9253412151363611
1.912314037057965
1.9081694158609503
1.9151854071503445
1.9068803381017436
1.9255726257721968
1.9426475201779694
1.9462794710466313
1.940135573508569
1.9560603073991678
1.9711474334858858
1.9595988546880794
1.979133709775376
1.9967413451244376
2.0153549672124704
2.0155037935229028
2.0052360425777214
1.9926554112697434
1.9752590797636242
1.9671274855631267
1.9543592409054784
1.9387606337475687
1.9392506005101067
1.9420953678952129
1.9502334821762475
1.9618966812852885
1.9650090961203923
1.9638226477469476
1.9625539930659475
1.9706387565043746
1.956487005185817
1.9572934862309281
1.9440103106637845
1.9309940563719292
1.9109345141685514
1.8997678925043298
1.8780787270851733
1.8885938070708626
1.8857355921126844
1.8769533745638813
1.8651197440488507
1.8725704557307326
1.8667005781979091
1.9255191861125958
1.927929235110037
1.940401709613392
1.941444582408056
1.9528232335138245
1.9558825286727657
1.9614477108764885
1.9529817521197281
1.9446983857733486
1.9336067397905585
1.925147665548448
1.9266145306178522
1.927670574757228
1.925197168527076
1.9343334211791783
1.9281745147896225
1.9301187315604609
1.9231186514678167
1.914305677241859
1.8910636359912976
1.9117410441605271
1.9297325783805266
1.9467421429003868
1.9516225037926664
1.9656686433927655
1.9736579506255705
1.9913722777181
2.000675042332683
2.0026683837076154
1.9969564308628804
1.999459552136209
1.9922464408251461
1.990033092427262
1.9777598171378838
1.9914511705829048
1.9791609642188344
1.9810358232419656
1.9796443818824532
1.9761599529802507
1.9691589821966653
1.9639102629307263
1.9639376312011831
1.9393133711389827
1.949367618625031
1.93618590212425
1.9296937284895577
1.9179087637868266
1.9141403178270053
1.9081913373832862
1.8773995393830438
1.9028156553540225
1.915570362951316
1.9115025567844188
1.9157812051504386
1.9115843844259675
1.906292152556509
1.9013568159068988
1.9056858812679613
1.896058690639783
1.8845378095540124
1.8912641854491248
1.8928405200860305
1.8756536334485094
1.891768439536841
1.8854213334081817
1.887017148416513
1.8937500901106965
1.870654306220867
1.8677514558299848
1.8694339004653207
1.873055233783343
1.8830909778561087
1.8711736649405193
1.8638570612498475
1.860388355520029
1.8548130513945993
1.8501633316125647
1.8254014471683153
1.8253065916771833
1.808295127608463
1.773024244086016
1.7799428265310828
1.8081110250987027
1.7857449848020117
1.803241388337704
1.825123011957719
1.8616379374555914
1.857646757711274
1.8544824601500673
1.870811578825205
1.8850341493426581
1.8831674793783564
1.8823714149692077
1.8930138424453216
1.8907918182412404
1.8980927269474142
1.895926782553257
1.8997852524470074
1.8988137781473566
1.8995852380282494
1.9048130047995167
1.9055968014927633
1.9001771796170486
1.9057107068645869
1.9069844513384413
1.9067451878146506
1.91031755115182
1.9062880326930587
