1.0973839834916168
1.0925650262621147
1.0674157009449912
1.0990699677199773
1.0969853521146489
1.100878769601471
1.1067233151414937
1.0737469717588481
1.0824100626877957
1.0910109052109187
1.0854968114801218
1.0869048078551875
1.1025765400402534
1.1053779692204178
1.0667362731755312
1.0723644690204557
1.092887325694695
1.0765038564657714
1.0671893462785922
1.0666129847472205
1.0623394146446867
1.0453099611552905
1.0533607286944702
1.0596119978994254
1.073290381550838
1.0610650546962397
1.0488761442517802
1.0674395780396666
1.0692914101553852
1.077330198071491
1.0610211699334227
1.0454246374615228
1.0520310261825854
1.0589495289961546
1.082127210025666
1.073049755954074
1.0763142685641662
1.0756443809828828
1.0517936910050099
1.0240620712703103
1.013155137361936
1.019955366481254
1.038213597436644
1.054111467628689
1.0562177733558582
1.0382516045943884
1.0508380774913946
1.0209422342541525
0.9958408189480412
0.9848247124179683
0.9934480919637229
1.0209527352237335
1.0192763474884041
1.0325724199325559
1.0212240728703474
1.0130663514676406
1.0337389625699236
1.005063207081969
0.992675842567285
1.0042093228751068
1.01134136036572
1.0052292757906358
1.0019955719391387
0.9968520235508702
0.9886486821730746
0.9918245186822181
0.9813895495785563
0.9996625007862844
1.011129059546759
1.0195071854341344
1.006924843238046
1.0227776017560537
1.0350964858136122
1.0345074866335482
1.0458220505359996
1.0565355428867649
1.0476728121887997
1.0511741642000914
1.032381117255366
1.0109464680185645
1.0068750677347995
1.0144619045362804
0.9878821808910512
0.9562901701421873
0.9572599112357129
0.9622344153565409
0.9754194714730449
0.9924373086865701
1.002470633429737
1.0061685515464767
1.002755119520744
0.9806782747096378
1.001048770749618
0.9822037210039554
0.9731231212995047
0.9677303142091179
0.9562823411673399
0.9554406816721875
0.9512947738005568
0.950867945232213
0.9398625910647704
0.9199716267218029
0.9077206744053234
0.9489182163652803
0.9447726593564049
0.9522891728567742
0.9254870429143357
0.947894930359142
0.9549456896417489
0.94127373039855
0.9471983124429977
0.9434391304501162
0.9557973359689703
0.9700376751149601
0.9519571816955066
0.9717806124790369
0.9713135793847429
0.9722722917290554
1.0015824178044654
0.985508134383234
0.9867867656168953
0.9692511842264097
0.9549972585218218
0.9594413194772
0.9551682626008361
0.9294389979548271
0.9411193337938356
0.9544340091501093
0.9494723947094806
0.9585228568040363
0.9561443273942697
0.9517024102620073
0.9529185553036158
0.9638325924010496
0.9684124265861943
0.9511070053583895
0.952686578191406
0.9504636334032304
0.9458999532383311
0.9400753737519769
0.9349583271382848
0.9296698068860888
0.9243352040424927
0.9253582760714503
0.9200263299984319
0.925727243478569
0.9351579849245091
0.9343462874936516
0.9228199610350151
0.9335243244847481
0.9378240343627771
0.9142234484632166
0.9081650823100823
0.9157649732426981
0.9067097114530025
0.8447117068286106
0.7783076242188779
0.8366019841255313
0.829232111286888
0.8283061206263868
0.8735767305602528
0.8666973466409088
0.8831706698109456
0.8802112726542186
0.8680370777102887
0.8816526403716485
0.8986644398618996
0.892995969056775
0.9016589589232418
0.9261655851418261
0.9437551166105539
0.9496513698026057
0.9701235897127335
0.9788608894369352
0.9844326496646549
0.9864283324268736
0.9821232882544713
0.9520838163968532
0.9659069797173904
0.9763913278943132
0.9761322614030453
0.9681649321659218
0.9761321370063207
0.9592960635025962
0.9648707156897501
0.9497483715408088
0.9454003216518027
0.9474135923676743
0.9582328198716246
0.9678588233915596
0.957695391211966
0.9519908894721542
0.9581900284549483
0.9407310247923314
0.9399980339705012
0.9413350052495395
0.932592106562182
0.942409432518334
0.928870306363496
0.9361943479653856
0.9201480183560147
0.9225002140494432
0.9145322884576055
0.9286743678278337
0.9164949054597458
0.9202238217987982
0.9112601516540508
0.9071490232061142
0.9158714267583348
0.8994352695294937
0.9220832519506872
0.9128559618284064
0.9027708801692907
0.9132238088692889
0.9075676862714612
0.9111860277771462
0.8994251652386485
0.9109922346583106
0.9025286145027916
0.9027108430569545
0.9029920087698768
0.9019976885030869
0.8801402803989749
0.8929672370345021
0.8881580653331314
0.8857349021381095
0.8699056375553268
0.8525718576854079
0.8724605146002964
0.8773902306020435
0.8856275137984139
0.8872940897830048
0.8804762560218767
0.9011508174116145
0.897540157546112
0.8996834725872581
0.893078896620994
0.899875891420475
0.893277109914687
0.8922602390238288
0.9007872916173226
0.8971798247345854
0.9001973352421263
0.9164764681942852
0.9008402674732382
0.9140544057121543
0.9033270066407476
0.909559805480356
0.9011237208160429
0.9034504609369206
0.913516212057383
0.9104013952446995
0.8979158427014226
0.9066222742178033
