2.150435538832309
2.1367099721842866
2.1158097718069753
2.1650205083700045
2.150585857868794
2.141052501203495
2.1587118189171886
2.127874463811252
2.1418400122450736
2.1524867797321203
2.159433295044801
2.1380693608605643
2.1629207593733244
2.1644296316572196
2.081283290491963
2.1024251312816546
2.11037956153937
2.089569086798361
2.1141713666332635
2.1336145643766917
2.123849172772315
2.093243262661119
2.1009645386664997
2.116398759244539
2.1079162856518336
2.1112712739520227
2.095504680135419
2.106970533440025
2.1265191749869974
2.11863606560959
2.1029137444720396
2.0873326465115616
2.100715664269188
2.1170029194431677
2.1431576725913657
2.127509541859929
2.0986249267524615
2.078715500290602
2.077454160863825
2.054603809734869
2.0572707938609778
2.0733083156249124
2.070516639767159
2.0854310492553885
2.1111264433340313
2.097820531678538
2.0964670890421377
2.081693655876316
2.0597239904204887
2.0287410941466995
2.0191418055392254
2.052603739891875
2.046426276767174
2.061051137855073
2.069447907567994
2.0641765035217374
2.062324173391857
2.054569709794747
2.0463463891870397
2.038174614579915
2.053463890533432
2.064588130853659
2.049641454535188
2.0453303883854326
2.021466691469832
2.0007449325867146
2.0208074587645855
2.022051987726298
2.0311902395633035
2.0545495004307215
2.0580021323051727
2.071650453354593
2.0774833339088152
2.0849053197455767
2.1018049857978096
2.1156089097698105
2.0997990769976007
2.104764321839639
2.077731827675261
2.066595820325179
2.0677275589671753
2.066131826380155
2.0413471020668945
2.0233062032123303
1.9951706668358986
2.011382695379898
2.0194803869005615
2.0355245889481974
2.0201366306673654
2.0214060530121194
2.0197568278193954
2.006599636522209
2.018094809701195
2.021420142923452
2.002158397489017
1.9877602486343975
1.9848758748333768
1.9850122153074767
1.977717424537846
1.9731401638848827
1.951498880850812
1.934653554986038
1.9287116210660429
1.9381422888168864
1.955103272812942
1.9510067763282866
1.9708761498452585
1.934516490404183
1.9506292982976132
1.9711796199419571
1.9794124748851616
1.9858369545353523
2.0035844511166636
2.0148408059856586
2.008501115486564
2.0288472542620855
2.043841823136255
2.0612812896535333
2.056231575260114
2.0409947762256584
2.025182117747033
1.989088097276641
1.9716715516164636
1.9641678378258531
1.965846680967546
1.9649931762845954
1.9953193463273788
1.9996409011825331
2.0028102109351567
2.012370883118598
2.004398807761297
2.0070061071650036
2.004238814542448
2.0037003675594764
1.9990435725780529
1.998623000339965
1.9861070200022863
1.9860377049314857
1.967317203725164
1.9356637310398785
1.9365138116583065
1.9307545430977495
1.9164795294625376
1.9279947267712259
1.9120629135153817
1.9250140426726283
1.9581944627913754
1.9640765540267289
1.9786455154111433
1.9909211023191375
2.0081997077648817
2.0033519635426638
2.0081271281234696
2.0065399322334256
2.0072899228706977
1.9965122022890704
1.9897681842858181
1.9910856418205711
2.002390052739252
1.9942555486903342
1.9924443486269119
1.9891560832783461
1.9843461307477988
1.9901897354950553
1.9811897662449633
1.9594487676810695
1.980114506276484
1.9957032331469144
1.9963238715559009
2.002697811365482
2.01493003966949
2.0227396093756327
2.035352886666627
2.041388294566382
2.041449481858101
2.030802280910869
2.0339281501866577
2.0309668203146956
2.0279891952083475
2.029232119437943
2.0273921736161835
2.03247837550492
2.0228772667736625
2.0099163932739934
2.014518087293524
2.0277315703528704
2.0209947388524996
2.015185695786953
2.0021491214879115
1.9966487898149365
1.987928064217028
1.9696846367324128
1.9794183815970914
1.9735866901874228
1.9677906504460616
1.9463152255127938
1.9563164382193985
1.9581877414161595
1.966789688458396
1.9575110888598697
1.9519631001220237
1.9505754588172626
1.942095494223027
1.9389722909301919
1.930765745946625
1.909249578630053
1.9276013012383892
1.9292751985774979
1.8957147185989596
1.9209831851887518
1.9068298781757718
1.9091362286954676
1.911702671278573
1.9000659858645883
1.9032412006288468
1.9047490371173197
1.9009178644945417
1.9191290104861765
1.9055078815097635
1.8891470888710957
1.8748692877505186
1.8800472128899244
1.8769727694508727
1.888569460642733
1.8736289065644172
1.8633322285874683
1.804208202790827
1.8141381446010385
1.868051626461018
1.8740926251841394
1.886096586520579
1.8960769022722739
1.912231347995333
1.9190598364338247
1.922956147742563
1.9367560140718558
1.943577525754678
1.9421644975629997
1.9486688324676134
1.9568706279088937
1.9500217378899962
1.9513466792892524
1.9535198140813312
1.9547333185608597
1.9574595759767472
1.9567734184498324
1.9558402935226726
1.9610505403302287
1.962301131916845
1.961851381729243
1.9637924348404965
1.9616364163452722
1.967896308648377
1.9710521842620758
