1.4710153746338466
1.466719824610026
1.4492411802993086
1.4992881371273845
1.4863312974354939
1.4802850964757854
1.491714127675755
1.4604055626298256
1.4778812903136052
1.4738284733243585
1.4656920015320807
1.4601756001577848
1.4796210945394186
1.493890529023412
1.4562617506325064
1.459836568874092
1.440452393924413
1.4395299044270262
1.4680378959467555
1.4784013709016934
1.4750096816282823
1.4283729265399576
1.441873144369167
1.4401727777212974
1.436953440689166
1.4530217644537464
1.4586766715346147
1.449338543210279
1.476964356337221
1.4896695082694504
1.4587029128490916
1.4344907003751575
1.4276823274070432
1.432702701514162
1.4506613397755466
1.4530997918249133
1.4502824807122339
1.4306221868985962
1.4046718852948148
1.3859087315969638
1.3807617218593973
1.3983125205361633
1.4267883339241823
1.4272353255758883
1.435434028933909
1.422903777232707
1.4384204502074438
1.4205867372243888
1.406589700800243
1.3822436005212064
1.3718119691676525
1.383628311950542
1.3617203474345247
1.3812296325608466
1.3745257137164497
1.373706357303892
1.3695527684031357
1.3743964553429973
1.3588845155661224
1.3541043427295287
1.3452618336137072
1.3189707267598956
1.2743079229082956
1.293858249765483
1.2847359496711388
1.3013434434102376
1.322433424673302
1.3445281015278217
1.3763955210248349
1.3955405294517167
1.3941628526745622
1.3982927239887886
1.4098873453639942
1.4095101720072327
1.4264654174314642
1.4241777454265965
1.418845474896433
1.4340213568812725
1.4294740606355383
1.416691909212779
1.4241648650091232
1.408826872462969
1.3704672933380029
1.3512897253903737
1.315554800148532
1.3178953603214287
1.352119102241132
1.3749953224440885
1.38824951928368
1.3862204067005501
1.3898771473933904
1.382820904025768
1.3818567660147776
1.3624735118052411
1.3401238475556536
1.3105728528370297
1.3116512582667206
1.317395197278378
1.3063752571909026
1.3087467968483224
1.2919808005959732
1.2990531152852596
1.28017515230339
1.2833770071978452
1.268993069631809
1.2558808042544967
1.289420535491024
1.2835565655977457
1.2927935771531118
1.3068103685832366
1.3040210023549257
1.3103041086965912
1.3269481574152748
1.3119770802626547
1.3345463500171992
1.3410896601491105
1.3520607701243887
1.3617521947274285
1.3532929182722055
1.3309705628184911
1.3369501804563322
1.3140801727434188
1.3146083449332415
1.2999386075132509
1.331247611676083
1.3330462613943763
1.3391368203621037
1.3339713885004374
1.3455007566931767
1.353637585508241
1.3529089018761915
1.3549975143813424
1.355833012681343
1.3460100765219591
1.3249052186882608
1.3193133810918722
1.3234783478652643
1.3062799354592591
1.3188717334484419
1.3134196943252998
1.3236849169251557
1.303743137151381
1.3031081820647115
1.2697416191236515
1.2845953954967706
1.2851132640170664
1.3120524394547532
1.3317201236488134
1.34389693051036
1.3339147777500493
1.3329148848990169
1.3294737290134186
1.3206948026451104
1.3135368327819836
1.3199632823298653
1.318397286493299
1.3212240330631069
1.3179544964825871
1.31402145054319
1.3107345704176072
1.3118672711964183
1.3088675280275273
1.2990528961017853
1.3170175901877994
1.3097081678431302
1.2781429552326562
1.3078843222984085
1.2934678552642396
1.3051758498563162
1.3140053425189047
1.3308877079533434
1.3411478609936882
1.3480936785453737
1.352759195457785
1.3607603661134522
1.3507895736994278
1.3516861050057551
1.3425976054442508
1.3563736874375618
1.359457672905335
1.361061056409902
1.3598933584896904
1.3673197090059945
1.356609670733433
1.341277837060608
1.3305724360665991
1.327166758922966
1.3192437250583857
1.3041891552078602
1.3030081308537014
1.2824746560205156
1.2558399801518234
1.2488538790287027
1.271323325539531
1.2566877647180426
1.240619151702879
1.2742049075567965
1.27482436208405
1.2858717205287198
1.2930894643803392
1.282472037489369
1.2904031406325465
1.2886607286151812
1.28204194967038
1.28536039669097
1.2743770679627202
1.2789353693624215
1.2810701829140898
1.2836794693713303
1.2718639284534896
1.2839111509645944
1.2794394614611504
1.279643229843489
1.2787704780151177
1.2731904978264919
1.281981720539997
1.2641163621371807
1.2734639153531535
1.2696484602999143
1.2644282826846407
1.2661271471569808
1.2619011726277989
1.2307645058409769
1.2101007276622415
1.1812169646806316
1.2146778951854433
1.244302102265141
1.2214327137790304
1.2158869498074005
1.2091137249763393
1.2118053907775268
1.2140251145214163
1.2210737682025312
1.236099064769752
1.225429285185299
1.2406600957713216
1.2401497489532074
1.2463320773101583
1.2369662197269917
1.239772719559114
1.2464037285378176
1.246059734363038
1.2391094914435008
1.247488267953162
1.2403837463907925
1.2496193620719083
1.2503933975168666
1.2533040441440602
1.2416457517682555
1.2519536771246769
1.2506044560944425
1.256737779861217
1.2555440581282402
1.248066727134376
