0.4518074681401212
0.2899079070920578
0.032599036261508375
0.041894481273200064
0.06061429802498725
0.05850651434542531
0.08178080783102554
0.07549205554757776
0.09186735124588684
0.10908795763988036
0.12093447308945127
0.13363721277427285
0.14981457834716058
0.16675628759558228
0.19952878681006248
0.2049044610388311
0.19335699763189973
0.2418366349788594
0.21896753199930505
0.23237723649844658
0.2521139754877566
0.2829471359958302
0.3082006255199235
0.332232129649698
0.3371928469731294
0.39883452974675687
0.37041312445038654
0.375349203531315
0.3692282822815
0.38960747419257175
0.3973074256800369
0.4100484475715708
0.4218430368502167
0.4338896796490665
0.44199860215079856
0.4431785166711808
0.45365598452938266
0.4636861991666028
0.4820959614384708
0.48598668321316807
0.5069043949654244
0.5075134933289742
0.5267461252778772
0.5336232070883039
0.5468584807232431
0.5563020380155612
0.5613196091584229
0.5749939528994205
0.5850476667978551
0.5954945105224863
0.6087443878738721
0.622397962778301
0.6251087700326141
0.6195331476836226
0.6147318908908305
0.6236895669427295
0.6242484059195249
0.6515232619954111
0.6470573860453928
0.6465098497348982
0.6700543677402163
0.6966927943795108
0.6899225303675507
0.698023877394693
0.6929288586934772
0.6594339925825081
0.6399021470796383
0.673105696083564
0.7044910158788458
0.7018313794675802
0.710780701712224
0.7178403953340234
0.7205100917306957
0.7064863110838288
0.7037652468496097
0.673704318232453
0.6581811095927055
0.6999370527120321
0.7131840771816991
0.7320937290182172
0.7477075237709111
0.7803418923897715
0.7827242829036064
0.7950918373965481
0.7596872661956282
0.7261435166771102
0.7169434432460114
0.6889128592222062
0.6724012146907926
0.578034058748831
0.6198176641031353
0.652928521426683
0.6745584203739357
0.6817972359243176
0.6970941474958162
0.7011375888452089
0.7048326799452688
0.7069722468317481
0.7066592014638554
0.7053309401280047
0.7058684017266255
0.707380722847847
0.7108761175724836
0.7059030409032458
0.7041996581095088
0.7003640770757146
0.6998768846841598
0.7061094202978063
0.6998215264431276
0.6833077101252669
0.6615934771397445
0.6153945876073779
0.6451783563499272
0.6708979225343348
0.7073487015882788
0.7193723694553543
0.7605538357711353
0.806522000044494
0.7959889819400907
0.7736464270196054
0.75508133053802
0.7337677585349183
0.730571940894692
0.7316512666986524
0.7444720351209552
0.7350767123890842
0.7486707879828691
0.747435780722868
0.7683759334937723
0.7591535932642184
0.7340205264767045
0.7377793209798297
0.739976667994445
0.7439692083206665
0.7353906241516361
0.7225111922497186
0.7429389659675631
0.7281467272572821
0.7299099547584128
0.7275255682138715
0.7449933004795697
0.7388948202483995
0.7320509438107422
0.7253214492391583
0.7271453999656519
0.7327541840868892
0.7292483119667371
0.7319433343583841
0.7368599709720987
0.742858125604762
0.7419455955359421
0.7442304589962677
0.7543161179997211
0.765978961227589
0.7589323762014563
0.738967434163783
0.7248595315710202
0.7360445719801435
0.7361297963838813
0.7423741275427947
0.7480660802257305
0.7323809075049981
0.7311889323047581
0.7318213465478822
0.7242090730468679
0.7314758839939448
0.7204081116043759
0.7231741893937671
0.7258864687967046
0.7284060060438966
0.7248755845789697
0.7128616831111607
0.7165859571031221
0.7203383329964664
0.7157062336066589
0.7138686389159598
0.7287698220202529
0.7123026457622229
0.7230742380145567
0.7088800197245924
0.7073059171354447
0.7157952948440025
0.7307071401590456
0.7325568844273359
0.7187328362500185
0.7208052681809591
0.740730607040475
0.7093461327771227
0.7261321225197834
0.7404913150647946
0.717066770627413
0.724137179923088
0.7188888491383775
0.7251177344158264
0.7261883494902585
0.7405001296067896
0.7352731321632687
0.7343626145433944
0.7499776078115231
0.753752055966712
0.7396527457301292
0.7357483799912222
0.7416436316999353
0.7470147470370027
0.7355285708435408
0.7333779205281844
0.7383844892337514
0.7433065484941344
0.7285244520394643
0.7241525892847867
0.739711704034367
0.7526236632405099
0.7808350858906071
0.7870670484836567
0.7785309485384655
0.7380058159316
0.709177375777243
0.6796746408973976
0.6694184868013224
0.643948477694312
0.5735226444095556
0.6209061590645766
0.6296837511430856
0.6423143316038742
0.6498182427737109
0.6442025195817606
0.6474466079741484
0.6639975696025712
0.6650180083740882
0.6697567595617793
0.6766807823007429
0.6791822208482867
0.6942602134497018
0.6890288709933531
0.6869374091196242
0.7031639704387942
0.7023812217342128
0.7030728017527789
0.6990891411758017
0.7012123298993794
0.7130559331224229
0.7069629818338737
0.7086107038268564
0.7143523738916832
0.724159959873262
0.7043299821762588
0.7206595010494089
0.7120580736687867
0.7247420484059001
0.7186338774171116
0.7262256949665931
0.6907097173563298
0.6914838862852577
0.7121205043804322
