0.32557466045831035
0.21066990584523776
0.015408619290632596
0.02114406878738988
0.03387523538192285
0.029747243032528736
0.04323457018766978
0.041375059520105936
0.05394930862057388
0.06368918753087688
0.07058976860251347
0.07951170548427991
0.0907972600740167
0.10583519055709623
0.13037080172727863
0.13755679087733494
0.1202071688571957
0.1611978956055322
0.1567560682680221
0.1502261760039457
0.1611645410473413
0.19925911613758157
0.21886736454253616
0.2444757016860999
0.2446041922704591
0.2897493270085092
0.2688948829517803
0.2724935968174821
0.2644103708008207
0.27434985201862333
0.2860028399494913
0.3021277543096737
0.30649961706434925
0.320468699138985
0.3284229095295112
0.3386237745227366
0.3513405928822208
0.36440865758204183
0.37520796431424314
0.38203679748523156
0.39772060294016304
0.40384978355723894
0.4128267146882963
0.42857053909774695
0.4394287176441727
0.4508642705692235
0.461827635074333
0.47828453270380444
0.4804446218167997
0.501964811297635
0.5052734521652991
0.5158509574958406
0.5208473931850168
0.5171802712354242
0.5155226907728415
0.5358415556762886
0.537641362750924
0.5544088472818891
0.5698006593647132
0.568197802579975
0.5921274311526201
0.5919699290799948
0.6076632368778622
0.6028895510286415
0.5793521612490296
0.5387509843575712
0.5512947261983251
0.6006851028721677
0.6419444041010856
0.6490318696364419
0.6410964413752049
0.6588253587030473
0.637783471752629
0.6381050326647738
0.6392245149615162
0.617474524662202
0.6060999737830414
0.6462009027779354
0.672559147101025
0.7085213302916732
0.711436532825002
0.7373387888871601
0.7442636566557606
0.7519760019932411
0.7239115009851301
0.6563866173078067
0.6296237802713759
0.5708740092505455
0.530796588277919
0.4679779964634184
0.516853960810872
0.5561280745400571
0.5832031475927655
0.5978457436873362
0.6013571301160129
0.6244957211282938
0.6265579735555926
0.62331686744526
0.6394798738088691
0.6211784220236138
0.6182339590306559
0.6164646567407294
0.6221456234730721
0.6336234874966874
0.6242491310521583
0.6200883906108096
0.6206473307783915
0.6056873907685638
0.5921230344631693
0.5845043842912461
0.5505087102409162
0.49493519379548556
0.5159828002162372
0.5664542958762326
0.5988845819925459
0.6572680842206707
0.705090036070333
0.7517962759016535
0.7491410378728316
0.735839386706678
0.7315042310333704
0.7284845164394272
0.7255834371328361
0.7162770785815791
0.7333762372294844
0.7269238027575049
0.730100364407063
0.7395671414711934
0.7477504393214948
0.7389243312122353
0.7315424851202065
0.7362112018501412
0.7382117806606847
0.7256342323183862
0.727094808059529
0.7205911664097359
0.7300123730147378
0.7193840162433822
0.7265468519449475
0.7131721741860888
0.7138717572130628
0.7281880674343909
0.7350001601204915
0.72467820141383
0.7109167255325596
0.7232812880162026
0.7307430809692163
0.7388427227444713
0.7314588034689975
0.7262515787005671
0.7307802501210572
0.7349887584016177
0.7218529333504539
0.732212893302453
0.7385195951000989
0.7242985523673009
0.7439904611409606
0.7187373129424097
0.7240819676961443
0.7223338469440206
0.7055322161244708
0.704738162509102
0.6967262575745646
0.710532258846464
0.6922895803595785
0.7077918810697063
0.7073295667217421
0.6908409854496441
0.6996161882587457
0.6982774596689237
0.6823539028821591
0.6785858856342588
0.6790788299631257
0.6700597390604203
0.6701696580320634
0.6802275840021056
0.6777024536197236
0.688306035609362
0.7084581870188552
0.7093776882796725
0.6883886020753902
0.6856985429869805
0.6917056008822793
0.6988606408904319
0.6946157626095228
0.7030037766161684
0.7022994659741448
0.7129849485338636
0.7019836932422666
0.7179251922957446
0.7026708725916135
0.7258034935200298
0.7221302426033126
0.7194197929740539
0.719266692541689
0.7256562837776582
0.7372014176917902
0.7069216782572927
0.7341371414721987
0.7295837631552918
0.7262242513041984
0.7342096108700772
0.7365794802530652
0.7446572052461048
0.7315771761117682
0.7430009642659643
0.7436553681654656
0.7509163641029534
0.7532847302303647
0.758104737864923
0.7503096503513184
0.7591841346597092
0.7590239408948256
0.7713186186140668
0.7375130753056134
0.6908676286415377
0.6502488515940659
0.6038454234776047
0.5485447884507328
0.5335586980389861
0.5251174668231026
0.5724389700718207
0.5922782832591951
0.6132006357558726
0.613408065095507
0.6083720301665939
0.6313411601149427
0.6319741521029942
0.6357882670288043
0.6443841274377653
0.6530680302915648
0.6502021474249957
0.6422310612647437
0.6530933411962903
0.655768529255395
0.6449062035836464
0.6533201922131061
0.6643405683184944
0.675509851428406
0.6655229142843947
0.6542081557300834
0.6532306217528691
0.6514733323474439
0.645442657279176
0.6459143579437739
0.649729635860214
0.6341942352794199
0.6236641957616368
0.6557775792767554
0.6754615400105926
0.7598983832666092
0.7498884209381557
0.7414170730328559
0.7248209324563984
