0.46793853933454993
0.31251421395501183
0.04255249501551867
0.054754383126356124
0.07709108437813655
0.07466245054020763
0.0982348073528044
0.0912296696684793
0.10860999350811476
0.12703550663671903
0.14149116157722352
0.15326849296711886
0.17093582754031286
0.18811728087308366
0.21562815931036658
0.22199242592367577
0.2045483721482567
0.2553575683741345
0.23818615772640916
0.2428483562079933
0.25942870690408204
0.302507498578993
0.32826949775020714
0.3458569153868181
0.35551591617470035
0.41078462417830697
0.38047633954722315
0.3944617878517073
0.3863862199081881
0.40534329907567684
0.42196025979640656
0.4264452969891454
0.44135966453637626
0.4506003640547721
0.462047763787075
0.46949566175433366
0.47876971583094535
0.4900601980691823
0.4959908472667199
0.51232239990903
0.5187275820969661
0.5282487620452788
0.5381220591884365
0.5529412907095252
0.5567603757192934
0.5682477298403924
0.5869429001906741
0.5890309651172317
0.611259812398867
0.6152691694609137
0.6283858078085052
0.6231606512766698
0.6247681084240305
0.6305445705521455
0.6263832236445344
0.6238342615327859
0.64609626333918
0.6659221316591741
0.6627566254346021
0.6810917602142147
0.6933021048565784
0.6996313271834288
0.705066290248554
0.7107966245037919
0.700727078514351
0.6663197174188367
0.6506393026244011
0.6812158223785798
0.7101602525752617
0.7116012120576398
0.7203260912711915
0.7253513301843082
0.7266103837113986
0.7168488015371338
0.7188048431890616
0.6851508751867106
0.6566994106183572
0.7083790609313289
0.7370914046823429
0.7484344833564134
0.7755969128116383
0.7773973380746125
0.7915319636276923
0.7975606585050679
0.7649704955503289
0.7300125161741506
0.7312016000988927
0.6981325574564595
0.6887686575485177
0.5994346345076418
0.6322710768929112
0.6868243199842008
0.7118210021707229
0.7086171274898319
0.7270545534475209
0.7337949867413559
0.7142924349840555
0.7218602129577733
0.7206443737287787
0.7309873442465624
0.7215662279728906
0.7225744420537052
0.73224761184758
0.7219046413297963
0.7269012833618428
0.7214476334168722
0.7323841523048803
0.7215229372724414
0.7130923093855717
0.7059225098189886
0.6790440154161027
0.6291797255340411
0.6587144470151123
0.6879553332658029
0.7215268605775792
0.7332859540441763
0.763493701275371
0.804451998219211
0.8006548987132435
0.7845808522814176
0.7732269163931763
0.7648960394630318
0.7553752956587738
0.7386384829834708
0.7335020210718648
0.7260066884381284
0.7449750477623039
0.7409070204682242
0.7440585700106739
0.7465522615873439
0.753684148147008
0.7356630922902293
0.7415258759918235
0.7110369269296852
0.7262326481875283
0.7228387395710227
0.7434382137284329
0.7210043571892178
0.7233319729981799
0.7440729735785275
0.7313791975318048
0.7334801939927297
0.7190460965709683
0.7329779465224572
0.7291930869254084
0.7260456646964881
0.7221432280546516
0.7294431016464167
0.7252209881888145
0.7409705552103357
0.7212298575639763
0.7405423175517359
0.7501559031015467
0.7651517708697074
0.7642439662762567
0.7410386122257503
0.7401539518415691
0.7498628019514593
0.7470673872152575
0.7447790259295614
0.7455157440229544
0.7416555696074068
0.7612025615862255
0.7407096464876575
0.7433799869567946
0.7449920029958552
0.7451820800235563
0.7510788496210989
0.7394563065947408
0.7323673262424976
0.7345910147847688
0.7315209013342221
0.7284142130246731
0.7324804239061432
0.7292037281434978
0.7264481277496203
0.7265948493897073
0.7372384760994684
0.7335194547643397
0.7429841214502052
0.732997116668197
0.7347395753327581
0.7259253810031652
0.7292622749493914
0.7276827756399876
0.7332400345687193
0.7431608552760851
0.7369497048442378
0.7443253307465224
0.7389142631603426
0.7394982266805193
0.7346785648586819
0.7442691843480649
0.7348369982498398
0.7380119655454137
0.7345295926864728
0.7306267271480691
0.7459610000535289
0.744797752541604
0.7496234158031428
0.7526101062451137
0.7384579428020561
0.7328990460525453
0.7290531907665007
0.7265808959764394
0.7281526323318671
0.7255519090841211
0.7420937567356519
0.7409269529786919
0.7632800756260204
0.7461301448111148
0.7590785855079537
0.7772398955387654
0.7926558087116197
0.7868061241080347
0.7377856085102721
0.7172680470102014
0.7047678348352236
0.6921850374363163
0.6666386344781685
0.6009967297936579
0.6383203613777946
0.6664466472284467
0.6883277591175635
0.678949721883325
0.6947420015843562
0.6913191107637141
0.6873498141183777
0.6943642976065657
0.6898863871357609
0.6892524495847382
0.6941601017559569
0.6866821528633106
0.683495665478297
0.6775547532806211
0.6754765436510674
0.6762130617110105
0.6711686906912538
0.6821070557346482
0.6943261114029079
0.7047125851045468
0.7112231806806841
0.7154830166596702
0.714632321367039
0.7199078216629047
0.743220571575401
0.7449165479631006
0.7319054866841268
0.7336893801872624
0.7292698499386842
0.7459587124983514
0.7044311033136114
0.7153352933492936
0.7193498807150451
