0.42912618226023885
0.2684932146053726
0.0330617848578413
0.042215006423242496
0.05877458828276412
0.056488593230782855
0.07558947912891717
0.07070532621890599
0.08413579955462937
0.09748372258585496
0.10870749570767001
0.11737737906923415
0.13301455261886116
0.14465222440343878
0.17285273351396224
0.18330776035351695
0.1668553752000111
0.21761440776837251
0.19432542023497906
0.19974703474360408
0.22017322517709934
0.2579156830725115
0.27232594357934764
0.2972223882600803
0.3004422302033002
0.3637247410005078
0.3315514766935713
0.34073638063510386
0.33386915412168044
0.3473898358350363
0.3653901020508524
0.3656421555710561
0.3840437347279967
0.3930318556844077
0.39984663098512463
0.4066280517276275
0.42538122303762776
0.42942049996240583
0.45061578249087997
0.4581524721350951
0.4719389194262006
0.4866543067644419
0.48802344325353736
0.5021627274168128
0.5159185578218329
0.5234328136948867
0.5272606042378465
0.5389784368593935
0.5462860308650405
0.5612054221017307
0.5619924011113456
0.5882122589585181
0.5761120178066675
0.5817114077098197
0.5775807247274138
0.5749343895740334
0.5989462456390696
0.6116775470893969
0.6061248324796246
0.6214261164587934
0.6318035730799748
0.6432716307720441
0.6465900025292783
0.6371498785671006
0.6306307786819948
0.5928689471475972
0.5981655141629079
0.632792178924966
0.6425597114692895
0.6387906653747117
0.6534168176941554
0.6668313595104771
0.6737919609702314
0.6489969132987264
0.6330488303234524
0.6012096526266286
0.6274835767221537
0.6629179421131924
0.6803605837083858
0.6845271016225849
0.706128901026475
0.7189091730359596
0.7274476561594707
0.7342678841504696
0.6955803200115226
0.666935625758376
0.6491885742820567
0.6309015520097484
0.6099977718582371
0.5199364230071329
0.5771297902139106
0.6127186307281008
0.6358550474040969
0.6250131231306854
0.6554068506315135
0.641302036787783
0.653836776368507
0.6535867254366189
0.6522111619304758
0.6530302506833289
0.6475649500002424
0.6483211105608535
0.6522407355645039
0.6462903680299406
0.6567682851731276
0.6550737031329784
0.6365615092475332
0.6411244305586538
0.6371390897309991
0.6305688597438176
0.6181987712382299
0.5802527096468577
0.5707198601744748
0.6172223687848799
0.6450466003147299
0.6666087703381512
0.6873093649791661
0.7375254832586225
0.7263842604413033
0.7182518386783603
0.7061767689697988
0.6963909497796389
0.6902465292686117
0.6975610090030173
0.6925199385989458
0.695719011705601
0.6957425109668114
0.6798030299081366
0.7042560907738248
0.7110008125939611
0.6905494507171782
0.6998371487579965
0.6974592731463077
0.6726962466984254
0.6814098731159839
0.6789901140184313
0.6924287704690766
0.6905966284686599
0.6714038620108168
0.6858709763370648
0.6949482474285478
0.6872581512380858
0.6839694029545765
0.6803269460328747
0.6845424163352697
0.7001717525826956
0.6781069476674815
0.6788975210288746
0.6925150109504473
0.6817718456078307
0.7014828881120734
0.694396962636657
0.7026546195175265
0.713572215724357
0.674798569528704
0.6946156615986483
0.6915401514278491
0.676543758617906
0.6789325477691666
0.6909629146694987
0.6759490973871379
0.6808698603217846
0.6744563979621956
0.685640216695213
0.6791035580168914
0.6715757416794523
0.6817795177599753
0.6817905201972698
0.6618413154594297
0.6537520146539733
0.6572813860353353
0.6648085996450609
0.6720193950548841
0.6772524096933127
0.6681686276689804
0.6680042380562303
0.671072802583731
0.679127415736222
0.6704810316358679
0.6620910051721103
0.6738090300373265
0.6650947896802526
0.6551577819721007
0.6678742545188605
0.6700874448612228
0.6794608791460218
0.6891739144309643
0.6754105789795565
0.6815117119494325
0.6845124964725455
0.6746124446017514
0.679831547149183
0.6728741122581207
0.6727450966319845
0.68448881798227
0.6937070764820232
0.6770158374694508
0.6909640618097883
0.6932525998983522
0.7125322303696774
0.6771562013456088
0.7001264262423497
0.6869129796865431
0.6982269611859965
0.6780369830846326
0.689500936434848
0.6976366136642139
0.6855140203914455
0.6905966284686562
0.7015300658635522
0.6943123943373584
0.7069232534624681
0.7288284104589705
0.7294198162233173
0.7217887710761386
0.6714908067630269
0.6409410281795815
0.6233105534322665
0.610583020910861
0.5608931164458985
0.5556268012657002
0.5982992899692708
0.6258363841634333
0.6229209547967408
0.6359430990357924
0.6362503093870723
0.640965957142251
0.654456892275003
0.642384520487217
0.6488680124967475
0.6417455620722725
0.6564212158595693
0.6545556306854563
0.6546622469017304
0.6612040540664068
0.6634435421879585
0.6736266937775826
0.6587910837362269
0.6498525946701491
0.662770529094543
0.6741143791401981
0.6672488802567933
0.6432565553905407
0.6534723491085419
0.6578589908444079
0.6487998537879826
0.6570580928320158
0.6541594439926842
0.6427458208836515
0.6508953005018812
0.6161065972360754
0.6455455383042372
0.6537336105023863
0.6682983934924357
