0.43900784094196715
0.27655389438764877
0.02764060649326252
0.035011940047092426
0.05363547363244629
0.04856104867015673
0.06810258795869525
0.06589588774478453
0.08080532764351575
0.09662784559692109
0.10561156394661415
0.1174963616028995
0.13089840802890737
0.1503213120300866
0.17855244527418526
0.18921032988766537
0.17080928393151548
0.22108392005347302
0.20341174672949294
0.20421490581251936
0.22625840869037858
0.2624229753294395
0.28162225272013897
0.309524768030608
0.3115127692825257
0.3732818036592133
0.3428018993272865
0.34707695387374154
0.3415268487807606
0.3630946715279242
0.36713738314818484
0.380187312379349
0.3909354053704654
0.40199733334971216
0.4111095422837571
0.42045303590143535
0.43931278181892636
0.44736758092587603
0.45222770953289027
0.4658227584358164
0.48859945581385594
0.49423651381805145
0.5089788351129884
0.5202532969341
0.5301041530586118
0.5438637775287456
0.5569620316516845
0.5641418556816129
0.5712421293920774
0.576203551897871
0.5940862275119914
0.6053074575972207
0.6011176837799
0.6066556824528149
0.5938057470820772
0.6023757002578553
0.6269964065545786
0.6339626605313307
0.6431513612420582
0.6530871644376747
0.6609179796579658
0.6751887519898868
0.6836661933606843
0.6933127156245663
0.687923376344944
0.6447146675174996
0.6288218464450273
0.6627875453675063
0.7025651938636958
0.6924569089370831
0.7042869040935265
0.7117323889993346
0.7117255173978193
0.6991419859898922
0.7118378635747826
0.6778220304650663
0.6512888707572382
0.6775383978225281
0.7223289950006418
0.7379000888624385
0.7380729735362328
0.771289192041875
0.7793376769642634
0.794281230849883
0.7450125642326617
0.7204621548647008
0.696879885161214
0.6639232888319344
0.649889226126359
0.5532315091458948
0.601286189659638
0.6356736567205926
0.6698134386499802
0.6727920704149903
0.6790155259011128
0.687496360662586
0.6929708997285378
0.6996623384992542
0.698345628374598
0.6912259958397426
0.6955410047749931
0.6959499757892615
0.6899990827969381
0.6930475768018213
0.6996005570313293
0.6919577579992221
0.6865637625343208
0.6808592228503513
0.6771179928898082
0.6573343255756531
0.6519002180397613
0.5856384705604223
0.630016241716212
0.6544234447900654
0.6822819520630249
0.7208152349407441
0.7449479270893261
0.7966709797533752
0.7813913329313462
0.7795444079854276
0.7639219284835722
0.7522891843474926
0.7556659437847788
0.7390589272587832
0.7373845410346068
0.7488843631840131
0.7579828824136458
0.7671397437509142
0.7651698644107454
0.7618979878609703
0.7487264981401142
0.7468058772686726
0.7529655512305578
0.7292636850743667
0.7417916153448083
0.7445578749360862
0.7436732237911217
0.7423054350319168
0.7425525609036195
0.7451966590415041
0.7368553936135733
0.7391921676961801
0.7414938033466305
0.744500061364421
0.7428591526021169
0.7350857089321675
0.7368314230631539
0.7409166730052326
0.7541957785939003
0.7546095072668301
0.750066206801466
0.7457361580057178
0.7627620689363235
0.7710162911217128
0.7651532426995021
0.7489633122093616
0.7651339736474613
0.7555407048255477
0.7419392025836573
0.7374532903838329
0.7339531671666917
0.738733520317871
0.7306869043258487
0.7279962926009924
0.7188525332309261
0.7238105985280013
0.7157173818941208
0.7279110868900344
0.7128385435727239
0.7033656314183134
0.723005126055357
0.7106120349333039
0.7214112305297791
0.7061261741750012
0.7081808845433455
0.7141944298581017
0.7159374708728097
0.7130697461244263
0.7048787983599849
0.7179019237141475
0.7186138161769792
0.7041554100074398
0.7201636597861311
0.7201685874346312
0.7266976495778462
0.717919027834718
0.7109900198533677
0.7486792820900464
0.7236286505562187
0.7189068343807709
0.7289777053775737
0.7242124919588522
0.7381541083096103
0.7334699221782727
0.7437958745375787
0.7353277907073715
0.7509931965311664
0.7442464940868091
0.7511070382227946
0.7522552406184747
0.760209672129093
0.760842269753852
0.7661181842296738
0.7456952790111668
0.7557019408625056
0.7469566305200648
0.7375073442516755
0.7626498662791384
0.7528051752747513
0.7575324106906948
0.7568148781495225
0.7741335963421242
0.7647026247714462
0.7845471920513707
0.7839699521769509
0.7244294886058082
0.697306584851834
0.6701299554523459
0.6507973833640405
0.6232956024966495
0.5505800932435744
0.5981426769264099
0.6229646687343038
0.6361558367400018
0.6484046727741237
0.6559688792634369
0.6704565889254497
0.669152046683333
0.6780421852127513
0.6884805166365271
0.6717351587705248
0.6889451085399456
0.6683060190384006
0.6910083492268713
0.6894342343482543
0.6838682880672042
0.6808222616150817
0.6843113595051944
0.6881255168664607
0.7087347849529384
0.7078040334828676
0.7016462326480287
0.698348883841024
0.6979624509021306
0.6893152604219874
0.6909689950545229
0.6940205152162581
0.7013532227595872
0.7224639922966216
0.6995642400529881
0.7632687271723255
0.6849360316833307
0.7021193920564059
0.6847134693493773
