0.5819633982511484
0.3699605497042904
0.023601578218371437
0.029741326562291004
0.046146397610552635
0.044746899350481324
0.05539341061102335
0.05345775594642701
0.0725062021536381
0.08665776471855315
0.10258865831046834
0.12679515629869753
0.15867693959486237
0.1864383143285285
0.2352866835205042
0.25657111150075634
0.2515416874545111
0.3556528940451128
0.23218983688286865
0.318360832541663
0.34491538486644163
0.4083226316513081
0.45557003237216614
0.49837203352240866
0.5267738905596138
0.5756300374551222
0.552289980526339
0.5721572280948014
0.5640964430967877
0.5849600314542618
0.5998546884074856
0.6062845169969252
0.623933191059682
0.6297922034922874
0.6475360135811798
0.652610438543463
0.6700305583472254
0.679014276696915
0.6896623060133937
0.701665738957026
0.7095745341094764
0.7240367207872217
0.7374289119162248
0.745371061626889
0.7515488366961284
0.7604374190196804
0.7729498866522239
0.7816815514817136
0.7922443000690529
0.7996205612713853
0.8133490284071658
0.8161391304995504
0.8143747558581251
0.8189275604098573
0.8142003249939141
0.8169111322482294
0.8287739235963202
0.8465104895181311
0.8524209280156911
0.8601337299638978
0.8695995461766124
0.8827453459700112
0.8942600176201425
0.8987354279253771
0.895500989513195
0.8520749563844804
0.8429716622508552
0.8661458577005143
0.8922512983938816
0.8989652013767264
0.8925006850169002
0.8969813035321953
0.8931066736932948
0.8865129104478143
0.8760916236046714
0.8501626617171962
0.8005565150551514
0.8123137603850511
0.8289945819705019
0.818621366803293
0.832989823482761
0.8174629586457755
0.8576369221238593
0.8883765837893397
0.8905666488502305
0.901916009345172
0.8973734216986885
0.8887774185616573
0.8637327680756084
0.778500578792529
0.7963838198975269
0.8488888413153318
0.8811641529304062
0.8726218693177942
0.8794589732619608
0.8810519533502228
0.8791118425697356
0.8901967729624471
0.8832328985150495
0.865910187797645
0.8852231728271851
0.8826692830669359
0.87813231970327
0.8853444627028175
0.8858785085607722
0.8827667186294144
0.8774344186998406
0.879541759120912
0.8733780298784042
0.8685504239108125
0.857744069080672
0.7978119185321768
0.8348567998805023
0.8679245191564037
0.8863329284029945
0.9046163031608853
0.9257248497668193
0.9168345545298553
0.8684004534750499
0.8365941354020456
0.7586774446049516
0.8111259036815279
0.813483939273602
0.826125675198445
0.8224252327235099
0.8364123074698675
0.8765997425578409
0.8680871297505507
0.8907407684301272
0.8818217412020612
0.8741162385339809
0.8941326701825514
0.8756602192352126
0.8838965592936601
0.8713645445006463
0.8712285269058099
0.8723136512127793
0.8963330386926692
0.8809630474214719
0.8635481257381106
0.87026282380728
0.858381909113838
0.8603012546310418
0.8529843902847172
0.8643610241066039
0.8490100192316289
0.8701357037943747
0.8666336192968671
0.8567310108325801
0.86455615228871
0.8699566468922963
0.8775678916362215
0.8739556308630428
0.8853590402169527
0.8762618489054109
0.8905407995055113
0.8862180401740561
0.8760424125777678
0.879186386741883
0.8725421165740415
0.8811606317341656
0.8828058304978159
0.8965544525306565
0.8706880530317432
0.8931678274976865
0.8870537680023145
0.8800305355806642
0.881761030622092
0.8733399245099165
0.878924289376917
0.8783901721424523
0.8895702156230224
0.8769013347337997
0.887639572427919
0.8851474641355944
0.8837171682770846
0.8763425771171447
0.8750210530899852
0.8792775360237324
0.8621980080754124
0.8734835626651576
0.872478604050765
0.8733042249568389
0.8588404549947461
0.8623013427651227
0.8737116282354018
0.8708160016190928
0.878599540849223
0.8829884687066822
0.8667821303779044
0.8610758891914868
0.8780471516855298
0.8565030074286325
0.8708851123026594
0.8724710222299569
0.8772551114653288
0.8681507553821242
0.8779649685542933
0.8635661863610158
0.8566026644787592
0.8677818028856723
0.8740649566995656
0.874677656342265
0.8550969081015733
0.8565685567593744
0.8566066242160237
0.8490101638511972
0.839477330015331
0.8153600877919985
0.8044017431162932
0.8055397687529058
0.8152534821063828
0.8243198182957703
0.8707860118240746
0.9106911956490829
0.8958507431827555
0.8807728272078128
0.88262658312084
0.8602334589379409
0.8456412673190502
0.7721516552176875
0.8128441186055836
0.8343543398041171
0.8497409319821657
0.8405476952972624
0.8489854403930328
0.8481992307566087
0.848858838979432
0.8459976481079787
0.848739081345441
0.8436546292467373
0.8515918513089002
0.8428247795650968
0.8543858869362504
0.8437360959838219
0.8386381717603254
0.8352182705611597
0.8420848004402627
0.8470307348181948
0.8526707024760893
0.855594681889456
0.8647318622333369
0.8712611687519438
0.8664284850644141
0.8759490375163062
0.8872215295090157
0.8811481832083979
0.892447751919934
0.8909274373536866
0.9000732027289735
0.8160554414852786
0.8607411745049717
0.8642290178868738
0.8786957819824702
