0.5380555532219754
0.3528871834595633
0.03577182799118121
0.0467307710663075
0.0658662223100241
0.06385654739143236
0.09603502849391816
0.0880378865256973
0.1001176419582758
0.12668832284570783
0.1447285282320972
0.16982750789587583
0.1987790571325444
0.21686763792828898
0.26945105901238164
0.27012745411442507
0.2790177420889357
0.33377895483927045
0.29164400394925816
0.31796902260748017
0.34103438353035975
0.35877592310625017
0.3855882723623569
0.41675489771382435
0.41942909494349717
0.4822199873652002
0.45512282836163376
0.45505013335413785
0.45492164276978575
0.47707885328649247
0.48628619824667557
0.49561710614270754
0.5073116317467165
0.5167376756688876
0.5272954966077276
0.5332261458052617
0.5433749957298325
0.5575567019776608
0.5687137659830459
0.5790195334016831
0.5913482399147962
0.5941826101049599
0.6116410121154353
0.6212239735316739
0.632661517966977
0.6399979136782461
0.6560391305936394
0.6618363615583243
0.670686661675162
0.6806326538258116
0.6850635676237703
0.6995506910678021
0.7097279679020849
0.6998791297723759
0.6948664862780135
0.7062805314521072
0.7166045038663367
0.735737262111335
0.7297497347848764
0.7310188659038482
0.7431194188723448
0.7796381786294246
0.7786915544970615
0.7835868944815795
0.7677283646043019
0.7302912298102232
0.7075343035464561
0.7309975699446829
0.7624277675660712
0.7612384543550583
0.7601242611356804
0.7586585744061833
0.7675619924839786
0.7542700280604732
0.7524440492092059
0.7209941763461104
0.678022021914184
0.7505670390179666
0.7530862869343098
0.7891642435805551
0.8023238045551253
0.8355759042360035
0.8673863390016885
0.8778511729718511
0.8439589228921512
0.8232130490845935
0.8052036881680146
0.7855909339855681
0.7633635505513977
0.6728981815168533
0.6991607055723
0.7535129799237432
0.7647960988210041
0.7744120094599036
0.782366360200005
0.7896706561239751
0.7888238562118717
0.7985299563529602
0.795472749172542
0.7866572494201496
0.7928968059573142
0.7976858228411826
0.7801038578948555
0.7960386376808752
0.8023107591560144
0.7949415011908678
0.7891945394332508
0.7901623780323339
0.7785400018093006
0.773545388572338
0.7494801236004862
0.6995005828582248
0.735874290455276
0.7691933097420587
0.7986494299407919
0.8094079025583498
0.8503138160927151
0.8872982620163808
0.8868523123686239
0.8593784786664267
0.8250048232909996
0.7868191246994488
0.7664254387740559
0.7601142825495718
0.7513280409109727
0.7543191531062143
0.7751244281645041
0.793237260044804
0.7886788328715595
0.7993342496103252
0.8058325709702001
0.7876914603899259
0.77300950315615
0.797602664780081
0.7839294477640185
0.765783775489504
0.7764642855478315
0.7659409643157628
0.7620225613772555
0.758981789727903
0.7516227030512774
0.7645209128022787
0.7593293520909737
0.7693491139513651
0.758845463909541
0.7597751975824634
0.7682870276693302
0.7593713212820475
0.7578811967317879
0.750720597132505
0.7792769053555149
0.7687218945775975
0.7971626995628478
0.8036996758073172
0.7944858320567553
0.7947479128555303
0.782672557331854
0.8115775419515436
0.8098457404676992
0.7978705814070183
0.8215420314692036
0.8058328344454774
0.8076370745779642
0.8092924858474068
0.8180095677648451
0.8145824091155836
0.8167165558027449
0.8190736625778694
0.8135633118402291
0.8044883871580495
0.7881032361627338
0.7985554525512634
0.7977887034594217
0.7920866085208738
0.8019166958088154
0.7986159757431753
0.8101453270586823
0.7993802457392007
0.7937065777103627
0.8061097250925627
0.79457704463112
0.7950958457192985
0.7892075563268648
0.8065894828216466
0.8067852957495925
0.8001927719674712
0.808395158313265
0.786370018855662
0.7902963514194359
0.8234075681341618
0.8077917551745892
0.7983912077040309
0.7990560127467105
0.7916975071943827
0.7936855140324774
0.7948166689506316
0.8159957068844296
0.7906825742621645
0.808019947550134
0.7979066680723487
0.8185678714430958
0.8105655244869142
0.7810902842731764
0.7825871985065986
0.7624378464082979
0.7530981260618759
0.7511658134895004
0.7595676871162675
0.7511774051296668
0.7622788336795426
0.7828974892392713
0.8247380334462838
0.8573472068556011
0.8657033193580632
0.8644002070853476
0.8221774089534818
0.7956273057779618
0.7756583365680738
0.7600346913581525
0.7328557365694536
0.664269943849142
0.7120085003432152
0.7330965939392451
0.7291867780927347
0.7310886579986692
0.7328027306874106
0.7325672655432289
0.7371000112825158
0.7395531305244581
0.7484767278809704
0.7506926118584814
0.7506641849487692
0.7597148090421656
0.7626727421681814
0.7597349113562035
0.7723375873663852
0.7717735376237926
0.7821098605265216
0.7782054947876174
0.774650612875644
0.7871552406331592
0.7945812988758915
0.795626522335904
0.7907201630842503
0.7939251617942528
0.8081557638829527
0.8032176510328597
0.802103462068777
0.8118863574993009
0.8153070245319712
0.8024310169180895
0.7746544283012943
0.7649070405032995
0.774299462452811
