0.2661728810896803
0.19908993259462437
0.010334194328346147
0.014619104171806806
0.021928656257711232
0.019660174575880738
0.02797794074259663
0.026969726661783256
0.03579159986890805
0.042849098434608726
0.046472983743598255
0.05302637526889194
0.06405494868992503
0.07886925256251405
0.10441528319636824
0.11230092490033083
0.08662113022089954
0.13027020761294322
0.12817650260804384
0.11768391138952117
0.1329988740501253
0.16894671258150804
0.18753663226437917
0.19571647923672825
0.2021632244940806
0.21624185129173026
0.21922463298986794
0.22120883740951242
0.21920192327244933
0.22744183813092536
0.23235396868377503
0.23811031294230064
0.24251838322386082
0.2408036205988957
0.24361533926346052
0.24811680439241804
0.25499097558200184
0.26884978830858985
0.27507560144634113
0.2806479178371492
0.2993366525932433
0.3141572083844142
0.32225424064835645
0.33811218291835
0.3494020326258823
0.3817284887330477
0.37831195391433753
0.38153635946390024
0.3892550950738189
0.40892831408725927
0.3921074640748236
0.4092107168888461
0.41234864939249266
0.41145348294158546
0.4051187013134444
0.4217666744054547
0.41713457501565043
0.4061603056520586
0.41823146987753634
0.41687027605488786
0.41917641240337783
0.4117025526384435
0.41039166443146197
0.40554233007599894
0.3852582330002414
0.34992759866857187
0.38607688396754153
0.40667337983943097
0.41462250992644656
0.4018063232386722
0.4010959886068579
0.3937338204492964
0.39235864159492523
0.4096379317234282
0.4441125575644073
0.4504660323679207
0.44703198296715563
0.44935731846841376
0.45062251371793355
0.44612383256098187
0.44484992099575693
0.44428403248742476
0.4429742233274045
0.437643514219772
0.41693755038828584
0.3936976615444573
0.3585894220428352
0.34047539356594464
0.3161174437481788
0.35182368539708075
0.40320344986010864
0.40546085289176903
0.40619739910969843
0.4123033441059576
0.4219570772040941
0.4067039447763679
0.4210453254274505
0.4205417169442759
0.41693977409670163
0.4121638414917098
0.4177206451454347
0.41858130663095283
0.4122757798917527
0.41659038045258184
0.4178014869508656
0.41902994863446863
0.406982130925695
0.42333307043876156
0.401831570820114
0.40260845292712416
0.39480135927008736
0.40486850636809313
0.32542440983201554
0.3368187479302695
0.34137035948238753
0.36700190168978414
0.39228409944443005
0.42259369688797616
0.43361304250843025
0.4325990163676998
0.42507876920567134
0.42519467406838013
0.42937459258870064
0.43179506411609536
0.4223974471036315
0.4259114134409784
0.4311897544197525
0.42557294021034436
0.4247216436235935
0.4248736334691574
0.4300814766642974
0.4257730675596251
0.43075235649577054
0.429901059909021
0.43202740704229153
0.4316245026578201
0.4371215425985816
0.437115475968786
0.43554630102813924
0.4346961434226845
0.4396705047103304
0.4386376523870097
0.4335681550732259
0.4317753535220884
0.4339536268262834
0.4303691627053037
0.4290039037811438
0.4256741428662788
0.4321843245363571
0.429121400087199
0.42817989512281146
0.42088398700111657
0.4262635306358226
0.4133185927278011
0.41422181548547493
0.4262722469515298
0.4292968891939725
0.431431952642951
0.4280551932056646
0.42414589981825884
0.4320831218804205
0.42977635799187397
0.4222295353312694
0.42813175761909167
0.4270246188449337
0.42873213966693374
0.4246337132085438
0.4314528022182498
0.4322510336527815
0.43046315975014565
0.42441880291376055
0.42393440646735825
0.4199917585217378
0.42215032123192814
0.42334880736502034
0.42282120106340165
0.42197483212515385
0.4232585989873821
0.4230868985478142
0.42148436904895464
0.4235822892725142
0.4240814686644205
0.4205614356972774
0.4310859020779012
0.42501197935050955
0.4247549981818054
0.4277709241085415
0.421427515229531
0.4251848187713732
0.4246659287854638
0.42196990447665356
0.4212137439160428
0.4209234081891242
0.42212189432221703
0.42188462374751723
0.4201153214575914
0.42324874369038296
0.4182273838803157
0.4131715305307397
0.41367563757114667
0.4132765218538794
0.41248700673505584
0.4112267391340391
0.4198632679373896
0.42713832648378575
0.4204613720226406
0.4214411591937432
0.4306151495957122
0.426278313581329
0.429246102004347
0.4297316374320457
0.4312106039950542
0.43182243278324256
0.42911127971620544
0.41576239508316654
0.3888266275568756
0.366467033975757
0.3579505266304163
0.3286231070690712
0.4044055474119414
0.4002478805722915
0.40310249480586746
0.4059434313768237
0.4067094877979793
0.41360328150246173
0.41175514843666555
0.4082936746809736
0.40340362621123016
0.41054941260485334
0.40312184733011064
0.4141209355988661
0.4029385470173266
0.4170683913293678
0.40443490523115894
0.40919075351127027
0.4049181791998584
0.4078566437624663
0.40021152666602755
0.4034847810077923
0.4050842409946858
0.4043645045042543
0.4061045157553607
0.4183567467527737
0.4148794546752021
0.4271623426277784
0.4143703557511581
0.42029440511811594
0.4210472755687549
0.3975463412601243
0.3547624293193902
0.48127377267670157
0.4597828601556972
0.43914782605721514
0.43361136492844016
