0.45622725691342647
0.3036278130441672
0.03353646362750977
0.044003530342535055
0.06438030419190292
0.06234163504507864
0.08497510618220598
0.0833937121370332
0.09920626365771189
0.1152084859365484
0.12943613246423588
0.14243475762298843
0.1559358176400698
0.170052307724488
0.2071033724332473
0.20954752245091254
0.20105294080807282
0.2527792718826207
0.22379268234873706
0.24086111966810522
0.26256016342426025
0.28739174224070857
0.31684415660827714
0.34293037110639857
0.34520378043672933
0.41008880441478796
0.37554647786860085
0.3900518744015592
0.38074446576673426
0.40493781503907705
0.4115344164195851
0.42377133127071037
0.43137614673203767
0.44379840598694154
0.4537668391562362
0.46342143733740143
0.4779268338703634
0.4890270440563242
0.4916809974912134
0.5074800161834051
0.518463174366363
0.5276371647683338
0.5418237986646635
0.5519491493280234
0.5630444318654825
0.5737832834991112
0.5815116618962879
0.6017142257192903
0.6077684378526782
0.6185498854020103
0.6368770973693805
0.6236186910903471
0.6304241361358439
0.6391508733168306
0.6375926119157515
0.6334821329365007
0.643380947335667
0.6677649683722151
0.6699753202702824
0.6809089068506219
0.6916008812482861
0.7094676369081822
0.7054557468722679
0.7188444171328984
0.7093575741490028
0.6775288110410715
0.6678666313143029
0.693890885362316
0.7193524116587956
0.7188076325440054
0.7299133565669383
0.7306545798887948
0.729556933822104
0.7296505129333045
0.7194238115421632
0.6886984837313282
0.6649881186911003
0.7190930150110535
0.7294509461468023
0.7435507526295627
0.7550233501745648
0.7765904214770835
0.7895786077330402
0.7968961709522953
0.7654122677582108
0.7402006723736533
0.7151762776989943
0.6991115501434902
0.6821730624346485
0.606619680666639
0.6347004962472547
0.6761686474292896
0.7058345753903318
0.7231475438842307
0.7131480961775157
0.7246193794764717
0.7096580964906679
0.7044743257649199
0.699043471748379
0.7466836398119958
0.7334199392673455
0.7311514575855135
0.7436589975695527
0.7067619948485523
0.7195975369771368
0.7095017040383855
0.7293948490368858
0.7150663223743222
0.728188614288304
0.6929091439114476
0.6806438293250294
0.6276254843114095
0.6622226208352897
0.6801392384086276
0.7116021077801608
0.7371717553685618
0.7599888072363526
0.805094064360039
0.7993846779654705
0.783145530924654
0.767179117342885
0.7639734652100503
0.7592063643030482
0.7440346697743907
0.7285111291600149
0.7529083041175177
0.74861209176424
0.744157312087951
0.7625670743598176
0.7649049955827204
0.7421657095568872
0.7465973357846873
0.7509008867677938
0.7394025341737093
0.7464278097728498
0.7464453001989217
0.7333986264341802
0.7288290051466213
0.7295018140751655
0.7309234017769671
0.7460299009466109
0.749214370336821
0.7422475306547275
0.7452929417337405
0.735973472419056
0.7405534893529536
0.7457971412451629
0.7383004215383814
0.740711126666505
0.7436988772006123
0.746613176972758
0.7458176302226628
0.7555505884254743
0.7651570491029259
0.7581480474105701
0.7548472888522115
0.747853892404435
0.7502372342633156
0.7583255389635019
0.7360146434750777
0.7416589979441696
0.7396972589504388
0.7530751921757209
0.7379496099084977
0.7635869198079493
0.745880851335345
0.7384604783202149
0.7520834290910731
0.7343436549917817
0.7339504204723287
0.7372457767454191
0.7323789224554911
0.7351104777419821
0.7208243052127942
0.7374598375462325
0.7284488394271211
0.7253365662049254
0.7350085888585072
0.737058371578349
0.7414118157470756
0.7434282439087024
0.7379021631187143
0.7317036400172959
0.7265816914908065
0.7490211804718405
0.7292950981070994
0.7281206362770029
0.7331219107169455
0.7585908803365101
0.7458324131681618
0.7597503947771216
0.7354897905421739
0.7428616491377888
0.7438939919679715
0.7461423147884376
0.7491341275144513
0.7532119222003979
0.7487205690993874
0.7405371305127498
0.7465721643413981
0.7741097975063216
0.7696696423508712
0.7439313216699356
0.7542912052358721
0.7416010357240496
0.7458082999674418
0.7258945870773343
0.7362583396601705
0.7366823713393286
0.7496606638055632
0.7640310380169271
0.7653748314701957
0.7822023080379881
0.8038997025561448
0.7833593022381421
0.751821435507544
0.7140149058279271
0.6964194026552075
0.6797747683735245
0.6523655160908337
0.5879874307655808
0.6203091805278732
0.6439647513522607
0.6535413488814139
0.6614870071137018
0.6682823822997153
0.6582983958539201
0.6674622891765605
0.687472895208299
0.6942858127884587
0.6907190849466864
0.693386882379237
0.6905307009054603
0.709676221518485
0.7082834294831921
0.7091347260699408
0.7048480329086826
0.7255240189348275
0.7180241947966453
0.7205316192352544
0.7208422755313796
0.7275320711955645
0.7285443013390419
0.736022119169034
0.7348949397836655
0.7274121061135265
0.7183567878740268
0.7132192463933811
0.7354967571320294
0.7261591943734451
0.7357768916070754
0.6860482047575618
0.7020371212483991
0.7255226770168383
