0.42222025548410663
0.26815272991970324
0.01931791267803913
0.026817736816221682
0.04345819679816181
0.038226854341813964
0.054929095791675486
0.05291266763004786
0.06684232035767151
0.07988732194033378
0.08776769018307301
0.09712702498881906
0.11133715814635892
0.12872885104040713
0.16090149324883313
0.16814926386681545
0.142563367741887
0.19420591247390762
0.18368144609329712
0.1755539519788637
0.1981436327710499
0.2346913932005573
0.252211576678955
0.2768461125424833
0.2838418296402662
0.3435720029956736
0.3192862399628208
0.3153786187574898
0.3123288050717582
0.332075932558854
0.34108807781826017
0.350637684676286
0.3651583973555321
0.3754308102159559
0.3827004968107996
0.39728624642439614
0.41311933210464424
0.4205231285577893
0.4279843246765359
0.44423983794720157
0.45677456736933264
0.4672152459738417
0.48276018775311946
0.49322048805390317
0.4982891217606675
0.5147205172397744
0.5221397201705338
0.5474351067373822
0.546282787702987
0.5499350599953715
0.5733515393347505
0.581981400158885
0.5790165005851726
0.5825362471434948
0.5782154692543646
0.5877563248496442
0.6026351166230278
0.6121154304343451
0.6214927003984078
0.6239922863677011
0.635579449752172
0.6485217748225013
0.6591654485772946
0.6572331919672966
0.6521611724213199
0.6127117232195661
0.6058513232898001
0.6455481933173202
0.7056101232512195
0.6842703440618992
0.6904479623360869
0.699798310868085
0.6966299442018993
0.6874625639169549
0.6942693655409198
0.6704276040058974
0.6345466544617203
0.6845825406859394
0.7133361583062918
0.7305892199741362
0.7510212616741458
0.7610798370397054
0.7652578782373741
0.7727940002169819
0.7367273012114476
0.6979614937386952
0.6746001683063801
0.6379626088337761
0.6050080882557346
0.532498659552942
0.5603330298724092
0.6148431184903911
0.6354841854590412
0.6567489379328239
0.6588365899630434
0.6677547598282675
0.6811553856670416
0.6771819774039447
0.677726558477017
0.6749435081463951
0.6722534697286509
0.67256730471678
0.6752289162248124
0.6798787894834184
0.672262886651376
0.6811444721274759
0.670647918332837
0.6557734618914614
0.6480686606755678
0.6351654228224102
0.6117655072409429
0.5665945212197028
0.5807976329872427
0.6162769510662608
0.6556784599956026
0.6934206823084718
0.7371781049973012
0.7810586233579616
0.7759541175142988
0.7730538811440645
0.7668984581957414
0.7570350163495874
0.7585473374708112
0.7653922118633176
0.7636240386901775
0.7681293931491573
0.7701791427741933
0.7526917176028197
0.7703043901825398
0.7576446035553547
0.7465926180941597
0.7632050430143619
0.7469126157670967
0.7528267934867304
0.765264037992979
0.7499116581614358
0.7625120398910287
0.7492408083492004
0.7488087742177746
0.7522391320080607
0.7501169305665142
0.7493345524657431
0.7430510811126471
0.7518557460419317
0.7484979929278074
0.7469917901408848
0.7530245228574386
0.7539492447080197
0.7592546071076179
0.754154891700299
0.764219131850518
0.764947577931259
0.7711732904707619
0.7766724373040562
0.7646622379461796
0.7555720546911214
0.7429076193172768
0.7453761695546768
0.7487379408319043
0.7405688650828444
0.7423748368510023
0.7346691123073491
0.7436082374395843
0.7300623564610528
0.7263967408868036
0.7153398631733955
0.6979569123719955
0.7199396920244915
0.7052587190357673
0.6971856488343239
0.6826499793784256
0.7202458850936655
0.6859529018181623
0.6874143550110257
0.6834684515989805
0.6919816059684771
0.6959945169896622
0.7046443439444952
0.6742861429782857
0.6899202775929224
0.6966805001863093
0.681149631683784
0.6986754694532509
0.6995110968335073
0.692824143292228
0.6845702453320679
0.6991776554411332
0.6880869685786054
0.6983850876994578
0.6965743591543608
0.6985614061889146
0.7093861813208538
0.706505156593797
0.7260413674545789
0.7170911158790423
0.725136791905601
0.7255650166449873
0.7342095532815451
0.7136295031543567
0.7312299652257537
0.7353001163675899
0.7277434384099839
0.7325285150334875
0.734961113569382
0.7454709341274315
0.7411900568214014
0.7424562895090894
0.7399474295096997
0.7356807454662232
0.7429281702714767
0.7536667537783162
0.758341531922127
0.7724588928610557
0.7714893809645068
0.7578215729584372
0.6972847547591282
0.674092182073589
0.6305894518538422
0.6260429330202939
0.5928774329758942
0.5382539766056095
0.5713790283437424
0.601893236487841
0.611083923232544
0.6249273705536909
0.6483055947925117
0.6366033521361141
0.6476456107672645
0.6539265003045576
0.6575214564581777
0.6556682408007317
0.6550690362269024
0.6580114651006176
0.6590411853836542
0.6643691035391759
0.6593085017701571
0.6479073241685149
0.6499090360871979
0.6408650292225977
0.6358637247713639
0.6347699586153349
0.6456845770751232
0.6659302966305908
0.6659620876609552
0.6709983467648093
0.6804916720141602
0.6801316140644729
0.6753743895707817
0.6904247657381476
0.700042095092043
0.7790298913255018
0.7099176622329416
0.7015106080970638
0.6964074116839226
