0.487317613470989
0.32756040222173516
0.042306740520270746
0.05453202400408194
0.07466493469565592
0.0710715358999658
0.09877281861189201
0.09346678395764121
0.1078344015420641
0.13110138276724292
0.14117462803062092
0.15328285226394386
0.16815680847393386
0.18773177857301585
0.2178285943302053
0.22523653790867434
0.20753689886083163
0.26392515885658324
0.23660923279767967
0.25010859166929206
0.26772065570740633
0.31008941448961314
0.32801407604423954
0.35748136368863787
0.3585246045097414
0.4259661679339581
0.38563918798572744
0.39983189667085317
0.39998881416491655
0.41805138689044186
0.42772455668431697
0.43063056363940877
0.455084682747662
0.46413018256527716
0.46942330648955166
0.4819407017705984
0.49719240356716504
0.5035604506886812
0.5092959001854394
0.5250566366709158
0.5453707027499081
0.547919664861656
0.5619160267057077
0.5697061865708088
0.5874499966597023
0.5924944114279305
0.6120025961582467
0.6193788573605786
0.6366901971739933
0.6398149030910766
0.6405475643904753
0.6605376151760051
0.6511164989023346
0.6508928722918409
0.6505741096552108
0.6472974138925666
0.6660104226213245
0.6907100635125369
0.6856719027621679
0.6913236475666479
0.7107873714132218
0.7158493618310423
0.719996493992459
0.7193817241003744
0.7187360525602906
0.6963818189835457
0.6673820991483453
0.7079533483022711
0.7278108460107091
0.7254598408097669
0.7253756640633983
0.7433325049840616
0.7404560793264601
0.7423676953940043
0.7284580864277116
0.6979947899678733
0.6826049423233969
0.7277127071843013
0.746222204273304
0.7642809325287041
0.7792891097327169
0.7863495860454541
0.8041697813187173
0.8004507599835871
0.7744550219898944
0.7496738736302654
0.7339111055930789
0.711384566999475
0.6982410878417499
0.6088666100844577
0.6526942708639517
0.7045165880147531
0.7237912728484172
0.725655341732134
0.7296120683524158
0.7315005309714744
0.7352231535857521
0.7366279889026833
0.7280702163387125
0.7481020098737675
0.7366050477780655
0.7459310280255985
0.7448253141111205
0.7409249458690967
0.7386444170643129
0.7400756241196231
0.7291040764995872
0.729723217548196
0.7299142092777994
0.7245379696649528
0.7139377042884261
0.639924822062704
0.6816337880833154
0.7047292064892021
0.7241053188939208
0.7392119307480204
0.7618324479976482
0.8038827899559496
0.8033436561752546
0.7835989133000753
0.7718564294214129
0.764622302767642
0.7405880682132253
0.738421930513743
0.7366844898290129
0.7488917611031979
0.7357034724337719
0.7515051812083141
0.7412562676090999
0.7366241682192946
0.7458851115324798
0.7455124047301239
0.736064444831086
0.7261014643520739
0.7370198546389868
0.7359136021258165
0.7396166933751469
0.7340384241013341
0.7333241470265852
0.7441371866207251
0.7369654553743914
0.7393994042823323
0.7407167380266438
0.7420963379383696
0.7330078074945934
0.7494654796662477
0.7400045674284478
0.7354154034576471
0.7385831743621916
0.7340369642431259
0.7426116712362562
0.7456419535570437
0.7445329633717481
0.7555550258599338
0.7549435428844657
0.7386278771704258
0.7557704888933997
0.756365004344895
0.7612280145537332
0.7505294703691028
0.7552482200149235
0.7420009395993221
0.7412245352439245
0.7613893419019996
0.7573639770682187
0.7410557498559649
0.7389555411657013
0.7445625000781091
0.7456678681798667
0.7568095702987635
0.7540255429951718
0.7608475873987849
0.7450414356752323
0.7452601346372237
0.750805312081705
0.7483066928565331
0.7496190658575299
0.7569067019665722
0.7501012569210719
0.7518436252543099
0.7425176450067715
0.7573302766972818
0.7572603121144337
0.7411207037064702
0.7568298140935475
0.7491978980918668
0.7589361048200914
0.7578046736161521
0.7456478117731368
0.7558608069731594
0.7570505014497233
0.7386196037241668
0.758658650222534
0.7471912694243191
0.7441955791333693
0.7494667870807797
0.7504159932758406
0.7429101608934598
0.7549798266342798
0.761423388085661
0.7433035249806846
0.7579450316784232
0.7377497801158345
0.7423104219697735
0.7427919141603815
0.7450809926972102
0.7465093317076076
0.7361286736063593
0.7442583785015633
0.7489794642038666
0.7596049540113676
0.7684376976005349
0.7771247277151213
0.7931502754240206
0.7955551684922298
0.7459725394964304
0.7162848725489706
0.7006989543492128
0.6844481088134051
0.6723422736242507
0.6016214033074596
0.6572503740396355
0.6774290647368263
0.6937354386883664
0.7139945373034569
0.7193020453728238
0.7180600285076035
0.7232328449624527
0.7247475371386841
0.7279030545773979
0.7234539581369773
0.7196427104294115
0.7344353314533985
0.7437226836814907
0.7341167407983422
0.7428153968823397
0.7445996487014347
0.7444870065526353
0.740202096709173
0.7392937670739406
0.7499751509486327
0.7508536369734687
0.7384714655962125
0.744337790289239
0.7459126302440373
0.740020781047512
0.7469094960748314
0.7422301981291521
0.7512857198274376
0.7285411603403796
0.716970150383296
0.7168178355293987
0.7258789818995409
0.699094427659955
