0.6425170876523164
0.43821958397207994
0.051934665168440385
0.06452393388893762
0.09254143309738402
0.08382518873108892
0.11102034106566903
0.10561466806006399
0.12195135110709546
0.1415551336062711
0.15448375326325808
0.17459802082345208
0.20671443882647758
0.23611442120417914
0.29379431784270127
0.31325927092280825
0.304114280341696
0.3868903018974666
0.2766676305607372
0.36359419163139484
0.3806061242022903
0.46931618905291633
0.5109660071072567
0.5513461116719276
0.5576565780492051
0.6211083230238035
0.6032794268413182
0.6278750361616251
0.6281019390429352
0.6444870692338517
0.6521718919630844
0.6601761689543959
0.6678504239567876
0.6807877037916662
0.6914515742962102
0.7067207894629238
0.7178062167033821
0.7277030131077483
0.7357971526639752
0.7551150653420154
0.7564704689691719
0.7713131997514721
0.7829410162390515
0.7943167792064262
0.7979690914251287
0.8135062013001163
0.8285058495764815
0.8364764261968594
0.8490173207391137
0.8567691983975008
0.8680372396170928
0.8698621582548204
0.8733909075376705
0.8721904034097783
0.8658638939613985
0.874111695545268
0.8871115373712489
0.9034086334701038
0.9056547668723308
0.9209364165835083
0.9319943097328565
0.9416884705892449
0.9548779824402858
0.9472289838578285
0.9444641766727233
0.9177137703689486
0.8910590422347419
0.9280759740017982
0.9392847790556006
0.9457198061125661
0.9584020122287628
0.9604037929524167
0.9573100122214032
0.9426519197075613
0.9348605632501122
0.8833438567048538
0.851315519948534
0.87336164706247
0.8897259556610277
0.8946695123880158
0.9082586408223337
0.9289635899036727
0.9345690578547924
0.9546574025540779
0.9679077218634037
0.9562913575140854
0.9490607423302199
0.9407976270681802
0.917524723322908
0.8247430209063031
0.860804072715556
0.9078644446911107
0.9187545976530621
0.9354178944823469
0.9297033801193105
0.9344889787943997
0.931013972671703
0.9237451712932877
0.9324037763477424
0.9442941462791365
0.9357243265922129
0.9346209764852597
0.938116371209897
0.9318045332811971
0.9374178428522077
0.9301441044722435
0.9387916706303326
0.9301773205327285
0.9347568699478761
0.9191244405419203
0.9021957043107802
0.8526587194182461
0.8907329761608523
0.9268977478330714
0.9489844815645855
0.9549086148203982
0.9701666732565615
0.9720607326293298
0.9418766748626362
0.914691470877368
0.9072020501100654
0.8847152517567548
0.8853740636608846
0.887692180491281
0.8954275281404687
0.8937383379538607
0.9143651775201939
0.9311088928071488
0.9559190800242693
0.9303681217419065
0.9443528503690679
0.9429673299617988
0.9410602317681122
0.9381379281101002
0.9323378899463572
0.9532611358969867
0.9376167404182696
0.9393741450387163
0.9341329988770953
0.9377962615253863
0.9237118919528883
0.9184812565093123
0.9160578675239027
0.9224645848297925
0.9010122308012805
0.9092107471395711
0.9074266421193624
0.9282710909117008
0.9238194039594804
0.9175105688998936
0.9335792258589476
0.9359085299625541
0.9407717348069324
0.9547353768366799
0.9530677007013462
0.9366450688268869
0.9409454740456944
0.9331630417806693
0.9424899953373492
0.936701990181515
0.9398995459574736
0.9324342980536069
0.9347535587660681
0.9396846538731002
0.9413781168248355
0.9480876574443263
0.941396594264905
0.9334987126520197
0.9322067418704725
0.9447733099537273
0.9530195282532518
0.9438283961071221
0.9325741572763998
0.9310525058999576
0.9426136132711141
0.9359170371136916
0.9315733865186654
0.9290391184546887
0.9411376874244692
0.9447060808043912
0.929863350022085
0.9403298154429942
0.9390349766165319
0.9428502811180915
0.9314079624500815
0.9265741732310417
0.9378613111051299
0.9330766760235844
0.952401143382947
0.9460013930808956
0.942271329825147
0.9361071779157208
0.9434249131165557
0.9503431605850928
0.9334747277113401
0.9428646866506588
0.9313510283079002
0.9341476642772105
0.9361161361559195
0.9404320367500703
0.9601071608551213
0.9425978909162841
0.9323362458161569
0.9362309146827253
0.9339214131220531
0.9169781084659684
0.9078953997977065
0.8978869759262218
0.880901127650943
0.8718273646231861
0.8741921438333718
0.8894195232519475
0.9297223838321932
0.9362067996324257
0.97746478802761
0.9611214993247332
0.9529928017446002
0.9358781536128682
0.9207223365713589
0.8945767028803769
0.827811470483792
0.8598197965956624
0.8777875025383108
0.8922891115205381
0.9025895995466494
0.9104922235979837
0.9116558194782945
0.9066149905827321
0.9314810331274421
0.9305956505978195
0.9330355027020182
0.92646629079305
0.9338169479813228
0.9231010832125178
0.9379878425758222
0.9270259782712159
0.9322493930940356
0.9402883388896075
0.9351854870176097
0.9261601406634481
0.9331443784485434
0.9343232220809679
0.9420676366907919
0.9474265780725953
0.9428216021672241
0.9381714944091057
0.9490126719477169
0.93793104699198
0.9504984248519065
0.9587997697568101
0.8837870247246256
0.8970171340315871
0.9165065814770493
0.9117604053025629
