0.4402010764716343
0.2878337540709123
0.026565683296022515
0.03488344946274218
0.05350698304809622
0.04884152910007362
0.0703327874338166
0.06771711620563724
0.08057677338452579
0.09711716969182681
0.10653828596550081
0.11709610690434068
0.13231938179119832
0.14917854073512338
0.18141789205997122
0.188732371794379
0.16979007557240414
0.21882680437325686
0.19803485278069488
0.20493050620382694
0.2220132917582486
0.26500566372272144
0.28640178603032485
0.3110461771908553
0.3151123880723282
0.37637124877881095
0.3467240694209227
0.3460963994446629
0.3448645587533572
0.36679814265957167
0.37316618978108995
0.38299627706903094
0.39768209035726726
0.40984244079496546
0.4169666484770956
0.42449982717348966
0.4353507142638897
0.4502678122357607
0.45499504765170384
0.4723676438912606
0.4903793486884257
0.4930169358934646
0.5071667805360982
0.5227948793118998
0.5394429973669829
0.5431675476447306
0.5535265676036434
0.564128290023147
0.5757581245055268
0.5929278557236759
0.5911831862783475
0.6060499621680357
0.6088843323582008
0.6128183208696546
0.6003571766803176
0.6160999442808028
0.6224025512900302
0.6422417822012907
0.6403279116044649
0.6467028593192168
0.6661904197128471
0.6872302404958549
0.6815553656709981
0.6894406801042211
0.6791855459369414
0.6470490880330462
0.6323249655634996
0.6674158845005814
0.7064861260767308
0.7026081172670083
0.7147036808015825
0.7151000193442398
0.7095819324726629
0.7094885404595309
0.7138901779932224
0.6720124201833158
0.640845325269721
0.6794170102660985
0.7234147673306669
0.7491744109221506
0.7516014174288428
0.7693855844258267
0.7896932615645134
0.7970682917376941
0.7507925799779073
0.7301879795380843
0.70124812660277
0.6788263403493209
0.653879380319196
0.5584353051387949
0.6015370662648979
0.6567266189743477
0.6617483793361275
0.6680367021729052
0.6802326386697872
0.6847661259273027
0.6887515857641203
0.7047747884755027
0.6983996873625968
0.7088650259097652
0.7110066891893223
0.7097130670300907
0.7065347627600069
0.6997835178994655
0.7031722589766434
0.6909249314198134
0.695027374226611
0.6856843698719537
0.6674675581981484
0.6684920429136995
0.6378794587785013
0.5931535834128191
0.6262291568656663
0.6660782782641639
0.6970750245545885
0.7217480879746463
0.764288266505324
0.7984675680499081
0.7807871073067998
0.7799024769662299
0.7717256982077787
0.7673172254284645
0.7565073509694203
0.7587299812691264
0.7522048526631836
0.7538713320582247
0.7520378149659114
0.7687502367211108
0.7724106417234065
0.7697117731564171
0.7713737432597558
0.7608081908986846
0.7582139543745403
0.7605458769716434
0.7597391104065437
0.744767414792153
0.7335518247852649
0.7428955011261936
0.739917235307659
0.7318848772193558
0.7576349127674312
0.7436999865785779
0.7496047565677955
0.7493399380968875
0.7441304145606734
0.7528632646341379
0.7534694533439849
0.7500204489892036
0.7578236292864013
0.7517415400787362
0.7617326172033796
0.771415539839622
0.7700471143467673
0.7666215938736519
0.7632841748856456
0.7711414800112261
0.7590510921646423
0.7640736646526851
0.7588861402041177
0.7641044241246914
0.7458082952999291
0.7348128924552266
0.7293969875518725
0.729244400524371
0.72342969779833
0.7246326009838866
0.7361672776401524
0.7370726976216854
0.7398395351298601
0.7168945886317327
0.7231014127091946
0.7116087708068703
0.7154785932384814
0.7222222568160556
0.7214895955166558
0.7259205093146138
0.7125237340167662
0.7132230407579516
0.7130863670586749
0.7086060932638331
0.7023124133318845
0.7133195958178372
0.7076198367686685
0.7252400839217109
0.7275471997839852
0.7320784965847595
0.72879414274897
0.7424466954879794
0.7198496370888351
0.7295262762217437
0.7164098604800534
0.7263401572219058
0.7390659941347993
0.7203909620297557
0.7261173613311297
0.7510091546491507
0.7496224508116164
0.7484561395847201
0.769740333702937
0.7708370168871048
0.7738700769214724
0.7725813824107426
0.7680644281648629
0.7583235581042018
0.7756038154935997
0.7441521538911562
0.7584497650016908
0.7565544489846207
0.7388668706166386
0.7415443233127419
0.7571411063295246
0.7733966920889878
0.7794558318708744
0.7969693960077401
0.7860338562407678
0.7434878714825502
0.6966318173553772
0.6695187024113715
0.6532743268254799
0.6227809862420418
0.5577914002359942
0.5954016508382665
0.6181636196200734
0.6189496983579577
0.6370720013516333
0.6419840842916136
0.672535117756797
0.6779715747241641
0.6751689523457848
0.6652050703501132
0.673767430249842
0.6846859181155668
0.6874663514174981
0.6776736546773721
0.6945237218056787
0.694145195695921
0.6841493035281497
0.6923735693586272
0.694217238838123
0.696516966752041
0.7004334172983971
0.7095460899062901
0.7170467202091655
0.712377395421609
0.7161381305108258
0.7076976533905447
0.7094607772571291
0.7047833565772178
0.710357946870778
0.7072866819538135
0.7551809259120514
0.7063163923952119
0.6806844135630808
0.6960676973133854
