0.13563704011214808
0.1045239211797984
0.0022577876072830687
0.003259255237176928
0.0060607457174459865
0.004679655851685937
0.0072109784295413875
0.006923294567930878
0.0075076367629964
0.007813978014888373
0.0091642425693028
0.014831546432377869
0.026648055497830402
0.0401795648068878
0.08355777461070202
0.10158522202455861
0.09330678308220362
0.17189903929416336
0.061748405997301255
0.1548306812094659
0.1586087961111283
0.15017044971343915
0.2064896433518682
0.19649476805771227
0.18161863040073095
0.18979944704686608
0.2041045111675378
0.1948785945946448
0.19613886219566282
0.19462654107444147
0.19714707627647726
0.19613886219566343
0.1963909157158665
0.19538270163505217
0.20143198611993954
0.18681288194813134
0.20117993259973627
0.19714707627647912
0.19008957771078056
0.19991966499871996
0.2024402002007565
0.19991966499872085
0.1938703805138354
0.18278002562487836
0.18782109602894967
0.19160189883200315
0.19765118331688877
0.1941224340340388
0.19387038051383526
0.19487859459464896
0.1928621664330199
0.1918539523522057
0.1908457382713917
0.19109779179159525
0.19134984531179916
0.18882931010976337
0.1893334171501706
0.1873169889885418
0.18933341715017066
0.18857725658955923
0.1882300670432166
0.18838698453728125
0.1883869845372809
0.1885439020313463
0.1890480090717538
0.18784952293866092
0.18655590077942902
0.18359304000491322
0.180687033049817
0.17838519680977213
0.17974060043692813
0.17699643862440115
0.17494665590455896
0.1751019012165452
0.17007068610947473
0.16418923265821778
0.16301345170624765
0.14851922888607422
0.13114588160882235
0.12355339833330523
0.11269635654675395
0.1266554438333097
0.13691483814588956
0.15179359499706946
0.15242675684779952
0.14279442178470797
0.16858385343427448
0.18353618618548054
0.18378823970568486
0.1848817345156356
0.18327427736827495
0.17820478005448995
0.18014957145119156
0.1791796395770919
0.17845683357469436
0.17578430852709412
0.17367274433932692
0.17241740438680983
0.17720149362217688
0.17641197850335322
0.17603143439879632
0.1773387005222361
0.17526049089268267
0.17338733626090916
0.17812821564106093
0.17626377732499576
0.17832341534184085
0.17765253551036594
0.1771533561184599
0.17938355559357752
0.18116764082900869
0.18327427736827495
0.18362639456311913
0.18384016587660784
0.1840402932258879
0.15027683873872785
0.15016755116700534
0.15609096029549893
0.1401238685390788
0.11770364330911416
0.1109872717509436
0.09980350124010051
0.09988926683558698
0.11377989229915764
0.1277321878830854
0.13586670228103506
0.1412587772410465
0.1435041597285732
0.14109305993145332
0.1445563378517477
0.14736615869713726
0.15621732294308366
0.15094331647769407
0.15308832412140605
0.16090338586940608
0.1614355740068017
0.15540460421963267
0.15595823344824938
0.15427897295229495
0.1558616252734852
0.1566529777244523
0.15449696579386848
0.15014399180206925
0.1511178149131545
0.14173050383671573
0.1445688050246705
0.14739433311565306
0.14411721528008667
0.14536521660277524
0.14405301276811633
0.1487698804906704
0.14642877977143262
0.14289958709704445
0.1412404959931175
0.14792087818450836
0.1514851111560962
0.15703048863403035
0.15247191349743838
0.15735895525675295
0.16320705414979314
0.15668280053045436
0.16495577355760985
0.16578252079958355
0.16597279285186192
0.16909257112044507
0.1704900456215209
0.16730355823651302
0.1718208110061721
0.17197772850023732
0.17405593812979178
0.17220249409202448
0.1684266189374725
0.1717131699971208
0.17186402086138886
0.171825738654674
0.17455018987319573
0.1715501858732595
0.17010078520125987
0.1715748241157656
0.173339198757192
0.16806085777841862
0.16991922946468796
0.1690630052294364
0.1693817678660664
0.16611492740042272
0.16741347720815522
0.1707519544387285
0.16914942493986862
0.16341890309161303
0.16777377751792313
0.1619781298375889
0.16410940461936255
0.1584613441778706
0.1622316695854099
0.1575126172843925
0.1540593823314059
0.15959585161917839
0.15397410303586723
0.1532839666916365
0.1499443423207687
0.14346638175924722
0.14472018146980348
0.1471355934085814
0.14343163088876829
0.14621111681401572
0.14570870959158697
0.1430163662125748
0.13806424016896815
0.13301510118400833
0.12100166707579917
0.12089328370446047
0.12317291323915025
0.1382116705482053
0.15078938345606813
0.15633964168191647
0.14943280127931402
0.18830188138266826
0.19059368475118146
0.19034163123097853
0.18958547067036766
0.18580466786731298
0.1852004971522667
0.18479645378649912
0.18150497507834834
0.18153832963656172
0.1827318881211523
0.18124306626114203
0.1809910127409386
0.18017307071240246
0.1792797032517322
0.17895108531809892
0.18388223675052814
0.17987780733698175
0.17855575826803888
0.18173731800454704
0.1830642947219919
0.1750467195791931
0.18006315174075957
0.18034855981917652
0.17810471637984998
0.1798728796884814
0.17446604812535615
0.17586958925623108
0.17734362817073782
0.17659125627733344
0.17754261653872344
0.17875095796881785
0.1763922679093482
0.17488866310383336
0.16365617366631402
0.13497755209307755
0.20861304762148505
0.20148391229085613
0.1880867935133491
