0.4399523754745802
0.28901745725849926
0.027255134740205203
0.03585830898534193
0.05624621721212133
0.05076282123556383
0.07134100151462937
0.06758862562128333
0.08255984698793987
0.09680333470369593
0.1052829460129816
0.1166636366288599
0.13175842093136483
0.1495590848396782
0.1799389254969636
0.1909057174500738
0.16963315807833723
0.22033419784597638
0.2001365616714603
0.20779330330370335
0.22515656928804045
0.2700986602977177
0.28966862649597036
0.3161960275852755
0.31881662646195363
0.3828114658660388
0.3482833890645655
0.35420911061359783
0.3472133935158221
0.3640107709918266
0.3784729576695714
0.38811770055373496
0.3976005982953329
0.40604359957998165
0.4198114071650402
0.4302374820531038
0.4463197115998534
0.4536626182439723
0.4698192149802895
0.4769653386392827
0.48138314167381563
0.4990236326216433
0.5068958177494572
0.520893672546528
0.5252318141258736
0.5462078726505737
0.5570063085282682
0.5641706371828532
0.5783275178001174
0.5830166429909212
0.6017927749634422
0.6066286237860682
0.6023103593843926
0.5935312332701508
0.6040328297355623
0.6121547668555054
0.6313237381607469
0.6429843205135991
0.6395951753802194
0.6504403067804251
0.662170370241719
0.6915987853813175
0.6843058248714352
0.6917373751508267
0.6783039367134625
0.6451755541841866
0.6351428240371831
0.6728918779496321
0.7010679575645732
0.7083420268494746
0.7151827144577378
0.7217401855539957
0.7210561849916386
0.7105105854613193
0.7238423865922262
0.6743876382619509
0.6420733605170071
0.6867412133677839
0.7265949321731935
0.7460123917118938
0.7651612613647288
0.7729759369498518
0.7819689215928459
0.811381040767767
0.7699643104747009
0.736245268911147
0.6970849292863349
0.6766920665848264
0.6530272973800652
0.5678690446922703
0.6081750342484811
0.6510918000954371
0.6653872229809019
0.6905620464628027
0.6838238402870396
0.6932283561342246
0.6933510087096703
0.7011128982478931
0.7066777764286207
0.7018393077792355
0.6984516348023814
0.6940715889327814
0.7033849834586711
0.7102065257114716
0.6997290677110237
0.6895084244386909
0.691419462373472
0.6863724606309042
0.6821283754333758
0.6703047304491233
0.6470097480258973
0.6005570494597203
0.6251766667211749
0.665052669676631
0.6988834890670412
0.723066703350419
0.7813778209098939
0.8166074963069467
0.8063317236758853
0.7908662713702134
0.7732809620597346
0.7595465090328877
0.7606733584010513
0.7745680732861175
0.7715428309092597
0.7542357678502282
0.7702619657095182
0.7824609233622651
0.7838528466827331
0.7785098799778484
0.7779367229575687
0.7740355393360004
0.7610628403857258
0.7486805227848831
0.7623704445960309
0.7589724420744419
0.7489837651103587
0.7518533447640634
0.7417683846335477
0.7468094550376219
0.7441315661974667
0.7499645363322813
0.7581301299301866
0.7529527316395588
0.7713361753278428
0.7424730965021774
0.7581132492324428
0.7524603639861229
0.7578332174589222
0.7675020094397335
0.7608400408607919
0.7749331084584219
0.7784646770636441
0.763647552435087
0.7629750004215344
0.7682860738600079
0.7538911193487384
0.7477331285701835
0.7574423694009708
0.7702563244821045
0.7462805417374465
0.7424645282122201
0.7103134367971398
0.73962963036705
0.7379653610090506
0.746627878462604
0.7323256622827121
0.7298286263418883
0.7260294866031255
0.7244042772282242
0.715251677761337
0.7199588424505458
0.718439879889959
0.7109734103099865
0.7021750363640709
0.7011205361906758
0.6992389279841259
0.7195699823914842
0.7218477943285367
0.7193136174953552
0.7357588777765159
0.7267712818618869
0.7148784315971914
0.7211338293224244
0.7318773466387697
0.7294872935313392
0.7227977533485459
0.7182432350059492
0.7283273076579629
0.7541631073681634
0.7542730711502512
0.7347190919193456
0.7464935685708496
0.7279101393061328
0.7511891168918878
0.7526224194608266
0.7536753727029117
0.7606573244270209
0.7576464252571797
0.7755404859173531
0.779733749878101
0.7790442984339161
0.7742802183163353
0.7607820447138265
0.7637001791001221
0.7595015439117527
0.7757303024547818
0.7508773472626151
0.7522791273136822
0.7533824774206349
0.761165601311105
0.7764621687360315
0.7945865229294843
0.8051987949984715
0.7951124434921195
0.7296373353662429
0.703609130426413
0.6680447615559023
0.651215311909454
0.6296475625969828
0.558944914000462
0.6038690570159094
0.6149746229409072
0.6382950216045706
0.6410521720778258
0.6554509972295246
0.6597904113789319
0.672492738522895
0.6800534390707348
0.6766169063025673
0.685084281689201
0.6740638913830933
0.6988316861733035
0.6881222212016216
0.6902207319869224
0.6914655042125976
0.6971078510844992
0.700640799898228
0.69563308405237
0.6979809368246078
0.7033967769578177
0.703251049289107
0.7036352750033076
0.7176800379914718
0.7100974730126252
0.6999520389113206
0.7037145122798377
0.7077740994175789
0.717448621767944
0.7238846247082915
0.7624462885884181
0.6990323136863938
0.6922510327835866
0.6967151451900001
