0.12909363532537688
0.09074248730257325
0.0015890591551674463
0.002544869075095699
0.002911558797411714
0.0027744237999484033
0.003195804668225291
0.003138728556114631
0.0035406794630404716
0.00383129333780359
0.006307424034010181
0.013759389592770167
0.026248684339004343
0.045535497407144514
0.08282160672024112
0.11651264518689812
0.12418109284896095
0.17208873037168804
0.06830398993965568
0.15714755384264262
0.160195695346297
0.12482628424854793
0.20756605910841985
0.20225815223864052
0.19268504611940465
0.18059088670380424
0.19788796166604303
0.1899890218105947
0.19250955701263076
0.18872875420957677
0.19301366405303796
0.1909972358914098
0.18948491477018795
0.1917533964520202
0.19755062741670393
0.17965482748224965
0.19931500205813
0.19603830629548408
0.18242741620449185
0.19477803869446678
0.19755062741670576
0.19427393165405943
0.18469589788632415
0.17738634580042048
0.1824274162044918
0.1844438443661204
0.18998902181059885
0.18923286124998812
0.18772054012876677
0.18646027252774874
0.18696437956815545
0.18545205844693352
0.1859561654873411
0.18393973732571284
0.18393973732571248
0.18343563028530588
0.1816712556438813
0.18192330916408472
0.18167125564388076
0.18041098804286296
0.17971660895017663
0.17971660895017677
0.1802207159905839
0.1800304439383063
0.18028249745851108
0.1791791473515571
0.17744319961984317
0.17574060644634518
0.17267275434868265
0.17238734627026675
0.1705611901609152
0.16957647534131182
0.16737470277590544
0.16496620303063914
0.1606255783490487
0.15573966435923273
0.14178565545849892
0.1283814896251645
0.11449133974984377
0.10462631558030965
0.10098886086870512
0.11774722018635027
0.13857795650384894
0.1495943387385078
0.14829973073084915
0.1403888442270776
0.18116714860346653
0.17864661340143095
0.17940277396204185
0.1793027102874016
0.1776383993206166
0.17516979028950364
0.17315828977637546
0.17309158065994953
0.17258747361954185
0.1708329542751181
0.16906857963369354
0.16972960416816507
0.16973453181666665
0.16894008904934082
0.16981488489730212
0.16976674739358497
0.1696196851965229
0.16921564183075585
0.16992859253615128
0.1711790048401665
0.17301501624651908
0.17314350683087218
0.17236384700905052
0.17459897413266923
0.17536006234178111
0.17763839932061676
0.17930271028740136
0.18167125564387407
0.17915072044183775
0.15258756103118631
0.14737831642838223
0.1524190314271327
0.14070976986952824
0.11954374479123445
0.09699345115496741
0.08677793111096488
0.0856939671177642
0.09445860601758849
0.10800640595051272
0.1216394838719361
0.1273917207543632
0.12930016840363925
0.12858810963939005
0.13349059265359864
0.13852393689119238
0.14046015102605677
0.14219059734494438
0.14526344661804166
0.147203724272302
0.14755620808426323
0.14748344354983597
0.14639818201095017
0.14673280664004212
0.14423824564246307
0.14106565483585937
0.14076618847119596
0.1395733621863252
0.13454567303447382
0.13252578947907487
0.1303905297309772
0.13271776466855745
0.13238496298266733
0.13325405829547218
0.1312611030256445
0.13429260459633685
0.13046024920471533
0.13419070846537862
0.13328265392217295
0.13713639393945254
0.1392492372076312
0.14080373217949751
0.144102448089493
0.14683251042296572
0.14891264242419056
0.1526685486361484
0.15266203770329936
0.15516735381578053
0.15666981963999888
0.15711214521247915
0.15896672823154268
0.16190987841205587
0.16238063089424892
0.16414007788717305
0.16419693170659677
0.1616873907828589
0.16247690590168354
0.16191594504185228
0.16366932540497822
0.16458733110815507
0.16573275208902957
0.16337027336235374
0.1624484789919711
0.161754099899286
0.1623866975240465
0.16070760361175698
0.1638213152505421
0.16259440220773785
0.16369775231469186
0.1621668595807611
0.16058782934311103
0.1580820770865801
0.15722585285132773
0.15726906270654464
0.15690655701391706
0.1548747238082717
0.15287906448321315
0.15281824420112214
0.1519738946912721
0.14993722273485616
0.14765792457018553
0.14604457858848763
0.14267081913622875
0.14011234610660248
0.13797221595525153
0.13566503696688345
0.13370892628355488
0.13404370933731213
0.1336955039349757
0.1321235569609012
0.13373775971811117
0.12956662344013517
0.12535589105534542
0.11704534140349097
0.10591275979223393
0.10973139668846549
0.11798712410503188
0.13728589461426272
0.15006642431545664
0.15464457810593615
0.14426967367672902
0.18746848660855636
0.18393973732570626
0.18368768380550282
0.18318357676509558
0.18015893452265191
0.17940277396204132
0.17814250636102338
0.1765301215651614
0.17612115055089272
0.17526492631564208
0.17428513914453977
0.17415664856018737
0.17299644463380934
0.1724404114224799
0.17171267777158095
0.17272960816810243
0.1720352290754166
0.17111722337224117
0.17152619438650893
0.1704944810444835
0.17028563737949529
0.17067489779975914
0.17010408164292504
0.16881652611348968
0.16972353753836897
0.16886352463591145
0.1700620107690041
0.16873996170006061
0.17092202367146134
0.16970003827715824
0.16985202812272102
0.17002372856229003
0.17003737252649787
0.16252769309131293
0.13581016198997506
0.19386003299127896
0.18886596110963075
0.17963018923973423
