0.5006296165429992
0.32928332050459047
0.039204630146364744
0.055730762899867246
0.07812416137103471
0.07889995718482563
0.10753116050052398
0.10274012562185197
0.11355729153692283
0.13768375246377965
0.1509348902308635
0.17370870075133185
0.20014556757721094
0.2135217466693325
0.2602043100099717
0.2606947049928285
0.25138445479764604
0.29323352226636207
0.2778806304592519
0.29282129578565574
0.30794450699787235
0.33347476397885933
0.3507886777839909
0.36643676487317656
0.37735436108000253
0.4303053109167639
0.3972048077081599
0.40070513008129854
0.3999156149624744
0.41444451075664546
0.42399411761467104
0.43203140335147455
0.4371009006652583
0.44507640493413625
0.4516881224274786
0.46584003485642494
0.47929181436091284
0.49060206554343744
0.4983447916098985
0.507305430557313
0.5092065799805208
0.5215836302435395
0.5299629385635451
0.5368486967335143
0.535986839706184
0.5451716622750029
0.555655782096523
0.5614834457416095
0.5774310578507355
0.5945397202236941
0.6128731308689402
0.6224190728479366
0.6206182064108718
0.6196369653210125
0.6142381627190302
0.6321969116425448
0.6550156938546869
0.6755965593188752
0.7124921265151934
0.71279683635751
0.7480611478596843
0.7647873544912945
0.7873277407399782
0.7664293451524752
0.724358868079891
0.620920847086943
0.6496674166751065
0.7074093279482976
0.7264631495030404
0.7678573690244503
0.7498516058720531
0.7685719565994729
0.7544990514879811
0.7331821162876703
0.6986716656806227
0.6766680808819808
0.6751976955336684
0.7661818381574809
0.8227660553056624
0.8525573915865191
0.8833125078888351
0.9246004853871687
0.9380692832636329
0.9589101011618801
0.9244227874913623
0.9153584382265099
0.8689060561776722
0.8277062788053657
0.7370915365574914
0.5821896079368695
0.6534026814639998
0.7542865951051244
0.8028263502631873
0.7975973998828713
0.8188169858174803
0.8180058838070394
0.8421383403679749
0.8297206322918168
0.8399422378750332
0.8366580619521192
0.8347069470106282
0.8394910362459961
0.836910115472323
0.8449077813038476
0.8305199123763155
0.8404291296755722
0.8311203685042724
0.817366215667869
0.7986670766791044
0.8004611508043307
0.7408303886554087
0.6261336955985188
0.6612073715278998
0.781841138512239
0.841005442825904
0.8984478318911507
0.9240339994260295
0.9671912985843174
0.9593096543772351
0.9421822227290124
0.9139423346764858
0.8843682195258841
0.8653461705558851
0.8544058062849239
0.8490246183941472
0.8523405211172177
0.8397452293021033
0.8542825841079531
0.852461357496679
0.851803875909899
0.8598618546090594
0.8636777080458484
0.8620695988103215
0.8578383957285491
0.8398433082643358
0.8362905580116025
0.8357340439605802
0.8349106488870676
0.8294787305671958
0.8310280482571121
0.843966847247311
0.837852316097509
0.8211851985656689
0.8173874223452005
0.8310303541819628
0.847223370424578
0.8327547142890407
0.8268058709166769
0.8353732910599775
0.8495973433135948
0.8416502070732947
0.8493860409353429
0.8463439420180234
0.8479126112876794
0.8637957343571345
0.8632205349643757
0.865883343379806
0.8688336645619196
0.8751976420769405
0.860485666638051
0.8717552299162148
0.8836245164016351
0.8634247079390797
0.8642073265261795
0.8618804965231678
0.8442771943738513
0.8608104241119855
0.8510691493053958
0.8597564918890348
0.8684162719228435
0.8623975226737989
0.8641945588413297
0.8671330301293338
0.8551470424625083
0.8601019404785443
0.8573183318416993
0.8422462794787658
0.8441301675095318
0.8491598882299852
0.8606660110255322
0.8488327048297164
0.8438741847301371
0.8433437429665633
0.8329220011582791
0.8205352431473875
0.8406748431355417
0.836112894283048
0.8301444098796686
0.8321318850361274
0.818949277920097
0.8318511343397409
0.823497121649432
0.8269087414104516
0.8346478125093512
0.8186431107668118
0.8265337433367904
0.832526080645357
0.8242663290743535
0.837106403216794
0.8314951065185611
0.8353188265464971
0.8274737700109194
0.818144240738826
0.8141485109864934
0.8066952366893864
0.8080216301816457
0.8094178244426093
0.8228424948572847
0.8341861760926432
0.845368694658611
0.8623106250271292
0.898734312264098
0.9206905037726298
0.9424829079276088
0.9503271753487443
0.9015155751641425
0.8578102911271612
0.8358862784285285
0.7702012634770868
0.6331412919241175
0.6644517635424976
0.7255094322654237
0.7680026535465868
0.7807012622968921
0.8065403570443369
0.8016768922690922
0.8128854369550494
0.8175464352586096
0.8163921406417523
0.8245657890615462
0.8261858679332639
0.8212197594212084
0.8316709993094066
0.8255593826345918
0.8265492927344186
0.8254667741594638
0.8347703210518141
0.8308014934060413
0.8399556066303397
0.8257211142464468
0.8256540405810775
0.8059024324463512
0.8054865879413674
0.8288389654245936
0.8434508828329451
0.8429849075473149
0.8696515730558612
0.8429367806366527
0.8177200580117207
0.8641533671888347
0.9049819443537542
0.8359664827706076
0.8474122893165985
0.8405388238490518
