0.4304873140580531
0.28648783401743866
0.02736012606334608
0.03622028147718765
0.05535777739995229
0.0515102654804676
0.07158926636762689
0.06705230300395862
0.08165283556306074
0.09779411615309659
0.10416216327461383
0.11626565989288933
0.13202639637836783
0.14681720098974196
0.18187235089204792
0.18811683507771476
0.16708154628067887
0.22092700255940853
0.19909348232781832
0.19977800612349703
0.22102706623402976
0.2623748378257232
0.2805943280453199
0.30667068724643826
0.3112410051683179
0.37042279522654065
0.33984775486847363
0.34062741469029234
0.3389198938682906
0.3556986997315856
0.3643685830931482
0.37675748778984036
0.38637380376429126
0.3974073048338265
0.4065320994895155
0.4195486741624656
0.4265411357938167
0.44228110344272453
0.45369955122353456
0.46402723461903417
0.4693056644955364
0.48148352830338037
0.5031738639028283
0.5017744476592876
0.518398541411375
0.5222264108301896
0.536528424547446
0.5505842594998412
0.5662418488258285
0.5752294311835489
0.5817010529275267
0.5941602680197917
0.5919360544357393
0.5964638595257582
0.5897049841061138
0.5886961406793042
0.6140890469049946
0.6356724817390443
0.6215679877815826
0.6397408587579381
0.6469603871604318
0.6647784792556583
0.6702014307297485
0.6779970949219261
0.6654328122541802
0.6330714721638718
0.6122885862833422
0.6515989362178124
0.6911061399538151
0.6969968775383373
0.7045999311696325
0.6986407040082022
0.7063707527789979
0.6878083808670505
0.6986833127697903
0.6597374726726478
0.644041113655441
0.67886643013493
0.7232480443616889
0.7396321399443315
0.7403843580887247
0.7649674591983572
0.7743849102309636
0.7994011423482174
0.7631958565294373
0.7249551677485031
0.6890129978848357
0.6639721946054541
0.6463982475587198
0.5537105235715571
0.5825383139971464
0.6481681008626153
0.6618403058149077
0.6750950928664746
0.6758182721892464
0.677027480822794
0.6911117265660738
0.687017917445271
0.7020039118996702
0.6812252516113467
0.6860377677564257
0.6873931713835825
0.6863281034833445
0.6939048446949424
0.687840787122308
0.6875829772832239
0.6863373688607148
0.6748243408613843
0.6737112623296025
0.6658780897866655
0.6443430299617809
0.5778997436008106
0.6185058029409017
0.6479939436880765
0.6953485210292081
0.702945398725427
0.750395862795234
0.7992828936049189
0.7933643800120882
0.7837765117517397
0.764174774279629
0.7510729188775398
0.7425265984518307
0.7541577593035627
0.7558772657127931
0.7462996392935031
0.7605209749217949
0.758674374984204
0.7730799633239226
0.7581285179467917
0.7497777867830516
0.7554798083725087
0.7342817488570113
0.7516827592715535
0.7369398290459734
0.7306777919528806
0.7508119744773832
0.7434823613199429
0.7366740969520729
0.7477026703731067
0.7482347681791726
0.7325305397003948
0.7339869714192356
0.7426626614428076
0.7427052491995105
0.7340869842998269
0.7502848424234987
0.7351441317870814
0.7296141719985588
0.7420713938896748
0.7559673617950076
0.7678406184153036
0.7641610264271856
0.771935600585612
0.7593292343985536
0.7529425267665963
0.7413152333290667
0.739020070616275
0.746247058451742
0.7360233670898675
0.7476346542581225
0.7151638342677535
0.7376023071711539
0.7255051590142428
0.719914082898691
0.7228586642256323
0.7178495987768448
0.7267901072713211
0.7223457841861541
0.7290086765966376
0.715452531998937
0.7136181103613166
0.7016413905365351
0.7073101309168622
0.7130406527651193
0.7043086421229067
0.7009012354145886
0.6965310448419937
0.7111879061787342
0.7106863653123674
0.6991586124994286
0.7171975970660108
0.7040051387510183
0.7062276801529965
0.7163994896536064
0.7296641234659459
0.7208012376274605
0.6957002213819417
0.7278601917177883
0.7258208447846719
0.7186464279241404
0.7341328156500406
0.7309869388632495
0.7330051891387983
0.7221732440522797
0.7331484954061005
0.732208519747768
0.7426541838203781
0.7554255024024266
0.7479084436146125
0.7555227351104286
0.7598743540703182
0.7559741562611298
0.7578049612984619
0.7476447395438798
0.7501065051987472
0.7601760602852463
0.7320802889304308
0.7383170261452214
0.7416937855825094
0.7562030596804048
0.7598636275028303
0.7773269571618087
0.7783099817219731
0.7840565366668114
0.7404710901620937
0.6894278052541807
0.6546416032524736
0.6355617238930279
0.620336517810535
0.5488702069406071
0.5933987035177049
0.6137652426515297
0.619018098790138
0.6351388058225645
0.655617136311986
0.6761399843193177
0.6658074422640268
0.6580370618453754
0.6553095118863368
0.6697285174829979
0.6670461371383957
0.6684324189408738
0.6748353135736256
0.6914026316716426
0.6767346775662745
0.6774360177087456
0.6795256725849972
0.6815880410264842
0.6739538166652197
0.6845536448569167
0.6932964995117623
0.709575026990059
0.7115113657114428
0.698434838878775
0.6977562874998515
0.694464517769096
0.7008487279782519
0.6986718072305423
0.694622773137275
0.7433463088076737
0.6894244592837064
0.6851998162511286
0.6845130398225031
