0.5268677601209429
0.3405756919422457
0.021157576717750804
0.030788491166978283
0.04905387021605243
0.04705792751100768
0.0670487580498322
0.06185470460707539
0.0681136329059873
0.09493014783760866
0.10765143844232324
0.13602217343121178
0.16904758552707558
0.1866709663099191
0.24198464383529458
0.26087246618496307
0.26452547295437606
0.34050204314197774
0.25489904983969436
0.316386405423343
0.3501924359411975
0.3632744054293311
0.4106787616982371
0.42766518100237816
0.4342061587876005
0.4847721888790344
0.47383655426028676
0.471469681085886
0.46223390921599183
0.48975588042190216
0.4981070011468356
0.5111285034682835
0.5287821051795389
0.5355257687571098
0.53723328957911
0.5530224529742972
0.5664479986615142
0.5778571161871024
0.5888906172566375
0.6031341049723925
0.6202453174365249
0.6169735493223771
0.6355353014398059
0.6452751803501087
0.6523660334740243
0.6680365615818653
0.6773674694778984
0.6849006481742944
0.701198846258394
0.7087369526032921
0.7123373386510699
0.7206660183573541
0.7201619113169467
0.7204265505587957
0.7189475839957873
0.7191378560480642
0.7388825989232435
0.7543173286050076
0.7561363847778064
0.7645129416851271
0.7827754596616822
0.7932755794664447
0.7958606561616659
0.7927654881256289
0.7961534329284253
0.7567373370692352
0.7299975744204701
0.7662362572254814
0.786904781027588
0.7879708533707999
0.7818035460120883
0.780802445008678
0.7736093470569914
0.7704658704737221
0.761816138310064
0.7312091231960146
0.6801361047685625
0.7193956664018794
0.7219227458868817
0.7611967920620678
0.7752994809970842
0.8052034961309574
0.8404412639604237
0.8612754905917611
0.8390569333175804
0.8149245360996584
0.8161791794178554
0.786919715272626
0.7724378133739208
0.6796470170361676
0.7157091704398499
0.7593381063580159
0.7857226342666158
0.782373410903639
0.7969957470644055
0.7895388247283313
0.7992008339503522
0.7923281829406817
0.80311577665532
0.8094319734422735
0.8018419409264522
0.8025313923706364
0.8078529432046242
0.7998057263344592
0.7959137860429567
0.7970300521356352
0.7885653882158359
0.7949336141773758
0.7849273006638878
0.7922983273407082
0.7651686918809111
0.7106965269454897
0.7443481048312163
0.7711335827565191
0.8031430267971004
0.8188030722536715
0.8342806356442092
0.8761467371815045
0.8617342640443364
0.8252988283884705
0.7742353573191156
0.7493307001548217
0.7329417762030747
0.737403794785435
0.7155734080099434
0.7466175598112037
0.7489393743696364
0.7525714376441126
0.7876786370053093
0.8048542736133603
0.786252158766088
0.7769739295708878
0.795303075891081
0.784850410719365
0.7845205070884124
0.7744117905941085
0.7724431079942355
0.7558696995103293
0.7613743789912525
0.7631978991598677
0.7496414702143163
0.7592243076578412
0.7455604934205975
0.7545266018563294
0.7374027337276398
0.758173858359572
0.7475601959999075
0.7385236737264205
0.7539998327347712
0.7611140202868809
0.7550396505833595
0.779294361043276
0.7825781592665367
0.8025267506816095
0.8075605306017756
0.7985250984050288
0.8080199577780228
0.7995019316158258
0.8061566847441978
0.7831463602355322
0.804494458705842
0.8080604245632033
0.8176193616764464
0.8073382095562393
0.7964987818515804
0.8093264935364166
0.8033530128687171
0.8084936219056491
0.803964295810734
0.793645789643695
0.799812126131586
0.7897196102404066
0.8075765739629783
0.7977552029907425
0.8007514183234753
0.803916611830133
0.7948159282354835
0.8001429317597545
0.7973036339210854
0.79223739421341
0.7881662556834352
0.8004381083771275
0.7979329101257696
0.7918486877983224
0.7825106416151706
0.7889891617135079
0.7990100460955126
0.7921094442194826
0.7835287959264078
0.7908005700429886
0.7987363762819286
0.7937625192316685
0.780575481590774
0.7798994121869331
0.8034736515137431
0.7680962975539212
0.7860590013825086
0.8027409854806775
0.7917204556777047
0.799157170988006
0.8085021833450323
0.7957789656043994
0.784652999636252
0.7806858912620703
0.7536277186562825
0.7528030305067239
0.7422064042962278
0.7281876963330122
0.7269172288887576
0.7238523677663293
0.7533280454266549
0.7805036524289151
0.8108950536600891
0.8459927573131716
0.8440664044293613
0.8173344786398073
0.8011417739765544
0.7812527430774295
0.768360030006275
0.7507200426964569
0.6711760504444448
0.7144813657381426
0.7370981925100539
0.7461659333128668
0.759478154933577
0.7607966199957225
0.7537167304273487
0.7701178895834309
0.7458780897745267
0.7433263990877118
0.7575166498118341
0.750834767702187
0.745409428655381
0.7485242792754614
0.7433371154630181
0.7491108471664915
0.7359893492637354
0.7531310224279014
0.7518089733589584
0.7640663112339319
0.7816170528922511
0.7847224621213905
0.7864452383859836
0.7863889858606768
0.7922648841670106
0.7913819533705239
0.8012273192920109
0.8083387863683031
0.8245064863140863
0.8342848493141326
0.7875122429130365
0.7837684773153342
0.7583570298873031
0.7761644684373288
