0.2732009902312734
0.19570687199922626
0.012445758516114137
0.015470400758556924
0.022527899324257604
0.02051147116263072
0.02756896972832803
0.026308702127311578
0.033114147172806516
0.038911378137488656
0.04193602037993149
0.04697709078400316
0.055294856950721366
0.06761705253098596
0.09112966667484908
0.09809202921441065
0.07341428349566784
0.1140096831939522
0.11486097978070187
0.10335672622897504
0.11788562202314559
0.15728368272863388
0.17186871991238714
0.1910519337284232
0.19536911495172346
0.24191912933481202
0.2236032678711584
0.21973361880654343
0.21302146727906265
0.23000328273050183
0.23915529624075518
0.25074489924861854
0.2541472836491528
0.2642948098255257
0.2738869965779248
0.28036583430713663
0.2858051492630876
0.29350901245867794
0.2940771303614782
0.30493349642785106
0.3011900395051418
0.30674370993314276
0.3163632417609923
0.32363756561978285
0.3312467720203402
0.33573050484836453
0.34249646753781204
0.3524993539654374
0.36986124615022603
0.3822864454430457
0.38985320746315516
0.39658065380561364
0.40622000284734333
0.408218922136606
0.40492891094260014
0.42503634111800903
0.4408032487108835
0.4557042889864933
0.44971445841756713
0.4516585648018167
0.44419834780336637
0.4505309549320741
0.43639877097631696
0.42434181055698605
0.3903357344326287
0.38741621258701997
0.40625598440599153
0.4543157182690115
0.47416755305625075
0.4684848187604557
0.45794825488936114
0.4611209583971487
0.4347236377405134
0.44397575567713987
0.43871887034121027
0.4552280263417714
0.489949175867081
0.4957980414441445
0.49835869065339883
0.5019421854295438
0.49764698414502645
0.49975362068429385
0.49778040237788046
0.49375740135162577
0.47153242347592633
0.4477384959133614
0.4186373192236424
0.38565469162749155
0.3571206165503646
0.3310537949697687
0.4203822825087436
0.4410373284000025
0.447363602805227
0.44462429567567713
0.4516076662575003
0.447492015262341
0.4488563645821053
0.457207589717358
0.4480292578367672
0.45985311839508297
0.454376662141837
0.45222521165861396
0.4589274546187638
0.45324117967554
0.45880212348934923
0.45088672707272376
0.450110573145529
0.4584647805589273
0.4475243059956387
0.4400745198357402
0.42599194212569524
0.3830678796692393
0.35708099111049907
0.38388249282214504
0.4043610489530172
0.43057161088252754
0.4482430012320968
0.48726798851811765
0.4873757102658996
0.4891116579976135
0.48646263221122615
0.49232164464383465
0.4903287157434173
0.4791667240895301
0.474406134115374
0.4781770816214259
0.4848540360825712
0.47642635094421026
0.4764498502054213
0.4810819495952257
0.47938428407022643
0.48196167309168647
0.47827107866627133
0.4842771532959396
0.4835270593651258
0.48193059649606296
0.48547298974312153
0.48952820634629474
0.4926381293178743
0.49334843033735953
0.49590118111631387
0.491725051263199
0.49521551833933475
0.48765012406602065
0.4892056550424589
0.48842220655342966
0.482605264994742
0.48511594489977466
0.48842106757213577
0.48204809280211836
0.48340349642927444
0.47365868987047166
0.47442963337658556
0.4669150262928992
0.47564176347388626
0.4807063331391694
0.4794089223127308
0.4792891480440863
0.48125743870199894
0.48070140549066953
0.46610580058006856
0.48124379473779005
0.47543291980889785
0.4823482838260372
0.47804480236986696
0.46994617130919064
0.47425615553921063
0.46571767914110074
0.4692401676806962
0.46898740316425214
0.47228213733882596
0.4750332708908505
0.46381222819367873
0.4646612947349754
0.4638288446131241
0.4591206416165381
0.4739240961846943
0.4664553323241378
0.46376002717056797
0.46908510832316785
0.4681662945670203
0.47029150271899767
0.471591635811077
0.47039596900035524
0.4621280206784298
0.4618601259701579
0.45653876109062996
0.4654087718014727
0.4669779467421189
0.4566103978555578
0.4584179823521983
0.46211236544482165
0.45963996774650134
0.45535013025453974
0.4631971439390663
0.460509835945962
0.45558247318073974
0.458772749232955
0.4607038966654463
0.4529482303398549
0.451340773192493
0.4489475895935149
0.46294887908606863
0.4620221570671844
0.46999766133606247
0.46870896682533253
0.4729889490202933
0.4768216779942696
0.48120172386386956
0.4850541634318526
0.48616736883580763
0.48794159877423565
0.4910329501331053
0.4875993368763915
0.4816686876788555
0.45605322566292367
0.4155371337326261
0.39757687543526676
0.38232017596201034
0.38019807190830895
0.422238355767464
0.419089853430586
0.43724811599931296
0.44217015611807614
0.4527948957993906
0.4479229971159082
0.45458739210134635
0.44703410579683805
0.4632289374509271
0.4607362694732732
0.4631532438920051
0.44735725023579453
0.4590974341537131
0.45655878981905457
0.468191740862504
0.4540426086497108
0.46149929942485224
0.45010806188652575
0.4549513965184737
0.45028689535745403
0.44362585161131357
0.43712920949511985
0.45078526502295035
0.4568124696659902
0.46350869857708693
0.45597590033696384
0.46936562468171916
0.4607133670197864
0.44911854863186884
0.4019238134572125
0.5377995250700502
0.5087236950697829
0.4883221428787937
0.47368825576147944
