0.5355273976726264
0.3566943484543826
0.03709700962637257
0.04709963568899447
0.06976709390246913
0.0679080474308355
0.10231145262186284
0.093835331898996
0.10561936700770955
0.13678262760660864
0.14971842589943574
0.1737029781165882
0.20782540746355124
0.22280592725710607
0.28025306667651156
0.28024764886961273
0.28084022542281983
0.3364037208155079
0.28824318903379575
0.3223475954983026
0.3433063198819153
0.36812607830464106
0.3898028028867516
0.422723947582644
0.4297656049602729
0.49101461036974436
0.4592749634785875
0.4671745172735471
0.4638644669526866
0.48532237072820644
0.4964127256171648
0.497264022203912
0.5187837074473596
0.5272583911081415
0.5426336558405618
0.5455347351471519
0.5586415181977367
0.5657941527895786
0.58343789920383
0.5923549084370971
0.5983155678286932
0.6093392136012227
0.6216898360911998
0.6290327427353192
0.6425151422419615
0.6504824633959123
0.6641267080451227
0.6777042435779044
0.6798726615850964
0.6908394535382057
0.6985552462137347
0.7181800690409977
0.714399266237942
0.7071234145229726
0.706243691026511
0.7180284250081579
0.7243098650311846
0.7390078566926167
0.7463298076444397
0.7477754904328083
0.7532164123171007
0.777168327387813
0.7914695652466996
0.7924628402811049
0.7751053123698989
0.7350823036636881
0.7195698651260127
0.7571830291177717
0.7642501049096914
0.7652992569394247
0.7720294985093836
0.777987920235897
0.7661258505568631
0.7706028230327866
0.761871028963273
0.7125501865416783
0.706897372303984
0.7540000012955798
0.7670941246107992
0.799367312378125
0.8181082042604064
0.8460921138135775
0.8590438125708254
0.8794447884035101
0.8531824612665059
0.8267689966451053
0.8038581843998902
0.794207749182798
0.7786095766170009
0.6751524583024716
0.7143804945917778
0.763486712533698
0.785785327480799
0.7933352710928939
0.8021448900106958
0.8024613145404965
0.8108449372116102
0.8037618819065732
0.7992846495043073
0.8019038312643262
0.7903711508028861
0.792135525444311
0.7968627608602542
0.8053339339891953
0.8084891173225174
0.8094791658910632
0.802439059060333
0.8010331349788499
0.7992560649934282
0.7804527236373956
0.7702921575791927
0.7088654162390877
0.7471638165951828
0.7803466155183023
0.7961316171404157
0.8200022339072822
0.8516495047975676
0.8929858028093828
0.8771069488308493
0.861258201191591
0.8370146590501535
0.8018213116050101
0.7673529787599209
0.7739331609017345
0.7644459936406223
0.7665140632551705
0.7651847457010159
0.7705886762384963
0.804549320252241
0.7860574252336722
0.7798870349136476
0.7891284018277632
0.7941846839317516
0.7833682755957838
0.7861716421089282
0.764201115734675
0.7740357826402612
0.7862997881909606
0.7819888641015847
0.7807274087216122
0.7783601478355994
0.7744163061668253
0.7831840541295927
0.7608463057346673
0.7609391799919412
0.7735873608710295
0.7649394002923365
0.7615228564737417
0.7569183938346418
0.7782028539593856
0.778928726111487
0.7797942786879877
0.7896763828941595
0.8112864883067825
0.8066229412178428
0.8139410553262074
0.8093014905070679
0.8114021877381264
0.7973660222934266
0.8065334454371499
0.8054421889377593
0.822978976729188
0.7959058420286025
0.8108611827443439
0.8161083871931591
0.8079551910074693
0.819227945125503
0.8145844071543489
0.8169544246594466
0.819411698997449
0.8212942727821717
0.7909535967512751
0.8231201433665177
0.8091620637291782
0.8082489856745044
0.810444247307063
0.8156814666646948
0.8119454570012031
0.804949739903427
0.8186657303073466
0.8025960864822362
0.7952914620448304
0.8070838749040135
0.8115924113579682
0.8217070243046477
0.8241266457819314
0.8066862821833777
0.815698752451114
0.8131732079503319
0.8089723205599884
0.8098531712698098
0.820250184504257
0.823426283391481
0.7998066640822487
0.8005670807579671
0.8065058241727001
0.8046864645212034
0.8066827256624657
0.8217067837867452
0.8040228265117
0.7957504597605926
0.8103686114276524
0.8032747198259919
0.7700332718085068
0.7689799419360784
0.7586199213704067
0.7609160538720855
0.7740253697231755
0.7673152897198163
0.7687541150068162
0.7935051174482497
0.8295488494613619
0.8448151341699802
0.871736771494453
0.8794209360820884
0.8307870861084846
0.7975991543817699
0.7913842074566222
0.7709564107947044
0.7413884945174231
0.6753373704035066
0.7140263186707999
0.7321141667278496
0.7407588786461253
0.7470609620292369
0.7468862128339986
0.7399832971664192
0.7486368252822153
0.7580114186403648
0.7603156277849938
0.7637299743973734
0.7682259251296807
0.7798255580656365
0.7800284158395578
0.7741417506503837
0.774707639158715
0.7822320888940107
0.7956024657775432
0.7862196317105852
0.7898154567269786
0.7987625977894782
0.8064190490569442
0.8018906654689344
0.8054029373862116
0.8115745352120165
0.8088320865004808
0.8042313205226524
0.8108953594345246
0.8165748809778524
0.8173264814451379
0.8166700052966722
0.7760918155083114
0.7745509771460463
0.7859588547923018
