0.4444530737666932
0.2916934799887213
0.03418035405434896
0.044267422510995136
0.06451319618921429
0.05896309109622937
0.08045927707847166
0.07850463038476549
0.09125057992480459
0.10647878246016457
0.11666098694295071
0.12759935198634756
0.1426706370276422
0.1599486222828398
0.1886455803606296
0.19914161983154577
0.17870064645255496
0.22750995997571322
0.21430804089897126
0.21653824037408656
0.23674573184559236
0.2707691684058752
0.29112864972295366
0.3120999598282125
0.31952541677682916
0.3829326376501782
0.3567867418512613
0.35481950943591156
0.3524383783577949
0.3719558933433327
0.3785267982387728
0.3912180993422448
0.403830105607643
0.41031846019858825
0.4205050672880915
0.434042737329812
0.4458388195614757
0.45934198790468633
0.4625112174009465
0.4786885621694424
0.4947780831722161
0.4958249252724696
0.5114823426168824
0.5241063752008422
0.5384575638599874
0.5495581466440583
0.5554006033190774
0.565771294987601
0.5681845867558172
0.5873982261376147
0.596094052014367
0.6141945017812415
0.6072605661513917
0.6020448926168704
0.5990569127888848
0.6134080698626025
0.6187796670167327
0.6253686254665232
0.6444889872250833
0.6478045041081083
0.6627908111135898
0.6672816890449993
0.6717881837108901
0.68351349176405
0.6755509966359127
0.6532815420789531
0.6269256927392264
0.660038698279087
0.6727329666344234
0.6974141733697921
0.6875832209283664
0.6973377189615969
0.687455512300786
0.706977747866709
0.6810862854205417
0.6496110742464531
0.6435968428955264
0.687815506138995
0.700768068034745
0.7231367488950023
0.7340209992247021
0.7498603943707461
0.7631292988496893
0.7707710701483745
0.7368564943171689
0.705807993290263
0.6804391447496517
0.666727006172699
0.6425407837775639
0.5559034208110644
0.6033006511235142
0.6460222646218303
0.6547315021510571
0.6666219288253973
0.6686415274341078
0.6964982166741069
0.6829912424234815
0.672341274160035
0.6836583138800961
0.6753351899564272
0.6803011472913002
0.6843957850824842
0.6743554027853248
0.6858032326260769
0.6786759667233395
0.6800514782159087
0.6911488114744229
0.679259845362553
0.6706449019335071
0.6614288974581024
0.6429484266331048
0.5987908109902254
0.6142007856238647
0.6548238190484411
0.6906474190600236
0.7009340342424945
0.7465302862095559
0.783609522346636
0.7718870948746974
0.757358199080525
0.7449288067942577
0.7447002525352663
0.7429074509841267
0.7375411070105777
0.7418806652906036
0.730457378759024
0.7374318019784484
0.7500496067468578
0.7551044100128687
0.744314157250099
0.7346132729763536
0.7426106043243662
0.7391290327929928
0.7164491436231699
0.7212133348764759
0.7268929887963755
0.7235200098672949
0.719256496356821
0.7280673671266509
0.728733319309623
0.7208973080623958
0.7131590743682182
0.7292232519461307
0.7288427078415736
0.7376749613874873
0.730667805708361
0.7262275616551812
0.7274574732494169
0.7143370543936159
0.7219134429452301
0.7393563495803611
0.7441426360395911
0.7454918745466236
0.7443393286933893
0.7567927452826491
0.7358817236922922
0.7317435302331738
0.7216170324295199
0.7269837222157974
0.7315813199070935
0.7050315802537794
0.7125412542910573
0.7233943386053195
0.7038782849115844
0.7083507571870762
0.7082555780034157
0.7036283990146271
0.7109633084982809
0.7143794764781822
0.7176968269361523
0.7052911198655575
0.7030638920143245
0.7070892293183154
0.7107394332108867
0.709165330621739
0.7044769995110209
0.7108220810151066
0.6994691952104287
0.7057421063058046
0.7029307017330726
0.7105207342488955
0.7084884648991963
0.7208792499704176
0.7048577436490288
0.7050603602237058
0.7132905997148868
0.7091888288923411
0.7193327109932243
0.7111562139184702
0.7330436575113765
0.7303926417820645
0.7233262268671985
0.7129049907299064
0.7111885479937321
0.7320877212280866
0.7212652610473989
0.7158146999851878
0.7480152305046348
0.7299267043790405
0.726827349134303
0.7476599467410932
0.7537092312259802
0.7381697575434658
0.7284761647257453
0.7274053678494358
0.7474444143477947
0.7287371833176483
0.726809918848002
0.7271127513988351
0.7269274069950549
0.7322648879148431
0.7541377350387907
0.768276231431407
0.7702691603318246
0.7634643373848397
0.7211230376011086
0.6882631176701515
0.66925416435435
0.6470865926207858
0.6048048512936556
0.5766879999785294
0.6306261090249071
0.6500986832907035
0.6515931942292357
0.6738947522178891
0.6658574183248673
0.6785502746771725
0.6772005765390372
0.6714285906971552
0.6806373425002656
0.680660227579739
0.6912533737826505
0.6991810773780374
0.7020291804301401
0.6786875766677258
0.6860270973389028
0.6814534890672154
0.7064801968846129
0.695827239919635
0.6919872971755667
0.6931291135027863
0.6945886930465204
0.6812612512825821
0.6964528089099169
0.6917953468666173
0.6960499795489297
0.6844578385891695
0.6933885685971157
0.6951236297128585
0.6835956286660007
0.6970772602930885
0.6510881211675079
0.6795286804331024
0.6966848966510837
