0.4379121407491513
0.2849137314282862
0.028026078246318954
0.03628699059361366
0.055429414164878475
0.05151519312896697
0.07232685531552585
0.06693859536510728
0.08207658952282992
0.0989740306734765
0.10862370120614333
0.11814488115445636
0.1313850824378979
0.1495427911895569
0.1800511224311917
0.18727046613945833
0.16647358689842298
0.220708303597415
0.2063412529457919
0.20406784361544825
0.22465095154300815
0.25787122902026277
0.28874532142096865
0.3086537608498477
0.31284353466716985
0.3722118081104654
0.34369526678795126
0.35020544845802576
0.34336172120581293
0.36162442128061645
0.3723490150105242
0.38373463327490265
0.38973199158886507
0.4057163546848341
0.4078995556375306
0.4214251649993886
0.4361492604943392
0.4534840995689641
0.4562124201934234
0.4637423434233964
0.48270981108867006
0.4938302650694187
0.5087233387382942
0.5149230297843985
0.5264987408719968
0.5409409392363489
0.5492932071015761
0.5578995464818071
0.5721913382849446
0.5807869379567582
0.5929706138245201
0.5954762028957017
0.600018093907867
0.6006198504103786
0.60409432327169
0.6076439944178654
0.619696487082956
0.6305200723358348
0.634799372545711
0.639865815299714
0.6549332189167201
0.670771642899524
0.6680330193592329
0.682215249235386
0.6772512418019718
0.6547488560920587
0.6242229513628467
0.6618540171867668
0.6923744066239846
0.6980331538417467
0.704940779000526
0.7137265794732958
0.7130982426383008
0.7012050583934054
0.7028082825228106
0.6743929384126088
0.647418723794788
0.6981788186759382
0.7126638968761639
0.7420922555683113
0.756333777296975
0.7512036325770213
0.7805385029052728
0.7887800122686756
0.7586315625909682
0.718546640068598
0.6998457706436972
0.6663326885127321
0.6430830936256613
0.5580723186991386
0.600455012530273
0.6535340260861133
0.661565085528512
0.6733261460691894
0.6779887412367342
0.6817829995814225
0.7036593411089949
0.6804807609276948
0.7005946048662278
0.6939299649180055
0.702152595058585
0.7046397757024074
0.6881327339533223
0.6894091139511318
0.6795676828730205
0.6961928715290263
0.6935668739999188
0.6803559671782448
0.6675004881947939
0.672802568759467
0.6439844192280895
0.5908556013843616
0.621360695784611
0.6640683776058423
0.6860042534885838
0.7059669489236473
0.7471331075422444
0.7974048247712852
0.7873656581613742
0.7839779851845202
0.7675501493757736
0.7564499391898124
0.7513235880566063
0.7592668849075629
0.7506124944951493
0.7367669739227695
0.7642174803453236
0.7717654365893173
0.7798632663224258
0.763843318349571
0.7549353995867233
0.7593669485822082
0.7456361152127046
0.7517972685706978
0.7341087199198256
0.7397583397372518
0.7293644722671054
0.7389156482411483
0.7346377743723186
0.7507309174586336
0.7388205122150094
0.7392655682121331
0.7477316467822684
0.7451307584995952
0.7393050117274681
0.74919690439175
0.74459375695344
0.7389332087850928
0.7405894255346837
0.7429049738322778
0.7653207919595608
0.7514768115139991
0.7747078743399892
0.7664792583083425
0.7618354648557993
0.764284017480181
0.7551938148543285
0.7524823174081696
0.7387347445208342
0.733535585573993
0.7366214700742477
0.7266291774690957
0.7477321447274039
0.7256964396144646
0.7379995801490268
0.7284676693843977
0.7260875028982914
0.720491457525456
0.7152794464005948
0.7040549776065136
0.6997816922988601
0.7261073499113431
0.7013917083621486
0.7158205404816815
0.7187166921397709
0.7111699665358968
0.7134311557661209
0.7024986795570604
0.7246126802185541
0.716994200984209
0.7186350126897839
0.7209259353902643
0.7170840148265818
0.7169282444728131
0.7258658694313845
0.7085936339566486
0.7320668187535045
0.723259874271154
0.7423084241391187
0.7225137396380309
0.7263561051966246
0.7337138502341908
0.7270849443790309
0.7340612932013336
0.7270893622244436
0.7293890901383601
0.7415373035108161
0.7505866086302891
0.7365090020467019
0.7621192215565298
0.7630305162934047
0.7687993203483755
0.7506198956532992
0.7557935601665288
0.747130251452854
0.7482217742550846
0.7452409653999708
0.7399413654827582
0.7472574285015148
0.7605260566946666
0.7717050366769175
0.7680142957598847
0.7648945174913014
0.7825174347812708
0.7853740074639144
0.7157426415398895
0.6797815974083141
0.6621447666477097
0.6366002305695821
0.6182632458489505
0.5564819893717053
0.6008840158825993
0.6229375400682751
0.6371370140553583
0.6573392992171313
0.6622007485777289
0.6679994207944033
0.6855302289004682
0.6772443415104962
0.6811756091103477
0.688789937320912
0.6805055257124065
0.691926653853703
0.6961875393941698
0.6892419094084856
0.7033902610981003
0.6937990262356066
0.6849590095709173
0.6896195358704331
0.6937785952228552
0.6949328413926443
0.6961474449995945
0.7048086446287868
0.6892866494330347
0.6986807299125944
0.6933753944783928
0.7029698204563534
0.7023995801353502
0.6895012408938597
0.7216709464684853
0.7390766665876328
0.6768316173922959
0.7056986533694987
0.6756849825397861
