0.18034494557447237
0.13516633002267342
0.007057498565701103
0.010082140808144534
0.01819124233261582
0.015222347685197922
0.022696751177181975
0.021826776439426165
0.027790935928472305
0.032425128908184185
0.03563797280894689
0.039252801009401976
0.044564173795527635
0.04512143817240472
0.05328956679923884
0.05326210254981252
0.05120349190460158
0.06757351177068531
0.04947641432843974
0.06367258775265111
0.06314936423936278
0.15295349121870574
0.1413389329777729
0.22341418314574918
0.2266205076129692
0.2313860711840783
0.2656836062810409
0.2575926433998875
0.259936474410036
0.26207717650375767
0.2662827554320001
0.27064290475313674
0.2691075469993068
0.27097496410765315
0.2739709934859255
0.279277325230357
0.2751155421786941
0.27831188486070596
0.27950923201250294
0.28216318544739305
0.28482585519799025
0.2849554847636383
0.2851938943196336
0.2836235803976935
0.2846651490367217
0.28827917904870903
0.28557329944289733
0.2843179594903816
0.28683849469241657
0.28794677244787137
0.2874093108492512
0.2855782270913993
0.28740931084925186
0.2846367221270126
0.28725239335518715
0.28710040350962496
0.28851758860470705
0.2870052674834855
0.28826553508450475
0.28584013590860663
0.28760451055003133
0.29028689089463366
0.29179921201585535
0.2914903046762278
0.29476700043887494
0.2967834286005017
0.2957752145196888
0.29350673283785667
0.29123825115602386
0.29375878635805985
0.2883705264076461
0.2877095018731745
0.2896925754765904
0.28584999120561055
0.28666793323414735
0.2824448048586121
0.2830675471863677
0.27896305409818206
0.27161521980555975
0.2638534868501681
0.2616279677011526
0.2419480921780008
0.2217838405692742
0.21169253819587977
0.19654871088295991
0.2144304132072032
0.21217051007537685
0.23976108860865605
0.27092084071287026
0.2739405553068116
0.27210075523325244
0.2742172470695213
0.27135444996964403
0.2739936204590306
0.2719722646489001
0.2711357510076537
0.2679591189196487
0.26946651239236774
0.26811603641371284
0.27245780007659776
0.2703128813306156
0.27072185234488383
0.2713161677629302
0.2689908322616732
0.27076885086730623
0.2687054241832571
0.27104061498151555
0.2704451605821751
0.27143973069878174
0.2722724556728209
0.2712926685017192
0.27276670741622566
0.2741975364755166
0.2726753600572925
0.22786198931338175
0.22133845331460528
0.2052269863287122
0.2160030473504439
0.20654287758690063
0.20547914588835214
0.21868762891976426
0.22851842487731375
0.23078590216182537
0.23783135402055164
0.2421156276865094
0.24216025567600824
0.2402078824584998
0.24702978406517698
0.243820254367403
0.24136191453935374
0.25375540779722167
0.2555350985849331
0.2558894211626365
0.2556018965990917
0.2571443168121038
0.26001204156048274
0.25955000539399664
0.26520282384752686
0.26910718958643287
0.2681383966936283
0.2642821684584416
0.2644144477099996
0.26337393731353453
0.2593225093775663
0.25966485201413925
0.2585433745975268
0.2557789689902126
0.25189862755430015
0.2552944836460789
0.2508656781742502
0.24654142788150837
0.2512139178041567
0.2405396602354286
0.23773089763260416
0.24982401247849234
0.2538116395181348
0.24991880941730907
0.2572596077352968
0.26006828144039196
0.26120446106377704
0.2633061699545425
0.2614095160615593
0.2676725718599351
0.2619568329571839
0.2640733247934527
0.2667977760119753
0.26917011003565355
0.2694358075200658
0.26997705778589254
0.2718130691922463
0.2683707396198271
0.26977049208349585
0.26558564591467576
0.2708727032091534
0.27272121959841944
0.27168950625639404
0.26987927207384343
0.2689574777034612
0.2661936052969281
0.2717944975795366
0.27121875377420096
0.26951237193349514
0.2698644891283398
0.2650197574063422
0.2683335963944084
0.2634740817269069
0.26649265733955285
0.26228052324231566
0.2654658716460296
0.2665730104201879
0.265940412795427
0.26414761124428976
0.26191248412067064
0.2632826706933316
0.25881241644609315
0.25822795632505047
0.2540479489069997
0.25590032654320327
0.2524426889834971
0.2512593330422322
0.24537884077681316
0.24532111610288218
0.24073486666160743
0.24339991286512278
0.2512808128750417
0.24931754835596073
0.25181052750279176
0.24661765464121463
0.24461515937497536
0.24711992291587795
0.24130463273487238
0.23505374833610224
0.22569999722619977
0.22749084311264947
0.22407579257153945
0.2307879663324504
0.21746149578898386
0.25610742053247143
0.27916204246615944
0.2767502872544707
0.2787147892451765
0.2745064438151443
0.2774730932568671
0.27456822528307
0.2717300664256996
0.2752193945205378
0.27464365071520414
0.2732734641425429
0.2756469371475176
0.27247637168930666
0.2696185022379299
0.27280877829014544
0.2739962701449401
0.2720366958027364
0.2748191398219785
0.2695370101760004
0.2693702373849333
0.2711853992159862
0.2701980347104718
0.26989291603805
0.27073928497629857
0.2750279834869657
0.2712187537741995
0.27534181847509526
0.27039702307845725
0.27333145694326316
0.27157200995033887
0.26850908550118097
0.26728217245837693
0.23800967781378085
0.2684756876388044
0.3163768940599444
0.2932967501915649
0.28131681650914414
