0.7369796126852689
0.5249387037133153
0.042138009291089774
0.05536835527752908
0.08408934581731523
0.07437516339208088
0.09989382535879204
0.09680740164842146
0.11799521349181222
0.13408544692442864
0.1443842686997627
0.1616802661645907
0.18972200636992043
0.23442668130786865
0.29294838788860933
0.3317520195152027
0.2669981915577889
0.382565573687822
0.30667010594348737
0.35482123414741734
0.3803624883099496
0.5000763984586889
0.5222661600890328
0.5903679761536682
0.5739606402120462
0.6750147409278521
0.6526322327676556
0.6368542383934267
0.6498449499976422
0.6872831392707418
0.706509258295064
0.7184603963109747
0.7340450682428812
0.7493372630269317
0.7615442453699347
0.7723122173882978
0.7923821715535019
0.8009627101444489
0.8155891057722832
0.8302135042097103
0.8408948880844006
0.8515669417038707
0.8603407663050104
0.8702375627093788
0.8870300125368811
0.8965511924851943
0.9029525941649261
0.9215143462823544
0.9241015906008189
0.9395435644496655
0.9496973420227384
0.9517930650224378
0.9519784094262151
0.958251320521592
0.9483419383955815
0.9520735454523542
0.9685871870320183
0.9840920759321781
0.9898477692237221
0.9980366781889716
1.0151975826455646
1.0280994823252538
1.0365982949822827
1.042200480006044
1.0412052686690019
1.00953185418599
0.9943880287851401
1.0214561951058911
1.0419852127678249
1.0510506565545878
1.0526185528578174
1.059542996337024
1.0542477112319784
1.0497255443707243
1.0503124975123739
1.0190644379390514
0.9912638071785056
1.0238410728877316
1.0422631341780464
1.0431012149534284
1.039464240074442
1.029690680331101
1.0191965699572556
1.0182561286333394
0.9549459173291452
0.9756245447941949
0.9821124168253389
0.9906036970146854
0.9869049105822422
0.9071777401805564
0.9340492549335405
0.9776914547756235
1.0038012458661973
1.008866137946508
1.013200463107606
1.0156849520663822
1.015833790475918
1.019381097814568
1.01825353786614
1.0212669343132015
1.0188415351373052
1.0194407782038515
1.015469703348519
1.0186625088804078
1.021554443470262
1.0177339679621147
1.014408227488208
1.0125096161561695
1.013184402348183
0.9969687833641864
0.9925341855579235
0.9248342519002137
0.9640027808230783
0.9885120128198223
1.0015539968856078
0.9848825907440969
0.98644263419648
1.0044147983438019
1.0141212410456508
1.0221491061959096
1.020500636417192
1.0321118743510536
1.0433290725780995
1.045199406453903
1.0455725048091853
1.04257796165853
1.0660662887705243
1.059958741013016
1.0722792644112042
1.0524982573241097
1.0544275587433765
1.058406253179133
1.0500543904237418
1.0476109392790078
1.0506402065147538
1.049677364514491
1.060577972392953
1.0465349578392023
1.051209653144711
1.0502681481803218
1.0458739333047302
1.0514808922171348
1.049515519371921
1.0418637053881739
1.045665277027798
1.0434159351579848
1.049555953062291
1.0476727207469319
1.0424173539875867
1.06191516377703
1.0459036408435898
1.055759111898689
1.054689116349949
1.0682097980633078
1.0682668311117922
1.054727398556663
1.0483994097121758
1.049850994051129
1.0514438906395713
1.04479972253733
1.0466585207750543
1.031783754556407
1.0450047702876282
1.0318137492018231
1.029182782631758
1.0398453927206042
1.0309323355880804
1.0357831339398786
1.0316112193054239
1.0344968727636084
1.026838022805229
1.031776768181777
1.0296985377478283
1.0346160452160493
1.0374170608480013
1.0323678073290026
1.0325844935519441
1.0323406231466663
1.0338480166193862
1.0357478222327143
1.0325946894059193
1.0249701551915895
1.025469355387889
1.0255453947595359
1.0283442691376585
1.0254033451443945
1.021018896668075
1.0318981898637936
1.032125894072674
1.0285710816876343
1.0299453408498094
1.0304643974193857
1.0398144019699154
1.0292118108355872
1.0370057667575383
1.0259389111297899
1.0295066414922873
1.0352277635583877
1.0431243188019177
1.0480314513292655
1.044167905435746
1.0484419017396414
1.04853555836967
1.0453310190158265
1.0404940870148265
1.039057762107725
1.0367083134057435
1.0416442050986163
1.0513999251969874
1.0316730415046764
1.0288696548177136
1.0178784542561679
1.0232076200057731
1.0038035795308191
0.9931247522496207
0.9711246156599106
0.9745734863567391
0.999286166097895
0.9868450809085909
0.9735859122291598
0.8941690031645088
0.9429231296524129
0.9660324560178777
0.9807678973366543
0.986504987812172
0.9935386378977642
0.9885790058242079
0.9884039893624711
0.996805800778437
0.9881760456368155
0.986196926372757
0.9831722841303138
0.9930813204436016
0.9953685737715945
0.9884420342910214
0.9886607332530112
0.9830122366674684
0.9947332844617902
1.0024851621201756
1.0043742468377475
1.0120059910000152
1.0136628993750536
1.0139356400815818
1.0138188435599738
1.021285768654791
1.0251061958294339
1.0223618170282294
1.0336884302364056
1.0346353961922354
1.0366933846809734
1.0029324723110042
1.0234313670904949
1.0233833168818083
1.0281429541043363
