0.11371734615043803
0.0846133145670814
0.002253273746197174
0.0023608291944325283
0.0027690615144998344
0.0026204443105366936
0.003018715976192035
0.002968587362354072
0.0033215942166577943
0.003576795939341918
0.0064443781894622885
0.015138090659439864
0.031845691361938766
0.05532102814355661
0.06866624953284498
0.10352341161925373
0.14579511286730865
0.14910405069142357
0.08447663121141817
0.1415860910845836
0.14576600960490352
0.10644432359640811
0.17274022777113932
0.1820093541992487
0.16816498220075987
0.16687136004152844
0.16649574358547384
0.1568040021788888
0.16083685850214607
0.15806426977990673
0.16713819650723616
0.1588204303405183
0.16335739370418248
0.16638203594662576
0.1661299824264232
0.15100677121420866
0.16612998242642418
0.16260123314357414
0.1510067712142101
0.16335739370418498
0.16638203594662762
0.16260123314357405
0.1540314134566531
0.1477300754515637
0.1507547176940065
0.15377935993644948
0.16058480498194563
0.15907248386072415
0.15730810921929914
0.15604784161828136
0.15453552049705893
0.15478757401726256
0.15503962753746642
0.15277114585563412
0.15277114585563412
0.15201498529502372
0.1522670388152282
0.1499985571333953
0.14999855713339497
0.14873828953237747
0.15072136313579212
0.14845288145395985
0.14870493497416276
0.14841952689574658
0.14867158041595097
0.15008876551103312
0.14564201052500517
0.14535660244658988
0.14256923077884326
0.14218868667428736
0.14093827437027134
0.1419934869735064
0.1398250689663137
0.13823178082494336
0.13105185830468638
0.12634319593505175
0.11265857030014907
0.1013026678642288
0.0941874837739048
0.08299768371828352
0.08874894740661067
0.1074508749450774
0.12148659788649008
0.12455723481149067
0.12252742103424658
0.11575075408477067
0.15277114585562845
0.14949445009298115
0.14999855713338955
0.15100677121420375
0.14798212897176038
0.1469739148909462
0.14548509303093532
0.14488092231588795
0.1422368241780002
0.14309797606175234
0.14092463040605888
0.1409246304060584
0.1410246940806991
0.14378742750593626
0.1415757996435289
0.14272614827290403
0.14241724093327585
0.14377757220893378
0.14496127539652343
0.14524668347494013
0.1435490179499414
0.1459459902161262
0.14459551423747052
0.1451045489263786
0.1453566024465827
0.14798212897176058
0.15100677121420364
0.1535273064162397
0.15025061065359235
0.13569199647767397
0.12128653309890733
0.1265978732305715
0.11733098692019005
0.1056607968307566
0.08653888297672425
0.07399055169180364
0.07263496653824866
0.0780707046505543
0.08553837965556549
0.10098731455686352
0.10911846322012485
0.10985631119775341
0.10918588901294744
0.11150873573180245
0.11545054178630945
0.12050275368154953
0.12265071402134796
0.1223391457840141
0.1248585892936985
0.12320740989473346
0.12645473836622798
0.12417124617564379
0.12343587525599568
0.1245538706881821
0.12215307487140432
0.11935265116716084
0.11232217075315966
0.10750969391238946
0.10647762078475481
0.10670883309373512
0.10809561635144742
0.10839796415660749
0.11010435761703066
0.11339057100179628
0.11227064054123986
0.11377371462481595
0.1137056908463692
0.11146287100605709
0.11653502319037129
0.12021646090947119
0.1224451882359652
0.12400194971878829
0.1276137535435244
0.12906199891623193
0.13058365029267424
0.13277240099238438
0.13377199581422158
0.1326587904102636
0.13204969204671424
0.1369004903985087
0.1342416093151164
0.13764186801361403
0.13844995474514837
0.1378889938853163
0.13740952508741466
0.135246034728725
0.13689670173130045
0.1407135087784778
0.13695734421793
0.13985728454322668
0.13760472478819422
0.1356265788332801
0.13684856422758285
0.1362641041065421
0.13460850945546354
0.13527825030564128
0.13477414326523487
0.13465058032938346
0.13370907536499643
0.13349037640300673
0.13253029982590983
0.13177413926529924
0.1331246152439565
0.1348277334592394
0.13454601699129842
0.12716103947325877
0.1305764283635837
0.1296780443566819
0.12426734338761827
0.1281493570056083
0.12296572406791995
0.12387168989562944
0.11808221262721784
0.11759282043897822
0.11617177858335362
0.11193692966052325
0.11242777319299407
0.11561587637407794
0.11234079734556524
0.11136826002170082
0.11302836239935078
0.10714019533811817
0.09846001847384764
0.08730204193017047
0.09259567900865368
0.10354408908911682
0.11894088230545499
0.12508475221537868
0.1272027549418599
0.11952129634647435
0.1600806979415335
0.15377935993644343
0.15579578809807174
0.154787574017258
0.15125882473440722
0.15050266417379599
0.14873828953237075
0.14773007545155603
0.14838617233752696
0.14838617233752682
0.14564201052499912
0.14708762252979488
0.1438492089738622
0.14375407294772327
0.14289784871247171
0.14326360987152412
0.14316847384538534
0.14518490200701456
0.14316847384538522
0.1425173046079161
0.14092463040605832
0.14515154744880066
0.14467586731810592
0.1436020831021593
0.14253587622062588
0.14307826546774755
0.14392956205449747
0.1416993625793796
0.14429532321354985
0.14153258978831218
0.14105198200911678
0.14127560861960778
0.14338717280737573
0.13782721241739254
0.11997306721178888
0.1611791203999802
0.16142624627168506
0.15416369270820202
