0.4893319296826241
0.3026450741087236
0.04438142636256667
0.05604867219715608
0.07484338118029532
0.07224029567375725
0.09422474750834252
0.09013010971715385
0.1016677178271002
0.11985385348847703
0.12895479806135948
0.14633347465472815
0.16250363042183363
0.17305514231084657
0.20217609676842838
0.20624063546781837
0.18544542840885558
0.22813760934939686
0.2264350161758954
0.22127038283596515
0.23563743348757143
0.2746105930929891
0.28498905551911824
0.306100099925191
0.308965629441445
0.38938948749098423
0.3484245565385567
0.3374379465849671
0.33328462635935047
0.3561583800292627
0.37173848593976183
0.38116423043298153
0.3932574465815394
0.40263470367756066
0.4124645175589741
0.41717526550200973
0.4304092454923475
0.4428632834116805
0.4496550752266256
0.4735024733023784
0.49300568855527843
0.5080390919572467
0.5334368695481406
0.5522697517542868
0.5738464873328106
0.5932351846990188
0.6030653658430146
0.6245970914460833
0.6505571499827331
0.6699967427959004
0.6836499674553526
0.7008161129860516
0.6946670171145638
0.6952929253374317
0.6971043388526955
0.7166637931178945
0.7295498643813654
0.7494301619560092
0.7499494052287424
0.7500569221760467
0.7697459912792508
0.7702042234849545
0.7735102624624924
0.76676605111954
0.7297561967667264
0.6527133272956241
0.6909773253669901
0.7506561172145209
0.7905080145362553
0.7788070968450612
0.7858356220754753
0.7775904373527699
0.777060847177127
0.7930630916228798
0.7966762431999297
0.7881125167161288
0.7767017732168421
0.819027369996664
0.8670105822855869
0.8858814339991776
0.9299546705231496
0.9463904895181573
0.9580933818673072
0.9726413784034784
0.9467912851961053
0.912131007980364
0.8674338103744439
0.7798797910464771
0.7016403112917718
0.6354646671357371
0.7211114257375595
0.773689566927212
0.8035952053352454
0.8128031343811242
0.8257039666073913
0.8303595429015899
0.839839012497185
0.850847648447575
0.8460022274452446
0.8477523917358409
0.84761617355141
0.850092786468389
0.8412274271202596
0.8475812576828927
0.8432904454481862
0.837201791909262
0.8320144582176354
0.8325370780966157
0.8180636007705429
0.7996070464223103
0.7766011169039184
0.7042004704807768
0.6756676561787409
0.7498454419823088
0.8296724919902418
0.8935405807718538
0.9421027258849166
0.9795654632029248
0.9741043883921586
0.9686276628183622
0.9532463232971453
0.9381864768371975
0.9249765285497548
0.906643047574023
0.9115748995089984
0.9161089017155348
0.9117127887770893
0.9283436205025066
0.9348422665345065
0.9213108802286739
0.9116256627842442
0.9002891676089221
0.9168369492137772
0.8971152878234211
0.8960839716010792
0.8841294281176593
0.8944640585900598
0.8762922823624618
0.8805736172961852
0.8940931518692463
0.8994868712353444
0.8937379483447372
0.8973359985911563
0.8854923258725658
0.8935108607675988
0.9203976335422608
0.908052811404865
0.9051862458318635
0.9030643260740127
0.9076340544534242
0.9085112310989333
0.9113457766960061
0.9243891814374144
0.9233440877715737
0.9187442573354127
0.9257821187983557
0.9073261222725183
0.917794581291182
0.9164838490663811
0.9024026985575799
0.8905503273763443
0.8975693849012393
0.8801790598739808
0.8938707874967189
0.8923140819379322
0.8683619877208361
0.8797958037858603
0.8703513548346421
0.8742150553036528
0.8797659935196928
0.8642675252210539
0.8694308764919011
0.8606599898785879
0.8651200430160992
0.8627555336492285
0.8647042037248039
0.8716594757644839
0.8589151984065232
0.8573838709621393
0.8613568558152166
0.8523306246336637
0.8432403316764844
0.8392970758450733
0.8484393974278154
0.8467185464160961
0.846841286436879
0.8390186636724658
0.8474100984380685
0.8447429244048111
0.8517132438235455
0.8449271716966071
0.853761381735654
0.8635403750303648
0.8578269131086245
0.8627687813943385
0.8553664768765904
0.8776659557799028
0.8722615917099796
0.8792442502939757
0.8879995430465573
0.8893360965706624
0.8834098644748142
0.8832423877678828
0.8800817732874554
0.8851104985920093
0.8899063403627115
0.8893455241224469
0.9039658373926671
0.8919661600214281
0.9117107151195112
0.9239192573491685
0.9434504602100441
0.9488126570582724
0.9665664449425055
0.9624521230418682
0.9070843915928207
0.8670872410946932
0.796109242066393
0.7268492501028332
0.7251305987866891
0.6936382762535939
0.7402889359366123
0.7659918861379027
0.7799471614969367
0.8023485552568267
0.8036504381028463
0.8116166095639493
0.8193068750927796
0.8229243467842416
0.829515221180415
0.8196940032458856
0.8340434555939291
0.832970180083129
0.8260590448415578
0.8397871805112352
0.8325405570335549
0.8336591593248729
0.8292781355568888
0.8245885684081476
0.8331728241799533
0.8290178757745068
0.8063622871934654
0.8158715809746058
0.8358963187535635
0.8437430083043872
0.8583775809162548
0.8544136461485008
0.8580796157188765
0.875941688466483
0.8428081830803656
0.9711620384781571
0.8696322912940979
0.8702245006984652
0.8614789058735846
