0.39429666074234476
0.25354260875679224
0.016383478813233945
0.022432763298120495
0.03683316850793998
0.03229620514427704
0.04735763488856515
0.04534120672693742
0.05882853388208007
0.07036121434352004
0.07716665938901741
0.0864308581686232
0.10057920985823429
0.11734323277602546
0.14580178129782553
0.15343009602036606
0.12695462110196523
0.17309519824472383
0.16956644896189632
0.15988835151952435
0.1776321616084175
0.2153861551418913
0.23202661512382444
0.25378533202177506
0.260222818684367
0.3138113767721257
0.290187432875923
0.2843358230350618
0.2812116421597603
0.29878093105311565
0.3149854860640932
0.3237751518533021
0.33189287956847213
0.34260911095439556
0.3546454623121922
0.36353351959396396
0.3722174816301904
0.38545742018475376
0.3977512723551279
0.41389069210853446
0.42647826215661616
0.43429892807291776
0.44670976509102145
0.45679834418901066
0.47133227690997065
0.48338103692705164
0.49206847209581955
0.49715327252058283
0.5088910308055543
0.5237844811460041
0.5378526202068037
0.5499340068945684
0.5536619414627886
0.5436805578694405
0.5438211100690942
0.555512269569113
0.5710559439946178
0.577877077999742
0.5842767695339418
0.5837679948895252
0.5949568910127617
0.5979675411980099
0.597525976280276
0.6099999494910125
0.6051829282845744
0.5553975750881945
0.5673890003128571
0.603872058840766
0.6640307625309907
0.6460131017293018
0.645303952582021
0.6513970032061744
0.6511494048933908
0.6408454676365918
0.6603232206693244
0.6252557207312356
0.6132446371653346
0.6526400318997403
0.6750283946746706
0.6928186850679784
0.7133722283789327
0.7245421383576263
0.7327236889185151
0.7320779886382707
0.7074357619654046
0.6752713582922556
0.6395584652691861
0.5924927660864202
0.5613078811343629
0.4967986413608737
0.537393006748836
0.5793075347909494
0.5905935063227368
0.5966898374113565
0.6110395415558986
0.6189924282396765
0.6335080508915055
0.6232455286658879
0.6394980896834629
0.6330214339641501
0.6357693067579478
0.6380662153494923
0.6315091128429285
0.6406739224740395
0.6123738727389204
0.6309421420601808
0.6099960356865864
0.6047277023141929
0.6130272025295614
0.5872390471677541
0.577321579048727
0.5237054916015259
0.5331884170730837
0.5550374193832056
0.6145972597323501
0.6479111364833556
0.6828182476311562
0.738121717425335
0.7341647182076866
0.739039743489912
0.7408522637940542
0.7399534436431021
0.7341354438418494
0.7336400449581512
0.7316990536703988
0.731957875512202
0.7293013498166298
0.7253419549450502
0.730573733545452
0.7294078348587362
0.7258354205592696
0.7246416117562969
0.7286450433050596
0.7127749953556883
0.71681560146679
0.7122657089877387
0.7076636197919937
0.7098381869403888
0.7088715105327137
0.7111835686868794
0.7136996109508691
0.7094232466895236
0.7068867606995309
0.7087683559866076
0.7018119585337175
0.7102198884738433
0.7080726569084306
0.7178828196854419
0.7257511272483201
0.7188146735620153
0.7292787414163472
0.716346932170518
0.7369800628736838
0.7367280093534809
0.7253709859365186
0.7226627282279222
0.7134881950795279
0.7055086979342555
0.7160640023653823
0.6993043756704477
0.7058160851304432
0.709123876169719
0.6981895423101877
0.687198494528162
0.7023568635567989
0.6822227618982923
0.6801926477316893
0.6830352010367797
0.680292819425982
0.6624143447196303
0.6645996486005462
0.6582504786999228
0.6637877162204555
0.666128458199327
0.6594962065464156
0.6670315724084555
0.6619965426882113
0.6578639685030357
0.6537228988400015
0.666029373260956
0.6631019889276889
0.6560094428173039
0.6612331368821293
0.6468850110371724
0.6497247433191652
0.6500952699392514
0.6602477419473624
0.6594678820920887
0.6682569490255774
0.6603547955947381
0.6555304504207502
0.6643928734968995
0.671704958060744
0.6860925090485612
0.6722166598428484
0.6744480339084923
0.6832211329985967
0.682688511201303
0.6881104934464438
0.7049397615640527
0.6888984830014249
0.6872057451249282
0.6884611467246813
0.6976289429701154
0.6923356918239875
0.6918616529533839
0.7033389517440224
0.696012939481311
0.6963090818702354
0.6955900771804392
0.7004362936964552
0.7013430287683038
0.7165185800575047
0.7191970146750004
0.7254558431128149
0.6566874090401255
0.6313768082127897
0.5901771519117314
0.5612271093458807
0.5322977377918868
0.5135378380339706
0.5307274700743405
0.573387838303868
0.5986982551557252
0.5908450381264266
0.602340365596633
0.610647240258934
0.6033573907439809
0.6226705840164756
0.6109088060062854
0.63414719213279
0.6218859839403635
0.6195764150285812
0.631379622132607
0.63549811865499
0.6313667165459227
0.6334813238762478
0.6175341537991376
0.6211946491327638
0.6160385527866026
0.6156345233334097
0.6093696500308973
0.607365441308408
0.6286390959081124
0.6335336298427839
0.6440716316301072
0.6437772860934445
0.6397318353255922
0.6361944053739934
0.6467038649584811
0.7441611243752345
0.7118279374228732
0.6970126984132364
0.6586104346109563
