0.32410164817606113
0.22299246609792092
0.011028573421032606
0.01542647847350156
0.02791817726947419
0.024086160725338243
0.03688605443109756
0.0356082734599346
0.047173769880896194
0.05854513024155347
0.06522939696311739
0.07513929688342666
0.08912482868773287
0.1039623271746013
0.13582089835247305
0.13923261744846824
0.11934254235165001
0.16472138815748055
0.15418530124771704
0.1484837132491195
0.17029947589948033
0.19660079692949967
0.23218720680879748
0.2506959760408301
0.25163264778812894
0.301463826801401
0.28410368224227717
0.28467082284979256
0.27194563267500327
0.2891549276062976
0.2954087767041708
0.30137157068342757
0.3197519872314413
0.32439875377286753
0.3421791848033487
0.35482588938624
0.3603887539598313
0.3685863398896378
0.3845445493923847
0.38310225821842986
0.3893239268260161
0.39720590074451884
0.40914814949107525
0.4183521126151853
0.42396026712037527
0.41210738184188994
0.42031378111063866
0.4278839638276204
0.43610303897296715
0.43503224367206106
0.4345479529353327
0.44724912955940527
0.4418196489360772
0.4361528718193302
0.4375838747748749
0.4468112685458895
0.4629504852018873
0.45734599719222774
0.45727232183484723
0.46410754955328654
0.4642186249897933
0.4640082466313675
0.4643368366305365
0.4590253209056934
0.4446094525735323
0.4319355111363127
0.43989779194226
0.45803427515951645
0.4559603144285843
0.45496092643683106
0.4445890316850041
0.44256260422881855
0.4600617213155144
0.45576421519094057
0.4445213489853373
0.4435811858995723
0.45877735260948804
0.4580711310921081
0.45592160970595513
0.4574494262025212
0.4488701859290491
0.44936502667615635
0.442880119071111
0.4454028858583116
0.4412383353228855
0.4395882264433212
0.41611674065286225
0.4244962425647135
0.4110343623819816
0.41635472888002645
0.4413565928125253
0.4470141958260537
0.4507230539890153
0.450306233234182
0.45429806327034966
0.45913108841563827
0.45454850532059793
0.4497800293216974
0.44980579574968016
0.45890040056627407
0.45561799663194846
0.45420282953166624
0.45566031482826447
0.45138264956786256
0.4527054995484
0.45597600266112936
0.45799745367841316
0.45443556994209267
0.4485973689701888
0.45873638879893086
0.44198763872317876
0.43501025880489275
0.42360555255082544
0.41677857894913867
0.425358361831432
0.4279219062530864
0.4241456377570276
0.4412899198125033
0.4328544235742419
0.4250856410873127
0.4194196311316223
0.41551147091162427
0.4193324019346206
0.41696704251763544
0.42816220950067746
0.42559573401878475
0.4374824607721419
0.4312355919745566
0.427342941102788
0.4306708506065177
0.44083668885945104
0.42967196678092306
0.443032475533793
0.4364331437286416
0.43502255846413884
0.4410581989848147
0.4364446712077218
0.4412374767587958
0.4429766799569339
0.44204397204698465
0.43386393782210864
0.4356337733128153
0.4378864138065798
0.43115260552601004
0.421893859436685
0.42353686836611953
0.42524544743068377
0.4153879914755956
0.42430298271406036
0.4257896073502127
0.42924433525621475
0.4209010518334854
0.42611162545326586
0.41795895989553483
0.4251285828157396
0.4296718778831932
0.43077690017222237
0.4289753904643782
0.4293870919032861
0.43649871386377137
0.4384325917209079
0.4260759833398635
0.43276279309801224
0.43828447128128006
0.4337037648616173
0.42460466669099783
0.4284155685858424
0.44050595444068935
0.43500821166268533
0.43616075751592015
0.4385522689328234
0.4396153174046624
0.43075075938410295
0.4416496061827594
0.44474043249984524
0.443584195036134
0.43537730902689376
0.4412996862117746
0.4432122701905566
0.4421516048970364
0.44334243295698605
0.4410427939407994
0.4419109899581811
0.4402784502652633
0.4368502978578363
0.4490057206470335
0.43457530524315363
0.44141410484686516
0.44676901023906523
0.43901713258067904
0.4354698116851176
0.43915055081353316
0.4429931350845123
0.435845428141176
0.43546981168511895
0.4371056957421912
0.4212940913283562
0.4271246768512503
0.4264286255764896
0.4260475482711521
0.4181529221246906
0.4182824709516071
0.41850284209567556
0.4210868309477147
0.42493505529703873
0.4244293649722829
0.4290875066598815
0.42802675246863137
0.42400455276994503
0.42164013373440307
0.4211174550812853
0.4251453837560434
0.4399211027667213
0.440381244364547
0.44193933378405353
0.4400616804003438
0.42635124865810525
0.43578708657298926
0.423651368720915
0.40411599808762394
0.4236253238321305
0.4164031189533514
0.41729895027899955
0.4288219947139543
0.4306306673546143
0.4348651363167086
0.4306883085287236
0.4284624908559319
0.4273425677602745
0.43655971929491877
0.43346167777414124
0.4427132700277112
0.44038442357863605
0.4265828475293043
0.44031065768318467
0.4358586973292684
0.4370617875361325
0.4400257954509436
0.44060366838680254
0.43886708447758416
0.44242689403805896
0.4439222543607121
0.441555084096136
0.44303145217461753
0.4462466219507326
0.4374080158966385
0.45433845314737986
0.47112984473231917
0.4751585968197506
0.4595843775068688
0.4709975663922684
0.45035954098984105
0.47079558672034
0.46675340014186373
