0.394673310688079
0.25113629807639826
0.027310930317065905
0.03380254037443473
0.04990553875775232
0.045777546408348614
0.06068205865858464
0.058570494470812216
0.07152036002733829
0.08261071491629579
0.08790383884057053
0.09596955148708543
0.10731195989624585
0.12092284998723776
0.14502977954914006
0.15306213763744125
0.12958780570029535
0.17090108375247193
0.17143854535109346
0.16150839438851225
0.17647961575516577
0.21548726890009753
0.22982096499348437
0.24925434639018115
0.2527786930663135
0.3078687282626669
0.28653027518105834
0.27466149794190137
0.2718380412913019
0.2873815717678082
0.29663724161976707
0.3044520270819798
0.3168265835436217
0.32773070236990387
0.33520684801781697
0.35125411891761266
0.3565215327999103
0.3676170780662498
0.3801862244205761
0.3941087844591356
0.40119722803532354
0.4102656885154603
0.42184337444033343
0.43349364808614566
0.4349242914668427
0.45727290417202804
0.4620975391476771
0.4697219901364979
0.4820386329990954
0.4872499500334706
0.49449604318631535
0.48740069314928397
0.5067144155444729
0.4988616814990816
0.5059490829969615
0.5065166606179238
0.517384387370264
0.5227377775408683
0.5311435343341726
0.5309271028978213
0.5368865299940918
0.5441462226550634
0.5509315706642552
0.5466416418448672
0.530780212740668
0.4918086170250665
0.5122915356843526
0.5449378252407139
0.5765990690218379
0.5774167480705638
0.5933764793123801
0.5975820599599069
0.5811502282579061
0.5903188392684435
0.5753951373837486
0.5763472756034242
0.5716429499223784
0.606574761184729
0.6407840858873572
0.6470706501357153
0.6697354666068859
0.6726358253634775
0.6750538622636213
0.6872092456375419
0.6541725685809111
0.6161892280899772
0.5922825245358526
0.5397261557583892
0.49939264008223344
0.4573108752443761
0.49741224193746
0.5289335467691919
0.5469173527312626
0.5509960138009066
0.5677004666666956
0.5675091705045774
0.5710437307097055
0.5906979987350627
0.5801139880366868
0.5852616106241686
0.5914625822994233
0.5901071786722661
0.5855136641443723
0.5784971981993786
0.5919866932457925
0.5737667678102223
0.5698474764069786
0.5646722031731589
0.5544911656675653
0.5516531766451128
0.5232995686958921
0.4993972785326023
0.47761592236830325
0.516341495832901
0.5729427559235232
0.6045455535597923
0.6480148505305778
0.6884031303804038
0.6887664757251415
0.6940766848859928
0.6810859037548432
0.6776069723167848
0.6748852515229018
0.659235484092632
0.6591182118409075
0.6631297604115177
0.6720918941126139
0.6734117806012468
0.6641088634708717
0.6661743014243229
0.665650849761724
0.6629875488168023
0.6548792996462462
0.6628742122443873
0.6557675767639863
0.6433562333220723
0.6536319905466479
0.6583338524633104
0.6642934120035541
0.6438676978892998
0.6525380173949157
0.6616449972558114
0.666494301993262
0.664012867789373
0.6493620950805821
0.6547293400337272
0.6510947528634856
0.6601077530423434
0.6668814268139751
0.6655387374690174
0.6611202634087332
0.6669636206077346
0.6587020319077462
0.6547878108718399
0.6581979248673415
0.6667175794631458
0.6593768035878493
0.6546788262732987
0.6421863628892007
0.6482964548496192
0.6500834646159886
0.6383475920953908
0.6320917803380387
0.6406899789114263
0.6308788666805341
0.6351831452437392
0.6331593381985603
0.6248444049111207
0.6178562131144194
0.6211741807729241
0.6144235408898999
0.6192188408524184
0.6124990342773876
0.605258141209374
0.6085709900482121
0.5965399856396597
0.5960795400939738
0.6098203397355553
0.5947039739604661
0.6044163965959909
0.5943865598672416
0.5841945710479897
0.5983956093468288
0.605916902160195
0.6027936255483294
0.6044880923175092
0.6007107531733296
0.5917878884217853
0.6116144519291085
0.6155451626210066
0.6212213392000772
0.6125202222518232
0.6132327485016013
0.6202603449410695
0.6274982370043573
0.6309356919791634
0.6251323595012976
0.6309912748771751
0.6188248842942307
0.6307900974443298
0.624159705361554
0.6215773886915948
0.6319503013707081
0.6327873583792871
0.6338656883538641
0.6475108662707587
0.6505824378970442
0.6514515308651262
0.6499233685558367
0.6534475013593608
0.6679901660926202
0.6741798687078419
0.6816301859305691
0.6856393372790058
0.6792948980755772
0.6306824149178083
0.5979539009618914
0.5452826176995773
0.5126925429298949
0.488568648544046
0.48918800944719687
0.5173481485009489
0.556022515244397
0.5429457491687674
0.5615611864347122
0.5740641176173581
0.5679420077394202
0.5716987604186315
0.5873659456065737
0.5940545207202993
0.5841590274247951
0.5921083463663888
0.5969023886630683
0.6049678936126686
0.6097268349172935
0.5826576585203822
0.5975450349772591
0.593788955810889
0.5983550566645297
0.59583528316431
0.5879632453386564
0.5759664930503571
0.5589537089914933
0.5785991206405389
0.5923442620423403
0.5910720369753152
0.5963390519493892
0.5822282837302158
0.5757395357093287
0.6272168580320877
0.7252196037377282
0.6916014606602313
0.6554699013330655
0.6409577815767651
