0.4503394491862986
0.29871762399621343
0.034717815652971315
0.045157001304461715
0.06628249847914391
0.061141364400426744
0.08302302213572679
0.07879989376018734
0.09273940178481804
0.1089758184009929
0.11522030258665908
0.12839872240217653
0.1424000118947308
0.157780204275649
0.18894084373605116
0.19684963888850193
0.1788340646854101
0.22256895324628093
0.20798320363267112
0.21657652258080792
0.23149089012803728
0.27410764563644957
0.29172789278950306
0.3125373577521954
0.31882611003564276
0.37902827191127414
0.3565341632892765
0.3564679792146302
0.3478680604359176
0.37451744117672575
0.3800341917114938
0.39009723586514705
0.39845768684529886
0.4118592082295238
0.42069041169187055
0.4363571592915037
0.4407957311626067
0.45621200852638105
0.4697786305195974
0.4746261734049682
0.4933744170664663
0.501553926249562
0.507151209094024
0.5207920190477495
0.5254542175293427
0.5481832888885391
0.556826132856433
0.5659646410032658
0.5825016851032773
0.5949071570224063
0.6023451052700287
0.6115196469682019
0.6062724633237834
0.6095813105815017
0.5986723700274799
0.6058232946098192
0.6106876043913325
0.6321089117822629
0.6365582508141538
0.6454098108370995
0.6506187274749646
0.6785700067548754
0.6576217618022016
0.673742288204634
0.6671996562643449
0.6551250785920921
0.6227313290718997
0.6611302044088644
0.6772086970655367
0.6818282147050427
0.6935249020009888
0.6973361069670078
0.7060755405623668
0.6898227787959411
0.6860539677623597
0.651213965495634
0.6355096049982459
0.6761584462968491
0.7029626225560139
0.7132359916520113
0.7342893969899139
0.7360178309941552
0.7535490169098569
0.7599645875955783
0.7413252128221527
0.7115403373173247
0.6830864555647287
0.6667686259620523
0.6384590437027085
0.5573092092620211
0.6018977037174916
0.6386890456719605
0.6578982789274218
0.6781331189730908
0.6774001647134247
0.6743404478981094
0.6759116394795173
0.6852321553597639
0.686102405369535
0.6946652245284738
0.7005928335657922
0.6942914955607024
0.6961157641817699
0.6839624142720568
0.6833775723407013
0.6792751007653198
0.6717992936826457
0.6747222312093009
0.6740123567117821
0.6568240528872664
0.6382622154748241
0.5981255909900437
0.6197772246989476
0.6611228560959485
0.6665596336947001
0.6969023341089063
0.7294473608091695
0.7660183635849104
0.7660054320505431
0.7579036344211705
0.7421143821282513
0.7291694442202268
0.723871392647448
0.7412965289974446
0.729947520757703
0.7312789000818644
0.7235421511817054
0.7396134671888926
0.7448873152296178
0.7465550608918837
0.7458229246342691
0.7312378874505143
0.7178514059267871
0.7239433752251069
0.7261911016272775
0.7230450882749351
0.7223763167695884
0.7146714934365452
0.7217496719410871
0.7203374144945051
0.7254813678955877
0.7257569206770028
0.7193309945883031
0.7316919974170677
0.7303682761660474
0.7175704140119941
0.7341086049364345
0.7288559550448243
0.737938153784809
0.7370354642279178
0.7104918761378202
0.7389039593379806
0.7525660631700553
0.7519196423520302
0.737759596599671
0.7263707228688695
0.7345149290258828
0.7237815300825424
0.7266989891758949
0.7182412802865626
0.7270171882780263
0.7266244500047523
0.7072752910946281
0.7035250162799317
0.6961667447669877
0.7213244901393008
0.7200431296839889
0.7082851504299773
0.6977437638143256
0.6929480378407517
0.70393622072894
0.6895905898080188
0.7007830055620282
0.7017732701286419
0.7106902793619079
0.7111584873739201
0.7026308262989447
0.7011894309464103
0.7051938603599543
0.7011855545411777
0.6978470773106037
0.6991399884735936
0.6938683666201227
0.7004213220013614
0.7027973106809116
0.7119342757185838
0.7206532659287003
0.7145440179372334
0.7146111266775744
0.7162439899452218
0.7191778992112429
0.7110287237969337
0.722395592653146
0.7353484495136144
0.7246030941946215
0.7221246217075078
0.7252069622544697
0.7284957436327889
0.7253838026664053
0.7472811223607081
0.7445462908034006
0.7493353076872679
0.7417359449162275
0.7229584034905067
0.7342016326364452
0.7238035349571317
0.7262337728838009
0.7297931213644107
0.7318586563745934
0.7267273775928821
0.734217435331793
0.7255043670508214
0.7566403682687235
0.760434820433897
0.7595177898894399
0.7169429111414861
0.7009640905450502
0.6569860231702915
0.6383053433503879
0.6048749702219584
0.5690966932894156
0.6111928980700634
0.6528637599580379
0.6573936014432753
0.6650777393707152
0.6717329982726338
0.6828533333139983
0.6764024719880645
0.6748044806734375
0.6756545163738992
0.6791296867795277
0.6795940602689886
0.6847866275475673
0.6816832571176203
0.6970865914930114
0.6943757842386978
0.695785062504643
0.6895137257111125
0.6782664533280914
0.6963441629708409
0.6958492629266215
0.6824537814478048
0.68983792487463
0.678203743233476
0.6859376066352234
0.6884107333980342
0.6960771056332293
0.685319133947413
0.6850137176627243
0.7083685579529785
0.680608829105477
0.659057874949789
0.6651208107473896
0.7100059521723556
