0.5385977735331064
0.3306383210765634
0.024634793137217146
0.029496523272503513
0.04056910079909297
0.036894610914825064
0.061140294931912115
0.056769245990306416
0.0687311456402516
0.09263413408922307
0.10433398695672914
0.12538099124690794
0.15074147071953686
0.15531557633642165
0.21671660973933526
0.2287016553422476
0.21992231159804287
0.3285862948180389
0.20378667956229696
0.2930405949143589
0.3211395701077235
0.36709104401371323
0.42545279334592073
0.4495721535421289
0.4616268790618564
0.520844561316956
0.5006757114218023
0.5154482902331919
0.5126089923945266
0.5339482608826951
0.5421140372038504
0.5501513229406519
0.5626588629246932
0.5796465124529736
0.5892863276886348
0.5913027558502622
0.6123850431697276
0.6184009730963974
0.6302474885459682
0.6447430297819261
0.6545113356019411
0.6614736981415027
0.6729445971350168
0.6801923677529961
0.6969897452289998
0.7065393520870249
0.7206926314251415
0.7232514488338931
0.7376283547825006
0.7467405637165456
0.7566264465813465
0.7601109277664164
0.7643958376098771
0.7670732903059786
0.7567833640754094
0.7655609691847571
0.7731421061558118
0.7926845843921848
0.7995365278541323
0.8034401000895728
0.8168184651561192
0.8263977585017337
0.8422514633901118
0.8415239581487067
0.8379704112871693
0.7988527872631288
0.7821638632203993
0.8140336385166931
0.8304768229557514
0.8301950088408189
0.8435686992002365
0.8379473692566507
0.8269159557088512
0.8166195373580936
0.8118734585034989
0.7645827871092014
0.7303968721502937
0.7573728744931958
0.7541168474283779
0.7537814774417422
0.7584653817911322
0.7880989409594897
0.8196370323422277
0.8469380311099528
0.8637209741509986
0.8427733921360094
0.8459777544994096
0.8227675748390691
0.8050089771777139
0.7233460247670606
0.7535575362411183
0.8009634862951328
0.8117999907891801
0.8241623081653983
0.8196110634205451
0.8284567417752873
0.8209331713436064
0.8191048462044325
0.8244582396887975
0.8254244587320506
0.824411317002736
0.8265846626584296
0.821985917826838
0.8222515394748908
0.8168314368740994
0.820521836521815
0.8337846432678835
0.8280291288163615
0.825451002676128
0.8151941241267647
0.7917277144252379
0.7411894003809968
0.7736409006902849
0.8127863313607846
0.8366732089354282
0.8489789359733595
0.8713029570407488
0.8795273051036082
0.8329177346043615
0.7952723811582337
0.7723368662302231
0.7168305078656839
0.7428900901163785
0.7437520770789023
0.7574149662739302
0.7722391697750729
0.7881770835140216
0.8203472642672525
0.8310681791200922
0.8134081796034448
0.8301792036124799
0.8235599111298361
0.8259551956653008
0.8249261898038425
0.8211374435717362
0.8295459838892052
0.8076231275680964
0.8174039058151928
0.80453230953301
0.7924617118159399
0.7957160627051585
0.7916117624029404
0.7965334657190258
0.7864232282652495
0.7965086453442175
0.7910313609439541
0.7808016540106215
0.7841743169744738
0.7806656707500711
0.7985018505304203
0.7982301700581923
0.8099002890454982
0.816866162975872
0.8315398460573141
0.8315193814246806
0.8176193930783913
0.8240049307739243
0.835769307685377
0.8191262888713302
0.8127657545998257
0.8166565093022264
0.8297950480780373
0.8194925361258252
0.8198063481698774
0.8257358710315149
0.8178907914529303
0.8394163159307231
0.8319493213089676
0.8242275219379757
0.8223738441347213
0.823761019035746
0.8267233600242335
0.832902697573426
0.8314756571813404
0.8296495010719913
0.8335298425079027
0.8185985733903552
0.8284576126297941
0.8170818496624168
0.8174197110932175
0.8165968414161802
0.8156252373600046
0.8178823012648824
0.8249715711044513
0.823082481131129
0.8240409952282728
0.811976305858491
0.8173344459127236
0.8228600784353496
0.8145608630769493
0.8018589047927581
0.8161969826884788
0.8141582927372603
0.8107030347806005
0.8134360378708482
0.8197745109423606
0.8242411794590954
0.8042770893211129
0.8088979705244156
0.8105373451679113
0.8168884247654603
0.8231218369868964
0.8101793740221188
0.8069488181297886
0.8023326373671084
0.7912236161952712
0.7773817307052013
0.7672300717319929
0.7416109620860405
0.7470840197209514
0.742056783051908
0.7755472073702538
0.7947569485995442
0.8387229949241143
0.8699180178563016
0.8447169848006841
0.8243519307925274
0.8214724653985469
0.8090871148342229
0.7812689798356134
0.7091561622964891
0.7503122451352187
0.7745698836127041
0.7819683858002302
0.7864937609541062
0.7870051975272804
0.7923601529354567
0.7904073453965298
0.7921214000954577
0.7854132901495343
0.7790718259162361
0.777045542457606
0.7894460387624026
0.7964417558601783
0.7782812272300014
0.7708246129470356
0.7862704435564245
0.7661054653058149
0.7775096551829035
0.7937741528960637
0.7901966669550605
0.8132017185586394
0.8175942894461923
0.8202614298968443
0.8230842590510229
0.8236037304041134
0.839968075050118
0.8393976290508736
0.8475455566300021
0.849214997128316
0.7575188543935132
0.8021420936832246
0.7976658713775965
0.8094551827770903
