0.49237430822295875
0.3318180485134114
0.04571708581535834
0.0595265996489565
0.08443444579757439
0.07978781190899495
0.1093074035075122
0.10296312562357039
0.11966957689418728
0.14482740535034325
0.15761499768530465
0.17043478937312767
0.18610390078028385
0.20427548817315805
0.24358448764130058
0.24499717979833546
0.22320528757122915
0.27930462854074717
0.2547119843220765
0.26207345441990487
0.2865664778333818
0.32808973853184553
0.34094403191818046
0.3703057950386554
0.3716603278113039
0.4387239709062837
0.39581793791351083
0.4132856701792068
0.4053336651715377
0.4272869596717598
0.4437803574566386
0.4567450059586668
0.459560804536121
0.47831775635433
0.48164258962069123
0.4922102658565343
0.500823295398672
0.5215966753785091
0.5265191104952314
0.5301528511012215
0.5497660271546816
0.5685896880893186
0.5815494089428419
0.5816828271756955
0.5943522123023031
0.6073590205759808
0.6161573945218952
0.6310668344206241
0.634885919430392
0.6465520181246861
0.6603630355649613
0.6636944213729625
0.6732724551406984
0.6661198205488582
0.6587435593465263
0.6675085787342274
0.6751795366614113
0.6943503871423906
0.6975778871587544
0.7071183511496192
0.7147772900057237
0.7390329593446825
0.7454134202062701
0.7440749331149866
0.7401941365802055
0.693208125616452
0.692347007960271
0.7133240820459205
0.7355487644737712
0.7445044829068898
0.7301913893132765
0.7500831124883951
0.752875322029453
0.7251449568595121
0.7282877846883455
0.705392439377559
0.6838128114319285
0.7248795495000401
0.7626764445867704
0.7673633022489899
0.7842646001601742
0.7935727004204441
0.809177666552154
0.8096981398224089
0.7805667823720662
0.747947411984437
0.7353983343272571
0.7253830065237804
0.7106142690664446
0.6227048904874269
0.6633788725939497
0.720004754897126
0.7359464448869956
0.7462485993191501
0.7403635445887489
0.7444777137448773
0.747451142246238
0.7586918129491069
0.7541900501568838
0.7491185348482987
0.749401033273015
0.745368176949757
0.7491185348482988
0.7609954952023816
0.7486096721409627
0.752324727429402
0.7474961908671969
0.7424767737111074
0.7390959647273093
0.7346470106678482
0.7154677915334621
0.6532633772275923
0.6820873392461415
0.712391064695427
0.744644673923997
0.7567185892447789
0.7775233892878536
0.810547328083029
0.805853184496419
0.7840524937812722
0.7908750174864665
0.767010831993938
0.758777665663667
0.7324683393374976
0.7349762267272004
0.7135645937193272
0.7429806910490842
0.7368840132901775
0.7522601488771077
0.7414078759531316
0.7401028929996695
0.7394985286969749
0.7408782401603957
0.7388539746965637
0.7415872274293747
0.7358902222631504
0.7252222268712688
0.7309898157752126
0.743527957156257
0.737709889261666
0.724738603142427
0.7547017332042172
0.7396133653718174
0.730763750571
0.7319606548533438
0.7302479543436714
0.7331942197763532
0.7290469971271268
0.7248768462725732
0.7208245693274699
0.7321897793722386
0.7351069625957803
0.7436853420774646
0.7411656189446725
0.750193997060216
0.7527978645235198
0.7693591475285128
0.7590386793367031
0.7632896679713818
0.7693274249771888
0.7797626562893235
0.7525740586839685
0.7675091950677679
0.757668540052981
0.7691456041666224
0.7659022629621887
0.7625748785002407
0.7663190712786595
0.7505652804364809
0.7630680647536012
0.7538990020001303
0.7590139217994727
0.7600148236198686
0.7512913419053048
0.745337193446559
0.7501147717490763
0.7579743711552444
0.7577955376843201
0.7457921047406828
0.7570519628453521
0.7590066095390554
0.7531174980146575
0.7498481145124257
0.7504107475543337
0.7687160362973612
0.7625455734885389
0.7610255942941746
0.7596355097394518
0.7545764081709369
0.7673815753379195
0.749097760613822
0.7625570066719797
0.7477268616113198
0.7633290973183929
0.7749598234596694
0.7596337544735292
0.7561570144454478
0.7660747869673256
0.7490975732257668
0.7482894459306927
0.7592294808906109
0.7512478486505483
0.7455622642875273
0.74505132273954
0.7284990323360422
0.734712685629285
0.7370911601273841
0.730197848779575
0.7392951682344016
0.7511746570149548
0.7679412233853053
0.7803665661250596
0.7792340766785478
0.7971917469786614
0.7995737624681928
0.7515045881770017
0.73685467248356
0.7169612160336403
0.7088462023985708
0.6895438568883626
0.6300831696845642
0.6717398486158868
0.6917674619308081
0.7031767514379736
0.7115519872132049
0.7243026152297708
0.7250166995185522
0.7195038129918156
0.7251991415161129
0.7261845687655593
0.7138087675848089
0.7064097195511079
0.7118601140296581
0.7121845167446286
0.6889499080874363
0.6998549185726157
0.6990264088172352
0.702869705518056
0.7005159431070868
0.6997643643822546
0.7297698260551085
0.7354316888854742
0.7454534576788926
0.73938833200594
0.7317494568040451
0.7460505788624012
0.7460649479018427
0.7624129430263425
0.7546546447664361
0.7454773988980384
0.741760314818997
0.7231248997828339
0.7359133549072443
0.7263125343081339
