0.575982740447914
0.38628529683015533
0.039974467851457265
0.050895207198268816
0.07352711005010866
0.0703176458391809
0.09950315896027238
0.09331992735943845
0.09761411397489371
0.1311198267844646
0.14543916648959687
0.16713655717973286
0.1995914864419661
0.22292099650350988
0.2901246594515626
0.3107918525276677
0.2928196480188916
0.386332116539505
0.30885237845313035
0.36726491189036764
0.386241080464862
0.4093223719956389
0.4543099794315406
0.4832077772884536
0.4864511184928852
0.5484495861420604
0.5197420603374298
0.5292727497700207
0.5231234016104941
0.5461319087139496
0.5553392536741322
0.5613267566910926
0.575384900003069
0.5909170822295521
0.5955256823581445
0.6017985934535216
0.619604185010338
0.6348892413651223
0.6339477364007312
0.6497702543541349
0.6664107143360751
0.6703867168399066
0.6852961567386356
0.6908178349219036
0.7038393372433529
0.7106830644955656
0.7232004597766107
0.7308954836155735
0.750218323942115
0.7542610355623759
0.7597985549337115
0.7647494169601443
0.7695384338440127
0.7718353424355565
0.7664520101336446
0.7698287695709352
0.7825213081460265
0.8059224603980133
0.8060972617206513
0.8073970727662609
0.8247232354416426
0.8336461115754202
0.8416171527709154
0.8348445431785214
0.8290195760017712
0.8069241542423912
0.7777771182761356
0.7946310991725541
0.8087766284896519
0.8125298876937139
0.8192149694272282
0.8241918681844398
0.8039157554625185
0.7966089779861756
0.8122254204114353
0.7609702303706718
0.7396280355083831
0.7784138422013427
0.7836843156805786
0.8121948699362112
0.8246282333350443
0.8540235583975859
0.8862141579258284
0.9150128319674637
0.9017905860121072
0.8771688300897893
0.8557038782163264
0.8406276733925563
0.8154589800986135
0.7311651078792086
0.7721923872788994
0.8165375013876861
0.8314145801864069
0.83832728031365
0.8433713596875206
0.8422543767051544
0.8461246410340993
0.8388856832660785
0.8407912944877413
0.8473424429026221
0.8588751233640632
0.8546804218982391
0.8433713680472896
0.8416425910744908
0.8394515717744114
0.8523740528682663
0.8391093498028869
0.8482792838268387
0.8393639213041747
0.8323467103044478
0.8142690197058525
0.757614295738447
0.8013943026198648
0.8328001270902987
0.8502684968398301
0.8741467686435466
0.9013507145784773
0.9275745842440192
0.9140412783162958
0.8710834720122493
0.8377730058013734
0.802997840304736
0.787792722380124
0.7933921269405196
0.7721369140283434
0.7743399801186823
0.778309035546448
0.8146196768708669
0.8253888789251032
0.8106321613336991
0.8284385646687806
0.8187516714892089
0.8068830176761868
0.8247505491256006
0.823886711619348
0.818868499403999
0.7998927750636947
0.7931000799197785
0.8019396889805742
0.7909924823597915
0.7975061129406473
0.7930047146046988
0.797680330327066
0.8000075622087096
0.7860193849131799
0.7767845401777623
0.797812573119558
0.7688898469586266
0.7890079797751317
0.7900286952936435
0.8113774698039703
0.8005865584504285
0.8133832687895284
0.8230242545525556
0.8235295773827354
0.8288468018623428
0.8402408186815792
0.8387242199285171
0.8587390601337376
0.8384370391859594
0.8557157124933241
0.8631900035799784
0.8531897991368128
0.8497129196994863
0.8541265201607534
0.8546758894124782
0.8509147671598166
0.8516583419987832
0.8549836876615371
0.8357445053169377
0.8567137070960703
0.8611655821275305
0.8390145159265534
0.8449959441547206
0.849090581945905
0.8510557060351226
0.8436467671834098
0.8372731703148817
0.8406116475454506
0.8589600985808563
0.8553646401815761
0.8641044881259942
0.8425042913772398
0.851571707171723
0.8459819803348
0.8397310060206785
0.8288658610265558
0.8399655253663415
0.8561122300161725
0.8460918498715587
0.8466506643555375
0.8387028619211384
0.8407279982394726
0.8509721372169414
0.8307094315357588
0.8573161193041378
0.8404392753975242
0.8301224395879372
0.8523549095112516
0.8384972128767259
0.8407812765660824
0.8462066319574372
0.8354444949352066
0.801110361869551
0.8124940166599235
0.7736925721385054
0.7713034304174504
0.766442336270118
0.7892618173285249
0.7980365815673784
0.8239710752582353
0.856505797836002
0.8814303844595709
0.9078399535808311
0.9157942143763711
0.8728439878216311
0.8566178063211134
0.8424388197324387
0.8227918741906256
0.788116804203458
0.7129428298616876
0.7551702793562626
0.7814594348598336
0.799030765303226
0.8049495436374275
0.8192343838162698
0.8184666686422861
0.82726449632605
0.8405222537481266
0.8295263035006475
0.8228589646506304
0.8311893373433877
0.8407374699068453
0.8296410610334851
0.8450617710475915
0.8324640226859126
0.8468353648085152
0.8409836525130159
0.8407315989928124
0.8422799147655604
0.8460922688820913
0.8402835785316631
0.8492900232559119
0.8600176028918534
0.8535489094600278
0.8489204413929868
0.851996630509784
0.8453973983678499
0.8565549033931141
0.8598257456207831
0.8099409582427881
0.8039486038579876
0.8230150705873015
0.8156109710899243
