0.40481209080798713
0.2614338660620978
0.021714884944224175
0.029404981134684323
0.04674474785781078
0.04069053572442503
0.058943380502223336
0.05638949074197522
0.07060947919651613
0.08425865149422593
0.09087875213594643
0.10181711717934229
0.11439629392831173
0.1306092112832723
0.15784084676226426
0.16906461988408025
0.14479091753109463
0.19233010815622462
0.18325618142890734
0.18037860138353592
0.1970906981304042
0.23388179576440737
0.2516972426182255
0.27352750738337783
0.28238766279722666
0.34304631925132273
0.31480910305941173
0.31336674652103985
0.3102136136942442
0.32609465764914874
0.33578041316466933
0.3475493059582459
0.35461613477916776
0.36922872801812906
0.37800580808569334
0.3921906794686187
0.4052461584467954
0.41155682670710747
0.42349760732831043
0.4328524491960118
0.44707631521549274
0.455961987885346
0.468392685736572
0.47499965481047357
0.4870544807242506
0.5047104462430301
0.5133777449592236
0.520848354417032
0.5391994410589557
0.549450951593955
0.5603137192236419
0.5623669989184197
0.572257996819778
0.5660414898428635
0.5658173589949833
0.5760490079800445
0.5919893144313266
0.6035262630549572
0.616402769534375
0.618400633159833
0.6270900822649336
0.6487490355278345
0.6435379961361838
0.6602445535675838
0.6423257740157879
0.5942980815808625
0.6024199180475477
0.6297489895569036
0.6827843129056774
0.6809109101662795
0.6898229535170908
0.6987523178713319
0.6903615162654146
0.6734000829202703
0.6806901614647736
0.6583150825659947
0.6315386239222982
0.6659593769784696
0.7061932279791886
0.7159184144141112
0.7502303833293172
0.7626032203134664
0.7620824574056695
0.7838382449883384
0.7527243209560968
0.7183556813167934
0.664460691948642
0.6311899611724222
0.5986883793224927
0.531560366681017
0.5718539742584182
0.614192950146473
0.6230499613363246
0.6454717983426569
0.6491006091689061
0.657319872038867
0.6597586587702654
0.6563137315192471
0.6657448904779824
0.6696076247433995
0.6706382798428606
0.6742288105936366
0.6705540573562881
0.6676251699821156
0.6526898462102576
0.6550667959073364
0.6665389183092797
0.6538791610436541
0.64772684838415
0.6285938581516529
0.6108886079972935
0.5493276785799042
0.5740246495919431
0.6024263363494147
0.6420586820943113
0.6832229948246742
0.7407718544311507
0.7716347099664128
0.7717711945951655
0.7691611355271829
0.7526381636922971
0.7541171302553086
0.7468950561223998
0.7647477350993701
0.7478784129922331
0.750648344761282
0.7659072353921357
0.7580613879698294
0.7691496417801434
0.7714295399227465
0.7498823163182108
0.759978249580452
0.7563400705425651
0.7447008564413102
0.746472263996998
0.7409972516799954
0.7233799837075884
0.7267558631276981
0.731509231172764
0.7282398476705353
0.7400728162126259
0.7307410414487756
0.7431947601704658
0.7407954596286751
0.7541659902622092
0.7568278886533516
0.7484060927653036
0.7250025028096581
0.741000162623513
0.7424092513341243
0.736750131051712
0.7580439721784973
0.7633284560394046
0.7590959278817125
0.7620456570884095
0.7580950052569227
0.7381527684003765
0.7390240360970024
0.7464722149081742
0.7463144850732385
0.7178113361872235
0.713893380385877
0.7130992264383863
0.7153155429220835
0.7032429415191086
0.7024381599199008
0.7011509213936452
0.6789193436873706
0.6931860944200047
0.6784825172490954
0.6976460500717442
0.671740627562551
0.6920251542350847
0.6848436580230808
0.6868983683914232
0.6850988481916993
0.6779623224168055
0.6727532417500414
0.6876382144763238
0.6631706603064138
0.6804511132573771
0.6780129491307765
0.6899144793517825
0.6786568130730647
0.6816828606711924
0.6857139189206636
0.6822899889793809
0.6867059806442359
0.691911327045804
0.6985416275307582
0.7098538273330337
0.7056069716109539
0.7067226132813423
0.7043203861775855
0.7202463997649684
0.7183147470774645
0.7400313029918847
0.7360083019486664
0.7262803002463014
0.7295704254049904
0.743613474602291
0.7390245850677036
0.733760199222315
0.7428906611364492
0.749736506959122
0.7452807656271684
0.7438451755030386
0.7380686385447991
0.7348879496627979
0.737709388318592
0.7443969105065816
0.7501869761781765
0.7575065501447485
0.7688323664163702
0.7455850748470694
0.7084013705706312
0.6647798310777989
0.6279576704213267
0.6115267080260952
0.5838044580813978
0.5346618943903514
0.577692685227249
0.592999738467364
0.6142587908246889
0.6166795014947047
0.6254233246391754
0.6362159959761167
0.6441238292928996
0.6437935866065035
0.6511459595773755
0.635177957322167
0.6516143220585605
0.6543274979779866
0.6564700664733527
0.6505864374238499
0.6356462068078851
0.6445310781501675
0.652194788696867
0.6365384295950179
0.644137207984025
0.6429623240730677
0.6430986364109803
0.6431881914273031
0.6662536712342334
0.6607204794819285
0.6690533995819717
0.6705203986801926
0.6758381748656996
0.6883692326462055
0.6858132139264295
0.7605918842066854
0.7144496626321709
0.6914114878863452
0.6570012993525494
