0.4136174506690443
0.26337743773877414
0.018970723131695698
0.0258095227354068
0.04235484669120737
0.0363339891160349
0.05332163864431472
0.05054904992207598
0.06513972718417191
0.07755705879057571
0.08477640249884254
0.09467319890320952
0.10895004117717609
0.12578077321139272
0.15468164730567224
0.1626237970163401
0.1370614001526218
0.1838296472716361
0.17799906174875801
0.17047081070086917
0.1888707176757328
0.22816263991776922
0.24625363955300053
0.27383519500297854
0.2760960186116747
0.33198501031779204
0.30254368871884063
0.3062074395188911
0.2998349897906549
0.31708842570108003
0.33255231552679215
0.3383779734011883
0.3469006153366309
0.3602614699022232
0.3722994045443661
0.3815687864538715
0.39464008581572413
0.4082883872589282
0.42242729755760233
0.4298673582226626
0.43970913957334856
0.4515102397848443
0.4670218950992463
0.4793207652494506
0.4931680430524709
0.49819105963813143
0.5168764450773211
0.5213971345341983
0.5306676726810583
0.5509819179891113
0.5665598855736365
0.5653195554968722
0.5685519831617383
0.5654146209010851
0.5740489700034019
0.5788232617597612
0.5814373473350501
0.6033228840893144
0.6002009731382922
0.6118103196085997
0.6193695961659684
0.6392540934611117
0.6459604342899788
0.6450746322427651
0.6322589566460456
0.5926469526903377
0.5872998233196327
0.6365670492148017
0.6786920331585565
0.6776621143875847
0.677201265174583
0.6866151432501043
0.6864338203683596
0.6848811078399629
0.6862692478409972
0.6507926977788832
0.6401286507519973
0.6607708916647009
0.7072409802695436
0.7254443749018813
0.7308187681287841
0.7452417814742994
0.7622684766711411
0.7689366486536119
0.7408135928345271
0.708263655724046
0.6669695455698231
0.6277645893529532
0.5992495170080387
0.5174009387670606
0.548939879221766
0.594888246571964
0.620844347170372
0.6294553358716933
0.6340818929154427
0.6561933874038375
0.6578425532076163
0.6624502320711241
0.6551546251710266
0.6668244499947357
0.6712121539374776
0.6720634505242276
0.6693449851967713
0.6519162116150949
0.6624595623263441
0.652176722480986
0.6642709484063476
0.6471981093943437
0.6269071561326972
0.6193008614673136
0.6026184845392759
0.543884204909967
0.5752451490450836
0.5998782540636477
0.6386461352742688
0.6808629102987993
0.7302824614782638
0.7760835380653136
0.7744430147412162
0.7731160101056236
0.7664893985310552
0.7580322282404164
0.7659978772122931
0.7536127530238078
0.7597836285552642
0.7484972476190798
0.7658211731541407
0.7713114470966381
0.7676942727539483
0.7598446595509593
0.761774604478292
0.7698287466161412
0.7525902749040577
0.7506988074446433
0.7387660848070061
0.7357366814891001
0.7374465675522242
0.7390169910997664
0.741853379284731
0.7459430894274122
0.7412505349390373
0.7363885589075795
0.7517043613721563
0.748056037175154
0.7548966827920914
0.7352516467936856
0.738420344938737
0.749728727003633
0.7530098253729984
0.7563048010014728
0.7646826432801404
0.7690317905799562
0.7608241573912179
0.7589757186878856
0.7609095965450206
0.7574203180842374
0.7603710118829449
0.7475662948875093
0.7438069327070796
0.7264926938091335
0.740048355368275
0.7180829457084752
0.7138465592452958
0.7189657905125515
0.6988421954466434
0.7117930447062017
0.7125702633930182
0.7057312845602488
0.6860020649785653
0.6892883223324512
0.7032370717145686
0.7096773840838736
0.7095757075242696
0.7053764242226667
0.7034649873841802
0.7024473602884627
0.6807545222209084
0.6983917577023125
0.6847498768606286
0.6817904559984003
0.6758304065820074
0.6927684937468911
0.6893763641489745
0.696850947316933
0.6880423300374623
0.6870926827838342
0.6891680730910161
0.6971464177689064
0.7110516920244038
0.7063206967709178
0.6923591037287072
0.6969973389202637
0.6982455207215159
0.7006278306556731
0.6989291583693572
0.708046571653667
0.7006784916375971
0.7110670274545688
0.7261733608698353
0.7277066031588257
0.7213072487195344
0.7313658902664667
0.7261374282181793
0.7294445957832002
0.7391568049337147
0.7289363143036297
0.7380760584884869
0.7376523613648084
0.7305532362282352
0.7323310882502071
0.7327473507204983
0.7417317813946589
0.7503832597271745
0.7628764763616295
0.7629588538070934
0.7134667610203559
0.6423469181695163
0.6298213197802216
0.590672282333479
0.5729282053986445
0.5315477653773292
0.5767727980249158
0.5888809437772639
0.6088461089482702
0.6027089511251842
0.6122378614775614
0.6388651865662226
0.6339291720294308
0.6352972738843128
0.6426233188844324
0.6395187734519023
0.6438402933199995
0.6492217231197824
0.6603071503602412
0.6438806172361674
0.652756440006924
0.6448986611447809
0.6461514646248774
0.6409715097407597
0.6240832307977967
0.6251588789861446
0.6304550359902601
0.651033965470468
0.6539340477660509
0.6675759779036474
0.6778655083132432
0.6861865843361874
0.6717397448917664
0.6690474211599085
0.6842481524465933
0.7617083530213364
0.711352304015627
0.7045877873795259
0.6832469192772136
