0.44349430012717805
0.28936905775614713
0.031147189609653923
0.04127201523123124
0.059653972691895256
0.05718263323613924
0.07710093612102202
0.07450603372941478
0.09164682024355573
0.10543214119876013
0.11699817621841548
0.12938215326660626
0.14280769895382345
0.16627710324246872
0.19518783263374492
0.20287792882420455
0.18333638953568634
0.23484665501615415
0.21652710112190857
0.2203461861316689
0.2394453998477183
0.27886695165542497
0.30433421249300646
0.3250939485086352
0.3332881517395
0.38560878191409437
0.36389275798858123
0.36750678800056436
0.3643771544349791
0.38113246103706117
0.3893365195649324
0.4010075459077277
0.4049551215018489
0.42147694619643794
0.42602869250560593
0.44188949266572375
0.446536375001032
0.4623971751611483
0.46971658254405735
0.48204863342132437
0.4976907346194517
0.49896085751747316
0.5072551244229798
0.5190289448650571
0.5365666417136047
0.5455471045968734
0.5640974181329527
0.5689750601101121
0.5782383672308197
0.5823370618159983
0.5937786422409009
0.6048660874761614
0.6096266774503183
0.6075528704274821
0.6026956514741675
0.6071105448549974
0.6218045412581589
0.638523973863736
0.64657757392871
0.6546597195265665
0.6685251046744568
0.676741870156469
0.6838412165305436
0.6985185122591226
0.6800540965077572
0.6526389987572764
0.6328308640301266
0.6657862935391478
0.6950269753275443
0.7095870983949953
0.698276760867683
0.7098785590132994
0.7136813025599268
0.6999522166108003
0.7203416975701193
0.6707016742800757
0.6496104950781084
0.6976413769131222
0.7067479965724363
0.7320706418079457
0.7431316746880594
0.7487478007122501
0.7885143486837464
0.7942868564725061
0.7511132041457351
0.7244825115512671
0.6997648674137577
0.6787352955659272
0.6616701789703318
0.5653723528895722
0.6123218154981391
0.6535759057016238
0.669264606967819
0.6899258773108259
0.6805874461886059
0.6950001719230752
0.6985027595528047
0.6972447556076735
0.6962973641806091
0.7036487412204314
0.6921444876687032
0.6969335045525723
0.7028925806598204
0.6881206743198871
0.7000506988881283
0.7001719981680911
0.7051988374268875
0.6894903419286958
0.6854758668583749
0.6840264863633944
0.6557492513573149
0.5962525455376353
0.6252294860348566
0.659841096253115
0.6967233887914799
0.7270690501857645
0.7466247936254458
0.7816334014316894
0.7814267246568433
0.7758815472123641
0.7699956911543905
0.7426355650910412
0.7460232380678975
0.7326594738486059
0.733172223092068
0.7390641539388356
0.7388990688784876
0.7614386695129809
0.7646760248263494
0.7576445436226313
0.745603392006784
0.7325222751075485
0.7333277059502509
0.7259273641195262
0.7168484537736651
0.7271576258441742
0.7202334566135957
0.7307968767343346
0.7370571132103406
0.7346191283127981
0.72856500507714
0.7301801202976405
0.7328886727342119
0.7177140685518524
0.7199059776612557
0.73928614472029
0.7385856908388065
0.7296807982554306
0.7246299614520864
0.7471065159726048
0.7310072235616836
0.7421936310714915
0.7481782244347545
0.7588787938616671
0.7541088736322936
0.7478099202391197
0.7364525007650603
0.7349755943617866
0.7391013253582954
0.7211410738189885
0.7310145174537636
0.7259268872441458
0.7305922522944339
0.7202917923429552
0.7242096562667973
0.7212775611065986
0.7355171297174903
0.7277488858292565
0.7043103417847747
0.7021585476347677
0.7228330110802643
0.7075105793958864
0.7004469852369932
0.7129211706628235
0.7110332330855463
0.7030255213987499
0.719514925358956
0.7070855330726916
0.7184612960400673
0.7078130453295984
0.7027386203673169
0.7079989147751596
0.7082553917064749
0.716499937823918
0.7134830968610665
0.7207141762408639
0.7177108278767718
0.7225440017226954
0.7230664435528691
0.7086457737438681
0.7329415514747647
0.7254158308180554
0.7284491812172073
0.7154615140717299
0.730212509517446
0.7223762219844302
0.7266130971678472
0.725790598097187
0.7467624332442258
0.7553310590600466
0.7468037241531046
0.7505561000464445
0.7496191088244971
0.72217982355162
0.7301396280334063
0.73939658134407
0.7212569110043342
0.7376023217798297
0.7410883862492453
0.7484804886396482
0.743295175360882
0.7456094508309544
0.757427539370813
0.7807541348836756
0.783789195224522
0.7280388875759597
0.6868024648581326
0.6725757161586011
0.6564032642824927
0.6278308608461179
0.5593496693618397
0.6035659493211357
0.6267777159531979
0.6410776700668672
0.6467753727751447
0.6382643165312033
0.6454835434743448
0.6602096102745229
0.6560821162084653
0.6747661820827906
0.6745076981407565
0.6749784506229509
0.680574778816717
0.6826470025552083
0.6835419030752237
0.6891565200607715
0.6884266780837451
0.7024242054456087
0.699651616723369
0.700713726247365
0.7019201949057863
0.6968188151824137
0.7001086534969633
0.6930095061224004
0.7028405678567227
0.7090649454106602
0.7178633453369472
0.7037094444564576
0.7076253561071771
0.7210733031875536
0.7318580845683956
0.6798086754429989
0.703770526516468
0.708105500490609
