0.6494705030841053
0.4750291802897418
0.03705898537705093
0.045862978596916106
0.06386817274348058
0.05700951676649232
0.07531157837721807
0.07233743331459817
0.08962758562469951
0.10358526428361838
0.1203605268410932
0.14635671121065455
0.18245903540111386
0.2180867752059338
0.2900021304390198
0.31704368992927084
0.27951137813287147
0.3964425963782041
0.2773593760226488
0.36304048411748924
0.3909453669990173
0.48363140739969634
0.5107114668805839
0.5673797918551673
0.5843778279109093
0.6505622776685975
0.6354689574815892
0.6504240095357737
0.6506516544475438
0.6706118200138901
0.6816179524162765
0.6917843157109923
0.7063132115051596
0.7181930815129421
0.7228820347221693
0.7390517422219162
0.7534472197832314
0.7654172981686526
0.7675337900049193
0.788801421728163
0.7979087030137064
0.8105731604918118
0.8181014115397075
0.8267379403430553
0.8350890610679875
0.8501838453704932
0.8591342091619726
0.8661348539082486
0.8809491577808377
0.8869415884463001
0.8965245498625388
0.8991085387145765
0.9019429089047424
0.9071900925491607
0.8940040146605011
0.906024960974281
0.9152102996262724
0.9352071641149905
0.9362000951443286
0.9431359676953551
0.9579692750219164
0.9745229915869551
0.9765389243074195
0.985405294021822
0.9799767411173766
0.944250659476128
0.9267333160093474
0.9546599183182376
0.9787938210462688
0.986454681683785
0.9893684175551423
0.9898907261658069
0.9869860282010067
0.985657487011873
0.9743585154714611
0.9316988852244047
0.9077637280283578
0.9246926300274203
0.9314070100689659
0.9350978519838841
0.9250347167736594
0.9232440378307991
0.9118120109592149
0.9583398004312929
0.9518072666402968
0.9512448598447695
0.9783849359125901
0.9589790583165136
0.948411377453715
0.8542087598134247
0.8888694804123636
0.9345811174645338
0.9493471591407758
0.9522008822903234
0.952188273091216
0.957235635272758
0.9575492232285987
0.9541435400338539
0.9673565329243887
0.9700586996993543
0.9630629826015786
0.9682609704997155
0.9653598911931235
0.9621251904680389
0.9509619802973456
0.9602292397656765
0.9587543070525866
0.9531223555369174
0.9513495857035736
0.9531502634926281
0.9279659444713156
0.8845052757308319
0.9119503043912871
0.9445816839857752
0.9669463851421944
0.9841138240714835
0.9648401062900798
0.9707749959285992
0.9388222440245458
0.8674975971732867
0.9149443418546355
0.921003855501124
0.9190792824300105
0.91802478142458
0.9297175695499195
0.9547127972761469
0.9583442503269506
0.9714962612275577
0.9792557969590834
0.9802771218033255
0.9663673670577615
0.9737725729641045
0.9714121951739144
0.958685408242021
0.9636747240677096
0.9619048404106005
0.9739246395840883
0.958657565671206
0.959782742857293
0.9635039614162824
0.966393602141524
0.9610572683620315
0.9631089666220388
0.9616194323321852
0.9557445787115109
0.9547287628829484
0.9551328965800441
0.9575126185939985
0.9500111222737422
0.9568222303416568
0.9577734187636294
0.962712581329411
0.9822924028246605
0.9825459492978805
0.9629218597048538
0.966611306989973
0.9632809205512639
0.9748961283731259
0.9757306082240501
0.9604230545252216
0.9705166668424204
0.9616816673232237
0.9716741247955144
0.9653443369366361
0.9728479623874217
0.9690067871806013
0.9631852963584665
0.9704041150249532
0.968703173229137
0.9689993418203643
0.9668429844930321
0.958244218110365
0.9606777795967963
0.9646488544521289
0.9698419147017653
0.9702760571593226
0.9576701235430324
0.9614798782975821
0.9554923752806179
0.9684121438850388
0.9598423241981124
0.95928787427113
0.9607871054333192
0.9648517330304446
0.9535256855953776
0.9566908999064305
0.9738928457899881
0.9500488624834502
0.9503097979915086
0.9610480148812374
0.9469649564848166
0.9585168016940873
0.9504364853311257
0.9542301451327388
0.971814676059728
0.9460591878213679
0.960310003346189
0.9648464976380949
0.9527133778042771
0.9618600680754351
0.9847247558028616
0.9800264723384128
0.9575259624856892
0.9554367707802385
0.9462414046027898
0.9507258604283522
0.9427482492669447
0.930866527680916
0.924350960608878
0.9129731411539835
0.9156164093166447
0.8981716620853553
0.9029552107302957
0.9404066610977567
0.951332519643557
0.9513279452032145
0.9649019224664309
0.9564887182093244
0.9472581726538718
0.9271517735367969
0.8588018025611264
0.8925242453363188
0.9137025931347956
0.9242225457729831
0.9299589927815939
0.9382840884810808
0.9372994236774528
0.9337643304344546
0.937680157698784
0.9267489193773258
0.9268575275282592
0.9219115931503256
0.9404154973347931
0.9305520554886384
0.9236311411683424
0.9153133750016218
0.9204632934893789
0.9253593354867096
0.9346284619148194
0.9421022437552076
0.9454871203537655
0.9484306844403391
0.9431626712556577
0.9460309972981565
0.956173233835241
0.9637835583122477
0.9691018161670719
0.973407339962911
0.9854087653525851
0.9825177432260276
0.9191953611238776
0.9272506365500621
0.9562663750971673
0.9603087364867728
