0.3947852859362272
0.25339712168508854
0.02844763498223317
0.03588567765249149
0.05132765150133664
0.046947605631729415
0.0631123854829844
0.06100082129521116
0.07379376935767495
0.08422309971216135
0.0910285447576573
0.09884220388396878
0.11094077285374047
0.12354344886391547
0.14746010637354015
0.15558760048798065
0.1320514870829103
0.17459167817789084
0.17503400375037242
0.16504207131986517
0.17982302063424135
0.21684760017575722
0.2329123163523571
0.25161356149143654
0.25580826295726056
0.31159409394698084
0.28620878211978873
0.2777654350224175
0.2737850299118646
0.28860575438597347
0.2983532913694195
0.3087354439724255
0.31297519405920765
0.32917534646346625
0.33892288344691185
0.3445083610929074
0.3561072048245988
0.37078245038599233
0.38638950403943634
0.3919872026395344
0.39698016772318523
0.4128223549626436
0.4267651184536965
0.4344159612679804
0.4391658287648312
0.45972065734538264
0.4647071535600994
0.4835938997398563
0.48024342730793484
0.4956040075953268
0.5112338976670422
0.5039048929353813
0.5111160535287228
0.5142845338053726
0.505178801122238
0.5124255481795902
0.5288290548979268
0.5361810982942186
0.5411291193770205
0.538564426838086
0.5368196572400383
0.5491666437535264
0.5553353406418263
0.5496457597792231
0.5411057342281219
0.4950273849009523
0.5201400969599465
0.5417637093226116
0.587387958698531
0.5867839644708824
0.5954575765414694
0.603347333737709
0.5971875994380837
0.5925686098845869
0.5922791041993536
0.5786718138550007
0.5895553014294401
0.611294665049463
0.6447630056990734
0.650486636328037
0.6751375680222629
0.6943168422450521
0.6889333009684392
0.7046635435269539
0.6673635043333573
0.6288213728107735
0.6018231435927901
0.5485851887280709
0.511435353826842
0.4828132033310152
0.5211921684823103
0.5398765425187771
0.5625567678096659
0.5626681701240188
0.5829111186540058
0.5862398805021531
0.5816858972974506
0.5902701732554044
0.5959039963236709
0.6020057210901056
0.6054958423535176
0.6069748089165259
0.6007120989308747
0.5935652717814657
0.5850388307990542
0.5859861305346836
0.5860780452616611
0.5877066613741764
0.5751133528227137
0.5619129919334926
0.542235493554819
0.5122457858983114
0.5022949826195655
0.5199480600066945
0.5884861568413164
0.6236398460575419
0.6570333306343065
0.6989074793025359
0.7025008556216243
0.7075609470847419
0.7055735679313375
0.6951863973485001
0.6978687776931
0.6795568737130132
0.6713563884793097
0.6771229488637973
0.6826266544894704
0.6709270648104518
0.675427916706713
0.6804098554044501
0.667257683677328
0.6822699336391347
0.6685137803204451
0.6737607519287471
0.6666336135642884
0.6560341535157613
0.6574677937384245
0.6648732041816185
0.6604985901979089
0.6608722983612871
0.6641254059649919
0.6645869099517508
0.6671058973680591
0.6725355779111436
0.6664057957601112
0.6723877602049279
0.6710897732861415
0.6739161060282003
0.6661468038973992
0.6697982931406741
0.6741891827142372
0.6614653094877764
0.669096320139923
0.6680277200991179
0.6623878427725506
0.6728639051418694
0.6756447198516408
0.6612516485500957
0.6710459413324154
0.6583956521724561
0.6666735067735559
0.6556975694605285
0.6485146693175617
0.654167286755512
0.6466986748824941
0.6398979045984733
0.6284135049931426
0.6452001563176387
0.6312381370306154
0.6284799448078856
0.622352833173706
0.6230356510149906
0.6194091680534298
0.6181074531106011
0.6149059050607016
0.6102924519962039
0.6096091246352024
0.5935579503841442
0.6083468120592979
0.5900393437933391
0.6098567098835208
0.6144094047331312
0.5966002610993831
0.6031646348072864
0.6007432251175193
0.6080078183248123
0.6118893972323473
0.6159357782250918
0.6282170313514913
0.6165891332136648
0.6290070459413356
0.6273517262485542
0.6163649882106875
0.6255616148937893
0.6200216942077685
0.6326241966171064
0.6258327494202477
0.6455746159494785
0.6331821635402158
0.6337258421479531
0.638883944944395
0.6431218562654322
0.6455340753908075
0.6351439351062801
0.6371939433563522
0.644716048562581
0.6572572473087722
0.6518368289207108
0.6501334344196382
0.6547884525809295
0.6693646719058538
0.6784771446987126
0.6839171988799337
0.6878637999988884
0.6855177626383294
0.6444418696687848
0.5961263537304166
0.5498040001911103
0.5194991598364072
0.5020132204655983
0.5025218608798733
0.5201627383719141
0.5550373585532073
0.5641301389093388
0.5736852455752744
0.5834261308237219
0.5933711204458708
0.5858234743355435
0.5980134984108687
0.5995605044489144
0.6014184887810431
0.5988385254777666
0.5961990961843598
0.6044727279092608
0.6099274304431261
0.6112881740761059
0.6052649999664884
0.5961457986972806
0.593370479550401
0.5973010368481567
0.596682371057738
0.6016327151831635
0.5801527807360544
0.5754668584305179
0.6055013563602207
0.6064673004828796
0.6110318156963618
0.6021054175497889
0.6014192885313294
0.6480495301998325
0.7436962192139128
0.6988037054073255
0.6765538600983755
0.6545026732897916
