0.4246617892114077
0.2766124285481246
0.024178566326835415
0.032910231156323806
0.05129156651847824
0.04564632539936034
0.0644699863339925
0.06251533964029096
0.07749148865544324
0.09095531654937589
0.09861698583012543
0.1088658994293371
0.12204924689335331
0.13898497025071138
0.1682478168368372
0.17496305350469912
0.150993330842842
0.20005962553469725
0.18918796960774006
0.18457936947915554
0.20336967585557825
0.24775247818748294
0.261674472841963
0.2832953689003448
0.28834136695292445
0.3498207847579292
0.3195228723066096
0.3187939915154154
0.30991684777321155
0.33375377430071923
0.34090315342613553
0.35120073772984645
0.3702803297496216
0.3739501553384697
0.3816393598700322
0.39534855112226136
0.4107375279122267
0.4180763082354158
0.4262184060663032
0.44257247597959776
0.45626995236469053
0.4727012174710106
0.4796590870725259
0.4880510276428475
0.5044786067037067
0.5148607089017025
0.5223800644048326
0.5324547691373835
0.5422655877892576
0.5645033209419784
0.5718697508938595
0.5733961458998805
0.5792457377459403
0.5826504349157096
0.5795955862544515
0.5828456346164886
0.5971423757010237
0.6108498519897535
0.614401809047639
0.6111119078811321
0.627739127498556
0.6576826249889006
0.6505371045476214
0.6588649118106723
0.6523443694124386
0.6216147997121864
0.6048243531051876
0.6462015153589954
0.6785600964749828
0.6793729975664684
0.6789404776834775
0.6881122673487189
0.6950174611346241
0.6977412380809553
0.6823574696704099
0.6582898701410956
0.6329808252775456
0.6777778718950747
0.7030358858778915
0.7322680251741581
0.7258981505392795
0.758815561222958
0.7668151812858621
0.7643836043444453
0.7385495733505684
0.7096534922668579
0.6848562605727421
0.6443774547969092
0.6241540414230867
0.5337875906551417
0.5727563484836716
0.6126804766299296
0.6383001658200286
0.6641875335384098
0.6609151753716986
0.6628713129240065
0.6566528153549666
0.6771321349424376
0.6642748254038974
0.674814797215461
0.6719804270252967
0.6777776579899791
0.6758230112962754
0.6727702779012495
0.6752343420681584
0.6590858726040035
0.6494210968272751
0.6587234281015631
0.6599769908845168
0.6395429200508991
0.611359665032611
0.5673696904233047
0.6026668015298063
0.6271667880441969
0.6590976522995301
0.6879626370923888
0.7299072308048311
0.7794763336975438
0.771405504022733
0.7687404786236114
0.7606716008420003
0.7529530777418282
0.7513740475041788
0.749707974023991
0.7472177406826553
0.7507116136586726
0.7586262019162229
0.7689112893960189
0.7660670431044587
0.76536733251993
0.7524356517455457
0.7454564187387457
0.7455523924659697
0.7348178407961581
0.748221183646835
0.7334478390182511
0.7397218083561932
0.735476310461523
0.7371406214283082
0.7246046545345541
0.7348710815039075
0.7469785252140544
0.7432348748756403
0.7438377500884459
0.7415198934312719
0.7446824705139344
0.7448576138079853
0.7649738042373797
0.7588656479382684
0.7520883697281909
0.7496002314718159
0.7648302120692265
0.7751939668906718
0.7673639207301158
0.7657300754722389
0.7477533139155406
0.7483075669251414
0.7493082037780461
0.7328257539546437
0.7222767840868543
0.7313845615196493
0.7314788240780568
0.7142930859996901
0.7165321873063188
0.7061992720583812
0.7180052013439806
0.7171226353899337
0.7134857282152498
0.6967230261351706
0.7156038055551094
0.6893881311278057
0.7085014598452756
0.6960015779343776
0.6952946131200498
0.6999108713217869
0.699755100968016
0.6986481821310111
0.6968012571850886
0.6965359055134014
0.709821746400816
0.703100523841889
0.70418248301376
0.715248813599727
0.7255875897638517
0.7073369073167476
0.7163126980329082
0.7192196661738381
0.7398830368507047
0.7125565464077438
0.7273080660177845
0.7165593555527866
0.7139563061234012
0.7250589335985961
0.7460603714851396
0.7371301614514928
0.7321626554758186
0.7333334565833111
0.7469181362362467
0.7455715883754881
0.7602155180299108
0.7568345267009879
0.7546327541355841
0.7483690025803408
0.7583902329230153
0.747077923812384
0.7582382341332771
0.7481959588161954
0.7474835609929608
0.7430668162009901
0.7444840012960718
0.749480803602364
0.7499200106021305
0.7622941323533191
0.7714874631838449
0.7755384341713668
0.7070309109262343
0.6635488508225676
0.6500971242260094
0.6092166823248669
0.5971205910857269
0.5381556272941911
0.5750607775154836
0.6036399093001331
0.6177666695550308
0.63418441109425
0.6472740969660539
0.650288676585283
0.6612397517108397
0.6649501147005388
0.6791686237589724
0.6733153610348611
0.6734580206252041
0.661153655888228
0.676935161210274
0.6642861549933347
0.6689439508682113
0.6759757250306901
0.6667641294679263
0.6685618586675659
0.6728185357147731
0.6740421006384083
0.6715671680625047
0.6671908750440484
0.6771060623984707
0.6722416139708812
0.6788722465395217
0.6875483755400096
0.6750645027804748
0.6852399605482413
0.6751165930754802
0.7421082882363591
0.6927339743424419
0.6790574475636836
0.6786777513938934
