0.3994699367115381
0.25500457883245253
0.03026613301844172
0.037547258194635
0.05409258215043433
0.04961740025468746
0.06546834511781406
0.06345191695618004
0.07674897205905129
0.08752549195988131
0.09382682996497191
0.10164048909128331
0.1129828975004436
0.1253335199904137
0.14846066238121597
0.15608404945524879
0.13358950468920705
0.17619147725211307
0.17543531669150073
0.1652246852990026
0.18057152312171199
0.21935229418972646
0.2352475071506203
0.252292099396057
0.2584906433018658
0.31192288571176674
0.2850298273516452
0.277444287773872
0.27388016593800646
0.2911031361395244
0.3018784185687316
0.31385016913623004
0.31722876733925925
0.32116709617798184
0.335462143447543
0.3434046462184159
0.3545300278476657
0.3666131607392069
0.37413375969495216
0.39017018245070006
0.40396837097835386
0.4041201650556103
0.42660069384242355
0.4263359356066913
0.44673870018914014
0.45753222795623305
0.4658752409489799
0.4796479427013706
0.495176637303296
0.4989314656984752
0.5107579787326463
0.5214350911625092
0.5360338612082022
0.5275349375753694
0.5302437681845236
0.5368410406452336
0.5453807492296803
0.5565855894654078
0.574289844111973
0.5787244842046233
0.5871480220262241
0.5954804984872394
0.5988890387007525
0.5858699256568082
0.5764919210601632
0.5241458390134783
0.5426980257853894
0.5830733545689158
0.6577112800946457
0.6314578023108667
0.622026737339664
0.6446758806670477
0.6417598865281332
0.6298836517335963
0.6434112230181251
0.621722132326495
0.6099665007633612
0.6606281770086398
0.6886774938567013
0.7240779412077227
0.7291264256834608
0.7577202152192211
0.754876406301734
0.7645456897876213
0.7449133170544726
0.6890292441778801
0.6510182387619566
0.5952398034088578
0.5540381144517806
0.48273352783332274
0.5256444053607225
0.5742173380817212
0.5910974237882469
0.6173249934697528
0.6213086320136187
0.6202042608387027
0.6407293719101129
0.6291507129096079
0.643495086431967
0.6331588863212352
0.6387263255553023
0.6355114112605809
0.6311424581596065
0.642217719366864
0.6285044713206412
0.6377168152833415
0.62294551299753
0.623290934547913
0.6008889711399071
0.608518130585491
0.5799264498729719
0.5257402282134548
0.5316046297647399
0.5582633823046026
0.6199773286561844
0.6668774759565083
0.7001893851877878
0.7718501078247884
0.7644401568363206
0.7665143441669116
0.7527431922177001
0.7400262835268857
0.7379765008070411
0.7382964105839656
0.7370799534186881
0.7445626886812277
0.7445482237341341
0.7381069439179475
0.7430692861345205
0.7303210510604278
0.7354312858888643
0.7278523653773151
0.7327789167798247
0.7089330551462055
0.7347881086037452
0.7208744804941603
0.7206956470232311
0.7172851333343105
0.7183064581785512
0.716178181948209
0.7179884968694922
0.7163065220812802
0.7286905385670818
0.728918632122727
0.7219118014519316
0.723696276746085
0.7168834052781987
0.7252773078463522
0.7328783427994695
0.7304314735939065
0.7367327352675725
0.7404106983982477
0.7311322164945873
0.7251942550366336
0.744250085066316
0.7176309369061541
0.7226795959355226
0.7178852054559548
0.7269294611034897
0.7135484616224759
0.703670247738826
0.7017161343931949
0.6962777701085506
0.6886370714768392
0.6892170585126957
0.6925860751646654
0.6893244168970276
0.6792878705560185
0.683450581176619
0.6782534935879139
0.6638872113361757
0.6644577806093781
0.6635165591782626
0.6527149581654746
0.6493093356744223
0.6552712952375701
0.6566104040398296
0.6692023330941088
0.6505851646623305
0.6623570289173843
0.6634931250409485
0.6509485819306015
0.653309483532762
0.6602116880639354
0.6480772445508552
0.6459841033452378
0.658542165444914
0.6464933935155412
0.6503931768658087
0.6631547748079475
0.6611809094063351
0.6680695891342894
0.6768471658629357
0.6753782974874672
0.6719165808116264
0.684593966240116
0.6886263302550354
0.6910216099943636
0.6899420334886963
0.7024451969313705
0.6949512212124999
0.7001257098494263
0.7042095715727971
0.7023232801122452
0.6995193396682693
0.7067798849449858
0.7184889045633127
0.7155766496107773
0.7250358688621039
0.7245038807581622
0.7354168951292123
0.7471925047074381
0.7541820358806951
0.758788695805343
0.7369140035065581
0.690990919290676
0.6375453037131125
0.5915856325132688
0.5587337513306906
0.5308354849393211
0.49921889115478213
0.5486269045273026
0.5578449141954879
0.5865439193356021
0.5913856818573121
0.6127966340492712
0.6120548698887585
0.6137973361048648
0.6120096230683918
0.6427849195806256
0.6415859674950898
0.6242771411176419
0.6193298289675793
0.6318576430801258
0.6420541857001801
0.6340356435576614
0.6357421660357759
0.6313242113614232
0.6381125777472281
0.6393786932792762
0.632060420972664
0.6128011235031198
0.6138111141094849
0.6290973263959148
0.6442524880777472
0.635672615433368
0.6519636102640024
0.647745863915311
0.6537596715346083
0.649780195578881
0.7882300761061843
0.7083444412768622
0.6884467943770001
0.6695760247951122
