0.42857493274006525
0.2739470283728861
0.024801308654592274
0.03340448289972828
0.05190938119773376
0.045636470102357406
0.06495931042889565
0.06259569272092601
0.07712951616359583
0.09078361610980741
0.09945349947137076
0.10970241307058233
0.12358013962728352
0.13711560428614283
0.16698754923581643
0.1742736020605136
0.1545789339451164
0.20242817089117063
0.18866036330612032
0.18581121017046168
0.207631086437829
0.24414064539935182
0.2662694290063455
0.29098167642359946
0.2946979673340918
0.35290323384663236
0.32428829287253763
0.3253473748817113
0.3175572150166087
0.3365946472647337
0.3457844788547733
0.35746756587743045
0.3692681410471432
0.3779664513184187
0.38750787506151874
0.39686720986726653
0.4115574257622225
0.42753720702241454
0.43269654609672087
0.4455629696898511
0.46384220257817155
0.4764079019465976
0.4810895428954087
0.4936253359580131
0.5006998300995633
0.5249075222090444
0.5332812936938152
0.5418889785653241
0.5579157024385167
0.5722722575526642
0.578992436188793
0.5832909779426388
0.585473031755041
0.5805666365193857
0.5760917026949239
0.5940211341581
0.6031298925295197
0.6118057364462781
0.6281181069636089
0.6223875408411521
0.6345202467964352
0.6659812468153539
0.6612255344799449
0.6658821064230189
0.6534602193168685
0.6305320823512679
0.6120564219657203
0.6532473490679208
0.6785553005387129
0.6823239800217963
0.6856945874373308
0.7002505826997052
0.7019723907671253
0.7013122299834541
0.6856111305041958
0.6544966184885459
0.6437252831891187
0.6709960773127456
0.7002907828747743
0.727295229500941
0.7388246600376436
0.7546481507609423
0.7644962179858779
0.7785431587281783
0.7448500373183427
0.727567459581564
0.6903363512490296
0.6646776104857807
0.6325179521674296
0.5393364738668407
0.5823141164637238
0.6233071092830993
0.6452559604479685
0.6581238442211123
0.6570545672288489
0.6660488026801373
0.6750235114273452
0.6705557973519619
0.674924643954429
0.6675372614699797
0.6692781368501919
0.675579474855282
0.6677608880804713
0.6684948153649859
0.6659001987009482
0.6728452381231503
0.6680193984940174
0.6597568221875239
0.6560473067736342
0.6526781619301566
0.6166667648465936
0.568405063504613
0.5952011275001136
0.637336782088724
0.6639326623349788
0.7087106347360472
0.7422234789200081
0.7885523202518282
0.7785854820322926
0.7667483176423354
0.7525756653639394
0.7486997265347435
0.7515674512831237
0.7558766617153692
0.7491792202684593
0.7541914683500981
0.7527006130888005
0.7713072418456187
0.7674544356605197
0.7572940891239792
0.7652236028559352
0.7469027986626823
0.7477527562445405
0.7472068454545525
0.7392982594602077
0.7439715153056982
0.7489513292836267
0.7365460047860398
0.7486396461073118
0.7347532032349018
0.7406499728324427
0.7411761270173556
0.7423451976144453
0.7516083482142031
0.7485374198791785
0.7479219147598056
0.7497371573295888
0.747412887318383
0.7654448359103367
0.7524019222653876
0.7490501219475212
0.7726155788570169
0.7508075550770601
0.7694456923788591
0.7734709114333704
0.761265422043385
0.7637443306745516
0.7544036767676611
0.7399923507707891
0.7305212235775675
0.7251857780303256
0.7246397129350277
0.7265517837449474
0.7145546133642149
0.720780845265346
0.7311950288917455
0.7149175911217842
0.719539399070537
0.719723857495567
0.7010143774430706
0.7116531735610548
0.6970129704713491
0.7112718632311198
0.7096359791740482
0.7193091489679231
0.7151583697871565
0.7012281615366864
0.6960252459900487
0.7173990161767259
0.7066511120913362
0.7096866678733458
0.7079195642408764
0.7054498066358712
0.7252255402617375
0.729232587311799
0.7147071500629127
0.719227036200483
0.7168687127581301
0.7266798765058783
0.7232741302337099
0.7248948875219647
0.7241251190742946
0.7241359068665085
0.7186546774792593
0.7463825043726167
0.7211392217721473
0.7489649360095627
0.7296180690598609
0.7635591199075789
0.7508868915239194
0.7636772549410078
0.7684711994733778
0.747610195761271
0.7595519600693882
0.7534716417159218
0.751573085509942
0.7478222929009469
0.7496064028669449
0.746050284916945
0.7609263702574616
0.7496254995214351
0.7525184241649209
0.7620139076281638
0.7724282508197369
0.7682297790755295
0.7231997736858796
0.6777339484055783
0.6548474293547744
0.6122100686237487
0.5976214386938576
0.541258807221891
0.5696619681305374
0.5964930495016711
0.629719504851829
0.631588654381007
0.6440336219934565
0.6587406845695636
0.6614701476012294
0.6645022259412079
0.6701637637632439
0.6752801331756031
0.6794309123563681
0.6773957801380823
0.6799394687886035
0.6780686986378147
0.6787745163118459
0.671326588859111
0.6790203494027907
0.6889171458071572
0.6772121983893111
0.673816501003817
0.685155314859234
0.6786786920298471
0.6782223848394316
0.6850003942991177
0.692941965190059
0.6933912838198242
0.6873597336891395
0.6790220932588442
0.6915132337235177
0.7521318180428461
0.6786273685986149
0.6866930337480843
0.6713628474706647
