0.41642638387408265
0.2680351528749179
0.020102500148361367
0.027445406792479067
0.04405251221620583
0.038664252265793134
0.056374707796469706
0.0533167109958141
0.06759355326977978
0.08155163290711842
0.089208374539366
0.09922873387958492
0.11328194954306012
0.12875235030161783
0.15972650637695127
0.16801584563396146
0.14349994505777247
0.19101449744039672
0.18467980487710872
0.1801144146037382
0.194638382749409
0.23584666947843405
0.25651998578362756
0.280010158908847
0.28603867455717086
0.33847839248116635
0.3093353201636696
0.31345565443992235
0.30515372946127156
0.32393092507426696
0.33437609661682344
0.35104498350847574
0.3577886470860488
0.366659716039458
0.3777008751821358
0.3919110083396775
0.4013813203596336
0.41768392105045105
0.43134400688772856
0.43942847037601507
0.4520018486219783
0.46606675834819944
0.47394387112451547
0.4854482077600883
0.49474524330361236
0.5084426988843114
0.5264221073658267
0.5333453014376853
0.5487165502950249
0.5592462228485525
0.5607411158231566
0.5750190114028803
0.5767846027115345
0.5809020973039148
0.5718096644373749
0.5874178151640974
0.5940954875063299
0.6095275029720739
0.6214266476123287
0.6202847194480303
0.6345633756608394
0.6451047300744343
0.6481262542268176
0.6565285377578898
0.6510309935797373
0.608115233544956
0.6013363110514082
0.637007993849156
0.6948724515187484
0.6843767751354566
0.6964324121654176
0.7079072098913023
0.6936639367048076
0.6879477164965075
0.6893899069362375
0.6742695135339005
0.6440846391087074
0.6758040458076628
0.720874487734377
0.7349026654711631
0.7495442896274245
0.7576022780194255
0.7824216841078522
0.7780035688901075
0.7499498271144435
0.7158194994728019
0.6807414822700183
0.6275512464060091
0.6118003703967356
0.5248615932683022
0.5683685951773162
0.6184135986993405
0.6390835220652151
0.647425332252133
0.659023200286088
0.6500900121457861
0.6711122543861872
0.6707523718976898
0.6665746452033171
0.6819487577781832
0.6856267664819545
0.6839859547763804
0.6843457300443682
0.6733972578062364
0.6647807989665273
0.6742112638181985
0.6534123854594103
0.6609143635385137
0.6402694286369619
0.6403075254543181
0.611589769429193
0.5751840548114002
0.5853182339500143
0.6201770610292966
0.6497462040352036
0.691124096051136
0.7519123091186135
0.7867946913676003
0.776189601185565
0.7679579586843398
0.777943816326053
0.7597292537549639
0.7615269829546057
0.7648715349739733
0.7628631815724334
0.7571912591971307
0.7703516075059125
0.777756224408551
0.7863421688168172
0.7809162199122194
0.7796101881501245
0.767820572555228
0.7508694845810153
0.7648124191098038
0.7598412393086345
0.7646278928756718
0.7462207639717201
0.749656701528256
0.7532575237200869
0.758637600555578
0.7513507657741088
0.7443736242757337
0.7422038873683133
0.7423163168151224
0.7612776193602685
0.7556517811700232
0.7542131166581051
0.7565531834044312
0.773394392834165
0.7667297177048632
0.773954501591748
0.7709637389492995
0.7800680897767498
0.7680089709583776
0.7686061752257317
0.7683984995054316
0.7645563720491682
0.7566784185223634
0.748571131005416
0.738539115291218
0.7278265446380371
0.7441654431465872
0.7339370621619983
0.7369852647414921
0.715295358648435
0.7250757521425162
0.7196633563280287
0.7020130100831975
0.7166960944955318
0.6974756433218834
0.7018674871424632
0.6964971104799762
0.7135093376871602
0.6988885613332746
0.7040007434604911
0.7139770232049272
0.7011138921695479
0.676540791961223
0.6979366379830279
0.695897355076676
0.6900669623397468
0.6901480959435589
0.7111141468003159
0.6962333057928735
0.6928789836902158
0.691448134477028
0.6967213812236345
0.707633005378551
0.7119083308619187
0.7008525001917082
0.6937126926847362
0.7005558252345009
0.7114606465044302
0.7048818687110595
0.725604404080751
0.7091215938094879
0.7313302654692333
0.7219407451877077
0.7458504332191384
0.7412866198358042
0.7458085587454548
0.7441108932204554
0.7483490460500072
0.7469559805499495
0.7387037342532268
0.7386610387401383
0.7408403494825043
0.75076097066711
0.7382322271360423
0.7427688446869847
0.7454083609890927
0.7635321840813332
0.769522050905818
0.7716348228418018
0.7678772886206423
0.7258338339927786
0.6786210277415468
0.6294016674822307
0.6182286956495948
0.5781190838014342
0.5480026420760193
0.5813927575950869
0.5972440632997363
0.6225296863441686
0.6254190843204035
0.6418526138125215
0.6471135001629315
0.652037275143872
0.654115802559523
0.6460760854799923
0.6544548577888234
0.6598773816446761
0.6533169530108158
0.6502854789586096
0.6588392139741905
0.6557923099421586
0.6472176456905789
0.6580707840619993
0.6438458679589553
0.6304614980937512
0.636590676925135
0.6503469778355074
0.6694508304003072
0.6765096542874655
0.6799673178641265
0.6867741156435503
0.6838537761446694
0.6827222892826177
0.6791575222604925
0.7033770021013802
0.7744916869045815
0.7103883981935325
0.7117632010873383
0.7036862036448572
