0.37565392450650725
0.24150941437509668
0.025086716733011546
0.031640108258304434
0.04594537744198286
0.041565331572380695
0.05552341120971853
0.05350698304809053
0.06510144497745446
0.07467947874519014
0.08047670970987203
0.08753420827557168
0.09837250964432495
0.11223545325552138
0.13583827577701796
0.14235831274409685
0.11923117035329316
0.1618998520326271
0.16158601704449954
0.1503004624547633
0.1658709268879623
0.20323944050939496
0.21882081848215718
0.238100537851214
0.24114762111230365
0.29588008011410577
0.27129228544202916
0.2616420136152461
0.25887268035942923
0.2752410985077732
0.28677783576320887
0.29727298357522186
0.3064856854964522
0.30809639811023787
0.32416740864699056
0.33306734121229936
0.34299818380032837
0.3524439523085518
0.36672887973944807
0.3756154626577947
0.38257632371746236
0.39423128075188857
0.41466468614968194
0.41817002622034355
0.4255209814963887
0.4315372679413838
0.43602231458466884
0.4429934404298875
0.4551240907859127
0.4552810892458271
0.452667868770113
0.46758878098842516
0.471166927210713
0.46627857385050797
0.47107861975760806
0.470958518239565
0.4795973697015742
0.4963117536524601
0.49902943826828433
0.5217149994118347
0.5078297048098382
0.5281161545036324
0.5272610677928757
0.5153160038987862
0.5104887526209024
0.4683783484751758
0.4843568823783132
0.5208635365074242
0.5524958662129893
0.5583616082783148
0.5693547258271684
0.5738414934076181
0.565037705773319
0.5492939011874505
0.5555419778277019
0.5331642507590889
0.5337199731195806
0.5902708035930532
0.6141566810573578
0.6342789583698186
0.637866681028607
0.6455178935845066
0.6463881132768451
0.6471167453120423
0.6115460481157683
0.5840904226634945
0.5496984394346286
0.5187801033863676
0.4762132644866486
0.43307609452431484
0.4656134128794058
0.5011392687998826
0.531021894849447
0.5424248186756608
0.54846795413866
0.5482356221926377
0.5506465688534358
0.5579160934612113
0.5633924535343641
0.5576282595233659
0.5618707632384369
0.5587509849698543
0.557628259523366
0.5612260480943795
0.5600610122071926
0.5509242897914834
0.5535103394728581
0.5540222645243112
0.5388314014355174
0.5169419128921463
0.4999920934214249
0.4686554885039144
0.4640935985193969
0.5023408705727608
0.5278253225019389
0.5583054770424889
0.6011597433342465
0.6384439883739272
0.6450356621059361
0.6511285925900934
0.6391016603852475
0.6449841720790657
0.6383482302492781
0.6192022039652626
0.6197528733840401
0.6266118197258084
0.6295363982936149
0.6270962161722143
0.6221267825330714
0.6169090840409288
0.627586679248413
0.6231584958750953
0.6239385836819697
0.615186640414145
0.6244615653452618
0.6144351852305904
0.6227291215961286
0.6319518520810175
0.6349200421530573
0.6153967896440925
0.6263805352820141
0.622573110885202
0.6161942751989954
0.6218673474653469
0.6233133857817582
0.6082217334043986
0.6199393567691116
0.6270331905072621
0.6282530675754375
0.6224990464659692
0.622336765179351
0.6258223046069862
0.6169238669864308
0.6176800275470414
0.6167385225826538
0.6166865964117317
0.6108947292396036
0.6179701773195025
0.6207106475215534
0.6161484780710509
0.6126046430723586
0.6062138702475691
0.6082040966414947
0.60829779644764
0.6114161565819421
0.6018951855867762
0.607504776055932
0.5937948597284659
0.5959239586168528
0.5985357219321185
0.5909460483074814
0.6063240763803797
0.5842664702566195
0.5801363918190852
0.5761331360303844
0.5767261430214933
0.5855491104465327
0.5939844858250429
0.5721732374010897
0.5764493095775515
0.5816498370264113
0.5736080196099707
0.5896335200299271
0.5747930689707735
0.5735759282472355
0.5775164205777809
0.5703018948158934
0.587298928853575
0.5740463349167053
0.5877036348813972
0.5896724226629437
0.585926488175514
0.5884633896073997
0.5956816765067017
0.5862639738842818
0.5797601253515922
0.5865821225814009
0.5900542039992851
0.584588240654146
0.591688949075063
0.5903384730964063
0.5951559168899861
0.6003205502299112
0.5950520645481423
0.6007973693419029
0.599300267310237
0.6046753194404958
0.609006355518274
0.6127056662593966
0.6273296980797083
0.6319725250546195
0.6360526465934906
0.6389673698642889
0.6417683854962402
0.6322579331330344
0.5983427352033166
0.5550093212477685
0.5197666992088388
0.47213886100787716
0.4500157257326326
0.47597767844295197
0.5014984105909679
0.5187530203440143
0.5408042709427525
0.563989468999906
0.5631871384381331
0.5598945393112096
0.5628121646191128
0.5768465818832035
0.5818130494479327
0.5678735031631423
0.570098245255573
0.5799204993715157
0.5897996438197809
0.5862645290215452
0.5735132765348071
0.5751385460624825
0.5758046629091336
0.5737870993145427
0.577041255727573
0.5635154004636787
0.5659256083096926
0.5623872092266502
0.5590705106010941
0.5747096258136213
0.5738411671990118
0.5762093288903757
0.5510349308922057
0.537742304716628
0.5862777099796997
0.6913524311927226
0.6455595686380823
0.6121561358219179
0.6035262996593176
