0.3417954518025507
0.22175832715072907
0.019945582654295448
0.025238706578570278
0.03733727554834228
0.0335564727452899
0.04439477411404007
0.04313450651302454
0.05321664732116442
0.060274145886863854
0.06455905573032407
0.07111244725561688
0.08018637398294524
0.09364034657987483
0.11617317355263332
0.12307375462426848
0.09968963106475867
0.14047037516681615
0.1406940017773087
0.12947022865549895
0.14447480458036416
0.18350877630887635
0.19789659579704857
0.21799169335366472
0.22058712078705367
0.27357902751354113
0.25486746359119555
0.2423157458407032
0.23603516942469693
0.25806103010836173
0.26554503259637796
0.272596038164434
0.2846660542696387
0.2950147537400335
0.3060596873944289
0.31465120348054465
0.3196980624248851
0.3311765671738426
0.345726998830406
0.3566470460067474
0.36143246117349564
0.37025864070338727
0.3773710339921525
0.38366716121146227
0.3896034046710442
0.40299880837881935
0.40892340654970266
0.40400734026078816
0.4103487287540121
0.41444602603762065
0.42468538311720794
0.4320468571092513
0.42968645208936007
0.4375611763682197
0.43633288283685207
0.4480580291827306
0.4616813722752272
0.46205977128390013
0.47819920977614877
0.4930066047301881
0.4802436735027278
0.5033451191800964
0.4956144779515596
0.4967509755044454
0.4707697461121644
0.45244858596303617
0.44444045874565224
0.49412067291300366
0.5185457825526238
0.5340663546032829
0.527005444327355
0.515086661966011
0.5436339997710689
0.5266950107434102
0.5219402673574843
0.5109602252973753
0.5278157279111514
0.5690711262541618
0.5833285193027149
0.5900706653207113
0.584340246449177
0.5904062080932513
0.5966588211396628
0.5965737263649853
0.5711740387729513
0.5311650741481223
0.5000193989527625
0.47915856579651
0.4282124696928546
0.39902048521830014
0.44120288174066596
0.4757711906299936
0.5070013434044461
0.5208604994466036
0.5241273175116338
0.5237194225927313
0.5283071858348656
0.5305418100806013
0.5374076669187963
0.5400726475118063
0.5418735424075267
0.5430386739824062
0.5390644334309922
0.5404457104981072
0.5313418929262682
0.5240306284279383
0.5271998001242666
0.5286861000251896
0.5104595633922502
0.49917303730643797
0.481268034231255
0.4301643649506231
0.420292729720311
0.4578521281584535
0.4869185469722667
0.5145389373502794
0.5468168249296399
0.584298529307142
0.5864150211434104
0.5855068707372366
0.5895298717634938
0.5899956965971851
0.5839748390220121
0.576085754463563
0.5756286459455792
0.5741978168862878
0.5796429306561308
0.5749725490596114
0.5707827752422892
0.5700216870331783
0.5677297060901342
0.5737494246840142
0.5796948568270525
0.5817647862849538
0.571915941429843
0.5798441080889735
0.5724531528388699
0.5781091215430976
0.5767392740577602
0.5848989113549847
0.573769377308611
0.5752233583827899
0.579588621306887
0.5709664393049874
0.5837288521316042
0.5694103751277672
0.568782269007456
0.5794477309553501
0.5775264388198602
0.5717254191879707
0.573617145432454
0.5611194607454156
0.5761426082829912
0.5580516086477569
0.5615284317596835
0.5616902769022504
0.5650238264843217
0.5711064655274218
0.5637302043250891
0.5671609012026999
0.5640710360714476
0.5737274034914212
0.5689962905105416
0.5621306126379175
0.5652513241741851
0.5652543294510163
0.5647067973977025
0.5597888745898234
0.5524510636114696
0.5568369565581025
0.5431188014279321
0.5569991183101617
0.5536583270398511
0.5489653113564718
0.5494229171466078
0.5475579456297606
0.5524300321797503
0.5398964026089721
0.5432406981017008
0.5348924299090895
0.5409459808140228
0.537145485742514
0.5410725771846905
0.5362833394629757
0.5400175435706749
0.5252940094344943
0.5476192022957401
0.53806159827725
0.551908416015754
0.5414624099356796
0.541836291796478
0.5398533152497916
0.5462163376660787
0.5414230152322188
0.539458077097461
0.5422541650809126
0.5498141955616724
0.5517218437329524
0.535926613707969
0.5442690181171922
0.5351333099219373
0.5381480968673786
0.5406784873664188
0.5397085554923179
0.5560166088734175
0.5558028375599288
0.5554086494911651
0.5644158671020668
0.5642763822394172
0.5713054538954063
0.5781677527603302
0.5805905022503125
0.5812219608937768
0.5848792007609799
0.5799086281405401
0.54827905335388
0.5125963374972787
0.4722873870867776
0.45511423071489415
0.4116167589529803
0.4680137157680225
0.49021020573298824
0.5059977692345213
0.5251185471101312
0.5306048141179908
0.5218302160492811
0.5235986488137917
0.5381200494695839
0.527394776658739
0.5369556668958999
0.5278983169055583
0.5370453092958715
0.5358301901601787
0.5496707910922402
0.5475486863017046
0.5391684035105203
0.546257360544626
0.5314746461065734
0.5325605203370399
0.5335862102943406
0.5349097205095248
0.521793893298131
0.5208532723783115
0.5264861632875495
0.5338687985220067
0.5439467561605212
0.5330149897323566
0.5331233278315686
0.49607206871516785
0.5181703588257998
0.6354096790703495
0.5992238022349438
0.5851381931990884
0.5605622457502438
