0.5378004421694822
0.35327362298090587
0.033247456465465855
0.04618654731039236
0.08166968552083596
0.0729167530163565
0.10699238218096854
0.09910664718381534
0.11573032523102074
0.14330749576260268
0.15596618818843472
0.18102240307100342
0.21074797205115195
0.23256911561795784
0.2772099321534312
0.27536844960358187
0.26918939503795675
0.32336866053921454
0.30005961659910807
0.3131340048437126
0.33354875669585643
0.36798880153915986
0.3798682562072885
0.4085520064649303
0.4193427842694771
0.47427028861780496
0.4376470220174172
0.4504826548933089
0.44934102257964054
0.47248787556445254
0.48387349382883127
0.4913213917960893
0.503648515024856
0.5169504977762213
0.5237991526769339
0.5327593717654164
0.5424090422980774
0.5585787497978233
0.5636581024086103
0.5764559781195694
0.5932428782000588
0.5947601269697794
0.6147106372725807
0.6177735617217396
0.6313226703448073
0.6483213223103872
0.6587222257551618
0.666921356634531
0.6783971832765479
0.6876045282367325
0.6892786945005182
0.698157988177638
0.700773659405812
0.7025380340472357
0.6920419945763252
0.7048732248454995
0.713841336684124
0.7291554338881323
0.7269735208120695
0.7484721308895477
0.7638409978165751
0.7696476319695864
0.7788498369574024
0.7710571027476839
0.767726254610572
0.7386032481253111
0.7160373248255114
0.7404109421961355
0.7595559026406967
0.771904760713839
0.7667387874476542
0.765090573593327
0.7723973500705288
0.7586891362588589
0.7656150566239399
0.6943154301195812
0.6883117626114417
0.7438279235309322
0.7618970642130036
0.7831528993854854
0.8032187140725111
0.8226814689523663
0.8557202291857681
0.8501163537582103
0.8161485253867282
0.8057477991792779
0.7805624510209495
0.7642828677070904
0.7577373114922631
0.6631649879090964
0.707944912899298
0.7577243557473317
0.769667311239262
0.7823149362309922
0.7794113388236279
0.7762608083305267
0.7931862344329433
0.7932085034700171
0.7835936876960683
0.7900282243626573
0.7897761708424553
0.7890200102818445
0.7958254553273408
0.7881306510597331
0.7879153795457428
0.7982070610422288
0.7732791267713284
0.7772717300398551
0.7751005201712269
0.7730281837482749
0.7493448081126874
0.6981432525210698
0.727090504721723
0.7558452963166006
0.7875700360126218
0.8022924593254934
0.8209510124036548
0.8495749242633238
0.8392919644804511
0.8318168770751002
0.8149743412760182
0.7796971658901055
0.747117436057655
0.7525352499633519
0.7226112325212085
0.7349786357343414
0.7378618764586518
0.7566120160540322
0.7613503177212437
0.7768490691371807
0.7698873838292799
0.7608296951666107
0.768945039703461
0.7727394015373024
0.7762068525178771
0.7563424033668604
0.7570001649289854
0.7504267418221908
0.7410513356942092
0.7585775726349309
0.7650643643234046
0.7535592510017733
0.7466401751380348
0.728019489581241
0.7242798493664159
0.7334948909715509
0.7416863230092726
0.7508666297300746
0.745481338749565
0.7398783258268812
0.7524539618805134
0.7519658873366343
0.7754830977831815
0.7777097956185581
0.7789793567418327
0.7882111430271391
0.802834255437508
0.7965393448654432
0.7874331535627662
0.7837200951746235
0.7926668130958293
0.7851989268151787
0.7927709127600682
0.8028328233303368
0.8020045136084109
0.7923173258435608
0.7956787461904875
0.8073393921945029
0.786786016741611
0.791274978673092
0.790661041558773
0.790119177353435
0.8025315605069464
0.7896467318847714
0.7810151307299218
0.7906927031305164
0.7957234193981083
0.7912104803374378
0.78635968198564
0.7964155669056308
0.7838128908954484
0.7773786596992872
0.7876636790857483
0.7996480153748922
0.7888255551942039
0.8136178098793674
0.7867956704564221
0.7980567452283207
0.7952418814672886
0.8044122497857227
0.7990970744039934
0.7900424109148183
0.7917581148517452
0.7906019832680065
0.7910583753918381
0.8051349932597998
0.7782067347442188
0.79214201525977
0.7878616908614178
0.7933599963256835
0.7838244577177659
0.7914754825870712
0.7755691737414805
0.7582611101988834
0.7430189490101462
0.7395645945800882
0.7390592312267665
0.7392258634921354
0.7319297140317805
0.7450247139001763
0.7704326137539206
0.8080570024216039
0.803475058530314
0.8456205594588323
0.8414668934204935
0.7960951320869144
0.782032867851915
0.763062843593154
0.7513277762791283
0.7282572198710601
0.663154811735188
0.71106469116788
0.7345966451572138
0.7362132202359284
0.7571910797667529
0.7500668720846245
0.7513779848178735
0.7512230381718245
0.762429450950249
0.7559786679857537
0.7440709931667715
0.7506715832479378
0.7572109184517046
0.7455392004834641
0.7309907962684185
0.7377962413139162
0.7339161553594002
0.7352640275977793
0.738545651008928
0.7487705403051464
0.768102954244992
0.7673268053709877
0.779000582942818
0.7787115527808622
0.7849398042255314
0.7900678504848939
0.7897810625809166
0.8052934492799739
0.8024176925938513
0.7859611956143662
0.7858212801726949
0.7656116015400398
0.7681943530684048
0.7567326521269003
