0.4636941638497898
0.3159205942114363
0.04059680105348162
0.05092975791020616
0.07301989269336823
0.07083272384440616
0.09320123073135633
0.09161577989218815
0.1032959572611448
0.1278922790112947
0.13684757045127444
0.15037758241985236
0.16600164520605193
0.18099311036748827
0.21294327310571248
0.21914947508466157
0.19973202377377647
0.25416959824669016
0.22858695758817663
0.23777793631849942
0.25678201400840894
0.29791980295382614
0.31468382587162713
0.3440762212846705
0.3524115008215315
0.40621488622633806
0.368210519513727
0.3840663920253427
0.37719423786341755
0.3994515120547645
0.41474149605804805
0.4140569722623629
0.43312775906870166
0.4378932766913594
0.45006348242605854
0.4582675409539297
0.4717647234060754
0.47902234932105614
0.48674580006973034
0.5048133004437553
0.5099915695888877
0.5139057906247944
0.5265232495804785
0.538004003870996
0.5518100936627719
0.566772073671934
0.5701204061995092
0.5848237328578922
0.5975849985442148
0.6072106447738852
0.6142238752418054
0.6188401542479345
0.6222119860367197
0.6101910397229423
0.6238332663773497
0.6187324325001501
0.6327497978577763
0.648366666386837
0.6494124292979735
0.6566255402087569
0.6739451938652569
0.6867945168345951
0.7021834092245318
0.6933922222524078
0.6925825363977778
0.6512330270593903
0.6356834213460458
0.6653582522564016
0.6923872688937658
0.6904805353555308
0.7017977765216815
0.7228812678649746
0.7125933916434011
0.7094847455057608
0.7090027135901387
0.6747576064290768
0.6495655597262089
0.6925933518880064
0.7204144901509462
0.7415343867101288
0.7630060961596933
0.7865054363966997
0.7881976449137227
0.7991315305759795
0.7772064133179634
0.7438165617705775
0.7207484374953524
0.6933477495361254
0.6851789128205421
0.5895678170262372
0.630916696105117
0.6622123050834258
0.6908564441400192
0.7132889533285252
0.6999224927593789
0.7060646228311265
0.7213408516738742
0.7081322398624158
0.7252403851862452
0.7122634508887462
0.7194778669485118
0.7167052782262722
0.7145319325705782
0.719538290247701
0.7040993835391585
0.7105025503051186
0.7110179507037474
0.710369533111288
0.7074917223638413
0.6897453084023678
0.6785957838966579
0.6211024500052449
0.6418758792681495
0.6769819347690932
0.7257979332942093
0.7258868808230041
0.7652274200169784
0.8061666770207634
0.7989467697779954
0.7810843244017508
0.7670693020472572
0.755176846317831
0.7396517082249774
0.7380207726208018
0.7401491621265498
0.732042802032197
0.7402214419365427
0.746344016413619
0.7665865346254127
0.7461420934561209
0.7389090553786362
0.7350402110880827
0.735109200123179
0.7344306058931623
0.7265372501460283
0.7367975722829812
0.7262894721322007
0.72318878398297
0.7185520003027489
0.7228827600947395
0.7250089279989514
0.7252134579549507
0.7345455538877236
0.7169907783794833
0.7258871091075098
0.7381934032119919
0.7371556150811692
0.7344561439535703
0.7323335078015666
0.7295062980047649
0.7402179551914353
0.7473791644511265
0.7532035848538993
0.7523222780730917
0.7407086305914993
0.7441275498004366
0.7444285791065373
0.7382446048297635
0.7449579940507988
0.743155922532155
0.7367148018529784
0.7328907836085351
0.7294308517682385
0.7517590035618773
0.7163333648854632
0.7180539405008644
0.7340905581822613
0.7386521679474339
0.7386639315371176
0.7389258979482061
0.7352905740578694
0.7318501969597385
0.7246102428395655
0.7267835884952601
0.724515106813429
0.7253374514486818
0.7142540081156187
0.7284137983865857
0.737318221898209
0.7201509021318949
0.7113623834829796
0.7242077827581459
0.7149228359463593
0.7250476615679374
0.740956149303104
0.7403141518961868
0.7191738636169985
0.7302913871396565
0.7258644933462001
0.7354419812677594
0.7267541103422755
0.727432794026166
0.7326216308981403
0.7199751856296602
0.73121785481637
0.7323358989710967
0.7362658848096886
0.7294374222450778
0.7528252151770767
0.7447601682295929
0.761900843192034
0.7567254773911772
0.7380543521482817
0.748426875414152
0.7282392359376283
0.7252073482262419
0.7395228601284348
0.7195027451910266
0.7264239158701732
0.7364572067447575
0.737565227585215
0.7633841133132904
0.7768652753483096
0.7862166236664089
0.7887935172467031
0.7418066457015
0.7219712729397685
0.6982392342025366
0.6771333312154976
0.6632633952070404
0.5828133794850556
0.6365653684357755
0.657262413114169
0.6743833905439746
0.6822698493498706
0.6864950819845068
0.6843117387974844
0.68174040334445
0.6840707213860067
0.6784588231177667
0.6706795046924771
0.6681256149322243
0.6841695046783751
0.6700162253402595
0.6626881190398641
0.6725849154442325
0.6706598428005355
0.6654158816948381
0.6706756510609002
0.6820498515483222
0.6861676006230613
0.7089942742705589
0.7190166906415413
0.7244848467241483
0.723236126694258
0.7176687937561398
0.7194711475600464
0.7242219162431306
0.7311148576743569
0.7250642960923599
0.7480001203321281
0.6952700240983062
0.7150277859346118
0.713104418032137
