0.27344116250057293
0.21068973078449516
0.010681383874688775
0.01395807963733504
0.022275845804054
0.018747096521206208
0.027064862687920587
0.026056648607108324
0.03361825421321356
0.04117985981932098
0.04622093022339278
0.05327842878909324
0.06436878367805124
0.07996767502096298
0.10622718140199505
0.11416933111265869
0.08752928062707017
0.13258675145766743
0.1318765311769139
0.1204088876498241
0.13590938750017198
0.1736919965009884
0.1873928928550975
0.2104722330623768
0.2164665484006179
0.2491141821874475
0.23984185154594265
0.23622192262794126
0.2341567577087102
0.24832929441136395
0.25796454324131574
0.2632104948436419
0.26408940840527484
0.2711695990253985
0.2768949628007158
0.28470696421214076
0.2820911463334579
0.28950807304641546
0.29155508503758715
0.2969720781684231
0.30853679445959836
0.3128030213657501
0.32712332253452725
0.3291979040558011
0.347658607919833
0.35252988459833046
0.37443451785861537
0.37148901388718986
0.4043223052665832
0.41726667340126344
0.42377461010749096
0.4235289040734921
0.4229010389546209
0.4310507999030208
0.4467055193541359
0.4467427720157354
0.441868610460941
0.44021502230256443
0.46067930303547844
0.43083339714405927
0.4411930097955666
0.4513701547348711
0.43133560583936525
0.4153488436963272
0.40197538682746387
0.36845549102305897
0.42729551347402567
0.44495989133087627
0.4596635864136678
0.45443886784064197
0.4375985870601379
0.4339863355370264
0.43643163226577064
0.4362394185834196
0.44144289260032366
0.4823666107477645
0.49166620961018015
0.48594167365298924
0.4912683380899373
0.48781994188772154
0.4889949287596039
0.48671280311356324
0.48660402312321716
0.4830134923724429
0.4534816928354773
0.44632862353317554
0.3963226331147829
0.3848766380487591
0.3420677993362884
0.3536739812810466
0.4250196405707229
0.43081184080304563
0.43597918992829243
0.44131875517806846
0.4474769276832158
0.4511087530312914
0.45039614813862044
0.4471925128068225
0.44959167533163
0.4521169589531067
0.45737207023105597
0.4557466219607101
0.45373911014824125
0.44863088064453577
0.44464682696589103
0.44854586498939064
0.4510961673096471
0.4523016629328218
0.4397394871576076
0.4501331040713147
0.43360276759375743
0.42591185386226743
0.3484284136113972
0.3636516549966898
0.3849875538336158
0.420282441215894
0.44102634949425734
0.47721185880103983
0.4765344680367168
0.48163458948407234
0.4768122180419922
0.47337860478527927
0.477211333759256
0.47090506810566524
0.4600186292331945
0.4624724553188024
0.4732391199226309
0.47341460902940347
0.45771565401185343
0.4694719610837841
0.4718973602596817
0.4716835889461927
0.4715835252715519
0.4742560503191508
0.4732774021293438
0.47272250789930925
0.47455738032436623
0.48118505830049957
0.47901171264480735
0.47808120195871556
0.4787225158991823
0.47917848543587294
0.4758066536470877
0.47480829486327497
0.48058695421524805
0.475585304999185
0.47150431117221153
0.4690690566993118
0.4692396181575859
0.46725654455417026
0.46613462283450685
0.4672084070504527
0.46307662603385064
0.4563613893659909
0.45315519138697813
0.465163551979112
0.4676840871811485
0.47274865684643136
0.46537239564409866
0.46971415930698457
0.4758722237822195
0.47323798094133396
0.46997606812419057
0.4753124019036813
0.4696250899106412
0.4740149910772428
0.46965958345014974
0.4717612923409151
0.4641383414109347
0.4550490096395901
0.4664012733457541
0.4633533177965574
0.45941277817706916
0.46126761138572603
0.45804503901786225
0.45215260779190547
0.45619978625401886
0.45640934091524743
0.4689758430448418
0.4526903195801202
0.4467509540668772
0.44938026925925956
0.4514071748164021
0.462857927071858
0.4565800883279809
0.4581492632686265
0.4602991096631079
0.4533231031593384
0.4584778812022591
0.45094963015436546
0.45355658506683216
0.45038374164603184
0.4526002971569416
0.4640378415922429
0.4475209445461557
0.455324748375464
0.45638488862720233
0.4599704917294762
0.44499927036282433
0.44390198688566657
0.4409292708141459
0.4418658481300335
0.4447100736172021
0.45521104073661567
0.45503934029704834
0.45777857446107423
0.46874043876568094
0.465154835663406
0.46818440555435076
0.4649459919984183
0.4735256669823436
0.4699734184382807
0.47315497817478935
0.4772211890562585
0.4627333058934438
0.43388796740822677
0.4200111384304234
0.38458167922585135
0.36159890087569
0.41634179588509557
0.4373117093320707
0.44241093817302685
0.4398794730987433
0.4351688372621633
0.4413420456198617
0.45443876518099513
0.4491757864436906
0.4451945730403297
0.44970269558822185
0.44768787719549075
0.4469758332732322
0.45223017643356167
0.44812419039235685
0.44195846927758003
0.4601983268332318
0.445056729962767
0.44758833999623276
0.45080607361332586
0.44576711153538395
0.4427114090153148
0.4358211193847345
0.43084641900976506
0.4480680754873241
0.45114777582583515
0.4648156975317141
0.4549326964024657
0.45345993656836986
0.4506602764176797
0.4486010076906957
0.3842785218505167
0.5205776499977015
0.49611534777453026
0.48097735361680927
0.46538338992239864
