0.4461952496056422
0.2955686574256783
0.03373313547691108
0.043200192030440655
0.06313837209299109
0.05977472341912984
0.08597939397554004
0.0798853163510901
0.0930998211494587
0.11203886190502041
0.12275034487150097
0.13363133105368935
0.15018431308263266
0.17045473316235604
0.20180943334224127
0.20850557335560688
0.19115762351756452
0.2418882291762124
0.21875615913688823
0.2317060246934038
0.24851325746640962
0.2885586905831697
0.3117006159194911
0.33295953132702605
0.34082132795705344
0.3993098779038833
0.374098459253734
0.3754822897905986
0.37966220831091785
0.39424416925730904
0.40673313762864094
0.4098961257524368
0.4234550896725084
0.43402276590835115
0.4541684759119288
0.45462065678141095
0.4728117200912891
0.47483800354992084
0.49135490059600695
0.49896464370583227
0.5095847711543813
0.5238331865186358
0.5290793119204902
0.5458816170449943
0.5522780910762243
0.5625111634873686
0.5735446645569044
0.5799920065164904
0.5896367494006538
0.6024931511131161
0.6147632412934003
0.6238213268326607
0.6263418620346968
0.6178797640955571
0.6175358300156377
0.6278049874096372
0.6414333908707771
0.6528989548673422
0.6579995115574843
0.674499933016725
0.6819704073829784
0.688860210006602
0.7039533475962308
0.7068305179088877
0.6951216721217073
0.6630356592419037
0.6500984305451355
0.6820846647093113
0.7102350263125345
0.7223828323577003
0.7219324119702422
0.727201349325548
0.7203626230900826
0.7180094997407048
0.7178097022395299
0.6788540199611587
0.6592223282861659
0.6951753658070364
0.7151526977711041
0.7410796742922691
0.7582802412426195
0.7674524521680978
0.784661504713604
0.7942083379894601
0.7655463081616292
0.7276012213213513
0.7174297587855977
0.6968407792960499
0.6745751631869911
0.586568735037018
0.6258390813636399
0.6714993558085983
0.6852509587045401
0.6996698010121362
0.7005578598267829
0.7142783695817878
0.7083011067214184
0.7169054789548577
0.7041072249194447
0.7157791979531066
0.716031251473311
0.7122504486702569
0.7094778599480169
0.7115736944994139
0.7200870386913665
0.70778663198762
0.7101794258246364
0.7022617313908194
0.6989136404515248
0.6955456731137597
0.665954178364119
0.6174139392618607
0.6369401895145856
0.6721197813461476
0.706406163070959
0.7291494943256082
0.769421855437895
0.8074070904974932
0.7941881758449159
0.7758893907872557
0.7630854402875061
0.7582969484454175
0.7400571255333118
0.7320619995681621
0.7334461831652382
0.7403564611092145
0.7469272756733243
0.7620339332676348
0.7650627907287395
0.7453699740244834
0.7527518753051594
0.7430392689167886
0.7356996021904509
0.7405186952220311
0.7322634071575577
0.7391426380254437
0.7177431713536906
0.7327417054174694
0.7323140738927615
0.7290288492024629
0.7468230021779342
0.7288717524793391
0.7438990127809405
0.7404858225480732
0.7409964405213306
0.7314758419401989
0.7308055760482357
0.7537633894435218
0.7326582249613549
0.7531254509702824
0.7344585356902954
0.7501231628404899
0.7722144655683432
0.7741317898075666
0.760371640295651
0.7434019402815641
0.7547764637855837
0.7363699340360664
0.7305531559109171
0.7499835727621124
0.7334158407153691
0.7419180422287439
0.7301830290351647
0.7239839206247286
0.7497764758361737
0.7426090527126497
0.7414741512922245
0.7223350720851099
0.7191194245561511
0.7286269060038303
0.7379726939021004
0.7303161222596921
0.7275374379442617
0.7282935985048729
0.7341859654956991
0.7261372411775445
0.7188822366974192
0.7215427010651595
0.7180139517823104
0.7191119500297597
0.7301405234507929
0.7246954096809514
0.7388230133383934
0.7447487348874308
0.7186333902889755
0.7331625831733294
0.7350411904953912
0.7372749704452584
0.734433641054884
0.730040809430188
0.7257619544485816
0.7298489133622305
0.7273436943064752
0.7398388319505141
0.7385964644288056
0.7385461215422287
0.7474532151907781
0.7471690102226821
0.7570494815629907
0.749737800789558
0.7622929324311416
0.7685149755981611
0.7526388800961482
0.7462428625703726
0.7337959720735688
0.7363208535569222
0.7331654346085383
0.7285892540546225
0.7369329736214079
0.7428991746010156
0.7459616629061183
0.7639570574434602
0.7688155138683949
0.792944407573569
0.7783001862467089
0.7513101094941868
0.7093319869364827
0.6890244838985784
0.6658105530405434
0.6352065081691294
0.5751789653296262
0.617974700965696
0.6387559318046436
0.6470113914616532
0.6653536762377036
0.6550523597118716
0.6629281825779013
0.660267376134041
0.6665553791981547
0.6768733748183788
0.6828882639007035
0.6838964779815179
0.7011027032127591
0.6943590396351875
0.6975706785365456
0.6947363083463806
0.7004740313193356
0.7151178001242188
0.7108328902807567
0.7204572309454685
0.7173163707650386
0.7062831043725039
0.6994370433563796
0.7131883735758676
0.7083939599717416
0.7208756724080538
0.7295919344399977
0.7224608859973917
0.7206433138271802
0.7270615463486629
0.7331788328695599
0.7072843359199971
0.680346726344799
0.7153525877617857
