0.2558131349390478
0.18808650749132863
0.011342408409160542
0.013358836570789156
0.02142454921730428
0.017895799934454715
0.026969726661782947
0.02545740554056173
0.03478338578809437
0.04209293787399843
0.04784624655362477
0.05241656447550329
0.06281746792027802
0.07998280377919431
0.10549053140194067
0.11145982942330801
0.08705288806653866
0.12998089391771273
0.12750757962468384
0.11754483227393261
0.13434637922839365
0.16586741719558648
0.17961637470382158
0.18745762000285032
0.19514182195560387
0.20321713107072875
0.20722350316101337
0.20993520924778303
0.20986430023937996
0.21562017344071926
0.22028994409785999
0.22051344240966766
0.2270010868265071
0.2309760371368698
0.23253331571005287
0.24431326789238678
0.2511886765148138
0.26343502981782296
0.27900672282405375
0.29174253554866464
0.2968453536320125
0.3204078608626716
0.32353546871513794
0.35513070361067495
0.35418152520296065
0.35698772822865843
0.36288870650124744
0.37921006419422076
0.37581750149116483
0.37596388659908486
0.39253031938453753
0.3871953211590057
0.39300102393826186
0.3851187069454109
0.3980108047856178
0.4052125319084058
0.3962591250895106
0.39158387825767055
0.39166758978145416
0.39650974110463905
0.39560039746298786
0.38964928653709713
0.39082417365443206
0.4014465404657897
0.3830918535061515
0.34735746458471195
0.3863351371802879
0.3845594214301245
0.3859921407598227
0.38178069175030716
0.3729790228238427
0.37980546680434346
0.3841977010149336
0.40074082296386304
0.4231181092140924
0.4255571523541983
0.42526795560857544
0.4238514829433336
0.4231718867961522
0.42139694442788533
0.4203083772664364
0.42592351929376865
0.4204140810194218
0.4167564953394958
0.39575904139331036
0.3595865448817104
0.3394960031479653
0.3073298463690865
0.2987665755629516
0.3578985477720126
0.37375670656098775
0.39274066156756493
0.38231486864544645
0.39014593711993795
0.3921481072293263
0.40051584270026597
0.39697450769577175
0.39883947105362005
0.39709481516519823
0.39586473555370105
0.3872452593138508
0.38615960853150066
0.3974796648197459
0.3949979450252046
0.4006518943010328
0.3957643970268716
0.4002952856017403
0.3919681266181042
0.3872121254449648
0.39513110209650915
0.3799179726315976
0.3690453564011062
0.31559584391710577
0.3077724954874634
0.31526152164739646
0.35264233179781374
0.3729596475152227
0.39438620513474154
0.40640680563580345
0.401005959963745
0.40960420656038
0.40120916355039077
0.4048337612892196
0.3973907909704606
0.4064215078425734
0.3979958406990136
0.4027445573813652
0.39572348961124243
0.3994200699277232
0.4043375773959449
0.4119265516692012
0.41051429422262087
0.4112420278735195
0.4062676665858742
0.4054459358901311
0.41312238811638285
0.4094071554484608
0.41256900459096324
0.41187955314677954
0.4117013336153635
0.41565163963412605
0.4149474052444388
0.4149807598026533
0.4106165551211211
0.41647556755372916
0.4048839167877372
0.4059571678029006
0.4042091675503249
0.40612553203731344
0.4033841006494272
0.40399918490404013
0.40170500673713694
0.40010467446213643
0.39868475894241356
0.39607181813888065
0.4064196564314357
0.4038941935809002
0.39701711177047483
0.4008930505996668
0.4117597788781334
0.4111889627212982
0.41396155144353836
0.40536330484690375
0.40834587621542584
0.40465149312280285
0.4062305233604516
0.4033639375933676
0.39966841551945026
0.4081036779922229
0.40716217302783536
0.4032911618471439
0.40927487619689923
0.39814623910122654
0.4113568744936593
0.4088412669401247
0.40078048194211097
0.3942085188041081
0.4066679212844314
0.4012364514788009
0.39839222599163343
0.39783733176159863
0.40432401417046604
0.40523595324384565
0.40785162447202045
0.4113273086026527
0.40120688558779466
0.40829887769300366
0.3992533778753864
0.4044377218093142
0.40137972500865865
0.3967241263576431
0.3999723952105787
0.40293032833659476
0.4043907232868931
0.39807952998480156
0.40365806198749443
0.39761370515110944
0.3945037821795299
0.39491275319379837
0.3954119325857027
0.3913457217042313
0.39553056787305274
0.39083175936682374
0.39615331020081185
0.4017766435020666
0.39810681791322083
0.401280373763863
0.39895996591110855
0.4057703386051068
0.4004305619711328
0.4021840230729923
0.4054607188356382
0.40995139610672093
0.40614216639395434
0.3966240626830019
0.36730743178940944
0.34000533015621726
0.3332136803592623
0.3043520044012081
0.38239390957901725
0.37982268677353026
0.38227617253267254
0.38352782655486845
0.3893438986926496
0.38097808391994353
0.38526860774555227
0.3893657176127842
0.3930375626300295
0.39376792964884166
0.38609243860842474
0.3952308048341867
0.3916824338550613
0.39332464289052355
0.3820880980926094
0.38627647458004294
0.38677003998979936
0.3916384159468745
0.3882919415558358
0.38010970194810173
0.38416649367662237
0.3842661212072102
0.3940231744003327
0.3988061164954052
0.39447867497137773
0.39264489361047705
0.393159728235992
0.4040618223420743
0.396163851831461
0.38142768839437685
0.33246162400206786
0.4497755064861581
0.42971471059460586
0.4189999721617005
0.41099604098311165
