0.3974543420607747
0.25433537118305466
0.02912942835327499
0.03641055352946845
0.05185252737831404
0.048575831615660016
0.0639844509063046
0.06222007626487409
0.07450891728693083
0.08569440820202914
0.09199574620711903
0.09980940533342997
0.11165592078299742
0.1245106503133746
0.148332171796863
0.15570350535069188
0.13251458149196357
0.1741083399740557
0.17429861202633354
0.16424489812789972
0.17993892549695129
0.2175862473662237
0.23309000268299418
0.2521062299504969
0.2563993229088835
0.31121680530885176
0.28585340945852267
0.27945051482577365
0.2746281433836911
0.28713971935733473
0.29915450055099013
0.31015139159588734
0.31469161042597704
0.32828014839605524
0.33751502860705124
0.34515865947587315
0.36149636999082346
0.37186919958609566
0.37893021634710083
0.39001258688809604
0.39961264019250303
0.4093813807229734
0.4263651705005154
0.43322925866422923
0.4423993175229719
0.4596369783660885
0.47294090492051255
0.47810993312882527
0.4880775909050007
0.5001057164404376
0.5011464191347781
0.522618842561485
0.5227965288921183
0.5272698604562709
0.5112788892725901
0.5262247600650305
0.537475700952492
0.5537916868617104
0.5425001765209931
0.5581208115797559
0.571091304308936
0.564769456585802
0.5700789149174855
0.568374781114966
0.5552685623252065
0.5088127230566263
0.5246244750687757
0.570367407726348
0.6267287329792879
0.5988957497454487
0.5996555497978213
0.6072103645523526
0.608959873084838
0.6030335888693851
0.6309620745503698
0.5947650123118982
0.6047592678683297
0.6197066064914041
0.6543403473883994
0.6749265914272115
0.6923980352752133
0.7115926822605301
0.7207078736725415
0.7300818229597126
0.7037610589276143
0.6616325535828033
0.6012994991843101
0.5755242130800198
0.5264521561897973
0.500680416408355
0.5301158578035637
0.5540932897242914
0.5618119998075003
0.594069814804844
0.5872318251400644
0.6020748460049112
0.6106225689310885
0.6082119055602451
0.6056821582542185
0.6165251166096665
0.6080640769130896
0.607873804860812
0.615768956049056
0.6033525867299073
0.610290115189799
0.6127233861629541
0.5953688837000142
0.5916715138395826
0.6069029794363296
0.5634739181366989
0.5590676510119359
0.520462037230049
0.5219706418561951
0.5375871505087502
0.5738959648437447
0.6387776961719052
0.691702793458818
0.7274550421893445
0.7251068089962018
0.727528731719313
0.7197985908087319
0.7021100512549142
0.6983369065250016
0.7022879168146036
0.692341113941707
0.700103223225199
0.7078130095602503
0.7070087165388536
0.7108716213790418
0.6965978060583508
0.7026341379727717
0.700891735233097
0.6944451657836095
0.6930819819762317
0.6833720546817998
0.6993971353494288
0.676934184061788
0.6804246205915879
0.6807287587073798
0.6838099297609168
0.6880721208663443
0.6749475141584481
0.6808305972381817
0.6841163569252617
0.6844277864970798
0.680062501696124
0.6816084910925333
0.6799454977677089
0.6879604313835961
0.6918677089453025
0.6975971459603364
0.693346296379529
0.690623545261234
0.7057971964167559
0.7038582310528548
0.6894024776220253
0.6887479306767219
0.6750121491114214
0.6795985738637536
0.6795228855548987
0.6745876612840901
0.679143307523494
0.6739713696514612
0.6736802968840863
0.6535683502201373
0.659722245446619
0.6515672896843745
0.6549927198261596
0.6573045548769278
0.634838088074651
0.6427885947313913
0.6283374303307744
0.6314578505907495
0.6328639429172064
0.6337928621599489
0.6357190647952915
0.6269230085632325
0.612217125311357
0.6239803767267235
0.6171099993146509
0.6297998206060369
0.6342005464144778
0.6280555943761079
0.6223896128882737
0.6284464049918961
0.619705739440124
0.6389803452062198
0.6230124495282466
0.6316134026052879
0.6250087557301248
0.6275976627696072
0.6274157322569197
0.6370497789664086
0.637734736776729
0.6424673324442746
0.6540737090885613
0.6386943481835797
0.6566872001098938
0.6759435340614406
0.6608402459269963
0.6625975722306431
0.6622033841618767
0.662062231321301
0.665701745334591
0.662799759012478
0.6660599218163384
0.676439143961251
0.6627419728223589
0.667762274389861
0.6794046391459436
0.6846853231278484
0.7000850090272321
0.704035549722996
0.710127842226687
0.7134512979556887
0.654055145874688
0.6251993461912813
0.5727593097617624
0.5371510751038244
0.5152088543366462
0.508097226197966
0.5285584572572456
0.5564406548085085
0.5594993031908726
0.5795101593674782
0.5884156221016906
0.6033133342828033
0.5970813678868938
0.6056918813907645
0.6058057017140753
0.6108904006919124
0.6085179569661117
0.6075464278544932
0.604236599920221
0.6033494885678137
0.6269007307311134
0.632106515554812
0.6232297173950514
0.6130286785706782
0.6127293386933593
0.6109754678124012
0.5977582548273812
0.5881315083880138
0.5905955270075004
0.6300417708212875
0.6127733302302949
0.6264801259575405
0.6190644254661863
0.6269241886861098
0.6494961030563049
0.7511099762339853
0.6913799078386041
0.6802914475604696
0.645895002504589
