0.36151694144051777
0.23196657393131312
0.021995365374138355
0.028296703379227628
0.0414034864298138
0.038126790667167225
0.05072946667734568
0.04820893147531056
0.05955133988447087
0.06862526661179906
0.07366633701586975
0.07996767502095894
0.09004981582910165
0.10315659887968841
0.12669763993325978
0.133469730420543
0.11030923347152485
0.1508379240533797
0.1515940846139915
0.14090777309080238
0.15562694093725088
0.19421418448656239
0.20909352529349778
0.22826903386258995
0.2326443313127486
0.28764557483214614
0.2648754091913474
0.25344164526425284
0.2493298399156466
0.269046957208682
0.28135330435339395
0.28850831000024335
0.29549310631096765
0.30568126400598544
0.31499799197434125
0.3254446181193546
0.3328212742729294
0.34564879185920433
0.35807998840196104
0.3660558418069797
0.3726315505740364
0.3872714580815909
0.39856599247115954
0.4014201638435018
0.4151255546092974
0.4229636086990398
0.4351813448671358
0.4359299773341704
0.4419708543401373
0.45241261085432694
0.4568574283411693
0.4512502646094429
0.45269256221592674
0.463784383337053
0.4702618193106178
0.47849351316324945
0.4827259961924387
0.496005339485271
0.4932809631908299
0.5073471728130619
0.5012885331843249
0.5135783245378555
0.5111409300192711
0.5201964871006286
0.4918804538999882
0.455508052175482
0.4844457601233203
0.5157263574134222
0.5505835585967838
0.5569593531531014
0.564964950068495
0.5546953440112072
0.5504219386212674
0.5558616488129303
0.5516059345008885
0.529031722975873
0.550934916404826
0.580382289197507
0.6003977378314544
0.6293773285712352
0.6254641849131564
0.6246014185925906
0.6404370332304287
0.6302457733446105
0.5984016047241466
0.5768834069020805
0.5379058386923946
0.49677788822827607
0.47411170659986546
0.4152098131809088
0.4607002225935323
0.49891409128556913
0.5188770015758811
0.5238257840656823
0.5550877402255449
0.5555278041184704
0.5373151638486333
0.5570679793084555
0.5562410760116712
0.5665530934473991
0.5620327236934106
0.558941372334541
0.5657969328867882
0.5548361354606329
0.5636392300166174
0.5433873161090509
0.5594606055659783
0.5468952781253034
0.5203029752082183
0.5275477677257308
0.4894858487218643
0.45541119744234265
0.4459726724332817
0.4839227355025229
0.5165334183748018
0.5575993752576323
0.5955185303796939
0.6210843144101023
0.626320584514954
0.6285944299893427
0.6296075717186603
0.6308913385808881
0.625917413437294
0.6060376676113159
0.6092427266090353
0.6065084200935106
0.6185736345050733
0.6090376716112568
0.6077539047490282
0.6098506859912921
0.6012437230789504
0.6189109687544146
0.6110040959736336
0.6174717359821895
0.6105331838730128
0.6069222216995528
0.6029161119449306
0.6140386975350454
0.6137450290441234
0.6101309015870509
0.6176592303208814
0.6123523040077312
0.6098309590792865
0.6106653921640336
0.602699216865294
0.6054880482761059
0.6025854827418975
0.614401810201948
0.6068741812525636
0.6036789775518479
0.605381570725347
0.6057856140911154
0.6091093083761849
0.5919078875344144
0.5911850815320177
0.6001737275302103
0.606722191407003
0.6070615369257427
0.5971407162183817
0.6058341530953374
0.6081194092329236
0.6027244870387514
0.5961416382793302
0.5911884149242131
0.5898714865719852
0.589816348215635
0.5941079938377364
0.5913443197912198
0.599058699111715
0.5931868248054047
0.5827196862354188
0.577652066763151
0.5737367527891893
0.5755299639998303
0.5761624977778099
0.5749515799674536
0.5692757865697228
0.574703467858964
0.5707168410289956
0.5737054121277375
0.5799123979755132
0.5687871539665363
0.5675008510329619
0.5670967570326052
0.5696615201572327
0.5696639449443391
0.5832270700687285
0.5598468226405545
0.58427376614987
0.5739641627750858
0.5767107440829187
0.5741580222673556
0.5871574573010347
0.5859939090105012
0.557233273577664
0.5745049091918799
0.5783077250285266
0.5827005425742298
0.5773630698134432
0.5834271372438327
0.5697878202431265
0.578324285371835
0.5825807683055846
0.5791668656428784
0.590989881831238
0.5861543025689994
0.5927274046882982
0.5937871087959822
0.6027976789300394
0.602231790421706
0.6123349502560163
0.6148640323228936
0.6112690100676689
0.6247514095743106
0.6171853124637512
0.5739341819327703
0.547889706813449
0.5173235317545131
0.45655366716807805
0.43247852450470065
0.48401430434288695
0.4878325559495486
0.5416092185096428
0.5276503174982932
0.5503182150757047
0.5367875141231351
0.5617693491911236
0.5543053198686699
0.5592831048798416
0.5515502251560385
0.5684204732519801
0.5533927882535133
0.5611939306191214
0.5607208257878676
0.5729413965675755
0.5776860342179413
0.5714098107646002
0.5652124723242226
0.5596592327582981
0.5579953323253781
0.5623571338957404
0.5494617643886339
0.5442429531219497
0.5472480862784385
0.5758314976210157
0.5810348211551934
0.570946853326422
0.5513579299206494
0.5259537068886522
0.551681784076248
0.6659460523391458
0.6352382076877389
0.606012399111305
0.5991114319032395
