0.3512000209969131
0.2436283495543902
0.02111071422917319
0.027664105754465585
0.04278731696668072
0.03749419304240882
0.051861243694007395
0.04984481553238109
0.06295159858296429
0.0727816858709033
0.07757070275477108
0.08488025484067442
0.09656985279617764
0.11077998595371806
0.13684156220932833
0.143081118746492
0.11944494166677722
0.16116719073322378
0.16120054529143818
0.15048580685853624
0.16548545513489996
0.2054464946950199
0.21858954195751965
0.23901628163550453
0.24546852164297647
0.2925705344048704
0.27276237728960445
0.2626498071255912
0.26142135538956485
0.28053560938208905
0.28584205639366
0.2974483069534991
0.3073711585198675
0.31277147371286323
0.3242132655499861
0.33863438441805177
0.3463114021393369
0.3584212653653199
0.3618994519131187
0.3691490474030464
0.3778454285645377
0.3723940334466475
0.3864541920962385
0.3948031107370661
0.3908709049336404
0.4023971620964606
0.4083452282543704
0.4091681574911399
0.41811353064267515
0.42567772451858626
0.4376797187354262
0.447835094578656
0.4467165397993461
0.45298315456894
0.4608904249966612
0.46236653324996274
0.47450388941381616
0.48393119233978965
0.5009240647577513
0.5033177272768296
0.5231211260481688
0.5233479142816019
0.5017267688107299
0.49969764058090277
0.47166983154306263
0.44004037217189534
0.461061362883854
0.5293065941910151
0.5387011687921611
0.535093545562765
0.5286574885789732
0.5316881080335711
0.5192949289623853
0.521276451612824
0.5154789944322815
0.5139260216919355
0.5374025127799863
0.5815341640568203
0.57806435611513
0.575261848963758
0.5845090940585528
0.5839598547912596
0.5779139228295257
0.5808964941980482
0.5552526860111417
0.5243265104484591
0.503263589195355
0.47946040409002183
0.42693093707285623
0.40486558856269433
0.4572403606543001
0.5062515770039469
0.5059567961637562
0.5156365606070709
0.5116499949530019
0.5273629507705868
0.5256777824628962
0.5446395857076324
0.5333282651495242
0.5269409354190537
0.5361340245252905
0.5405474249531047
0.5275527642072441
0.5371925584939947
0.5440833732672437
0.5257346799235451
0.5224976848175362
0.5161296034062283
0.5278735802600094
0.5155771658172285
0.5027032547665913
0.43517366517703016
0.4298594671888603
0.4426737237197424
0.48451499101986023
0.5063909228149821
0.5487012443873098
0.5713589398608862
0.5739204876942767
0.5822333262124972
0.5716372230669429
0.5716038685087294
0.567061977496563
0.5653878112327746
0.5615452269617949
0.5669001323539968
0.5665813697173686
0.5607125019877592
0.560151541127926
0.5590049811657575
0.5710986224870288
0.565163045640991
0.5681543333252211
0.5710936948385275
0.5704955907532766
0.5718756326229386
0.5684469470147281
0.5671002597032789
0.5728027907858745
0.5704015937084314
0.5774348901756794
0.5704288816368479
0.5695628021045944
0.569525658879174
0.573563442850934
0.5644239459884705
0.5647328533280995
0.573315177997936
0.571213469107172
0.5735535875539317
0.5645550862587366
0.5525850078733169
0.5533559513794313
0.5598327784912951
0.5666480788337952
0.5574691607833249
0.5659302004798994
0.5643697418549618
0.5568835616809863
0.5564943012607226
0.5583352403155779
0.5720614131707684
0.5546930335834719
0.5538432232243394
0.5567153505794374
0.5559386960344455
0.5498790854649551
0.5511820725229554
0.5486787134256953
0.5485863009502816
0.5404692564617216
0.5554441955350464
0.5390835924509118
0.5456041642922099
0.5434946097004056
0.5383159933089505
0.5472309929462525
0.5412785181031818
0.5442638198963454
0.5372124918910882
0.5498691677547731
0.5438598111741272
0.538463216797877
0.5423177646919899
0.5401391523004714
0.5352121286225705
0.537156572772949
0.5341146031148187
0.5289112514241285
0.5358706086868616
0.5338822601886214
0.5298778307750752
0.5398648355570796
0.5336487782811264
0.5382327401672148
0.5339144757655402
0.5374371584185942
0.5368526982975504
0.5385738630837592
0.5376520687133775
0.5351080342501298
0.5288104849122462
0.5366957808034868
0.5344087275089454
0.5505784350086904
0.5500038301846507
0.5559196964366842
0.5592532460187537
0.5650209110924288
0.5646168677266634
0.5708996341190438
0.5677241410123306
0.5757367885066283
0.5716520060124457
0.5657399284276176
0.5338609677438623
0.49799840321615435
0.47864445662316835
0.4644643407185334
0.42540257609861126
0.4790060707270218
0.5017520595779102
0.5099056927314978
0.515718844282907
0.5248397480937772
0.5309718743039025
0.5259853552633788
0.5327430043278776
0.5267643146833542
0.5404995604987185
0.5458475749348629
0.5187523425495182
0.5402717981691532
0.5442281848967042
0.5317288418667432
0.5393753615848708
0.5417494302038075
0.5355194883666508
0.5312323384967836
0.5327611575481335
0.5261330254907516
0.5202533620826961
0.5134395532596141
0.5299672737537804
0.5359533451856585
0.5337041492185877
0.5540142944408532
0.5305571266455559
0.5253413985896032
0.5071582393203614
0.6233946144191146
0.5846706890115312
0.5582540791819742
0.554421447264725
