0.4267588105828263
0.2824024539017208
0.024206993236547802
0.03265324998761958
0.052637114848633
0.04535598967244212
0.06433164045263898
0.06190624127674278
0.07735314277408945
0.0904648534731792
0.09620523061843764
0.10749078520817612
0.12063585046547791
0.13876513230742749
0.1658732048505696
0.17482849629055136
0.15165321639601811
0.1977418673678538
0.18807362522249083
0.18554323472345857
0.20111862680516016
0.24544237809378092
0.25600019903261656
0.2847928263373312
0.29071854788637375
0.34969748832967334
0.31964459342392415
0.31829411744526764
0.31312455645684306
0.33550046593554095
0.34999600717149915
0.35747506247311395
0.3611554557888052
0.3775157811535525
0.3870779737332233
0.39419725376685066
0.4101363890128035
0.4233895218306136
0.4345826708188556
0.44879773162489933
0.4613028174700886
0.46934335867331706
0.48199355824770335
0.4969126338720812
0.5045772531488247
0.525421699111605
0.5269524198639624
0.5348847549100263
0.555558399092745
0.5637697677844061
0.563643272158968
0.5809176648286372
0.577934560259333
0.5809371784427737
0.587460300704412
0.585441312290009
0.5952991082212258
0.6153182463983053
0.6192827346183808
0.6258294632880144
0.6351042592511715
0.6419497766497705
0.654922611908181
0.6602091283107572
0.652594520320588
0.6307048797146387
0.6110346406951616
0.6378730178145583
0.6801857103370239
0.6815698351272693
0.6856460739349162
0.6964964059164623
0.7136135598986689
0.6901331981756227
0.695299186218162
0.6635339196884761
0.6329711774863753
0.6793110591438613
0.6987819020600856
0.73694818350796
0.7282666296522519
0.7492364092990562
0.7578388662385294
0.7746826750302417
0.7258210815322241
0.693115240235058
0.6642966999059475
0.6515975315903965
0.6222479824439803
0.5454668396723084
0.5831487448900271
0.6159295494628648
0.6348576379111192
0.6624460227037302
0.6555129243021982
0.6528002285649939
0.663774973245544
0.6763021713972439
0.6644495581601918
0.6693366326657174
0.6721376482976693
0.6703732736562438
0.6750103006945489
0.6666278314643871
0.6622773826434794
0.6642802274262458
0.6536569201019853
0.662512023647738
0.6517536363917443
0.6420922977656699
0.613329006992916
0.5703709927868187
0.5961062639098611
0.6241406241773865
0.6572837393825338
0.6767617373439127
0.7255219491392234
0.777068795292585
0.7619484937340655
0.759978372469413
0.7495234359611843
0.7577411384532636
0.7509690479659821
0.752293203927454
0.7434535591871809
0.74668261369229
0.7665261031119751
0.7478097973080067
0.7650055780714367
0.7559456719881498
0.7543352849736374
0.7531395728657059
0.7474246635845215
0.7461239176106826
0.7420144509666846
0.7248688972893009
0.7350368438683633
0.7329868303141501
0.7422127468870421
0.737961191601794
0.7361777203058776
0.7265885048717832
0.744177825524842
0.7406495418195557
0.7615691826688857
0.7470187138953404
0.748088363631357
0.7450131838667973
0.754620970913598
0.7558859704054379
0.7583058575833158
0.7605611450019004
0.761259367298221
0.7635266115084284
0.7517720877542945
0.7473307086841326
0.7538695422438114
0.7402575215411441
0.7455962553390361
0.7442059166845522
0.7215397763945722
0.7269947707253824
0.7267964947872381
0.7227109612266099
0.7127183787794461
0.7218396279899776
0.7239645078783828
0.7035012712761999
0.7243218290075151
0.7124404543939956
0.7134334493852529
0.7177428887369373
0.6990653206545312
0.6881269556111352
0.6924452200128095
0.6890593095493612
0.7058555883565859
0.7010282892660044
0.7040418387398196
0.7044688967512301
0.7060041839328797
0.7113546881519617
0.7079303148191414
0.7243183754681539
0.7059777962881202
0.7088120761469556
0.7100673190427457
0.713435716136048
0.7135677638463609
0.7284539807696649
0.7262383574986085
0.7308271150930814
0.7218445779945958
0.7270355558984751
0.7354354977613599
0.7496870782607139
0.751498925035255
0.7509467237632185
0.7511587204208328
0.7586795687290312
0.7651339102311223
0.7520938362969627
0.7622083180118823
0.7504517556065025
0.7486049125175674
0.7358739859440919
0.7548884521317857
0.750110852967581
0.74075520977231
0.7484168790530573
0.7596019338241041
0.7587372547052766
0.7594649883561734
0.7631204956114234
0.7473342283130255
0.7194743978159963
0.6743318222647329
0.6370785417762842
0.610751019732845
0.5950181574019293
0.5382684388961285
0.5841290750643728
0.5996367388774656
0.6263488487606818
0.6381635187541065
0.6555719668476712
0.6540429818269973
0.6640540449720874
0.6692880082469316
0.6772657024921839
0.6761549803121183
0.6856384030954983
0.6673779237495285
0.6822856914661776
0.6726930688669204
0.6772218491156582
0.6724916691626287
0.6770105133451131
0.6666664637197629
0.6719355354228986
0.6714889457654312
0.6763989892739665
0.6810278908614791
0.6808327882174288
0.6739434608391258
0.6789186850393845
0.6881716531275721
0.6823343508216533
0.685692024789693
0.6904534801325256
0.7458354053767525
0.68597785727855
0.6737359634154341
0.6847959859720649
