0.2424876699227883
0.18206378575634213
0.00932598024753215
0.012854729530382424
0.020920442176897678
0.017643746414252037
0.02646561962137639
0.025457405540562486
0.03553954634870591
0.04193602037993483
0.046516906028656504
0.05387767185564343
0.06333214268752921
0.07878670225802065
0.10226797983847166
0.11096012498962118
0.08582835963565309
0.12763185999924986
0.1277237584941678
0.11767334366267998
0.13248434846832358
0.16086437201294837
0.1759208752936244
0.18284181658764265
0.18714641761679832
0.19576093413658638
0.19583234340284397
0.20227800967979073
0.2016024153911732
0.20740833948047965
0.20917608009863967
0.2135351888503629
0.21609170272701803
0.21966076251197078
0.2257748674499243
0.2373353220754109
0.24595332503379183
0.25762145725366503
0.2721755344402336
0.28277052856257795
0.30660488416399917
0.31905673426431513
0.3417510345913708
0.3490656858449674
0.3526812200798457
0.3501324361744891
0.3721682859202932
0.36051033210322403
0.371700244132544
0.37888836289805433
0.37376177049617365
0.3838615286051099
0.38090437118891834
0.38147312854879856
0.3814486197675654
0.39391167754138096
0.3872392784314633
0.38355915324256185
0.3921189372096625
0.38867712690754935
0.3865555836416623
0.3786425237426025
0.3836228069260167
0.39426141310664553
0.38614444506895257
0.34222515021619365
0.3691741105761369
0.3791426762645888
0.36954160273326325
0.36640218104512257
0.3662888767264723
0.3742953762765705
0.3811208465351438
0.40718994837823796
0.4146814213586848
0.4178580534466922
0.41503353855352887
0.41315052862475427
0.4140734619764335
0.41492475856318506
0.4120668891118095
0.41336051127104234
0.40781533382656376
0.404348366011638
0.3764840521691454
0.35697330951784073
0.3249678490598583
0.3091482279024152
0.29221485598299085
0.3630535987818926
0.37551400915933075
0.3783098820764137
0.3744015637139983
0.3882593506798514
0.38587344326414164
0.3792081479823543
0.38671615523546077
0.3853852120553506
0.39087917432514857
0.3799718695593794
0.3809667869223086
0.3817229474829196
0.3792931457003038
0.3928391848114057
0.381845985376987
0.3861544833793885
0.3804987648647555
0.38410414097421464
0.38032634512143026
0.38504580436327007
0.3732527775645764
0.37108828955976764
0.3276296183361586
0.30339425589817304
0.30815642339499616
0.3315091646821831
0.36330412171228227
0.3861113624219
0.4008972393847801
0.3951251798633878
0.39630615262633495
0.3968102596667439
0.39500760281860114
0.3873978597087761
0.3958058342531321
0.3899604657847313
0.39117225006930845
0.39523387911500035
0.3933617827257911
0.3979889544670939
0.39136779558281154
0.39486811795594917
0.400703631127346
0.39172976807465687
0.40151778448867653
0.39545978368808377
0.39195832233364997
0.40940686904712226
0.40474634274760773
0.40482510438489605
0.39837450695888404
0.4020278774201497
0.4012892302296839
0.4025084851993466
0.39907487194263497
0.3975762755243528
0.3918282403059517
0.3987069135597236
0.4050366784745244
0.3935559241840079
0.38886204332627805
0.39361277800343203
0.39307152773760395
0.3784015556374365
0.38393581954235034
0.3988391928112794
0.39499660854030033
0.3909489692715394
0.39331258697951055
0.39787797725288626
0.39317916874665665
0.396237165547312
0.3984203665000082
0.3973170163930542
0.39591082557626855
0.3956402004433557
0.40009681072638564
0.3856581233098528
0.3983214418066607
0.39560570690384633
0.3948544739917361
0.3914219997163211
0.39466534092075495
0.3889670346494169
0.3913590792670999
0.38544814066356986
0.39320115730324967
0.39246735702255514
0.3939031137303469
0.3939982497564857
0.39041378563550716
0.39290589392783065
0.399571854110677
0.40225916210378054
0.3966844187682947
0.3867542678057134
0.39377083447878997
0.3923623656994142
0.39250071158076827
0.39099824575655023
0.39377083447879035
0.3928391848114046
0.3913837175096089
0.3882688668895274
0.3873607164833536
0.3864809929868916
0.38758434309384465
0.386833110181736
0.39000481462124004
0.39013330520559225
0.38034150012436635
0.3793950675114772
0.3779248172641773
0.3882431704044583
0.3880910998201651
0.39005560181087146
0.3948878285499562
0.3971661655287906
0.39787039991848044
0.3974204162728555
0.39034707651908795
0.39907874134857535
0.39639601519124773
0.39514594869995484
0.3868478123885037
0.35922171398855113
0.32925323023180814
0.33496366548773465
0.3015876370981751
0.36875017246526154
0.3808482297993415
0.3697825820528593
0.3753366466432672
0.38026794280972465
0.3785370821964209
0.3785301993546562
0.3815076899418098
0.37928865419585417
0.3769456193699935
0.3781501802918815
0.375691176368176
0.3759186805436032
0.37440995397613097
0.38345378161166954
0.37372323295658827
0.380565126734858
0.3803444807386016
0.3809231409230371
0.37633635971457996
0.37645270072134196
0.38171969201649325
0.3870316624056664
0.38888324014789943
0.3895998743047728
0.3814792630320991
0.38798652832307606
0.38497561894257
0.39157528983504714
0.37137249118652577
0.3493465335663986
0.44196612198989066
0.4275225069248636
0.4132221653896843
0.40571741360300095
