0.4334900388900394
0.27907935723819116
0.02852525763822822
0.03646740734889322
0.0553244228417416
0.04983609921668108
0.06840770663112136
0.06579203540294297
0.07988846092163869
0.0964337848774412
0.10677783450279338
0.11636572356753368
0.12960592485097536
0.14336008847182205
0.17514347025998064
0.18397027111561165
0.16403340477702777
0.21880179440743402
0.19674957521385555
0.1998879250951438
0.2184311055998638
0.2550232148659017
0.2806807477557558
0.3029429495956056
0.3073612776719229
0.3671499688698351
0.33986746546248153
0.34512723482854174
0.33387503479701613
0.35411095317823316
0.36756985342366494
0.3738810467257579
0.38396811518240404
0.3895641605552422
0.40675466785744563
0.4112473631233316
0.4305254103103099
0.4353237574493987
0.45196536457163144
0.45970254818224543
0.4680389748594042
0.48335686073061634
0.49196812775935056
0.5060687766557025
0.5102593309962034
0.5285400776419344
0.5349271310866153
0.547625744450506
0.5641196795675816
0.5739339184199703
0.5852843171580904
0.582343918206613
0.5908645421472534
0.5916605265901389
0.5902969606524484
0.5972569177757007
0.6138135326163048
0.6344411242586113
0.6147472963105886
0.639005752583998
0.643854788508756
0.6764914400024964
0.6686125584337697
0.6742475530232273
0.6706857395469444
0.6319577657775721
0.6109685826495719
0.6597644663481437
0.6870925061307505
0.6916223651221346
0.6935924517519777
0.696605158546166
0.7068429013159587
0.6986114474615439
0.7000123335669303
0.6618409186129863
0.6408493924158707
0.6844900703928759
0.7142606832825404
0.7405453765821518
0.7424299938417217
0.7702520335490716
0.778134375195486
0.7939380598518639
0.7373334272249537
0.7151542880519315
0.693712241259996
0.6648121222962696
0.6370773462953512
0.552845316703335
0.5893791773358666
0.6373864487851001
0.6537540721673852
0.658344249318615
0.6676817252207374
0.6828352038552661
0.6790910504059622
0.6890523561254276
0.6874380188178297
0.6812179187050148
0.6812764447065172
0.6824415762813959
0.6808089476907471
0.6863346687108758
0.7027917368007748
0.6812026145937304
0.6802632038906011
0.6734708795699749
0.661464027587198
0.65689734969718
0.6345520785949367
0.5792714616192142
0.6146556331632962
0.6493458380746355
0.6777213964846787
0.7053699064009029
0.7478971533972107
0.7907512659518606
0.7850408835941758
0.7681483908964235
0.7550639599667516
0.7516637012682541
0.7466127755671778
0.741554280690692
0.7539872894948023
0.7648020628067392
0.7591340556606448
0.7653553655934314
0.7693963147002856
0.7703546860004966
0.7432109180356922
0.7557026323803123
0.7404390107295564
0.7439360649015415
0.7453742807570595
0.7259168355200872
0.7405009129516061
0.7346595966123948
0.7253799927887714
0.7370695907442772
0.7263101480695368
0.7451706064168683
0.7341210814360172
0.7347359864615729
0.7394516862394345
0.7558283464107816
0.7537237278663139
0.7468744648130351
0.7344466543775166
0.745594412921334
0.7493175065991018
0.7579922151545264
0.7748054338186005
0.7775194062080102
0.7388835808519295
0.7677669415760645
0.7536601255678531
0.7413527866297701
0.7289842006796491
0.7506322495060317
0.7343525488429039
0.7306481264713955
0.7164004930639195
0.7181074167039778
0.7247384724940553
0.727810741644175
0.7166048059052549
0.7198372335701219
0.7369044126134757
0.7168559635861651
0.7035409589691005
0.7041680214902378
0.6925340886050745
0.7109624224896517
0.7071865473350991
0.7085643919809019
0.7049537816859416
0.706052204144391
0.7071107611117832
0.6949460312048208
0.7086285580607449
0.7088542929973659
0.7195762949681463
0.7134133028444095
0.7097872056681718
0.7291278786930329
0.7074075328995241
0.7267337536673714
0.7300519217566117
0.7345874268108101
0.7172763096032954
0.7341356143264957
0.7455776843771592
0.7232836946116288
0.7168065336200896
0.7352351437904521
0.7436501003311493
0.7374760732583888
0.7466104846657521
0.765585454414229
0.7605373967580693
0.7562240600048967
0.7539909924848636
0.7480768655071119
0.7468052260760834
0.7286351242011616
0.7543987066567128
0.7475957384684272
0.750100868626446
0.7446508272081039
0.7499418428062513
0.7684708378960451
0.7806410436307489
0.7938135565345695
0.7825024003115439
0.7182643174404661
0.6857802416133997
0.6508184408027949
0.6388693617085729
0.6149085223937791
0.5518546628150831
0.5865539860612481
0.5994457261750461
0.615659122831584
0.618612822260437
0.6391321486732089
0.6681384805118279
0.6587127984033995
0.6671651805739948
0.6748130168037206
0.6788813103291339
0.6767137839808431
0.6700854084532241
0.6791349442604429
0.6823175437641149
0.6739919402951966
0.6799011163853215
0.6904297157522246
0.6834465843760932
0.6946015400553498
0.6885300967434791
0.6876475814544402
0.6943768820961833
0.7026174684763599
0.7005026393646355
0.689945150764208
0.6934392947140063
0.6921165382654598
0.6878866488584204
0.699333642481848
0.7539342289967772
0.6885188991815268
0.6902508072108821
0.6714297811654308
