0.3868641896880593
0.2540210806800754
0.03165198155011151
0.03912337877858273
0.05579719331873427
0.05207817198359823
0.06827630639306789
0.06591268868509052
0.07864385527962918
0.09017653574107039
0.09632095625209543
0.10438666889860998
0.11598113082797407
0.12732353923713025
0.14956603048296813
0.15797893267582427
0.1355795239359221
0.1754039801280866
0.17480473706154
0.16633005340075302
0.18079224007849878
0.21849641576719306
0.23216908732611255
0.25017189657851147
0.255642706833421
0.3086290028537921
0.2826597001444198
0.2750667579748988
0.27185509914660094
0.28643610034075495
0.2962264941192085
0.30309663028633227
0.31054137709138174
0.3218166869708723
0.3276433507913275
0.3367526186214781
0.3552531455733817
0.3593105478352409
0.37172016421325976
0.38090755168620716
0.3857442849202477
0.40629863065888183
0.4114439186674093
0.4258459720878318
0.4376854101763696
0.44855765676049053
0.46951327998525433
0.48067765576264
0.48532443417612364
0.5069260886398127
0.5149148851730883
0.5176074306005403
0.5209792180450797
0.522215098947262
0.5314716241284667
0.5422112682622005
0.5597298854330366
0.5740057521890956
0.5914473784577297
0.5881364093810859
0.6084968963243522
0.6027715261674049
0.6127706299696988
0.5905388858985415
0.5679633088543102
0.518116051576755
0.5374224455014015
0.5899258756721054
0.6626352865258837
0.6477666251823232
0.6430547624475256
0.6538393617885803
0.6446202416742319
0.6632178829839592
0.6589769280290017
0.6335470226541092
0.6571673141141758
0.6717382508679927
0.7177277546491717
0.7357966316203703
0.7525341594661662
0.7709068451599173
0.780576383019612
0.7828175113681103
0.7620910991590918
0.7277781206427119
0.6772266480696113
0.6237889553587479
0.5676140561243069
0.4984768231703556
0.5348359837059145
0.5900938074896904
0.6121407318533456
0.6519131515230953
0.6356704480793648
0.6543247314215884
0.6484625373801732
0.6699209262307636
0.6639137446359873
0.6732995199373839
0.6681653523063676
0.6651975638833495
0.6737369178613639
0.6674776664384
0.6750473662617025
0.6480952914271024
0.6597791820383178
0.6417436411019984
0.6455389952514804
0.608915599359944
0.5993144398218281
0.5279859254612416
0.5485767801281859
0.5807565321375739
0.622992359019743
0.6881842591841714
0.7642596023107192
0.7874343835058512
0.7867022680107102
0.7836899643012446
0.7816957979292043
0.7694244702772955
0.7637349610603932
0.7508256734247708
0.7566996577935359
0.763812342463186
0.762172018455756
0.7566412200755838
0.769008651664865
0.7580626251715487
0.7651538084479187
0.7564554191685502
0.7598552135548201
0.7511882574136235
0.7456470060128033
0.7418145279192246
0.7276632680095076
0.7446002076749481
0.7356039036036114
0.7410969756481097
0.7333590100807201
0.7398142287676069
0.7425740490282583
0.7371101348041311
0.739829402892758
0.7361777234175885
0.7333414051755356
0.7408127195418818
0.74762098390975
0.7545191714497742
0.7497738124672347
0.7392220387873991
0.7553163516842675
0.7570002910727288
0.7411763753734603
0.7451201571074262
0.7476783538512639
0.7374892126448728
0.7350756807251736
0.7168410425273607
0.7344168241004558
0.7234464177692843
0.7055542846076467
0.7153854436860967
0.7087476963792217
0.7184898960389633
0.7160672354249014
0.7156143629299703
0.7105401378674088
0.6958320282219769
0.7048399374583282
0.6957635879503232
0.7040215089936724
0.6974851961280708
0.6974587872131583
0.6958054911311399
0.6752143133574836
0.6757710454417458
0.7003895929043353
0.6993949205269074
0.6887835915663965
0.6905048452503355
0.6761519168378631
0.6776632767732491
0.6822609043236143
0.6856071864751437
0.6975406548359272
0.681060289773562
0.6848617396042428
0.6985211268508323
0.6814615768430157
0.6860823418219549
0.6899179872121847
0.6804782739661567
0.6921492713975248
0.7028054967841909
0.6986379449529272
0.712214509220475
0.7056396045413724
0.7202805719448625
0.7230484912773736
0.7287555138644185
0.7166851135455864
0.7132936157489793
0.7148660770099643
0.7215985405504933
0.7277517454705631
0.7244831677911018
0.726381493866163
0.7377630761409395
0.7434265222556543
0.7517526677025204
0.7617180119890563
0.7707373806902684
0.7714192634354119
0.7219783197596074
0.6748177820331611
0.6382435767051118
0.5818901105544623
0.5430300449141211
0.5114765956941072
0.5561706422378365
0.5707363830452229
0.60107661563389
0.6205612750393545
0.6080646590483247
0.6216611022372494
0.6454455464518475
0.6427950229120818
0.6408098811768843
0.6394971853146256
0.6468267761189345
0.6435344223414565
0.6531341166046627
0.6461494143380357
0.6465287282184551
0.6639332383177949
0.6732104806985191
0.6694039814103951
0.6646753797696896
0.6694766977497677
0.6563605916914468
0.630454493234017
0.6552288620081973
0.6742307546508118
0.6906402851937266
0.7003106363654391
0.6857888152160782
0.6780492939343864
0.6770764022126087
0.7843694711055073
0.7125324208980545
0.687808058882284
0.6854222419587889
