0.42758700200943667
0.2746792290512616
0.025695815096559382
0.03373802848186455
0.05309915101512007
0.04817671589839287
0.06817536370491846
0.06442298781157262
0.07944234668194668
0.09417136982540049
0.10558541499949305
0.11488789598581615
0.12993568176589987
0.1475422849547299
0.17726224005883956
0.18470521037759857
0.1717159236330756
0.22020268585239605
0.19865457369922104
0.20736652793470156
0.22024096805909119
0.2605335270475497
0.27973773208674946
0.30733134005759133
0.30950961336178745
0.3699096001471079
0.34358118742578764
0.34359975903849516
0.342015801152345
0.3563741354882443
0.368639477249085
0.3770955892971582
0.3893609310579986
0.3963615758042748
0.41332079842284486
0.42235045705239477
0.4369586476846373
0.44360884741814816
0.45455161506826197
0.4716973292309033
0.47845032306369567
0.4800097316050688
0.5005114363684271
0.5090909321232944
0.5192766475538985
0.5310156967370804
0.5493753716037649
0.5561945495112027
0.5710032060579636
0.5728385204409616
0.5989190199358918
0.5996602029154551
0.5998171204095197
0.5902023741625071
0.5952617800686886
0.5998345313250274
0.6152452169223183
0.6265969614373902
0.6375619366170787
0.6449797805252369
0.6505834897761963
0.6760642773633758
0.6817846068484366
0.6855975720654517
0.6691700697790113
0.6313750831351739
0.6236842104666025
0.6556181105002071
0.6815264001384566
0.693946718366883
0.7016659423248868
0.7039077402565087
0.6985007280138318
0.691159309047822
0.697796155382397
0.6625279929799102
0.6389017649750716
0.6757390941252123
0.70884204255805
0.7317397422538534
0.736172118678972
0.778946009395374
0.7711779081574386
0.8018472857869009
0.7549114275946357
0.7182368496402902
0.6902299639659664
0.6738678959060482
0.6502891793185083
0.5546072834269915
0.5935463680452895
0.635961442828287
0.6578437037318813
0.6736730261900905
0.6721202515013331
0.6880165017976794
0.6798243766951176
0.692410436098871
0.6884492066827845
0.6880362431565555
0.684507493873704
0.68435057637964
0.6907136958526559
0.6983284897170077
0.6979173313366365
0.6786876720299516
0.6906319220043085
0.6745894284402201
0.6744499555872716
0.6528026333278095
0.6370155971889586
0.5853736845735493
0.6235699882707483
0.6540073130989803
0.6803517370283665
0.7132622652060172
0.7626103735896583
0.8058335509361839
0.796432228340359
0.778690111237932
0.7545470077954357
0.7599117684846408
0.7501336073676225
0.7457897353786064
0.7461481091846079
0.7461201785210727
0.7589882951006724
0.7653794748662828
0.771123362959365
0.7622923137902659
0.7494858431980046
0.7467077410817851
0.7424901256842502
0.7465276214371748
0.7327403739577204
0.7377459057812574
0.7421986466583502
0.7333604516453902
0.7270562943179282
0.7318119566435823
0.7198239287439661
0.7415602949545983
0.7316990059082863
0.7351608668456512
0.7476978838229728
0.7333651342802749
0.7362436755114917
0.7361789983358127
0.7354496814005655
0.7452079693291728
0.7600471143809704
0.7494334843083603
0.7593257877746813
0.7645573857124263
0.7576963243191268
0.7496733868173747
0.7245395806724775
0.7486149015549307
0.7421644694120305
0.7394134722144688
0.7232599266125992
0.7146873282357039
0.7184164617828324
0.7168677882643074
0.7316744756725428
0.7272018888812269
0.7233656000205624
0.7246958322044292
0.7294302479406768
0.7117278042847689
0.7164715029872919
0.7027791699837329
0.7021557721076751
0.7016899472739809
0.7047380887776361
0.6995178390899114
0.7003106443328301
0.7012335776845049
0.7084113837196364
0.7044155374737974
0.703162927945924
0.7029381541951385
0.7069170176301285
0.7192802258417523
0.7118814663124075
0.7175250768582362
0.7063193421483507
0.7204497041485796
0.7387469395417782
0.7249764569800174
0.7288845145457261
0.7319783754913896
0.7375308089758725
0.7182375260475196
0.7325702661627294
0.738393815710993
0.7441991758123093
0.7404423648005211
0.7591071975136862
0.7483342117997976
0.7566753452876143
0.753812548187735
0.7589204596483479
0.7540377001998994
0.7416549370433411
0.7397130686696654
0.7412538167005989
0.7436391871493331
0.7463907307492131
0.7425098642715194
0.7400803387746913
0.7736235858572998
0.7866117336205395
0.7949639834084071
0.7840750060198043
0.7322552921933033
0.7024280426052065
0.6642995095166796
0.6443594496980215
0.6204055118735656
0.5503332982459551
0.5980728885073726
0.6130826840516719
0.6241377763719869
0.6410341112350021
0.6471790527041589
0.6532651389666941
0.666030098707603
0.6609181308124417
0.6650470730563208
0.672097453403212
0.6786829620150985
0.6677076384282034
0.6679719318573283
0.6817404261493428
0.6635893172282591
0.6859273038698718
0.6783193980321378
0.6765008999959311
0.6868641297755946
0.6870862079710052
0.6894214958259949
0.6904579767712704
0.7036543528263826
0.7039750004940325
0.6898562192358032
0.6961152373882897
0.6931455499322895
0.7118796774738205
0.7069316667966679
0.7483110583513243
0.6862252489104891
0.7084206971001605
0.6908630918484896
