0.43478787383491896
0.2867424728027946
0.025148498200934632
0.03315242937952423
0.052532123525490436
0.04619743096218887
0.06601945068063327
0.06318508049046957
0.07894088932744384
0.09157691989583851
0.09876290904589187
0.11020045348119378
0.12400654327296703
0.14086570221689573
0.17000877453437616
0.17855016731158982
0.15391070379955069
0.20104471207761965
0.19282208193705275
0.1892649057444973
0.2047019519448435
0.25096063933316265
0.2619892127541911
0.28741933852533963
0.2948114409157465
0.3519701208094307
0.32657625925018086
0.32855167478045233
0.31755971138405714
0.3419772204676716
0.34884444698109585
0.3636253962954714
0.36891526475332415
0.37825823332922126
0.39584221627034843
0.4056637746306412
0.4133947931211315
0.4280285010093867
0.4348992384706292
0.4517111988586859
0.4636911325411104
0.4721162746428898
0.48662236280129817
0.5000347769206976
0.505612417264491
0.5244347726341674
0.5334436192696224
0.5468997628881104
0.5539554853834971
0.5720550326973771
0.5721681727345564
0.5843995936790741
0.5907826111341523
0.5927608164226247
0.5799365001226152
0.5879889670961784
0.613676560214584
0.6121876402551013
0.6361687182000533
0.6275540449834944
0.6364985927906744
0.6553747531273078
0.6697783867877304
0.6652221455989262
0.6534396725208131
0.6404826991193492
0.6081507469801741
0.644260896913528
0.6853860113141874
0.6963189339998342
0.6886975023787537
0.7056178693035596
0.7038680952324531
0.699068345651954
0.7042463218855585
0.673374568691894
0.6554750804599566
0.6860947473563013
0.7096466700198144
0.7413549471847817
0.7479126497513044
0.7584100168257322
0.7627134953978131
0.774648351851259
0.741287065417621
0.7100005369124625
0.672939200333921
0.6618129648132522
0.6149681402065358
0.5349372202821044
0.5818499126775952
0.6159994931084062
0.6503903007190205
0.6540034723015355
0.6707612692957848
0.6569532242920063
0.6538955389633476
0.675154176158118
0.6664973805612948
0.6692012206643396
0.67282017832483
0.6681262974671004
0.6663619228256734
0.6732978979582898
0.6734800098943303
0.6632877032855247
0.6570717936803138
0.6725403202076459
0.6508825468926563
0.6408056671207037
0.6129533015062177
0.5706357921834725
0.5933655602859929
0.6284816938606755
0.6670079013360554
0.6943503106505045
0.7513303171932916
0.7777570988869359
0.7789788792048568
0.7734780587558885
0.7600394926365717
0.7624982463706836
0.761081061275602
0.7513257758876848
0.7476314526937418
0.7665252159992871
0.7671320356308948
0.7758226824311178
0.7719402118646836
0.7718871775795765
0.7688960416634707
0.7475400454361344
0.7555383674130554
0.7615808267222544
0.7592566132583745
0.7359130956067704
0.742124750276006
0.7397640235632833
0.7401680669290506
0.733871656572461
0.7446427237830063
0.7512770823284489
0.7559609391595679
0.7468955722269985
0.7539795492345461
0.7508675379177306
0.7461115297793525
0.7597957021990751
0.7690437139778892
0.7814226133601011
0.7527254268082312
0.7621740559795845
0.7708129277860648
0.7756925877580262
0.7522920217163273
0.7543689243473237
0.7577295824609653
0.7575556474269561
0.7280872392605477
0.7467367062650688
0.7375157856762418
0.7456474567458539
0.7183168076757847
0.7242294739328455
0.7285365413954091
0.7278891064008693
0.720325636119813
0.728998872004528
0.7138188069728874
0.725341715517536
0.7132464990709185
0.6996795314311371
0.7051242090569259
0.6952372679495608
0.7054998255129804
0.7096327455108791
0.7043096356818265
0.7098930953330231
0.7194241305783368
0.7117301406926552
0.7134327338661532
0.7207138523169456
0.7104650149700705
0.7039807171731223
0.728387126596548
0.7306100331820403
0.7307864834746505
0.7270682426627
0.7345129058356811
0.7501793076225919
0.7536659116461717
0.7343405547675959
0.7430513264467611
0.7263921823347584
0.7434373351429817
0.7505663801422858
0.7537136376647092
0.7430408012018962
0.7598105302996329
0.762721697883537
0.7665640333985245
0.7671348495553584
0.7700312499694437
0.7571822733498097
0.7629406331437115
0.7606621467726862
0.7548916705356395
0.759962063434499
0.756867892753256
0.7628220412120036
0.76666418933893
0.7666558680921575
0.7773088250571385
0.7750492012863235
0.7655336910169671
0.7228079619272271
0.6874573826219792
0.6377307570402211
0.6149754360085824
0.6024794260392964
0.5412031945720354
0.5822509228243539
0.6153060777124898
0.6224755036103533
0.6477225346298178
0.6467041089003224
0.66141145045696
0.6529960670763997
0.6675222176703349
0.6727920161645493
0.6785443342985619
0.6806176162796143
0.6773774129166203
0.6860281996236908
0.6868389692784402
0.6833304637903765
0.6849171172177805
0.6784654667685153
0.6817421625311619
0.6904135109275947
0.6788623252951491
0.6743370835240223
0.6775412701286118
0.679892399171669
0.6837424999524085
0.6786277369831135
0.6905529593776492
0.6815064133773345
0.6839280928302708
0.7017689611229428
0.7474483163544382
0.696678241904419
0.661707352716108
0.6931057894344166
