0.1893622342273094
0.14039176327406488
0.012984367255031192
0.01723266707385509
0.026911268568084543
0.024001660948985804
0.03202703140102333
0.031061303047155854
0.03832323397768249
0.043411512081667825
0.04676307162554318
0.05203090304615947
0.057469731351732674
0.057929891893139365
0.07715431152719712
0.07815096962930076
0.07110765182264783
0.11055519283401967
0.06475618042331313
0.10147295439745252
0.1004082894818059
0.1823084613486603
0.19944542384544006
0.24093424044832149
0.2636816472237829
0.22262261288183557
0.2691323984708809
0.2624094356365424
0.2597351759936852
0.26089283544988084
0.2630836944757195
0.26311317962799624
0.2670986012847794
0.2680067516909536
0.2637169141989912
0.2711451015722457
0.27382255426834645
0.264773265783523
0.26995154308765523
0.2731380304726645
0.27146879185737843
0.2737422011877126
0.27265363402626347
0.2693769382636177
0.2719827541947906
0.2734491350361554
0.27320200916445436
0.2726979021240478
0.2724458486038442
0.2700822308958719
0.2716328342238088
0.27279303815018563
0.27204180523807686
0.27153769819766965
0.27153769819766976
0.2707815376370589
0.27002537707644797
0.270277430596652
0.2715376981976696
0.27119050865132677
0.27270282977254834
0.27138078070360466
0.2733972088652339
0.2756656905470658
0.2765787686017417
0.27809108972296276
0.2755705545209264
0.2738061798795021
0.27229385875828
0.27254591227848357
0.2681784521305279
0.2683069427148807
0.26852564167687104
0.26597175191662165
0.26411224124905774
0.25903781628677175
0.25732536781626847
0.24418188584330888
0.24040383426928796
0.23322190191322703
0.2292598968228443
0.21053512030827579
0.208241589547969
0.20765147097471323
0.21402949896979195
0.21631699599227114
0.21230830529890948
0.2613286582485119
0.26302253510630474
0.26027837329377723
0.259984248899653
0.2553953593650648
0.2603932199139209
0.258471927778431
0.2569880335669221
0.253659411633352
0.2587289089471359
0.25636529123916446
0.2596086324435982
0.2560230293413234
0.2587808351180585
0.2585572085075673
0.2556277022912632
0.25644564431979927
0.25345928428407105
0.2604735729945561
0.2568409713698601
0.25722037649312074
0.25550413935541283
0.2610875990066065
0.2627901921801057
0.2607737640184774
0.25837186410379137
0.2652095247262068
0.2342767929727229
0.21662469946380578
0.22318742223930982
0.21032130728437676
0.21547512108227446
0.19105350382193864
0.1870023165991531
0.20470299551580312
0.20169586730017902
0.2029318301894521
0.21678567479710048
0.22048112205228362
0.21699091045754246
0.2200436352305728
0.21636697370054714
0.2189460628222342
0.22690432857315504
0.2341537713732115
0.2365130835311932
0.23458528046285707
0.23181330568013184
0.24497694255014202
0.2450807948919881
0.24071052358066017
0.24251591085344207
0.2450769254860527
0.2423005480966074
0.24705946588868524
0.23545620690488217
0.23243816449301619
0.23165304382191007
0.23196080402124372
0.23060478645457358
0.23240304069599496
0.23169167327494564
0.22419122703825167
0.2245232878263678
0.21966324955068167
0.2220343393773401
0.22616964398715345
0.22575696055801636
0.22858711409592133
0.23388913213136467
0.2365355245498406
0.23789092817699867
0.24122069725086387
0.24018951710962
0.24942642796081038
0.23986203815728477
0.2511760196567334
0.24262591056381752
0.24573090588689644
0.24594467720038538
0.2557823418227366
0.257042609423754
0.25242036533095363
0.2537003435259768
0.2524461425547564
0.24535528943084262
0.2572055935476171
0.2565817122385642
0.260138888431127
0.24963034397730083
0.25333572134822036
0.2527266229846718
0.25174569683227316
0.25441822187987173
0.25513117258526646
0.24939686206980513
0.24343399729535098
0.2512143018634483
0.2448561100389345
0.24393810433575785
0.24797096065901486
0.24787961330008046
0.23749842044931316
0.24791296785829367
0.24300038803857416
0.24204629735254282
0.24066246681567297
0.23489585998456147
0.23696315607454832
0.23070546406872702
0.22893827010492956
0.2281766568540341
0.22449917462564375
0.22544860578996367
0.22443406816435826
0.22190023481083762
0.21990677414323745
0.22402516524342617
0.2256854402206107
0.23029851248285785
0.22614326116843697
0.22763212463723267
0.22340086186931168
0.2225383628118138
0.21134163965824249
0.21071473094534676
0.2157311942343402
0.22792191798401903
0.2223135593209331
0.22565627272648928
0.2694523636957475
0.267531071560258
0.2681204593298016
0.2675162886147542
0.26399739462890515
0.2639159025669752
0.2661275304293835
0.26054520975948514
0.26072941518196624
0.258512859671057
0.26188469145984233
0.2562356616735173
0.2627136277666767
0.2613631517880206
0.2616622038306459
0.2556402072741759
0.2594259377257323
0.2630164684765082
0.25933686832938957
0.25507545774713913
0.26282619642423
0.2581285268992941
0.2592800145099653
0.2572241651603263
0.25916895655702676
0.2578901173432994
0.2529627545780756
0.2531689485571534
0.25420558954767886
0.2601066728542082
0.2596074934623027
0.25111802685601614
0.23806921194355524
0.2337184375600825
0.2954002323125036
0.28205503970592405
0.2689952551777616
