0.44943551543236254
0.29560736193729337
0.030672470664794102
0.04066880570201885
0.05996269407706549
0.05890853971639273
0.08079733048304609
0.07771090677267649
0.09347930133129623
0.10902899692792722
0.12015270637510077
0.13209928549931105
0.1475128324384464
0.15924564024916288
0.1920137368569258
0.20058848419234776
0.1827347551318237
0.2321580946670309
0.21419558561613125
0.21670626552115593
0.23780333578612536
0.2790324720904732
0.29675771056666894
0.3264530274282756
0.33042902993210543
0.392610823990263
0.3611325608745297
0.36721519991762575
0.3630538530100133
0.38269052832468564
0.38779830784518304
0.40128563500032777
0.4036776796180094
0.4193383524288459
0.4266812590729635
0.44476733105969957
0.44741142919758664
0.4628534030464337
0.473881976467466
0.48267049511638016
0.49640987579172613
0.5107610852552645
0.5212855516358894
0.5352152043635158
0.5389134568620763
0.5568677827980325
0.5582866400751927
0.5742562202256575
0.5938033092612033
0.5964388576670477
0.6043602385411436
0.6042178816059979
0.6133251628915414
0.6141505891620699
0.608992337930946
0.6138985356418645
0.6314336637531335
0.6461457463894993
0.6528701227020397
0.6532846395432972
0.6750679981463743
0.6841428867226607
0.6918342242770757
0.7012500883124411
0.6910981640000785
0.6576362977119516
0.642588064008406
0.6829420427754606
0.7057535320930111
0.7160660046332533
0.7074676239499843
0.7286561629802254
0.7171706365817786
0.7177995469137514
0.7110914292852062
0.6891271697554446
0.6581809567684631
0.7029066906609921
0.7243502362478098
0.7459921255066552
0.7607625448616658
0.7715518890024501
0.7829461972131277
0.7962820164069656
0.7712433468463405
0.7371568646941725
0.7015462224178372
0.6895041506752364
0.6660592538894897
0.5723230664616924
0.6122076437785956
0.6667001216584612
0.6737440434754648
0.706970820935807
0.6931387257710552
0.7023071828068786
0.7080885140515485
0.6946097975391687
0.7074314930598218
0.7033131508931917
0.69855581638546
0.6990599234258673
0.7028090438527845
0.7016676166533523
0.7051676184780089
0.7033379794078464
0.7013510177400426
0.6969979862291019
0.6922232261796445
0.6835600150735343
0.662700619893416
0.6060684967287943
0.638369749908629
0.6697877613389792
0.7090952909265942
0.7244663984021154
0.7583472131316711
0.8100784286971955
0.7938682263603876
0.7828221395692078
0.7777727971524855
0.7593679625291152
0.7627064397596882
0.7456433647992717
0.7400162470255015
0.7449699283743076
0.7577868312128235
0.7769624301132483
0.7936557760183477
0.7624668888772866
0.7749931797031006
0.7657912801857137
0.7552525403527227
0.7426258170954724
0.7389665434379499
0.745815150172264
0.7393743191455233
0.7380227289542759
0.7404420533413755
0.7403392592420963
0.7504017783539678
0.732938448694987
0.7344841803444478
0.7476937574943212
0.7481272778533649
0.7437637434367435
0.7393880112761312
0.7495597527253233
0.7566599361044595
0.7496778859149648
0.74683807042416
0.7530657401126117
0.7685243564770988
0.7694285389870089
0.7602337797484711
0.7444724211644794
0.7486795271311543
0.742676685023834
0.737517587069003
0.7420353085550488
0.7324441969515849
0.740342752791703
0.7435165655573341
0.7228525400445128
0.7262764980376756
0.7356603847610231
0.7289495847058144
0.7226232612118917
0.7432371390523029
0.7505132921062826
0.7370173456921574
0.7219633881354105
0.73664363087224
0.7165744852820906
0.7252394409951503
0.724872629752533
0.7143664802155656
0.7244474738834158
0.7146791680633988
0.7175285759681199
0.7329038407005407
0.7296654271446052
0.7173143004172396
0.7009023946942897
0.7291249167695575
0.731892529120752
0.7377936042682837
0.7269624846534282
0.7337938721247594
0.7174438936490073
0.7365953787925623
0.7392387436962159
0.7332112862904605
0.7292858100548373
0.7326936692325927
0.7479912224112927
0.7412966942922841
0.7407582385801249
0.7613348767406307
0.7505562281522707
0.7830552702660752
0.772659294469801
0.7666209443288736
0.7565125052985425
0.7561439399767272
0.7488649638579952
0.7342255269936654
0.74063840018245
0.7455941009596566
0.7514137729429835
0.7606632776748197
0.7573406976023395
0.7710368684224723
0.7822300655771132
0.7963282175661245
0.7476658517850802
0.704592037193566
0.6764343426906458
0.6638420222649709
0.6367160311130634
0.576292801850747
0.6280168162915702
0.6439009373544669
0.6652621418514191
0.6746255402914006
0.6874301238157977
0.6890942737908726
0.6997416352504232
0.6990245575117532
0.6996566256348833
0.7070351115220116
0.6979070613998978
0.7055745319334376
0.7058725257334983
0.7117790747310776
0.7075608740040438
0.7110795665228393
0.7144534130948579
0.7111149358642854
0.7095712100863143
0.7113622610570969
0.7119506460320202
0.7147545433306683
0.7105579682157142
0.710400474530447
0.718750828015214
0.7086780827830653
0.7265618365891613
0.7078472579787548
0.7190412995639486
0.7337673524295012
0.696541347720927
0.6929339565656332
0.6976666034058271
