0.39343319896836826
0.2536012169306365
0.03017099699230306
0.03798958376711728
0.053969019214583636
0.05034513390558652
0.06644813228891744
0.06367554356667186
0.07681568117547855
0.08860041515712372
0.09439764612180675
0.10246335876832173
0.1140578206976854
0.12625152569359158
0.14984942056658773
0.15700205515842605
0.1340651848199026
0.1739229955702802
0.1750263456772327
0.165762146897623
0.17915433802662895
0.2179667914707786
0.23239562359030955
0.2505719928524108
0.25620464824988626
0.30831950651046625
0.28175526071951984
0.27372650391036607
0.2713734539292368
0.28742601909465115
0.29738987042817006
0.30467741620588235
0.3132521635413068
0.32032315902545255
0.33081715969717224
0.33943838591114533
0.3522810997687704
0.3619677396957052
0.37744250145219665
0.3878328194818046
0.3994286612637499
0.40198991242293824
0.4168912108155265
0.4264945278953769
0.44426529044492785
0.4593105588141113
0.46790608254353583
0.48499659353027647
0.4902610674145282
0.51496324688532
0.5071192017119003
0.5238488793422992
0.5215016663568977
0.5307353143137308
0.5285753206208825
0.5525446143402771
0.5575016165430007
0.567808346737983
0.5741816504068507
0.5781520450930977
0.5948384108292829
0.6074256626124745
0.5966785918954165
0.6061597922589742
0.5723576596425004
0.5322306455999941
0.5430433886409666
0.6014778621406139
0.6496820431969039
0.6355513708948155
0.6459313225359287
0.636228872505697
0.6552254850664844
0.6369845515304398
0.6615028134630514
0.6318826100773014
0.6245442925164648
0.6607051997121688
0.7085867042165551
0.7431989191727033
0.741326904006272
0.7513216423827188
0.7629055520561141
0.7847726631498679
0.7506635563479285
0.7063315997897305
0.6494814431957785
0.6079870441239461
0.5657721225965406
0.5044368397777923
0.533938171731838
0.5895851632377308
0.6086928708520087
0.6179252724727088
0.6359878161769054
0.6482349584772181
0.6520628767227159
0.6514155772667543
0.6706597032449491
0.664399026470419
0.6631855004768291
0.6648831660018272
0.6635761567933809
0.6667633621963034
0.6533319417537422
0.6490589352235043
0.6533385019746638
0.6381216259217385
0.6190599766564365
0.6032624576064701
0.5851199351293241
0.5299006341734602
0.5515418018483635
0.5624109914156078
0.6208845752030465
0.6881519103392398
0.7374677034850184
0.7768265761307582
0.7702942957605646
0.7732700601513028
0.7655586700824906
0.7620501645944238
0.7494141340260284
0.7451554457094196
0.7436802635952079
0.750914069741308
0.756630971012428
0.7600986096484071
0.7561519049087922
0.7487287773567103
0.7507367172288786
0.7459517272424904
0.743941843637699
0.7433439682618397
0.7271126591619046
0.7339271983933624
0.7200040565985861
0.7247192309356796
0.7270877762921517
0.7335190978346137
0.7294476134919172
0.724089363967442
0.7271504349680179
0.7307117135492084
0.7401125666573006
0.7279026310739065
0.7290058791421987
0.7306497974381008
0.722284507707177
0.7326823294620671
0.7434271683412677
0.736056961645424
0.7536521385433246
0.7431402578843441
0.7385718811828439
0.7360773551837936
0.7402723619778878
0.7360014473638795
0.715762947434117
0.7244624615733084
0.7212188388515103
0.722620423253499
0.7170223660824167
0.71943103883056
0.7034413387571511
0.7020940177102808
0.7149749712896958
0.7086829635398252
0.7033736972058817
0.6844238196195898
0.6802164435343908
0.6789635920859945
0.6792475298653632
0.6833108310931334
0.6791661962280978
0.6833293062221436
0.6725315396077947
0.6586773958121249
0.6631891322845582
0.6725104763978821
0.6728540660986774
0.6698219323667558
0.6716271671348646
0.6694569311663253
0.6801219894030351
0.6747112253007579
0.6876462108550487
0.6866993420981066
0.6870402764936387
0.6788730699148942
0.6861592894926949
0.6840522040302517
0.6900166027649198
0.6882241443646632
0.6778849467059169
0.7000085169807511
0.7006932449959163
0.6969143307700261
0.7122011493240092
0.7052482490094673
0.7091266431712757
0.7112764895657576
0.7126862916797255
0.7084411153575243
0.7074934458555953
0.7093468102232038
0.7319949962124989
0.7154247058648245
0.725784853593237
0.7316513575153251
0.7484794561816313
0.746892786133813
0.7527769492053156
0.7577824011149564
0.7605025237741496
0.7038092204659602
0.6704721505745752
0.621622513129423
0.5691837081433606
0.5446534962131467
0.5150103006490397
0.552691797716445
0.5862113899403226
0.5810031305524667
0.6097348556654012
0.6033163929508853
0.6332144979152392
0.6408338121415509
0.6360001298093382
0.6458941812940949
0.6443519704855285
0.6348819834739032
0.6452970346150487
0.6479702944456223
0.646119379142734
0.6401370398848749
0.644796977180688
0.6362606850232915
0.6370709897830786
0.6334088742920336
0.6413367426331984
0.6306793414527144
0.6278170001365198
0.6655040706560047
0.6514570107251111
0.6561706853303649
0.6765419580449162
0.6748415887150645
0.6720110118230856
0.6718575267413064
0.7892141259106839
0.7009173874016945
0.69835109332684
0.6623524788126325
