0.4478102782216717
0.28457790788355714
0.026285202866103585
0.035112003721731185
0.05424949964449572
0.04958404569647481
0.07297309690449313
0.06739456490179788
0.08193331599297247
0.10163177277557162
0.11197089475242256
0.1227856968599677
0.13741465632878028
0.15542037523487612
0.18256180233622735
0.19580693126817042
0.17635067270878668
0.2303765457427917
0.20938939444944535
0.21241403669188372
0.2399261526007918
0.2743623488425513
0.29752284579158395
0.31806767151242854
0.3236462035151209
0.3868312840055956
0.3579637644695316
0.36678563767665523
0.35783527388517555
0.379202969283058
0.39083078577063857
0.40141703361919007
0.4068102212181046
0.4208967914397938
0.4253719733355334
0.4396488156095024
0.4484138349972032
0.46247197830918085
0.4716743956208648
0.48706717372343034
0.4930180667157541
0.5069761463530921
0.5242902165911464
0.5274067393933058
0.5356468829040314
0.5549691981887889
0.5614160151065952
0.5711728823452613
0.587616905154798
0.5929937057194699
0.6030904502440595
0.6166187900305601
0.6255357992638252
0.623921638397647
0.6091397347289434
0.6168357129222346
0.6324379999738927
0.6444023612174917
0.6430178432915743
0.6624012387925492
0.6700210113791273
0.6939420687578823
0.6915234430602923
0.701970056966063
0.6867198134789616
0.6504024086361043
0.6401799242163542
0.674622589147986
0.705774697506924
0.7108054496881596
0.71820368113083
0.7266347761951354
0.7154727488809115
0.7106573170155496
0.7033778592252063
0.6740107632969389
0.6588450248518791
0.6878335426380252
0.7110922035395189
0.7437333672772862
0.7668839683373021
0.7732794239454974
0.7961250727128478
0.7917302827375786
0.7726673717261598
0.7372280626214713
0.7086523417012505
0.6727061371173034
0.6571452165183161
0.5791959482880223
0.6136375314744853
0.6573352182172256
0.6773228827133195
0.6931316436482461
0.6945371275683799
0.7110654773762077
0.7137927386330531
0.6991414190544226
0.7061746960713156
0.7120176511541875
0.696946891154676
0.6987112657961008
0.7073237702964579
0.7040964864417623
0.7086243167960206
0.7156522493006182
0.7141575388993665
0.6977402806268694
0.6843715519090433
0.6899922678399263
0.6526413373594978
0.6012190958853114
0.6311164272080907
0.6706542237215242
0.7011687736335805
0.7283974762276025
0.7682346798661484
0.815389868747175
0.8081556907768767
0.7938963618730523
0.7599691114224711
0.7591413140969312
0.7500056059016766
0.7460296922955705
0.7392672371449003
0.7591132523707419
0.7525461711410315
0.782054330680446
0.7815792590913566
0.7671109780869121
0.7613042220893056
0.7633311768119894
0.7386955281694683
0.7383927559063496
0.7451605902785333
0.7429215881628028
0.7342822400370802
0.7400084903412781
0.7438941955697437
0.7444835833392882
0.7359089249015949
0.7444836722370173
0.753731462621845
0.748822138268549
0.7434994402942636
0.7530205354974265
0.7485884745591687
0.7438764976956264
0.7458673182699157
0.7576803091714339
0.7606422855345344
0.7660061753692334
0.7719412063690957
0.7734265935336265
0.7640807361084236
0.7576487229405174
0.7580274987177813
0.7539586385037763
0.7500390142124704
0.7505951321689587
0.7294555970509413
0.7391022424956628
0.7422220207642457
0.730091018315767
0.7395026585549476
0.7254633377576173
0.7194880155816917
0.7242142898118019
0.7213359765321861
0.7231096465689543
0.7099105468145934
0.7235543855466537
0.7243233665059101
0.7161575901847552
0.7182691543725196
0.7218438439352308
0.7226899924624578
0.727859553450881
0.7358350577197581
0.7106018450134255
0.7311750976439892
0.722799330517548
0.7199374458809635
0.7252382278783795
0.7247618065245459
0.7176568260034286
0.7388654066833852
0.7247268701155857
0.7309333069878655
0.7347762162671777
0.7313589587812604
0.7265542464885959
0.7202105694827948
0.7415208143465911
0.7358094191964356
0.7327251927099288
0.7341344361985982
0.751483383159468
0.7383575193978529
0.772401170004356
0.7659426105835119
0.7719016866907604
0.7561746086851822
0.7496715008973016
0.7495014109561373
0.7517249105616076
0.7544458300279195
0.7433498655826026
0.7539898021154845
0.7494194841936054
0.7501553106280986
0.7676196661580807
0.7781009226834923
0.8001331838541598
0.8006746102329801
0.7307732879371845
0.7090918966739018
0.6769093347463556
0.6587336846148619
0.6410491793456803
0.5713731762782118
0.60938252596532
0.6275170028488039
0.6366320782790242
0.6460973938296258
0.656855679648466
0.6586403180256548
0.665522266687088
0.666258094262086
0.6695231125887827
0.67885123334873
0.6847151734298378
0.6855257227906973
0.6950135481807936
0.6973354567379243
0.7047193760133988
0.7035284784265157
0.7045203665446561
0.711937640378342
0.7217678039186187
0.7028540860125176
0.7126230139310449
0.7062946577280192
0.7159342034032921
0.7161616453818708
0.7152331031015841
0.7101248942011646
0.7408777393263278
0.7295916733938751
0.727991482572021
0.7588694582178119
0.6968450118668326
0.698536000472016
0.6919739781827026
