0.42204793294602677
0.2680242393353507
0.019379694145964788
0.026817736816221682
0.043424842239948365
0.03809836375746149
0.05530471224773032
0.053288284086102956
0.06712280078758742
0.08051499191659284
0.0878245440024976
0.09743593232844719
0.11152250255013554
0.12922803043231357
0.16114861912053582
0.1682394722444534
0.14249665862546046
0.19376358690142614
0.18349117404101917
0.17599134990284374
0.19770130719856818
0.23437263056392668
0.2521782221207417
0.2761517334497981
0.2831140959893677
0.3432439101038237
0.31940980289867243
0.31575423521354495
0.31270442152781336
0.331191281413891
0.3407075337137046
0.35110843715848
0.36458758119869833
0.3748966040837597
0.38316517450419824
0.397581420902086
0.41281526351578796
0.419702367206882
0.4289771337133352
0.4444764864233904
0.4576470689367051
0.46837641108605504
0.4830700562785834
0.4927689225575312
0.4973647857873007
0.516411852494583
0.5222235982779817
0.5474311610791099
0.5496251108372855
0.5516084903271071
0.5714783612007671
0.5828127537132413
0.5795006645931864
0.5795427733426853
0.5778546122416025
0.5891428969184351
0.6019249232450753
0.6114131892373776
0.6226959101488619
0.6235420986909376
0.6341795739960953
0.6466824831476433
0.6587737869020323
0.6580327041647076
0.652014252005842
0.6128420277675793
0.6057724641223975
0.6449044781218541
0.7050615440818926
0.6835681028649313
0.6902132181548889
0.6997538387391654
0.6948243528979782
0.6864025654468016
0.6939573445164519
0.6700233566089913
0.6343944605850175
0.6841165118211076
0.7137340117498537
0.7312549681259701
0.7512780388117117
0.7608942886047892
0.764506441294125
0.7727987238343441
0.735975864268198
0.698974431436872
0.6747492236961625
0.6386584560773992
0.6042094735610051
0.5310146184130836
0.5613957630076063
0.615063285603319
0.633819670461117
0.6567996018300433
0.6602459129538436
0.6671968504037209
0.6829704242056862
0.677029783527242
0.6779341398683011
0.6739859579627999
0.6731220756544062
0.6729318036021285
0.6752795801220319
0.6803384243949058
0.6722184145224567
0.6816533027852445
0.6712392992951012
0.6561745708014471
0.6497267817201476
0.6361165790526605
0.6110266560193379
0.5668068441712991
0.5794489709722488
0.6153779268841671
0.656799119441562
0.6942149210446579
0.7358607795457189
0.7813154004955274
0.7758637051055218
0.7724593616948802
0.767530851789362
0.7570397399669496
0.7587423331404518
0.764074886411736
0.7619595236922533
0.7690805493794081
0.7701838663915549
0.7524443876999776
0.7733337560423448
0.7553808454908839
0.7465973417115217
0.7604371779094835
0.7466652858642551
0.7508150889424628
0.7647646545699333
0.7514287029000192
0.7615085494275762
0.7500968285533123
0.7476483662602573
0.7535041232264404
0.7491134401030612
0.7493392760831048
0.7428037512098061
0.7512945811509609
0.7476847745166331
0.7481949998913392
0.7517071974058565
0.7516237051756235
0.758155980618026
0.755576800412744
0.7619553737860476
0.765708462109232
0.7709259605679198
0.7743135432134468
0.7636587474827267
0.7540644571872619
0.7434164499750462
0.7468932142932602
0.7469782898078409
0.7393133210991881
0.7421275069481607
0.7349258894449144
0.7438650145771496
0.7275465448763783
0.7264014645041654
0.7150925332705538
0.6988129325761073
0.7186841480408352
0.7045072820925178
0.6956162698625382
0.6845759951312778
0.7196513656444807
0.6853583823689775
0.6859685389750917
0.6842911172448793
0.6913870865192931
0.6968171826355606
0.7024883076278071
0.6757414062489439
0.6909332152910984
0.697127549376153
0.6816918168997664
0.6992794361371591
0.7008712240780264
0.6958535091520331
0.6843229154292261
0.7000954571131707
0.6865793710747451
0.7003111034523097
0.6958229222111119
0.6992889358086738
0.709295768912077
0.7054065301042051
0.7271160866206812
0.7179471360831541
0.7232202233874732
0.7272389788776354
0.7331109267919536
0.7151131933347264
0.7312013342849025
0.7361845634814141
0.7290368565380759
0.7321860491045074
0.7345235116142624
0.7472400323862189
0.7410378629446986
0.7419569060860444
0.7394480460866538
0.7357806051097245
0.7425239228745708
0.752254292300595
0.7585031730335535
0.7700048627443065
0.7709899975414617
0.7546447368392901
0.697384614402629
0.6748864208097749
0.6295701202023212
0.6268005617318417
0.5905331426017295
0.5378541249562921
0.5719337992813689
0.6023821691635467
0.6122660183337052
0.6256882547316636
0.6489587572227016
0.6376037041126462
0.6459319000230586
0.6523697070544164
0.6552702841153513
0.6543049750692926
0.6541147415097316
0.6591687345712143
0.6578807774261373
0.6620435640067799
0.658842472905325
0.6470941057573402
0.6475550696450895
0.6391879285030295
0.63395974197488
0.6327424128829996
0.6464170343433838
0.6668688671391975
0.6672144931576909
0.6716148991703614
0.6783564045340421
0.6795830348951462
0.6742631773595461
0.6922890000230735
0.7008489195498725
0.7779646193941239
0.7092613613158318
0.7016104677405649
0.6967719105692705
