0.4837265837647805
0.3083779463616217
0.048339330910482925
0.059179304461315495
0.0785443045595068
0.07921351220889693
0.10110723062406182
0.09546691715343733
0.10874813106823966
0.12786485815443732
0.13833337792318245
0.15357727201816776
0.17213082021627635
0.18683883259866763
0.21638508155881864
0.21703388698875792
0.20280754602604267
0.24612739694284225
0.2459704794487738
0.2410578996290451
0.2546687897200402
0.292980924790987
0.2996863061618451
0.32045475849318034
0.3288058792181135
0.40162047762146397
0.35783064577645
0.3531653477696966
0.34894779793677855
0.36841060241595197
0.38417779582455003
0.39195368678577874
0.4055876587693664
0.4143293066780698
0.42399283772266394
0.4315396569048738
0.44073078151326406
0.4504369236484982
0.4574412140010217
0.47311463383817576
0.4866064131603177
0.5030318580880075
0.5212713902800665
0.5426487108753513
0.5671761975038184
0.5862487706604718
0.6135959355843883
0.6281617690719773
0.6495201336670327
0.6627883910733285
0.6815176714540526
0.6940929809932952
0.6943126416992561
0.7048340020288889
0.6940099404410682
0.7073942368635647
0.7290641279115284
0.7606967009829202
0.7559835106995063
0.7718215790638802
0.779057614580121
0.7827515472819084
0.7904367192876312
0.7792194249878164
0.7269533527463101
0.6674512717183583
0.6748975713663565
0.7496421973297877
0.797656135677627
0.7914981059990317
0.7828695044235153
0.7725562462113414
0.7828067585770776
0.7924209005166245
0.7915781334902858
0.7808750392229767
0.7964208576012207
0.8340999623370434
0.8724479576336511
0.9135202543796813
0.9311855731755285
0.9495123805134302
0.9776654966965849
0.9779186382618779
0.9554409330277845
0.9195002972110177
0.8875417994560062
0.8158341242974947
0.7299920101310549
0.6191082531640612
0.7280163969883775
0.7885073274372404
0.8116138485235018
0.8471119333772379
0.8353390304645352
0.847384125405728
0.8553615492233028
0.8463433412388539
0.8552132517606088
0.860888223834204
0.871656214807384
0.8746369347647704
0.8615443207201745
0.8618942630157492
0.8510556271256298
0.8596887091697439
0.8565440903154249
0.8414743554552717
0.8431553372634718
0.8198940295068612
0.7921998165984268
0.7039548638434545
0.6706926143992576
0.7587685853196772
0.8498385800060894
0.9153535192021712
0.958239127654897
0.9964341937406009
0.9923601465765411
0.9821273785030624
0.9634286764005663
0.9463092423287852
0.9244804461717814
0.9066599201914428
0.921856574148788
0.9167347987097206
0.9178500133122524
0.9295882248148285
0.9318542121826205
0.9291775027834706
0.9125259959210561
0.9102272816982137
0.9086371340482291
0.911550388132265
0.9003603985450047
0.899053448079522
0.8917284006182717
0.8894541740770273
0.8937136968951065
0.8913539256489963
0.9052788630519883
0.902755313253295
0.9083787955748812
0.8985056877235019
0.9038561016112536
0.9171324091186793
0.9011432767988744
0.8998732579312511
0.9047752285490708
0.9092128025905141
0.9205708196511069
0.9170782752830576
0.9165202296419426
0.9288295491357843
0.9281988320277111
0.9261702337329667
0.9155600520798574
0.9175960576750649
0.9209058093299873
0.9189170952114966
0.8984666229016266
0.886330628917753
0.91236265115528
0.8951218799159385
0.896454708868487
0.8885431501347022
0.9015315898865776
0.8956956405711268
0.8932094211131407
0.888417583639462
0.889779774485254
0.8753843925897327
0.8711235278536608
0.8757352042196171
0.8756254644770334
0.8750159994963675
0.876573446754388
0.8754099873615857
0.8792985327168168
0.8669984379104767
0.8674418217255229
0.8684669062735795
0.8646713958658416
0.8533850607529234
0.865089672430067
0.8646380806273544
0.8702995087472681
0.8724408262140999
0.8859768006378788
0.8744001978913828
0.8619484398233004
0.8709401967024106
0.855177994127341
0.8677623341782013
0.8729044617931513
0.872957733704222
0.884100496286918
0.8777182987425676
0.8809024760663676
0.8916752074528812
0.8821850940916158
0.8935778141421198
0.884622181020833
0.881268117372564
0.8730896289858695
0.8829988543242594
0.8895381426820748
0.8969420260463091
0.8968023402386933
0.9033524815533125
0.9346247150706875
0.9511345062025689
0.959307940596869
0.9715972845813894
0.9738097153471272
0.9304380096359103
0.8921798850347258
0.8355902363982698
0.7319898410228767
0.7369486689631968
0.6962015002667185
0.7535354063361879
0.787114161345122
0.8014107441145482
0.8228084237510174
0.8250422728408301
0.840274509186735
0.8400012641426438
0.8530431114578683
0.8543828594354408
0.8513039892127192
0.8625796677010632
0.8507156702888535
0.8502237823529734
0.8609246725816787
0.859229826379053
0.8548848819533412
0.852441009884053
0.8420811190706349
0.8440787313234085
0.8452199327325948
0.8320406154442928
0.839739614490445
0.8503493158600035
0.860311653269952
0.8750936385933666
0.8748303996112066
0.8793942633116799
0.871083167982971
0.8604636906075245
0.9717613511775437
0.8900012810332371
0.88495238293788
0.8701495927839338
