0.4266931205247747
0.2819393594926668
0.024515900576175566
0.032928802769032914
0.052655686461342104
0.046382775365966376
0.06689917417709558
0.0638127504667283
0.07831321935118449
0.09237136266316322
0.09974762386549507
0.11046236229839881
0.12351229152956228
0.14201718982756673
0.17032374850380014
0.17871315143545047
0.15512890052665043
0.20480808224926184
0.1916061631725449
0.18882864680181377
0.20629197646079134
0.24826522080486474
0.26566184134741266
0.28872069133744793
0.29363054073253303
0.3568640417379078
0.32957211101859
0.32614060608800904
0.3209458736562958
0.3415061044211568
0.35128374049639216
0.3597770846676159
0.37083082953193747
0.3809064594072345
0.3927447917418795
0.40438721194590455
0.4156564003057926
0.42550627444007516
0.43562087814753475
0.45155375794203395
0.4614452600807849
0.4713428578127245
0.48963142095626494
0.4978786631370493
0.5039029885025171
0.5217441056391051
0.5276578500081017
0.5307145068824974
0.5527336999138706
0.570186606465573
0.572704388435037
0.5880484645025564
0.5847327741033552
0.5885751758272367
0.5836533212052751
0.58831053658539
0.6084374088598364
0.6139972574185137
0.620624593721584
0.6339052770190033
0.6363495461124848
0.6635445727710687
0.6607867655420054
0.6607355150465609
0.6570466332182453
0.6338398010297521
0.6084715611413882
0.6546876028139612
0.6849047587584359
0.6859946403392627
0.6947741649796266
0.6968711759524221
0.695330565689145
0.699027991171003
0.6955952669045685
0.6610369832571918
0.6431662734947609
0.67293820186552
0.7049492521352331
0.7126082036980204
0.7511465320739824
0.746059301192852
0.7630607181925658
0.7727614232372558
0.7542935773108587
0.7065170718044191
0.6745506031780153
0.6506202324787309
0.624490827650504
0.5389703265205283
0.5751480898071442
0.6140256991523352
0.6390811641501538
0.6668372882436
0.6631683493880297
0.6702527175365609
0.6739637067007146
0.6596193417321706
0.6769614560956433
0.6708855158364456
0.6723311278412403
0.6733393419220547
0.6709472973043709
0.6731915668321551
0.663281509247875
0.6714114891225426
0.6709306982323875
0.6642214835642867
0.6713912399356263
0.6418537528723929
0.6238855397193391
0.565252120408363
0.5917088084829717
0.6268770747375753
0.6692048745414164
0.6862860865384703
0.7421188369141821
0.7708749638963818
0.7708970363061767
0.7665217596604125
0.7564982351850982
0.7609734170808404
0.7586431539310815
0.7514887568258347
0.7423884447234479
0.7530727094562357
0.7518742097662368
0.7700374474605175
0.7737044537269945
0.7578440302467125
0.7649769340310941
0.7354858221171601
0.7498524729982283
0.7560195872903189
0.7421693564471475
0.7462581215435794
0.735829227333145
0.7478354622009324
0.7506982593008098
0.7444018489442206
0.7504254369440345
0.7359730166655623
0.7351381926046114
0.7474042568580113
0.7327330472862151
0.7422165922292453
0.7414365865947006
0.7525598395549039
0.7495169019855378
0.7453341803543437
0.7644862140399014
0.7594802554517
0.7678234557905873
0.7658989777156113
0.7622376115274743
0.7513210789611239
0.7445780197937365
0.7557080447332
0.7497877073196368
0.7285562953345954
0.7296990473276236
0.7215664630931931
0.7352550647379135
0.7244505699507673
0.7267050145667276
0.7163312019856417
0.7267559816233196
0.7001963731160948
0.7165506724145912
0.6837163773935897
0.7041513730405204
0.7045530818117672
0.7054847314791545
0.7100884039592466
0.7081337572655427
0.7026978848531932
0.7003121268024604
0.7033335135784806
0.7116975658377789
0.6918120599202353
0.7247578510176321
0.7149397273528223
0.7022097078985838
0.7126463505134882
0.7165366764580638
0.7085970849082188
0.711032775525172
0.7319448123156995
0.7246714540110023
0.7114738070344773
0.7320743705436329
0.7120277909470056
0.7292042604108605
0.723405476284927
0.7333818412403295
0.735740253580411
0.7387654599115038
0.762904517648799
0.7485935213194626
0.7500610699575665
0.7549214596109924
0.7549881687274196
0.754850086841437
0.7512966705006343
0.7548394778604975
0.7444387444938646
0.7543989056505019
0.7428585949562962
0.7458591239980165
0.7441948130312305
0.7473036777602453
0.7504821189240386
0.7576916073353026
0.7768741401716935
0.7769570570933073
0.7083082560751283
0.6760281322359462
0.6639375368090165
0.621029966964144
0.6082875350360768
0.5335235596625343
0.5777487476147835
0.6125217019089395
0.6239407744523637
0.6388373299522904
0.6505128874284805
0.6551944117983813
0.663459587336137
0.6743434095571671
0.6755518744133978
0.6792776094304965
0.6690593199648582
0.6860031032798377
0.6742265524131188
0.6821855134863362
0.672746883842518
0.6889240422681978
0.6747236552502466
0.6735350244141562
0.6789695979869458
0.6853542296149062
0.673273182174279
0.6778129319114523
0.6749091289056178
0.6940066628944064
0.6799960073467073
0.6978226274879571
0.6728424394531214
0.6842672859258879
0.6893520091338146
0.7437718398061434
0.6833805548162984
0.6908708141236286
0.6860928128945435
