0.1942734692111527
0.10062953525577041
0.00790879515245233
0.011123709447173823
0.018404834623366527
0.01628068471395454
0.023322342091587723
0.022756453583254843
0.02698202772840428
0.03058614750233928
0.03236600013896776
0.03470047884347882
0.03824895197832672
0.04417968929845089
0.06542705444242497
0.07236424554906142
0.054331519921036464
0.09430329629215717
0.06500575358433892
0.08720716071887902
0.09116803332441457
0.11591888550881994
0.1628626119756261
0.1660167937021074
0.17606236632443936
0.21407131779254673
0.17413398892817827
0.20086285546019125
0.210266770807829
0.22244547071549317
0.2305194483280044
0.2506697159966747
0.26822790075085123
0.279049110652041
0.2732823756526963
0.27852688874719567
0.28161158610829623
0.27951911879654256
0.28223366562318003
0.28674212806380217
0.28924167135241813
0.2861541086607543
0.29012359879814
0.2890343287994482
0.2900112966481789
0.29277781058162294
0.2907197476901259
0.2925623670860556
0.289262794160709
0.2933394824376947
0.29407769348410684
0.29345002350784904
0.29256044471438475
0.29567529533446596
0.2920514100254764
0.29412469200652935
0.29255551706588323
0.29148552151714363
0.29223675442925295
0.29277914367637475
0.2927173622084499
0.2951662606455579
0.2926172985338102
0.2961460478166611
0.2955183778404033
0.2928174258830902
0.29626089443680514
0.29591863253896494
0.2961138322397455
0.2940022680519784
0.2934981610115715
0.29274200045096094
0.2932461074913677
0.2934981610115716
0.29441123906624694
0.2943778845080325
0.29110118874538776
0.2859649823151765
0.2835062285810637
0.26682475596776545
0.26134828328137966
0.25063296251979783
0.23636188499831792
0.21522554181926826
0.23807550826349858
0.24242503983289768
0.241410458679585
0.2457286749816256
0.27311205423983764
0.28186681420537424
0.27994834139225516
0.2774977707730702
0.28491504460675743
0.28164179026499253
0.28071014059760846
0.28031974119605013
0.2783131683314239
0.2813995920417929
0.2774952263028874
0.2773000266021086
0.2804531594289034
0.28010596988256087
0.2812995283671525
0.28064343148118165
0.27842687597027277
0.27896433756889316
0.27766023801414835
0.28073856750732057
0.2820402838837474
0.27799202251647476
0.2812883399753969
0.28491830007318214
0.28170642737227736
0.251735794037745
0.2465658941092805
0.2619574605031891
0.259850619140355
0.23585142349079982
0.1983937417393425
0.22122146777787605
0.2344252108532837
0.2435127978265639
0.25174265587722583
0.2490699516005706
0.2515253609705272
0.2627901467236953
0.2567868025186659
0.25952330625804987
0.2586359246884442
0.2584167006846738
0.26407452752543864
0.26861914896224787
0.2671549653447452
0.27730381526931464
0.269491295124301
0.2734377317371265
0.2758483479675196
0.27802169362321344
0.27594348399365937
0.27230102707196063
0.2752923147561895
0.27550115842117745
0.27345137570133415
0.26717846460595523
0.27385655804839604
0.2638126994469667
0.2649630480763408
0.2678110622307141
0.2678394891404256
0.26647423021626443
0.26260814668407456
0.26117837586734666
0.25694591723658966
0.2519147021295204
0.25921114345199825
0.2645578657292755
0.2691899651190804
0.2663988047841323
0.2721998244160206
0.2768319238058245
0.27264214998850356
0.26915168291236863
0.26932831100043775
0.2772803160081048
0.27241587369210335
0.27584948694881456
0.27681449117441376
0.27839352141206175
0.2785629438890381
0.28064608116709466
0.27739023497974824
0.2758062770935989
0.27724696144989147
0.27988992060648343
0.2776881480410778
0.2776225779059467
0.27484620051650166
0.27891998873238383
0.28058429969916865
0.2791720422525865
0.2814454515829204
0.27643887471835815
0.27685277338112735
0.2764104478086464
0.27427917302687305
0.276561298672913
0.27516761283904123
0.27576685590558775
0.2761239007489326
0.27602383707429246
0.2704650156656053
0.2702364614066124
0.26915661056086965
0.2657328526011602
0.266075114499002
0.27287563189599673
0.2673835196037351
0.2666891405110493
0.257291523498586
0.2572138119448607
0.2540678039904264
0.25308634463724655
0.2523313312169315
0.26391268238287047
0.2585370081541013
0.2587119640600949
0.2613560621979821
0.2547643884659743
0.2602734809275991
0.25223945065721776
0.24987090530074405
0.24404396266578193
0.23883309195581967
0.23722561527055816
0.26556581203828183
0.2636176623669379
0.24977656334556153
0.2447515228668892
0.28305448385562904
0.2843299705462028
0.27975639715789996
0.2828582259122841
0.27824153156649506
0.2791496819726696
0.2753973060793277
0.2765624376542076
0.27640552016014236
0.28193591465911855
0.27805504818142335
0.28288727492050775
0.2820556889277633
0.2800961145855592
0.2747734247702757
0.28749966371630686
0.2827106468324388
0.28168500012021064
0.2772185345401787
0.28068929102230816
0.280134396792274
0.2831245454952082
0.28044330413190194
0.28229674816966915
0.2832147538728462
0.27714689777525003
0.27868271815768186
0.2839337712080368
0.27628195722429133
0.277038117784901
0.273336860009514
0.25175408968764246
0.2706935975604937
0.2975113067408134
0.27720375159467175
0.2788828455069631
