0.6903934637793846
0.478015223822112
0.04527766274561094
0.05997551590931591
0.09503755306932797
0.08390781457356082
0.11504471715810193
0.11095902065188677
0.1353814031298226
0.15342016611483383
0.1667036969372501
0.1876558464260973
0.2206600118593977
0.2546126541026889
0.31276782752591653
0.3299490602960495
0.304550276176675
0.3927772758101439
0.28414239777741346
0.37531748147664323
0.38615029905203724
0.48660687173724776
0.4913655851284968
0.5746875888915436
0.5761834513909908
0.6541408128480203
0.6436111234111765
0.6415289209495496
0.6400884489171237
0.6669362000588223
0.6879138876080728
0.7021911349918755
0.7122933249592619
0.7235912932890709
0.7387941451520801
0.7499426802298167
0.7643018935792195
0.778160434583699
0.7881332703597137
0.8000875075570661
0.8158717433037544
0.8285695553400737
0.8308380370219074
0.8484867110846607
0.8562719433012612
0.8683087308031078
0.8748670499769035
0.8836654239228193
0.9021987491305357
0.911120686012303
0.9124810172879626
0.9239645020031201
0.9281876303786561
0.9203739712523452
0.919381598359598
0.9280924943525165
0.9383592671345986
0.9546107689084772
0.957357835118955
0.9623466262918956
0.9781171492911666
0.999537903565902
1.0053845069232488
1.0124603162655839
1.0083401439460409
0.9713129879866204
0.9542191106399569
0.9823351208791986
1.004305465109777
1.0050305093538774
1.0202225109636938
1.0197610219452424
1.0113640069275336
1.0119612348684677
1.006374080321628
0.9731343911560711
0.948919023728115
0.9768920949410351
0.9835171562301898
0.9735870069913117
0.968999503187774
0.9745534210860818
0.988873641790664
0.9994754235072763
0.9816063855479408
0.9632939384217762
0.9639526233514353
0.9650939984029986
0.9669496563838813
0.867395656436845
0.9040681150951027
0.962685942182996
0.9618486697807641
0.985102481289469
0.9773894619095932
0.9764047336752392
0.9841756808136942
0.9884428153631447
0.9837194303983194
0.9851515180237357
0.9813707152206811
0.9807714721541345
0.9893412918410577
0.9851366154934023
0.9885379513892841
0.9831488951201707
0.9765927177563515
0.9823042336974223
0.9744495243244907
0.9697183368078031
0.9469017064363092
0.8977000679735849
0.9352726102773725
0.9625340613148903
0.9833511880931028
0.9811663704171794
0.9762451473028765
0.9980823962040447
0.9971801486050897
0.9753978171787874
0.96718816431278
0.9768816055373467
0.970337738459821
0.9883249496353597
1.0097063059420524
0.9950970570672416
1.016766340296853
1.0159551719300413
1.0291051648358474
1.011903218952292
0.998005074769651
1.010843399577467
1.0095563340912868
1.0037302207020453
1.0052971134854136
1.0249097489484498
1.0036229316729806
1.0074382132304691
1.009473738046591
1.0063588874265088
0.9996579086623698
1.0071243782423382
1.011227222092523
1.0031521791907867
0.9958475547533826
0.9977021533210904
1.0056256425213164
1.0089183533031802
1.006638958081781
1.0019898008366792
1.009060453323333
1.011652402903709
1.0220378109731425
1.0366995999583866
1.0137484717161351
1.0177727991117451
1.0132130489167093
1.002531734568953
1.0092353588243126
1.000622313733531
1.0087701175964154
1.0080846182529741
1.0042584002118453
0.9986742702957421
1.011283566940897
0.9964084757139176
0.9958420466151605
1.0006201499594627
0.9960733104944014
1.0095753087532462
1.01090950739978
1.0064740375793109
0.9849311988873735
0.9981855691768107
0.99308271730481
0.9938908929340746
0.9998346047286415
0.991369687467127
1.0051374950521894
0.992683076545761
0.9878607051036786
0.9966497487943741
0.9994788455233148
0.999264549168044
1.009895218530169
0.9932340994137823
0.9976900957572977
0.9966277374773087
1.0073272035123972
1.0034665600250965
0.9958136352540887
0.9996146610475375
0.9998371405177352
1.0103760178288397
0.9970795440931511
1.0024809148069924
1.0066820526698572
0.9954615579585421
1.0103006005557018
1.0213454706796512
1.0115746010186575
1.0242822683519806
1.01730002863475
0.9979833326239395
0.9914893515115593
1.0003839930752667
1.0045217518239358
0.9906827400447202
0.9907140330076099
0.9727704314381665
0.9633909783352782
0.9575454002736336
0.9600362868898518
0.9651055016714881
0.9916257879511564
0.9648988536922534
0.9704992068537001
0.9730400014339737
0.9671956059306541
0.9368866017446519
0.8820678220724564
0.918839993767065
0.9341640059648492
0.9338975953174957
0.9439393238390339
0.9489780871500164
0.9521753410288294
0.9601027754713505
0.9754217749990124
0.9697669277548616
0.9655755656443195
0.9698730820138174
0.973762846175962
0.9769099250183559
0.980688883799917
0.9751437063554376
0.984045475694752
0.9790077375315249
0.9748797451821277
0.9850450583932797
0.9818830100947812
0.9899340078891291
0.9901525352585809
0.9954365844090304
0.9928037685675115
0.9814728142883411
0.9961908223150442
0.9968787591243589
0.9980467163310341
0.9976724488983048
0.9427719399200235
0.9578724312345018
0.9750216363726022
0.9626344962264753
