0.6970289097082681
0.4972223329474592
0.03969060181526158
0.05234889417324347
0.0780141405841742
0.07031200451824438
0.09062065255050432
0.08834047680592692
0.10097602422357338
0.11415441783678702
0.12501021177129487
0.1477165854283481
0.18195843970365883
0.22821982262194176
0.2895686189116109
0.3298253302086729
0.272958302678039
0.3892428016054713
0.29627390163906364
0.36646146436101706
0.386205855103132
0.47364727811516083
0.5213372433337535
0.5961594058470593
0.6011740437165938
0.6673509114411142
0.6557166268916969
0.6599238932747707
0.6636030699232301
0.6937731523125534
0.7047940036985242
0.7232902146442137
0.7340679493626978
0.7517507811608088
0.7579232619644296
0.7705739865805971
0.791674409368718
0.7983042764097101
0.8105740207772689
0.8183876799035814
0.8374201845032029
0.8460900678647666
0.8620312211055191
0.8652127808420286
0.8745387610895616
0.8827947457883543
0.9002865023570433
0.9057081168656723
0.9174026424696797
0.9246219861779462
0.9290069596960482
0.9460563906922549
0.9436309915163593
0.9452668755734306
0.9427129858131815
0.9408250482359051
0.9566776652810987
0.976397430658658
0.9754459425532005
0.9849629732365073
1.0039479719602507
1.015367804674424
1.027498637776552
1.0267235270738206
1.0282307558124528
0.991638463724238
0.9770255079833635
1.0053567384313769
1.024583345474412
1.036572182338124
1.0340593453046467
1.0444610835608386
1.03784656870922
1.029712520893438
1.0324313437409496
0.9913286194284955
0.960999965672366
0.9922967147754619
1.0104076996080216
1.0001662030079048
1.0025540353786422
0.9900005926274813
0.9823894660706388
0.9659414705520739
0.9695967309172003
0.9724532944254983
0.9893974916136777
0.9972657027844649
0.9786640353649565
0.892374748138462
0.9184048706594236
0.9710965791343011
0.9864873591690034
0.9927705920504623
0.9902535224001068
0.9969839965087021
1.0053558316759326
1.0061627577102648
1.0044599789982815
0.9997942337133646
1.0065378972909358
1.0099715105476474
1.0038270900366222
1.0056251105731602
0.9980352635958246
1.0040638816987786
0.9937043211494423
0.9957790876344077
0.985903365537039
0.9953061769431573
0.9681052914500715
0.9136934764315483
0.949115289565627
0.9801348377678614
1.0072241494065146
0.9878959605261071
0.9916762133515659
0.9910318391171989
0.9478924642719349
0.9833459479347365
0.9812991579524373
0.976867160976104
0.9824192045533214
0.9962651354584826
1.0042737912697857
1.0123183684626151
1.0286181929885878
1.037470639924275
1.0469696415828207
1.0325416938747045
1.0369835716172409
1.0189834288275632
1.0137820116318537
1.0261244354582648
1.0309577863935684
1.021412131636286
1.0188029713409588
1.0253109883595086
1.0231233848000947
1.023151811709806
1.015666245475343
1.0199795822285165
1.00858090136711
1.0295445533992302
1.0161840446463564
1.0144359616989729
1.0182407888050222
1.0275082659951325
1.031550452573609
1.017694035443901
1.0299299769858865
1.0321655596243517
1.0356304886400853
1.0331509660694012
1.0350954116533806
1.0192599621656093
1.0268855392160179
1.0123183456664866
1.029364498252197
1.0130265092128432
1.0244930463309738
1.0071848770505611
1.0153648223777094
1.0179706227602408
1.0008391873057119
1.0169833546053704
1.0180815820392453
1.0149995609355955
1.0109178546787798
1.0127125290015933
1.0115327033789387
1.0080902289387614
1.0034378649497786
1.0027150589473792
1.009296877382386
1.003033296542228
1.0070893115697255
0.9981061182618118
1.0039602030459212
1.0023503560308922
1.001185224456012
0.9944005482470825
0.9968719085072313
1.0085943359791694
0.9964160030995676
1.006926321278597
1.0026036542702017
1.0224157978872577
0.9968156224980764
1.0048153176536125
1.008780968259578
0.9975298945639498
1.0120855450857622
1.0069431964794986
1.0013883585157186
0.998210400058358
1.007893598980387
1.0009701000147198
1.02042999859286
1.0284113377177846
1.0285757204990216
1.0227659038126948
1.0218513463619108
1.022294436908927
1.0168646163412978
1.0088186969835935
1.0122807371500187
1.012080028433557
1.000497005085538
0.9963655221497207
0.9786575800550058
0.9676702426964765
0.9589597949709143
0.9541737539412801
0.9796774220969642
0.9716557187836575
0.9946862616537746
0.9927076519459306
0.9796012025847587
0.9666084572699857
0.8926729705800063
0.941339791096487
0.9507518325963338
0.9644724624299149
0.9677890202582891
0.9686933917320144
0.9699833880922646
0.9756081383843093
0.969819106083194
0.976258425202098
0.9753733257897736
0.9704891728797668
0.9725447200966842
0.9686924805621548
0.9653992677815133
0.9738455245325844
0.9697751665257883
0.9745850655216313
0.9789700390397335
0.9856534141023985
0.9962820860272378
0.9754737474004465
0.9999213642569335
0.9920822641269476
1.0008386235243383
1.009153329249214
1.0092400651717528
1.0157925494895022
1.0255370112892566
1.0268197498103786
0.9539072712688929
0.9942012718253793
0.9900469575659919
0.9973005012177765
