0.27164010424309626
0.17516057832005075
0.019700820590120127
0.025561851017529457
0.03479762288742471
0.03539686595397238
0.04904111060317926
0.04628110760258379
0.05255251849745868
0.06846242642124739
0.07902799667967839
0.08905572466632018
0.10464513136649525
0.11883564044971058
0.15130590758068282
0.15142166067122229
0.1326977369901477
0.1696361817394885
0.15575779792824665
0.16858144303106934
0.17540801590156516
0.18573499719744424
0.19786256161403237
0.20175757530325242
0.21306342405744202
0.22491244747618155
0.22270688774353803
0.23635126102425527
0.2350749545652423
0.24773591975890938
0.2486848538240686
0.2547854503287071
0.27556827045402005
0.27364932408124704
0.2902838021463404
0.3024744763591346
0.3173381506429027
0.34285616866090507
0.3510359115162605
0.37540110079146793
0.38621007459808115
0.37084657069822985
0.38363274807601555
0.3903575729104971
0.38500306808195883
0.38325053105512774
0.39206177737256065
0.3934335244747113
0.39669970060609094
0.39401735939143134
0.40067729879982666
0.4063996917873382
0.4046609247332534
0.394331098368074
0.4014886952519643
0.4040911933035333
0.4022911698233047
0.4028003015689424
0.4001090813673553
0.4042803182155163
0.4016357839335751
0.4011333225906959
0.40212408442946307
0.39741582212673426
0.3986370255642602
0.39181909975757395
0.36687833933182806
0.362930871825209
0.36195982456358317
0.36063752436337093
0.36858782237396304
0.378594549050317
0.4006393817766291
0.40211270826129497
0.40670819762646143
0.40777053510205974
0.41228892685301666
0.4110237316034989
0.4075052042347715
0.4104944531198088
0.41650404409520997
0.40538605191677535
0.39892796115170787
0.3987715214104798
0.3613561772838831
0.34708119763512063
0.35010093785928575
0.33205907561763576
0.33678071438580975
0.40139600509958023
0.40493288296092766
0.40123273624868494
0.4055083783986241
0.40210697255983163
0.41030935890562387
0.40334622113468455
0.41000953163162096
0.4032744873130278
0.4051177206484708
0.4035797030421783
0.4070133162988901
0.4067612627786864
0.4048399706431963
0.4042214449676996
0.40563739402475724
0.4080759039640816
0.40278665760474175
0.4056154780478941
0.4039527503654582
0.40261926271516457
0.4037289084487593
0.40343937404941166
0.39683432418357956
0.33613305876093535
0.3516907187799158
0.3583710380893539
0.34556231889147726
0.3494896924757414
0.3824719969570284
0.376035080343329
0.38122435823518436
0.36830411390247025
0.36159935463012277
0.367918117107627
0.3630476081618265
0.363173534905201
0.3602274069776517
0.358868747884068
0.36031603207093804
0.36057407148220977
0.3733768748416702
0.3704725400686545
0.36551788937501717
0.3767083079386156
0.3705622959842446
0.3769516451431123
0.3810992673477827
0.379620300784775
0.3819399962076898
0.37777978828137665
0.38825646297100824
0.3838658493745652
0.38126276386803293
0.38044482183949824
0.3755289865533536
0.3722309887533566
0.3707093373769139
0.37367396882383563
0.3726582840579368
0.36391368769408083
0.3637152325268756
0.3566374901663866
0.3607266671082862
0.3574915171777759
0.3667287738416921
0.36422241580464726
0.3671888778583136
0.37512979009735314
0.3849423640151485
0.38131847870615926
0.39220272035477105
0.39537336655171224
0.3969770350318672
0.3882169432926661
0.39092888952827565
0.38719622422893896
0.38949313282048414
0.39729200900129097
0.3977616225021893
0.40096175385140675
0.3989415370225729
0.39821494235296795
0.39541885436951774
0.40019687697508777
0.4069257576071561
0.3986474126284471
0.3938496794288732
0.4009530375356987
0.39740950530734426
0.3936669847110071
0.3936014145758755
0.3948529658611853
0.39595024933834366
0.3959650322838458
0.4009568262029053
0.40086169017676504
0.39771955162826933
0.39413773719320006
0.389643983684752
0.3902815089580122
0.38486482209788625
0.3841753706537033
0.38452748784854596
0.38942035707425976
0.3790883599697719
0.3834607477662306
0.37567551554962997
0.37057433585971034
0.3682265593398079
0.36461649722408374
0.3551620263921967
0.356102384216289
0.35694075742767234
0.35968290124539976
0.36769995134641537
0.3663751718528306
0.36766315393372184
0.3645122183307879
0.36746980564408044
0.36842116590547175
0.37733780852162246
0.38725625977667094
0.38492516137249705
0.37640448667215387
0.3728539126552785
0.3553009900978857
0.3631817745885384
0.36165780919428697
0.35283574629437414
0.4110619746802732
0.4014159376827828
0.40319779935832045
0.3997462712309595
0.4123416282553209
0.4090579854157724
0.4151774846731047
0.4080142195528832
0.41109140190576343
0.4027538280883118
0.4061027827143973
0.405025315046973
0.4056604571419154
0.4132763720972641
0.4052155870992501
0.4109131905333458
0.40701331629888904
0.41189746920889525
0.40587168398522094
0.40484489829169684
0.4050488143081829
0.40845892830368363
0.4073840051064423
0.40378361905866356
0.40764142241919965
0.4112500886386319
0.40224717657772047
0.40922212483892484
0.3990779277106692
0.395857374771206
0.3690086534569933
0.4078554720286856
0.4242568080145747
0.4182075235296899
0.4204475783018123
