0.4217090629929873
0.2765095455511152
0.0234841872341506
0.031459691503027895
0.050497123751152895
0.04482345572232296
0.06426985898471269
0.061245216742270694
0.07681568117546815
0.09030300833061179
0.09708002646639705
0.10893146956446902
0.12434501650360302
0.138878839946274
0.1693784548722065
0.17656444402226387
0.1530939007523136
0.2006194474132351
0.1897527191347783
0.18750280906566347
0.20591749898603157
0.24588636768933883
0.26164710417481346
0.2851597183186796
0.2913757755946401
0.35284682433026027
0.3221946863579678
0.32282728398272614
0.316686118938125
0.3389302823660453
0.34441042287617607
0.35780261400518126
0.368851956262784
0.37887231560300394
0.38794624233033476
0.4023238607087845
0.4146199931868617
0.42466552397037083
0.4373686094679162
0.44124454829711096
0.4622698025680937
0.47118064668123577
0.479443922836057
0.4897236271525058
0.4987117481089164
0.5182669635449528
0.5212803202328037
0.5378285330379112
0.5541078252617506
0.5679392139861906
0.5738790268902441
0.5789853791458873
0.5905932976514036
0.5790247831285467
0.5784976697038975
0.5942451483617032
0.5985301364108625
0.618185739408771
0.630956149297622
0.6275028341610455
0.6415656932955441
0.6549556589637691
0.6584467020991813
0.6751843054517576
0.647966339211471
0.6408781252719551
0.6078274293063649
0.6565208992746159
0.6864858778156709
0.6924359655027275
0.6932632491026569
0.7109269916740575
0.7123525432050961
0.6947414666578352
0.6850627255308744
0.6689244202339768
0.6344424614315842
0.6796895797533716
0.7059015523317211
0.737697021629986
0.7548509994667564
0.7496977734212256
0.7733179694778033
0.77924334696476
0.7341639779445499
0.71394669531293
0.6870474314825313
0.6654925220248626
0.6266401404369195
0.5367487215427961
0.5841585931510779
0.6275764477511382
0.6371593249767378
0.6591165726633373
0.6731184917969988
0.6633498001655372
0.6789102900309755
0.6566434671929698
0.6791838791901513
0.6688618669346933
0.672166989607051
0.6703359058491986
0.670754732160471
0.6743281531898561
0.6544018291365039
0.6753481861899119
0.667730470850029
0.6576040490401327
0.6598727332239499
0.6451474149672599
0.6114730146573664
0.5681487594385646
0.5923459902421593
0.6213813279303304
0.6595709075828483
0.6817079370827962
0.7466856075661803
0.7798576010961964
0.780419324544003
0.7712320775993348
0.7577647179531882
0.7620212008869394
0.7627440068893377
0.7534264860425149
0.7665577310888901
0.7515671079863517
0.757846229942062
0.7714217266756488
0.7659948179014051
0.7668508048769757
0.7549245154357058
0.7542444280710559
0.7445300694089588
0.7455052777061433
0.7473945424762719
0.7332625350207371
0.7513950723291128
0.7418191781509491
0.7343576362194798
0.7378147487374049
0.7410499068269133
0.7536825561815301
0.7437153438320412
0.7466875449244949
0.7489337648167393
0.7445972069584776
0.7472068922955857
0.7540518725680653
0.7652723902234522
0.7413326578893327
0.7517906219123863
0.7772287880015248
0.7625583853223216
0.7653496345550023
0.7614615582715256
0.7487366072021278
0.7393162297277042
0.7502945690262255
0.7552676772936044
0.747982404555353
0.7288058220948059
0.7281744424658944
0.7226728407212728
0.7249313861972776
0.7305877810646073
0.7245725517375579
0.7211010089748944
0.7051861743177238
0.7222846218311538
0.7134249780683504
0.707983305719392
0.7014359316219335
0.7121451203078246
0.7028809215282158
0.704892422041343
0.7106298895329008
0.6990574973485758
0.7035835471726745
0.7083957175050302
0.7235276496894436
0.6996285055499578
0.7101586120089266
0.7181261886442739
0.7071269337918489
0.7155073140188318
0.7106086909443038
0.7073317188958671
0.7428884328019988
0.7285126433103338
0.7287943612118748
0.7339868607606733
0.738046871638633
0.7279214647548563
0.7231041454789421
0.7410908691919087
0.7318106558090594
0.7490409228039069
0.7464537787188502
0.7538723510179541
0.7486016736631212
0.7645182567547073
0.7625067562415803
0.7570763573239068
0.7677609911142218
0.7594586562584081
0.7476193866129629
0.7463399334597206
0.7528098260030129
0.7491661330432908
0.7500507841882526
0.7579908255727879
0.7572324114056445
0.7668946676599543
0.7796031837684692
0.7659824403722041
0.712122532076298
0.6895075654822093
0.6392139986541117
0.611710638938516
0.5931877907705663
0.5337954261090991
0.5672974171498236
0.5985516959376828
0.611612553870244
0.6335831975362226
0.639348691049558
0.650456715077946
0.6555677269771698
0.6686888375286861
0.6564437395626322
0.6659845351396514
0.6672817585780312
0.6933361979351386
0.685373086601935
0.6651631147420138
0.6824933719808608
0.6690819562848334
0.6777964390023326
0.6811114169716954
0.6828135790440741
0.6846891398408896
0.6865867120110523
0.6794362785230798
0.6655028728170421
0.6713566058785491
0.6764690016692906
0.6877700293444591
0.6909225674324421
0.6868569872437359
0.6885845322281846
0.7506085228135393
0.6828463146134597
0.687776877722201
0.6644956226843513
