0.3556074395034142
0.2500158707433381
0.03256796925848144
0.04129963408796917
0.05825885670653763
0.05444469934527297
0.07127543137948508
0.06780846356456229
0.0810770917577118
0.09270490824528888
0.09985754283712667
0.10801839150978038
0.1183525858381261
0.13054629083403788
0.1510244074384529
0.15656958488292977
0.13709968235932435
0.17550695345640877
0.1749077103898694
0.1656768661684723
0.18004391682007648
0.21594050801212733
0.22800572242368652
0.24512679018481937
0.25013450603067744
0.29815287563864473
0.2775997349363045
0.26966544179092167
0.2672506461433168
0.2800933490983214
0.28916571229477905
0.29707703899872123
0.302003206825064
0.31070823464502295
0.31909880668243135
0.3224390669500368
0.32842136464555804
0.3390112168534488
0.3422299858036249
0.34613644785467923
0.3554506685137906
0.3706121931431579
0.38007928856489515
0.3912733894339265
0.4020304565419115
0.4122792402716767
0.42871745910932874
0.45862407666740096
0.47882877664660584
0.48553832223976884
0.5036254438297141
0.5140805834875056
0.5218488893814031
0.5285402607089149
0.5240887794539195
0.540466642273298
0.5561881791051886
0.5743903214797894
0.5861748280833462
0.5931996348794181
0.6212409463119607
0.6174635590472376
0.6276829673361191
0.6104341706341417
0.558031111178496
0.47554127992509326
0.5094936368311472
0.5799677523632127
0.6285916518612606
0.6143552380032579
0.6025306187205477
0.6211246235256358
0.6028684210403644
0.5897030143354872
0.6043007158263738
0.6227359963076831
0.6300050946888491
0.6928166549648705
0.715225659885716
0.7439102001297406
0.7632133103681411
0.7723291895547097
0.7771127173280091
0.777457793264378
0.7613328845376163
0.7301021951173704
0.6914035563591397
0.6324595389517177
0.523772845162272
0.43858962464897194
0.5380041624954834
0.6077105758192106
0.6434611382060956
0.6575448936567705
0.6545512068665365
0.6694607565765313
0.6846591979131881
0.6874387163316363
0.6904306521829519
0.6823956947988581
0.6815083407590482
0.684385741575371
0.6852048935457354
0.6901797254857589
0.6898201932224768
0.689607523868279
0.6637585831913559
0.6560911239813788
0.6609541570979828
0.6511758389551006
0.5936868540177649
0.520149852154728
0.5140616943564276
0.5685629830501829
0.67101373948549
0.7160432213457205
0.7466286877350778
0.7850729308697185
0.7850830302936914
0.7781218844759972
0.7683842109485529
0.7606525770849515
0.7552435482979641
0.7460214122332766
0.7412237225122255
0.7457211711412064
0.7478321745983998
0.7452208656956464
0.742672747953855
0.7422812884816952
0.7439406980656217
0.7437432418381086
0.7441686282753384
0.7465501053110873
0.7425545665204195
0.7312660103036724
0.7372921621444661
0.7402373994348226
0.7362123804137665
0.7367535321892652
0.7336685125341846
0.734339074363165
0.7415642908022335
0.7358841529753408
0.7363416922394688
0.7340557455498059
0.7377410340022725
0.7422034821284912
0.735823028514389
0.7392943426158817
0.7385610741899165
0.729672975487701
0.7404602689960902
0.7387810568343244
0.7400209917428241
0.7335362631997318
0.7316993824515617
0.7439067877318317
0.7469739947087969
0.7338174668605562
0.7349174578458373
0.737046531074123
0.7383632172067152
0.7392525045234359
0.735288550297186
0.7292921611741995
0.7206007991134216
0.7205028558882205
0.7217982823367537
0.7091663033250646
0.7163330098661667
0.7042989464603344
0.7065255950613154
0.701923340715506
0.699073730631391
0.6930888007679831
0.6959163969462272
0.7097242424199002
0.705512392767449
0.699664893490929
0.7018492430175193
0.7014560977848351
0.6964459880951223
0.6962386654350302
0.6974491798154528
0.6894831078672022
0.6916084257213018
0.6862298490863152
0.6945423845193588
0.7008259672298176
0.710201049933568
0.711448252511364
0.6993353700568535
0.7045459876388871
0.7072007476203889
0.7172694795573036
0.7121368366568606
0.71612484615477
0.7193388423836018
0.711733917497572
0.7237501623258745
0.7148282254441087
0.7200516836642921
0.7202415319404935
0.728856888288124
0.72756289881036
0.73095997156937
0.7323729312769196
0.7373936689884754
0.7446627542892007
0.7492763583186326
0.760808682958795
0.7630941321645979
0.7721601111269082
0.764168017951017
0.7376912911098454
0.716350146209117
0.6398353954288178
0.5387382168854128
0.5037491515504029
0.5580932058911489
0.5892676033089413
0.6187722025765241
0.6380599657173532
0.6570909443047428
0.6614835126390416
0.6717080944865061
0.6705719076117663
0.686200050438577
0.6804923768968091
0.683252231125682
0.6808148828216227
0.6816454432343423
0.6788035752452739
0.680706057609492
0.6867115544472574
0.696480071442063
0.691306698442144
0.6905586655485155
0.6886604241499279
0.6936001269257901
0.6740659647598061
0.6554957506889773
0.6776252195803796
0.6929817069225143
0.6887463049200251
0.7055855547448363
0.7085009168316485
0.6860393025408821
0.6786074681418707
0.8100289335922153
0.7050838722169854
0.7053512297820727
0.702443220653731
