0.4676571317019808
0.30896482687550286
0.04408852291144436
0.05527802021552598
0.07378767418045803
0.07150916337047253
0.09679713563824172
0.0953161510804324
0.10548707000862408
0.12764065844178915
0.13944529040549644
0.15633982190244147
0.17256392908275792
0.1818755610952381
0.21693335109085807
0.21615431336754726
0.20422347837468033
0.25635499995529
0.23506272998953143
0.246722842792755
0.2657980322058086
0.3004660300139868
0.32717068128988086
0.34582378076624454
0.3530715513842198
0.4155262485378811
0.3872158204557167
0.38915462596134853
0.3880129936476808
0.40873444745659565
0.41507899531690157
0.42375873397546576
0.43315142333942575
0.4411985643732301
0.4562698494145262
0.4650113695410135
0.48352119548752154
0.4930139485261196
0.5027538274364237
0.5081852972420533
0.5185457130972548
0.530772772651379
0.5450594702223484
0.5491639633105345
0.5599454108598675
0.5807456344650698
0.5911514655583442
0.6005775094805196
0.6124054533173797
0.6185881560351205
0.6325511633209564
0.6301543910882261
0.6332741693568091
0.6369931906919363
0.6327984892261128
0.6339969753592062
0.645617458781973
0.668954058777278
0.6672679381295804
0.6782529486351887
0.6985054662265722
0.6998377392013678
0.7125295424025477
0.7100532593967399
0.7093774460233188
0.6650909884120414
0.6641869259820247
0.6778191968573675
0.720920562979843
0.7103317790413528
0.7211892402030254
0.7303527488127012
0.7304455205883206
0.7206942710748617
0.7113577292619578
0.6992236903931851
0.6731904853042929
0.7138509081529816
0.7497614463746284
0.7576516469702913
0.7699120407212311
0.781491485143232
0.7918419277612198
0.8111596684576878
0.7671864510795443
0.7310180856225477
0.7110446166489618
0.7023601479406185
0.6824015724631057
0.5979278250155292
0.6276817933564456
0.6915888977445878
0.708241463998645
0.7115469344754614
0.709665417499704
0.7203245936261694
0.7240504925112636
0.7231438423055913
0.7295547480716924
0.7362823508898413
0.7360302973696377
0.7355261903292303
0.7380467255312666
0.7287985875110817
0.7239000028662016
0.7295754261609569
0.7167870526867895
0.7169833650244027
0.7194557296279126
0.7090200198376981
0.6843127002168975
0.623363528954771
0.6576166247884011
0.6860283034638768
0.7104586561852564
0.7414401037166161
0.7696229357765829
0.8164307860737674
0.8036228884821395
0.7808921313839566
0.7735824904003236
0.7550267241739598
0.7397444190482132
0.740481654935911
0.7458647609410727
0.7330242951282938
0.7329586079013948
0.7317752437220418
0.7457889397071812
0.7444616171770136
0.7308490549039377
0.7442895709247181
0.7349904149317573
0.7464005057664914
0.729307938264153
0.7357707298588826
0.7392207093454493
0.7251121172669182
0.7357287439183805
0.7273335674195383
0.7329283753207517
0.7449261889904384
0.7289393955423435
0.733844164262167
0.7391917573939513
0.7417296516728809
0.7410807781496025
0.7315637473183488
0.7235681089568043
0.7381069377339162
0.7346113068986767
0.7427559020259444
0.7432013495759945
0.7574841777410298
0.7527901230521501
0.7440606932061342
0.7531201260862527
0.7416319954062877
0.7518681077017586
0.742028298605671
0.7585999868852593
0.7451649317137633
0.7430872471259872
0.7551592333497049
0.7582733923443352
0.7439708380366546
0.7415887822048289
0.7623567094943853
0.7464070065215853
0.7371123196799371
0.7585506017591873
0.7419086488242245
0.748742154162325
0.7372127291673041
0.739229157328933
0.7394856134558554
0.7435177709061821
0.7422197461402329
0.7429759067008403
0.7476054494971555
0.7394446008244987
0.7387201226400223
0.7350063955705107
0.7367341601873021
0.7362320711416926
0.7261408763641146
0.7401563348626624
0.7244143284145587
0.741045867915923
0.7409449125823822
0.7294288314790514
0.7323273469446676
0.732395639345442
0.735447140761897
0.7498959476379108
0.7517007128121851
0.7368960154805997
0.7431554369050181
0.7405940072420116
0.7378393057545212
0.7536935177913966
0.7579676951739234
0.7349954522823816
0.7402475563278155
0.7413808107488568
0.7260687873425705
0.7367726971693253
0.7275005067942691
0.7370863778642054
0.7412063952911299
0.7650101048806921
0.7678181996448009
0.781386493820089
0.7914531849930918
0.7882377684527145
0.7446952293151214
0.7195010517136311
0.6991018004925825
0.6853874396403526
0.6637587876619854
0.6086295781628154
0.645491787519981
0.6687384121179644
0.6822339883416881
0.6938944121012709
0.7031865199962937
0.6893465370476155
0.6941933131088749
0.6962233716778022
0.6969202956566475
0.6902667501253845
0.6980040448717193
0.6890232585288595
0.6754586753348404
0.6906594660455255
0.6771437119806684
0.6711775790943956
0.6913148660502955
0.6810140262801626
0.686336903483503
0.6918634276650284
0.7207678127071245
0.7239200746794148
0.730729555714514
0.7384323711154748
0.7367650170061325
0.726949411885093
0.7398833406664699
0.7407736474384153
0.7312633051933078
0.7246888539085473
0.7044880608178693
0.7206349991745702
0.7254930281365417
