0.41821916867243775
0.27232443947550383
0.01758196494632309
0.024482546017957983
0.04209786552249937
0.03611036250554336
0.05322157496966606
0.05095309328784014
0.06604787759033601
0.07742364055771005
0.08331600754853105
0.0937169109933031
0.10733272873279591
0.1233455187384799
0.1520577929625617
0.16244611068569478
0.1333992326369051
0.18070010260377817
0.17558140954373155
0.16822750046232512
0.18449841877700615
0.23302925721964377
0.23863261485289322
0.2645346266896165
0.2730063798923084
0.3326580737495495
0.30426896938287296
0.30290592123948107
0.2914821791930531
0.31093244646347673
0.32642621839230235
0.33422208827865807
0.3433475295526946
0.35626632978080314
0.3707348498236474
0.38067607991549934
0.3957076050349953
0.4056440836480598
0.41406336474470856
0.430462957672471
0.4351568824176761
0.4448173391882294
0.45704674826921377
0.4654865423136281
0.4673281749364081
0.4841593459146328
0.4924378947489903
0.5002256052755193
0.5061996101194562
0.5037372872295667
0.5095658926012047
0.5074400964067384
0.5111574455597901
0.5129284748018981
0.5158050129943169
0.5191184897800571
0.524496976576726
0.5342623410092355
0.5350975213306336
0.5455154109120357
0.5430213799412649
0.5602668733559668
0.5646572210151098
0.5712879437279323
0.5611189879105221
0.5222270123441274
0.5344050483589637
0.5490070315692839
0.596141948247649
0.596045102862437
0.5866933284012736
0.6004070713556326
0.5983621162039907
0.5959305276466772
0.5929842574894023
0.5802396881902634
0.5699073634929092
0.5873177287124656
0.6162577063200698
0.6260835162469475
0.6534251518198395
0.6506584388933442
0.6494173919699855
0.6603165132897919
0.6371615369937237
0.6086330416269241
0.5710345836163888
0.5630456090892623
0.5255151394419689
0.5051957334744921
0.5068061028219258
0.5294400621303585
0.541180208892937
0.565426083081469
0.5703953690244327
0.5810906116686652
0.570531275840813
0.563851513961758
0.579829382505475
0.5764749227877363
0.5739659150647827
0.5720112683710795
0.5744584946261072
0.5819358885382242
0.5622391291658954
0.5694141247785847
0.588384048546266
0.5674969522977442
0.5501550601041401
0.5429969072248821
0.5251518308398796
0.5066493490117325
0.5087078975053926
0.5295089189022303
0.568166573218065
0.5939658789978345
0.6302650533473425
0.6553915840066261
0.6540466956760785
0.6571706957402041
0.6487252403167041
0.6459286272914714
0.6438504176619173
0.6504872303462121
0.6473820718913514
0.6464563666323072
0.6493208464493718
0.6420970598530911
0.6555970630612076
0.64086401886064
0.6530164407217691
0.642600330366236
0.6450209882197321
0.6491321563131774
0.6399152689317412
0.6405710219966155
0.6374895259347495
0.6372485521109238
0.6454070161716596
0.6410421198646807
0.6385837119432931
0.6415210598019702
0.6462351830836482
0.6448803137750622
0.6500635868210287
0.6477271716741262
0.6426960283595445
0.6320961624467296
0.6460839064654047
0.6418545439599739
0.6452639146850088
0.6436091462973103
0.6374461139983885
0.6387477594142822
0.6481812740215381
0.6431989810564945
0.6412886554516407
0.6333722712358185
0.6388025761602097
0.6451151094065158
0.6411077882196478
0.6319491448667068
0.6361207766449379
0.6242930476800107
0.6194719908836552
0.6287614415329332
0.6171180493398795
0.6239125808458114
0.61985943911898
0.6279766704774931
0.613732644163048
0.6088423783452073
0.6118217286086071
0.605617634955786
0.6057390895655069
0.6069067501210639
0.6016770988426169
0.608231540451475
0.6204358741538126
0.6137723815078218
0.6217804525642511
0.6183127945574785
0.6215593245543355
0.6192202282729915
0.6278234574630187
0.6231648664214662
0.6180805861621764
0.6247907632414212
0.6412974864206492
0.6223041294843372
0.6376230200364168
0.6289561420577927
0.6221532477453274
0.6340821888937189
0.6412039998758767
0.6312403249533778
0.6310295216969558
0.6268257708006394
0.6241932062681068
0.6400536910093705
0.6396424614033029
0.6380497872014456
0.6434539497078673
0.6437713555812737
0.6373769267853414
0.6385785084781834
0.6415556063520268
0.6393972322829787
0.6368034770316657
0.6392403355933044
0.6372781974101209
0.6384834791615372
0.6413242491488291
0.6444729948396056
0.6378396468738246
0.6083125708823118
0.5734972907200736
0.5357987639779586
0.5133835872223539
0.4904117018408729
0.5030626896246789
0.5426467976270609
0.5434632817681305
0.5581247961331205
0.5534150596284332
0.5806976254267368
0.5949293071062567
0.5844906641429496
0.5866724257586613
0.6010912876041569
0.5888748156169259
0.5978598198785353
0.6041810708179157
0.5978126124881605
0.5990571023072921
0.615700381611601
0.5950205408351328
0.5997384968405903
0.593465585745212
0.5899662208917411
0.5939072140474766
0.6022154799691353
0.6007591018695597
0.5903917447874522
0.5981712758725761
0.5856957742990839
0.5771586817226206
0.6022832085653111
0.5886171113277688
0.5999038737835872
0.6568433423188922
0.5957581812881673
0.6146805980732538
0.6043981100972042
