0.5749246967979114
0.3636606462790916
0.0379621682689443
0.05105968670870045
0.07071631060661661
0.06715060492248028
0.0934063697040016
0.09020580529805305
0.09715508652202338
0.12545888538706532
0.14284326900303557
0.1650088985500819
0.19727896712566803
0.22704636452186303
0.30044280116173894
0.2957502261698049
0.28907079934155316
0.36588335861790877
0.3028414385535697
0.3395930946144274
0.3721242382661772
0.39108454825439715
0.4319971674993218
0.45795489141308693
0.45882864982287247
0.5301510589203906
0.4973911454275567
0.5110103075312046
0.4972042177394276
0.5205932689474411
0.5332008726061217
0.5421277371363873
0.5521814510348205
0.559714629731214
0.5715710004777855
0.5850632552814311
0.5978277764341766
0.6072871749145643
0.6161424026799012
0.6242130429749188
0.639441245510276
0.6470979871425221
0.6612512664806404
0.6698260138160627
0.6790617856859573
0.6971861398794094
0.7077106062600359
0.7111491471652482
0.7284123494749448
0.7356727058145677
0.744375943734343
0.742555994353905
0.7549066168438812
0.7453212708157251
0.7407017571475644
0.7549042322319635
0.761684740511174
0.7668920990286431
0.7845428157319033
0.7907974567002132
0.8010441145017004
0.8097226855197468
0.8176412755025327
0.8271601738323333
0.8097934586678004
0.7802395381195083
0.7586255016205913
0.7820187933759076
0.8031846881840241
0.7944783742615337
0.8003460271942509
0.8158472944440098
0.7976477521955161
0.7953358511068528
0.7869966161635954
0.7657485163772467
0.7360851794926534
0.757515963603921
0.7853818545687266
0.8160240268093436
0.8264762783536523
0.8492328653502632
0.8810762771817429
0.8936220921250161
0.8856001978753176
0.8551462731457563
0.829848067256535
0.820470701904883
0.8069757653783792
0.7146752233967432
0.7522021885822967
0.7977982400368813
0.8054609027758355
0.8209575915959935
0.8299553213527806
0.8288301552554905
0.8304006916705171
0.8258676135083096
0.8302161372760147
0.8268961857716003
0.8304582896126637
0.8331975237766901
0.8314331491352653
0.823757881776859
0.8322307329813261
0.833406762300251
0.8287715520635912
0.8334309316387899
0.8183419203678177
0.8118430743122194
0.7983974831034265
0.7413021057456152
0.776158136946072
0.8124497184152535
0.8367731636670181
0.8531121819855384
0.881553429461062
0.9116269193722136
0.8997255504096928
0.8663597763746312
0.8287163279994862
0.8017179252764945
0.7882948232171186
0.7719859429501723
0.771821424766116
0.7670364858350112
0.7748661234718286
0.8018691116964742
0.7907902642478108
0.8066854377764058
0.796421572453324
0.7898110705084065
0.8085911326175798
0.8062297898194007
0.8024112519995863
0.7998817939190376
0.7926895686714353
0.7845990073520313
0.7951368430246873
0.7960689812805726
0.780758784905753
0.7925261617244643
0.8103086995308155
0.7893965099957762
0.7860579438674711
0.7965508057689156
0.7740704552592467
0.7830768199508455
0.77341910671012
0.7766776461997174
0.7716575075618362
0.7915716938123094
0.8041479142460087
0.812298395371904
0.8302111827572659
0.8054339995938051
0.8309182918021253
0.8317559042494758
0.8311166773086606
0.8251193034460527
0.8322955921504905
0.8259052756028606
0.8402608795141209
0.8359179205445403
0.839066325756287
0.8392133238243211
0.833020202565182
0.8426157497030703
0.8457891055202573
0.815660753878542
0.8369487182943064
0.8250105146819524
0.8373180857413789
0.8434023080688303
0.8300483991465384
0.8407276746950992
0.8369572248688248
0.8248274096669634
0.8175178575810593
0.8353683666961774
0.8302321602659671
0.8201614580391671
0.8319892434513645
0.84908901733415
0.8336451789062925
0.8370231062882695
0.8316315019737001
0.8398666970315309
0.8384128651223169
0.8466354744585062
0.8316347380488529
0.832514261511861
0.8269170689987265
0.822365031413265
0.8200139668546048
0.8248362412399565
0.8337695421672683
0.8157001705236315
0.8246954737920852
0.8260050203569604
0.8245130296627025
0.816686644283364
0.8044090834179938
0.789306600311019
0.7733605735633744
0.7570969315312083
0.7744987703821434
0.7903209269133058
0.7939993273371115
0.7862704238203809
0.8183444993492632
0.833805966661276
0.867621390129777
0.8865724100571193
0.8896835305740062
0.8579647352142189
0.8344318209501684
0.8181035130087957
0.7970640287734032
0.7626573785362932
0.6979608720527244
0.7408903587131291
0.7704846368890594
0.7859663191215468
0.7955204213460885
0.8033059933944209
0.8018987349523744
0.8124787964604314
0.8183301935883882
0.8181326792186028
0.8164206050017396
0.8186399117416842
0.8163672253406424
0.8157952828479067
0.8297300806557045
0.8226108006220785
0.8200852266358184
0.823219250684811
0.8245746543119686
0.8267254686176869
0.8242605090321214
0.8289604438742529
0.8260788354757919
0.8332885793684502
0.8275903044009577
0.820063141639241
0.8405494078747398
0.8432193021609147
0.8406243157474039
0.8508596288407647
0.804437689399237
0.7970313989433041
0.8123313207732867
0.8006187232735056
