0.3387470500985358
0.23395051838923114
0.011594461929359711
0.015879371772819218
0.027473833702185015
0.023440977378936755
0.03503543930828701
0.033775171707276154
0.04562168715683605
0.05545177444477507
0.060587980874984695
0.06903423762605368
0.08167026819444417
0.09871969919065259
0.12721652991916704
0.1340553295228811
0.10738465490370955
0.1521638425282511
0.150527958471196
0.14064207560641068
0.15632518943589513
0.19372160492523702
0.20606333187043963
0.2282065399648202
0.23487785434762462
0.28190371803199277
0.2609265173678726
0.2578351477100005
0.25069104204580944
0.2720673772672292
0.2799349715094851
0.29191369997214583
0.295951223640038
0.3092089409190687
0.315899144262232
0.3273170027222995
0.3389284957787761
0.34156249386980453
0.35361934081857516
0.3576516765892162
0.3631808938458973
0.3726090673167051
0.3887856892911482
0.39475009547287887
0.3944385389684217
0.4137093513846663
0.433010765244011
0.4531957253987975
0.47021390670496294
0.4928119776809997
0.5076479496554227
0.5154250030024472
0.5351549969302233
0.5259209335013505
0.5299059187047499
0.5443600940891509
0.5778570151264462
0.6204232097823829
0.6244599468466606
0.6217737874064398
0.649169461516312
0.6602542818478729
0.6385523774577648
0.6345197268856315
0.5994767447914316
0.49735537440095895
0.5620088589277498
0.6302050765444056
0.675559308916663
0.6621923724651969
0.669172665041486
0.6627019312289198
0.6448394944566568
0.609160992896264
0.6189083112401615
0.6048977663152524
0.6580580829980786
0.708148196356134
0.7221446712770827
0.7301126702809633
0.7362017035798613
0.7413675860343536
0.7448968297676599
0.7477874680185777
0.72868101000648
0.6950886394003515
0.664112187178642
0.6253263785706371
0.5355273701529722
0.4417735106634733
0.529634299121704
0.6109878244239111
0.62875481205799
0.6332336442781233
0.6662459947767397
0.668587656661433
0.6669190545066571
0.6695176309875487
0.6933538776951872
0.6595514596107676
0.6675131474117777
0.6674642974782196
0.6601998984235953
0.688228190269279
0.6661992183227041
0.6668534231096965
0.669944423151068
0.6607009922696824
0.6416015122184693
0.6398342193240656
0.6183495817785527
0.4985270316273579
0.48334949245127556
0.5610466607861762
0.6286574276193717
0.6688751961874613
0.6964492006442933
0.7321141596503452
0.7358823718637909
0.7367815315668966
0.7326441186309509
0.7333384977236365
0.7262427169512214
0.7308175278111467
0.7266348791240378
0.7327150731831273
0.7454661017159525
0.7338189289610696
0.7294919564026867
0.7439075807020633
0.7357033067208854
0.7298973248841156
0.7367737555869077
0.7321538753602649
0.726837858233955
0.7201664254673658
0.7303496881927148
0.7219849986796413
0.7171320031039877
0.7309264669263543
0.7266045123478029
0.7251328754012312
0.7327733951060706
0.7295749796496431
0.7235423376803959
0.7222420684129971
0.7255505300516022
0.7250764544359326
0.7267635522340886
0.7181909575757172
0.726303253129107
0.7252278045389766
0.7233721741341675
0.7152348247227239
0.7145542575319498
0.7242620258647967
0.7247826313077248
0.7215296667411566
0.7167690555363198
0.7207122811992192
0.7177440284772573
0.7218084931886436
0.716840123682185
0.6993606453916803
0.7169963117858564
0.7123035789371657
0.6993053758944319
0.7079449114082111
0.7045875877127397
0.6944393718497789
0.6977614828505007
0.6995222609991447
0.6857983756991426
0.7044761939711434
0.704448914201726
0.7022093897631904
0.6923990676027492
0.6833149276423828
0.6907060688469472
0.688496374509361
0.6870278732185563
0.679252842111684
0.6890322823091116
0.695696651048613
0.692394676095458
0.6983106301408057
0.6931459272739467
0.6938110086024138
0.691011784457897
0.6881010363308452
0.691042157027127
0.6905830440712484
0.6955368888853712
0.6907114416119712
0.6970574531373318
0.698157036991211
0.6903234622249106
0.6984320863213641
0.6956511848753557
0.6996008286713389
0.6922649121889173
0.6874660400080469
0.6924049842242849
0.7008929076704914
0.7011145237278671
0.7005599417585416
0.7072227064093025
0.7172219381127127
0.7095364237580293
0.7065117815155855
0.7112264312098842
0.7180255774773209
0.7195732711515561
0.7296050872402278
0.7112164860058121
0.678726187740895
0.6552975668822162
0.6262742484647267
0.55188696191699
0.5352776240111398
0.53485833517118
0.5690256719306589
0.617828415008936
0.6448465614078449
0.633987076793536
0.6526491989455708
0.6605489020292279
0.6647154294588242
0.6671112475910908
0.6615690149496585
0.6713881111928212
0.6650361900591405
0.6765156334158724
0.6615794539137503
0.6627788154157861
0.6721560983021321
0.6558105345203616
0.6582144209026537
0.6473838540992151
0.6489927962437515
0.6481480587300682
0.6459994885821753
0.6592838685267174
0.6695500773583184
0.6786486591811872
0.6783518357893343
0.6865253580300996
0.7041390403702447
0.7238266223837154
0.6625362280004488
0.7490104978041903
0.683586122914175
0.6625839613668498
0.6610532946706688
