0.4145653081416147
0.26519321350934016
0.019822019718445993
0.026470547269878523
0.043077652693605105
0.03778452876933205
0.05448677021919357
0.052689041019556265
0.06740820886600414
0.07938321489992646
0.08678790301197062
0.0966562725066253
0.10979641011542521
0.12703611316391017
0.1567450739897235
0.164249825776411
0.1391680366918891
0.1875672402194759
0.17950152757297674
0.17398477703821752
0.19179036859503612
0.23176681463275461
0.2502334307240406
0.27546395418769165
0.2792289158026839
0.3335772498091964
0.3049810596768704
0.308517992074645
0.30268740655174753
0.32143943072145703
0.3338245549099413
0.34522548932060626
0.3523622827243794
0.3630228977625012
0.3789660689980556
0.37950995119819775
0.3975300945916831
0.4091748786032327
0.41995456363915906
0.4283255823461561
0.44933022620523494
0.4574142535494672
0.46951879485339926
0.4867911138279548
0.5021062484701335
0.503236007492
0.5226668046863204
0.5275667935286459
0.5365887444616224
0.5546984600007061
0.5569031407862127
0.5702189362684703
0.5685850702061982
0.5734680153543531
0.5649140176081061
0.569902829878016
0.5871676249869301
0.6069817495404086
0.6102172140189235
0.6159671619485717
0.6343489221035183
0.6405448128616723
0.6566101760347456
0.6459049949390888
0.6330788393641801
0.5982078465350555
0.5958321110316753
0.6447462985985946
0.6847884435097678
0.6881160275267586
0.6873494982754756
0.6907831016550241
0.6813702876356902
0.6829015705131467
0.681062133461379
0.6592060660506562
0.6383972755369809
0.6696366871329336
0.7112573882652439
0.7333114107555457
0.7389732822694127
0.7570191756690416
0.762034083590635
0.7747721714750591
0.738791014600732
0.6882544430092274
0.6740077326671307
0.6269556125198301
0.6016135992443159
0.5272240003815929
0.5571182945576464
0.6120557916256825
0.6293916723510854
0.6343060573429375
0.6499028362855241
0.6398844884491443
0.6532600303564131
0.6562410786830644
0.6768617699444048
0.6723331243996411
0.6668257041200918
0.6672964566022854
0.6693702636251236
0.6735724884601137
0.6543006898930815
0.650824084258066
0.6457010283921879
0.6519814210091067
0.6323710459024173
0.6247347473307171
0.6033420067834563
0.5503151831878087
0.5840287638936037
0.6133916514295117
0.6412876185785336
0.683731769884052
0.7403355060807514
0.7772948957221586
0.7768494310831561
0.7691020184446679
0.7668924989083926
0.7584823271401739
0.7563472636911961
0.7550154482229798
0.7568302453062887
0.7602034769358808
0.7603389339679288
0.7616560210270724
0.7710177612491302
0.7710560908622014
0.7610391528773645
0.7643642153018904
0.7688053908829938
0.7356351528033799
0.7378352199149394
0.7472480211749118
0.7382315636401156
0.7391977540097376
0.7307007196616376
0.7468605718643785
0.7313808394169997
0.730396307813148
0.7385195629555741
0.7408246829464764
0.749754976774318
0.7489139060550851
0.7524288339942423
0.7581122940756262
0.7519866244063705
0.7598015191001188
0.7496488834115919
0.7599428823647199
0.7567341109521329
0.7726389512584289
0.769551180374314
0.7618859847392633
0.7760898618872154
0.7419857964310995
0.7521691224009011
0.7378804705590917
0.727923468156894
0.7255256562840016
0.7308240937333433
0.7316492040280175
0.7120751104361955
0.7056716091193731
0.6932583315530954
0.7120030642667762
0.7003443582166546
0.6962134899088263
0.6897052373358211
0.6915399025826069
0.7166229707289372
0.7150422683092111
0.7125773494549752
0.7226648986864384
0.7036658013397663
0.6801380584376746
0.6880818803304166
0.6881702999143986
0.707865854290781
0.6871425409117282
0.682986462025027
0.6764416187981779
0.6872901353398654
0.7009244127732461
0.6850214528414765
0.6891499024215656
0.6863049917548981
0.6898605150024486
0.6918498578520025
0.6974230662707067
0.7097981226542255
0.7023379835327127
0.7024582962097895
0.7125989620018125
0.716325240787115
0.6986916531131053
0.7281953709487665
0.7282238179673162
0.7241286897778967
0.7375591631136149
0.7393475274144878
0.734346916332154
0.7294223549139608
0.7297476453472442
0.7386243335746011
0.7292101444395017
0.7237051782988058
0.7334918891478668
0.7312303531093336
0.742791026080639
0.7553752970617728
0.7576223232741708
0.7573491753138571
0.7046114400954492
0.6612623331257292
0.6301597604939847
0.6134954867775693
0.5675721553940422
0.5353763796937999
0.5777072172431214
0.5939398384101877
0.6099905950775116
0.6217087855640762
0.6279654119545776
0.6426315661448806
0.6414389867161141
0.6387557595175856
0.6358151625243907
0.648949267569374
0.6388789319596978
0.6393019050101797
0.6570958025042534
0.6521629923707568
0.6475625753570875
0.6355932566904529
0.6380885297881801
0.6364992984408031
0.6180531084568803
0.6131162044196098
0.6271869280553212
0.6483678576655821
0.6714441928640457
0.6781205000673188
0.6838463588102008
0.6801175851005989
0.6728110933097792
0.6770801871390181
0.7011534333020041
0.7889074863947944
0.6984665651657417
0.7094929414786432
0.6846519985321624
