0.41880364554626587
0.26636371703577283
0.02019763617450101
0.027003081219998483
0.0433865600332334
0.038093436108959544
0.05453869639011737
0.05277432174869325
0.06780239693476994
0.07958713091641396
0.08724387254866173
0.09704060527838818
0.11024252435511314
0.12804318826343025
0.15800420260944695
0.16474786618702267
0.141245107340149
0.18913527617882775
0.18106956353232898
0.17508206051537378
0.19376737556865448
0.2319843746134503
0.24903380560965357
0.27861753131754013
0.2805071410768997
0.3347320024788903
0.3061340498331577
0.3073248778931066
0.3036676380259027
0.3213780935565839
0.3332497804494421
0.34323678523144857
0.3522696993274234
0.3651496003010951
0.3777888863359142
0.3838475010760228
0.4015863835164154
0.40923053942702015
0.42071929760340526
0.43225436267676504
0.44898995868484404
0.4559669249408518
0.4742474161051885
0.4882611120903275
0.505286781096445
0.5036518721980949
0.5276908759763465
0.5330225182179371
0.5366382092812906
0.5546816847757026
0.5640215888215653
0.573502534723925
0.5726488743296501
0.5776583084353353
0.5680072673933432
0.5721612630966659
0.5916742193182047
0.6113182850612023
0.6154628760035721
0.6237548258551283
0.634143338998774
0.647460477303292
0.6537142039774855
0.6496731309131129
0.6371817987342555
0.6013007555235014
0.5995396786910276
0.6476950366738718
0.6846848187360753
0.6905062219670828
0.6856691734173784
0.6958723129144884
0.6868076748915733
0.6884505093394162
0.6836758350698189
0.6583567539411007
0.6479432879810929
0.672050798374412
0.7166841578142537
0.7331584608102678
0.7441286567991278
0.7603536935585975
0.7685905977366261
0.7809135265425814
0.7405169080881138
0.6937193854428586
0.6758887637369516
0.6328745619092356
0.610383135910549
0.5263016609263558
0.5585030849201591
0.6080271134095371
0.6299565633190851
0.632594105539152
0.6496712282197113
0.6425469594000656
0.6555040608151425
0.6652427233332631
0.6771063927833451
0.6731898865119136
0.6679503609406368
0.6691772739834418
0.6717393468586178
0.6774869368879011
0.6625795285408836
0.6547458822597305
0.6510822909453895
0.6523580879204985
0.636410384783458
0.6233144059641605
0.6128403284275473
0.5551688043415561
0.5865228885580299
0.6138511107989556
0.6445843668520987
0.6869171458584376
0.7457424399181453
0.7794338393709351
0.7782936066689967
0.7716287753008932
0.7713372924336841
0.7636499266678627
0.7659616182049125
0.7595302063311232
0.7571305136686676
0.763602754730273
0.7634413058054418
0.7661680622674804
0.7739103681621371
0.773368205550431
0.7606005355231078
0.7691228438153117
0.770272652382121
0.7425356010292883
0.7390513374879646
0.7476370196785216
0.744405207386765
0.7413447264801923
0.7305792104502583
0.7516565701212207
0.7364081223574752
0.7363062239037879
0.7409645092991497
0.7397789902323423
0.7517441409692633
0.7530562743779913
0.7549019637018619
0.7638634519147236
0.7560989885346947
0.7644512111902606
0.7519024720983195
0.7632369950048208
0.7583485910812529
0.7830346377760444
0.767204786757828
0.7616247672000275
0.7775579942408489
0.7463115860601891
0.755113004590715
0.7400107110600332
0.7336305264736099
0.7304746684013984
0.7270622098578209
0.7405930328827524
0.7185115148523218
0.7102608131054697
0.6972436513192772
0.7171303621593502
0.7000651703588276
0.7021264621305091
0.6897258425666813
0.6983312498270241
0.7186991224328797
0.7191763858479222
0.716972070245933
0.7233308878655762
0.7077808657011725
0.6895942049980127
0.693324753812223
0.695147745124509
0.7109762354120696
0.6953402785296724
0.6873557148510449
0.68563085845436
0.6909777695262003
0.7077400083430877
0.6920650776285293
0.6982751850905633
0.6988130437878526
0.6893163439396263
0.700612772080769
0.6979399981434437
0.716742326522914
0.7064196657856318
0.7095640114672422
0.7175187666863204
0.715887878592806
0.7077892668859533
0.7315361154941715
0.7294278268816644
0.7236445372536173
0.7403232794422698
0.7441469947281147
0.7368079373810973
0.7376575150148231
0.7353659683124035
0.7457883322191948
0.7346680588897154
0.7326459017520129
0.7401819901021103
0.7405621883939405
0.7480732522680813
0.7583556870091682
0.7601934986616296
0.7650435568139521
0.7069887032697286
0.6654960887240318
0.6322478270985169
0.6123268905681166
0.5725621503202827
0.5349228331822641
0.5830288034883326
0.5973765176582121
0.60976530788537
0.6267210141343159
0.6294431567410917
0.6398257970475367
0.6423427054620541
0.6342215991806255
0.6429743111242062
0.6525757832060509
0.6398970382236077
0.6471305238057878
0.6546956268028086
0.6534267441775485
0.6507617883053609
0.6370465000263461
0.6394650243625971
0.6340189508405206
0.6190038802152439
0.6172826416423975
0.6307194602388126
0.6574003702234146
0.6690537020075962
0.6795572158056777
0.6834130306505644
0.6852039681165084
0.6777639312858854
0.6797857104851203
0.701178661279356
0.7931063011886774
0.7039424559013212
0.7050449678348106
0.6896210313409497
