0.18251109495540677
0.1408875033965482
0.01121884547331171
0.015768394558620936
0.02822435418446332
0.02433055617240094
0.0363690158563263
0.03489058789200892
0.04487886676850172
0.053956284428778756
0.0587888263568328
0.06474841282563211
0.07280260060527129
0.07993557163355636
0.08776503977895549
0.09244885687549632
0.08447694967443192
0.0938560774447256
0.0896154799414106
0.09302363102584979
0.09477574569589836
0.12457080685760577
0.12207101305843224
0.18365688856732706
0.16895095665386448
0.22147856412401187
0.22345854129998968
0.2054743783099124
0.23927871486055885
0.2433053442657168
0.24572649281748146
0.24452262389460888
0.25390710276236805
0.2563135286765339
0.2533519679353372
0.2617574604226918
0.26635937038937696
0.2537921572635403
0.26522827970635837
0.26914268669672514
0.2620415421317555
0.2654713667212609
0.2645582886665858
0.2664932247662841
0.26724938532689557
0.2648524130607107
0.26602247228409126
0.2680809713196407
0.2699973358066289
0.26798583529350156
0.2723992357213156
0.2730318333460754
0.2697835644931406
0.27205697382347493
0.2680241175002169
0.26777206398001435
0.26852822454062536
0.268438016162988
0.2705495803507561
0.2719667654458386
0.2697649928804328
0.26866657042198167
0.2698366296453619
0.2725239376384661
0.27312810835351403
0.27539659003534256
0.2755535075294086
0.2774130181969748
0.2764048041161613
0.27536323547713304
0.27199140368834707
0.2710165441657471
0.2718836819405652
0.2685138681465804
0.2692700287071912
0.26608846897068306
0.2688098439518405
0.26625595419159004
0.25995461618649923
0.26035373190376326
0.2519594013236132
0.2450494899967543
0.2381983669842975
0.21967950839483727
0.21313774302861466
0.2102195898762187
0.21492454169907352
0.21995431448506844
0.2615580179734578
0.2548320537204904
0.2545614285875771
0.2511945244472939
0.26209953493247384
0.2526685633617999
0.2585325034429091
0.2562405224998667
0.2585139318302007
0.259835980899144
0.2592700923908112
0.2535914967134788
0.2598594801603549
0.26083926733145724
0.25736244421953036
0.2598359808991433
0.2562022402931521
0.26175727303463386
0.25598846897966315
0.26104811099644354
0.2558501230983082
0.2609146927635903
0.2642630252911654
0.2597829157469248
0.2535100046515463
0.2562315394909686
0.2178224111367216
0.21257677015971901
0.22485602319744932
0.22824031478609152
0.2123576760490176
0.2241187058003189
0.22551785059634408
0.2322202014700424
0.23833530341245418
0.2399287789418844
0.24151184516913546
0.2423472116700868
0.238200647707982
0.23860081350881235
0.23717228016370942
0.24353038165689425
0.24844209062210854
0.2469527437203169
0.25656800145220404
0.25305896276336
0.25147993252571166
0.25484683666599656
0.26163749876598985
0.25627652674399326
0.2544658660099875
0.2559434077133139
0.2551736031884937
0.25633759578207743
0.2520144037319014
0.2505070102591803
0.24898218415504492
0.24814453153250307
0.24791597727351003
0.2518301983094169
0.2475540047816633
0.2502554817807561
0.2431176301344201
0.24178317457289147
0.24204753752894997
0.24342820293072448
0.24342556956281208
0.24639398008434368
0.2486985467490311
0.24943393847307285
0.24598554227085873
0.251083466494355
0.2554585847154545
0.2549643329720497
0.2484071527795519
0.2537336312620396
0.25337279775148946
0.25222623778932013
0.2532863780410572
0.26022410233811194
0.2621541107893087
0.2625062279841527
0.26389612515081917
0.25729573510310366
0.25628259337378817
0.25776042095550056
0.2616215768391895
0.25783698536893046
0.2530775343760703
0.256002112943872
0.2617413511078343
0.2602142470411106
0.2622022482930267
0.2587451357751043
0.255189098563838
0.2526166371908785
0.25906010974452887
0.25495561665634325
0.2554782953094604
0.2578801952241453
0.2542180277084416
0.2505027950405183
0.25390419272031306
0.25189155322588835
0.2481107504228348
0.24692211958674617
0.25080298606443846
0.24970949125448744
0.25324043776119726
0.24847218971389778
0.246407090847769
0.2409591577555588
0.24004704088671938
0.2386615381677737
0.23568302215964562
0.24464429949069144
0.24324577490604862
0.24207386427153219
0.24628440692542458
0.24802853777206277
0.2524049823625144
0.24186133042966568
0.24059666022192766
0.24184012688264006
0.233163047794291
0.22888525742528362
0.23246416562413189
0.22308827824514801
0.21910591135418925
0.22725283307204938
0.2577183500815785
0.2637058530985393
0.2558872663237264
0.25545972369674913
0.2586746379914701
0.26401476043816763
0.2551174617989077
0.2555647150198904
0.2532196689246293
0.2569326236299613
0.25485441400040587
0.2587462747563988
0.2597408448730047
0.2593405901744438
0.2534137296441142
0.2595816494163492
0.2624357302005199
0.25610217661851137
0.2536619944971109
0.2637664955851699
0.2538101956754685
0.2562382445372751
0.25872656416239415
0.2641087574830114
0.26080363481065283
0.25922460457300367
0.25654829085819875
0.2615844336137699
0.2584411560839768
0.26064785629788206
0.24957228435442896
0.22896273128629244
0.27764352235742057
0.2974312958587576
0.27600454941759184
0.2739930489044677
