0.42565487544550656
0.27765717191484673
0.024402192937326282
0.03266310528462099
0.05088752315271038
0.04451947603119564
0.06315286491354959
0.061198218219847875
0.07573696931101946
0.08837792752791467
0.09768040851423798
0.10698288950056023
0.12051342651091926
0.13873291673050606
0.1654418735563821
0.17461586395835552
0.15162592846760098
0.19923182820915855
0.18804633729407086
0.18819832713964438
0.20320290306451136
0.24804000275102656
0.2619745831271507
0.292745356386781
0.29331617254362147
0.35025369933645883
0.321436336732494
0.3247261432585676
0.31880860482445617
0.335622970628825
0.3475121708918276
0.35801261296946135
0.3659892643786334
0.37981559796519476
0.3916840293916285
0.3980283980228766
0.40984965169783094
0.426028164411014
0.43372378954409535
0.44656549720878463
0.4572239831163838
0.46875982871292005
0.4772255960245451
0.4920909416566424
0.502189704176034
0.5200084260341806
0.5309404971334044
0.5347717716470826
0.5554337388248031
0.5629895069815662
0.5666139931878311
0.5871453790743073
0.5782161507365154
0.5831435557618059
0.582040125848609
0.5886757808675253
0.599952689609179
0.6156923600844694
0.6151480727983646
0.6174425285839025
0.6316263009875008
0.6629591577896503
0.6588545394034067
0.6593007409542148
0.6506792783473921
0.6345047082238661
0.603794406290972
0.6429319743953402
0.676463217777002
0.6828211338382713
0.6797492094114657
0.6940068742872387
0.6983295276453942
0.6875010012974373
0.6914380361034458
0.6517675199015891
0.6384102493050723
0.661700763189798
0.6976489231524021
0.7223435251304213
0.7367320766186704
0.7570806664347265
0.7615439915253674
0.7779631392919248
0.7456030937660081
0.7273033725757369
0.6772648768321003
0.6510636808268387
0.6256585386991409
0.5396706274241357
0.570506377746437
0.6187546713213673
0.6420722013501434
0.6526134639908645
0.653860354620229
0.6650625873268844
0.6595278463455211
0.6767673193817029
0.6561639446606684
0.6700259891839941
0.6727849339420239
0.6742972550632456
0.6735880930250577
0.6619819444619208
0.6713222056118636
0.6627378329917416
0.6693858873091693
0.6614064435253212
0.6529054718998585
0.6402952409870742
0.6176506087845729
0.5667460356695384
0.5997392489946792
0.632368687956553
0.6619148127226901
0.7139219585355812
0.7316296786115857
0.7859646711419837
0.7784012645297499
0.769519469424833
0.7552728165739836
0.7528424897495855
0.7550491899634922
0.7495788144190364
0.7377485377099414
0.7661171948712198
0.763214271543135
0.7649777617731477
0.7652884108217882
0.7646454637253538
0.7625397676363871
0.7540873508729948
0.7403921233928282
0.7376486974210262
0.7514417067943998
0.740482891266222
0.7409049730439177
0.7444548376884044
0.7515074086056038
0.7408309523794143
0.7377363455541195
0.7348208291147467
0.7503958746713808
0.74751981028713
0.7476453912177802
0.7515033797092757
0.7497337316066263
0.7416098456028435
0.7527026740014496
0.7572845567729906
0.7639982954789601
0.7605258236572238
0.7552972797188536
0.767263826352062
0.7559229317003108
0.7683841855917728
0.7535037539699364
0.7445109249094404
0.7387620120050226
0.7464265723921746
0.7306901063407125
0.7219890080105121
0.7184013869134375
0.7085680092991938
0.7201105185730858
0.7215093259988211
0.7283191410164308
0.7200402791549382
0.70057838619736
0.7009895570769672
0.7262731538518319
0.7015380158811342
0.7034796407091428
0.7125251405267581
0.7168434049284331
0.7075630191480333
0.7049371710994176
0.694078100894095
0.718219877967232
0.6945703784467487
0.6997251564896716
0.7060084493574329
0.6855765285142656
0.7252595625877141
0.7149045157568146
0.7168437559729045
0.7069965914588712
0.7229091385608537
0.7197466935236245
0.7123268417699643
0.717842155472883
0.7247451490745865
0.7347402112241644
0.7205123897659448
0.7427410170871858
0.7432980100507537
0.7349046721236041
0.7474167997822558
0.7608640928709428
0.7545219752148082
0.7573533941424848
0.7566972972565146
0.7532617076137899
0.7385805889937423
0.7478948458997918
0.7498532430042371
0.7451527623159263
0.753669443090873
0.7455796172436302
0.7564562008191036
0.7500488132483059
0.7642801103113539
0.7578502817219076
0.7715860026799676
0.7643836783342819
0.725398194931081
0.6689129741503917
0.6479987297919841
0.6178813097324954
0.5994786526931497
0.5429070558354
0.5768868930863307
0.6016880391217534
0.6207335380715474
0.6241635534955445
0.6411091693791415
0.6545443056953354
0.6606804373087549
0.6575907780897358
0.6721731945509734
0.6744081893380913
0.6822211360345614
0.6677371469101839
0.670273177487562
0.6753343062097465
0.6741363451184368
0.6784840651869091
0.6849717598562666
0.6766490660410461
0.6822736842365987
0.6760045367250402
0.6757226671242372
0.676052327682818
0.6831851613493231
0.6873414458765574
0.686299660202977
0.6834432290122969
0.6801450694410172
0.6816968460509419
0.6878127717532453
0.7489347714875372
0.6895134029361478
0.6806478844257215
0.67341063539891
