0.0976794224260635
0.07573319292433103
0.0014186944402331788
0.001532996958426161
0.0018758742663525312
0.0017515549168169134
0.0020847016444105774
0.0020427718282442857
0.0023380312889597884
0.002551468798060677
0.005393781755263386
0.015919427361430073
0.034023751699846706
0.06578550146734766
0.06981528661012787
0.0888895053045622
0.13124334361844925
0.1337255966137708
0.10241504248913945
0.1231727033234325
0.1276664568318816
0.09176332143112881
0.14607621910374846
0.15695280267921857
0.1528198826813205
0.1471746415622009
0.14203350748348875
0.1337638788204875
0.14308985906802085
0.135528253461913
0.14283780554781655
0.13930905626496726
0.1453583407498534
0.14913914355290722
0.1425857520276153
0.13250361121947274
0.14308985906802243
0.14082137738619036
0.12973102249723345
0.14208164498720818
0.1438460196286331
0.1418295914670046
0.13325977178008327
0.12847075489621565
0.12973102249723345
0.1330077182598798
0.1385528957043584
0.1367885210629333
0.1352761999417119
0.13552825346191547
0.13401593234069317
0.13426798586089703
0.1322515576992685
0.13225155769926839
0.13199950417906514
0.13124334361845486
0.13124334361845555
0.1312433436184545
0.13073923657804692
0.12973102249723306
0.1294456144188157
0.12935047839267655
0.1293504783926762
0.12906507031425934
0.12679658863242854
0.12881301679405646
0.12587858292925008
0.12555982029262086
0.12264395804052189
0.12216827790982625
0.12066581208560681
0.12113163691929979
0.11783144189544145
0.11641091243620359
0.11296585243914316
0.10454277137455172
0.09384654457457138
0.08429259363391181
0.07280434604446773
0.06868076815259731
0.0790785211320365
0.09429440978011873
0.1047643037379077
0.10932655392714091
0.10786228141190647
0.10199246140784855
0.13477209290130007
0.13048718305783816
0.12847075489620954
0.12973102249722757
0.12847075489620946
0.1274625408153951
0.12575009234489298
0.12498900413578119
0.12418584505274795
0.1225783879053864
0.12308249494579451
0.12283044142559098
0.12248325187924836
0.12317270332343237
0.12228805217846934
0.12321477419735324
0.12341982919513482
0.12322462949435599
0.12397586240646559
0.12435640651102148
0.1243230519528075
0.12498900413578055
0.12575009234489287
0.12660631658014354
0.12746254081539535
0.12847075489620954
0.1297310224972278
0.13250361121946738
0.13149539713865308
0.1322515576992635
0.10537696706361782
0.11167451640150225
0.10470908745701243
0.09349931771144504
0.07837691561131502
0.06204684655423473
0.058650017291420276
0.060992151872359804
0.06807240599600115
0.0805357382159373
0.08939268463591785
0.09073432791525247
0.09226390919077668
0.09529457077407348
0.09755207754840345
0.10030976546401599
0.10327452069205642
0.10271539859796641
0.10341060693637123
0.10553855815838416
0.1052070707462392
0.10465336116724414
0.10398382850951665
0.10223735465974736
0.10028537454390614
0.09596352124937535
0.09190838683182807
0.086921105138916
0.08562791563740492
0.08529964422202717
0.08691205884638888
0.08932910404105888
0.0922132959610194
0.0929641409182273
0.09409641637471207
0.09340852741048147
0.0942020772985997
0.09436381182752722
0.09802090804728099
0.10002225602470796
0.10292433812592303
0.10323321769591887
0.10565453927342804
0.10783377376345864
0.10880264739499486
0.11055074470430044
0.1118735047694869
0.11261981003309517
0.11471659127535819
0.11481172730149677
0.11653289208770541
0.11756953307823137
0.11788336806636036
0.11760781528494552
0.11858760245604756
0.1170949919288314
0.11719012795497068
0.12032733885496591
0.11958596123985907
0.12032733885496591
0.11837383114255873
0.11747553603338774
0.11831204967463316
0.11599164182187874
0.11658102959142197
0.11672316413998328
0.11759795998794358
0.11700364456989892
0.11628083856750197
0.11537268816132833
0.11455967378129334
0.11356624264598333
0.11331418912577963
0.1130402196287118
0.1108913344200645
0.11078361267228132
0.11017389221022035
0.10929627703988751
0.10760459740595384
0.10632030550194213
0.10458497986873992
0.1036146326549814
0.10039380872152888
0.09932952134446821
0.09682261626748488
0.09516671044723314
0.0956004100353361
0.09532891310985467
0.09557247258579647
0.09485050938602614
0.09270645519643454
0.08587944714626382
0.07908750619677815
0.07038982568936035
0.07832165702759955
0.09199149144031887
0.10120398139268774
0.11039109678559673
0.11108178426780406
0.10477828002034625
0.14157753794679798
0.13552825346191072
0.13552825346191105
0.13401593234068884
0.1297310224972275
0.13174745065885593
0.12947896897702413
0.12847075489620954
0.12746254081539488
0.12746254081539532
0.12660631658014423
0.12603550042331021
0.12587858292924517
0.1261306364494487
0.1250841401619201
0.12489386810964215
0.12470359605736413
0.12470359605736456
0.12460846003122521
0.12426127048488274
0.12283044142559019
0.12346682771755678
0.12394250784825168
0.12292557745172991
0.12302450214507521
0.12264888568902055
0.12365709976983483
0.12382387256090205
0.1232765556652791
0.12272052245394863
0.12249196819495632
0.12290586685772532
0.12230662379117915
0.11838254745826891
0.10608371943893473
0.14081644973768143
0.14002693461885832
0.13308807134050685
