0.24285446162022126
0.17805375210940247
0.008117436895368368
0.012810251257069782
0.026679114864130105
0.02202978288589754
0.03749409602169322
0.03443961219747167
0.046911199720874076
0.06100329922353935
0.06790388029517616
0.07858194220139438
0.09434087301593978
0.10331025373652332
0.1378385138139897
0.1461296376282944
0.126035190176032
0.16807783873946433
0.13818641066626117
0.16201052797109156
0.17005276516233392
0.17001912477722658
0.19328271300710065
0.21339330389665895
0.19431895602010815
0.24661477440107574
0.22939628206142648
0.22178468706824742
0.23665272991233666
0.2629571409512938
0.27043798752116993
0.2777260916608894
0.29990241810138185
0.30677834360322165
0.303893374499306
0.3130402336785527
0.30450021486047474
0.3156236299614668
0.3189784480515411
0.3306152504152158
0.3280876502751559
0.3235359653339239
0.3268076985646827
0.3290807147933499
0.334856029781169
0.32203738523363984
0.33317349444799715
0.33220092920598354
0.3317263962155821
0.33484124683566363
0.3352579648208049
0.3351863280558769
0.33622296904640375
0.3352196826140905
0.33616611522698003
0.3358757795000616
0.3350862643812373
0.3356620081865729
0.3393143204052742
0.33430167691091467
0.3365083771248216
0.3354668084857937
0.33537167245965654
0.3367702859420287
0.34174957487817625
0.34207326516330633
0.3446271549235561
0.34141716827733753
0.3411525290354908
0.3413553868094131
0.33652077545841025
0.33759244318922776
0.3344442380109334
0.3321405557576605
0.3322947178912743
0.3312659545452434
0.3278226652205881
0.3290340828880481
0.32532799308728694
0.32376443742058786
0.3216113355596817
0.32141904551260203
0.31549570857548226
0.309768808810763
0.2991171450051906
0.2749250593319969
0.27518756976398406
0.2805412980256798
0.3087491225355467
0.32724566457283244
0.3238383698997029
0.3244479933050352
0.32229489144412843
0.3242775289034908
0.3272688165877199
0.3279965502386193
0.32062028903628853
0.3247816359438983
0.3218805566373064
0.3290096919679343
0.3232408879129649
0.31996419215031846
0.3273688802623608
0.32468649991775905
0.3283005299297451
0.32594183987027536
0.3281457207618113
0.32736395261385925
0.32633382255618104
0.3249975155835165
0.32884828296942137
0.322427695737469
0.32734542404353534
0.29322748342062216
0.2863011174882828
0.2791512326639015
0.2857479050741466
0.3020687810709665
0.3055857179078654
0.2982092847239591
0.29264700781539654
0.2937946260201299
0.3000248523020732
0.29805386018291374
0.2937716180686673
0.29330964999551745
0.2964904973021843
0.3017088874197728
0.30379966921406276
0.30994648789391505
0.3153898255934393
0.3166586429265014
0.3162896263010263
0.31940940456960776
0.3221736227888651
0.32098639600806317
0.323477979258605
0.32007763166237735
0.31896592460934925
0.31745818532390524
0.31660196108865224
0.3090826055855244
0.309458242845972
0.3082439155248116
0.3054549524137223
0.300898436880718
0.3094188815922987
0.31005386382897493
0.3046411240607207
0.31132213531585967
0.3035853864157011
0.3048671217262206
0.30746475994037564
0.3077651247954459
0.30633191928323655
0.3107972458819741
0.30478404637994383
0.31742993224533933
0.32299641172716936
0.31805047734923714
0.32148409060594857
0.3273529583355606
0.32614082823825896
0.32007789978916473
0.3233595232003133
0.322950552186045
0.3245432263879019
0.3232211773189593
0.3237525722877812
0.32207840602399324
0.3240489746444975
0.322531725874774
0.32955094223375914
0.3264349526323849
0.3312239695162523
0.3245716532976144
0.3288095646186537
0.32294941320474924
0.3238526359624214
0.3227208589457563
0.32105654797897143
0.32436280963262676
0.32077227888185017
0.3284908019820233
0.32331138569659595
0.3251845403283676
0.32451858814539386
0.3237957821429975
0.3189165568814908
0.3221883249956376
0.3217323554589468
0.32078592284605784
0.319724643613025
0.32717746922878393
0.31730909973413046
0.3207760675490551
0.31747587252519593
0.31455129395739373
0.30998915915043995
0.30906789798083867
0.3035742038378296
0.3082660667007588
0.30727958936774963
0.30775799992308567
0.3084638607546472
0.30384236758440564
0.2994200035184903
0.2978365914785163
0.30270471041448654
0.29176070529274994
0.30332584865350554
0.3048613232232131
0.3138333267057669
0.316765217533987
0.3004933729168592
0.2965281733934904
0.2898591697111197
0.28908120915247276
0.3316285297648041
0.329735664539026
0.32785916554310013
0.32707572521307093
0.3272021074712933
0.3308161374832799
0.33144380745953844
0.332613866682919
0.3259653391314871
0.3364132410986819
0.32381056508850353
0.319754209504035
0.32068207050421416
0.32514739710295126
0.3373263191533577
0.32862800888208377
0.32802876581553764
0.32660779205324947
0.32993641398681917
0.32597405544719393
0.32427260125498997
0.32615939985097087
0.32397733787957056
0.32921739665162736
0.33192820390594036
0.3312770346684714
0.33184292317680414
0.32234145382249724
0.33103483644526954
0.32492377049245774
0.32170383149250764
0.3028988017961243
0.32458063774010093
0.3516512989310407
0.3516846534892554
0.345530377681228
