0.4719750111344414
0.30392080255503323
0.03274976783105501
0.04426536963280406
0.06399365594680129
0.059113283545000436
0.08225257551339772
0.08100489363402374
0.09455304107125732
0.11655448123419551
0.12318391213113555
0.13622680538766885
0.15207889739107863
0.1695925699366296
0.20431637148065881
0.21000262523113325
0.1905589523933908
0.24898458189100134
0.230169104071277
0.231326052531222
0.2570169399792787
0.291711256371042
0.3083282170917814
0.34120509368989566
0.3400350344665104
0.410472813223461
0.3714181615561153
0.3821143283763083
0.37473806717397323
0.39862629777389347
0.40688228247268665
0.4163701078627866
0.4277792253883744
0.4402867653724168
0.45361717503349414
0.46017549420728776
0.4746426085335332
0.477386770346062
0.4999195973188216
0.5057884650484312
0.5115320976601164
0.529780014789417
0.542420973006311
0.5486654571919773
0.5634797610645661
0.5712983478393782
0.5768943932122179
0.5951341272265918
0.5986771344131623
0.6128840121042799
0.6271169320931912
0.6351354669882285
0.6384121627508759
0.6363445208481634
0.6261704994803021
0.6203366584909819
0.6490589545957284
0.6641771727824082
0.6588986564158911
0.6821178929567719
0.6849916932376715
0.7064969981029001
0.7135607348109156
0.7083147120740314
0.7108834786431604
0.6817223126478129
0.655232223129881
0.6956802470337416
0.713371453488074
0.7101383465451868
0.7322910959600228
0.7350551116171086
0.7358591856921513
0.7211733563182856
0.7182653246578884
0.6842486729902874
0.6625949959675747
0.7048601648886267
0.7321480384487103
0.7551292985201926
0.7656776827868579
0.777097641455888
0.7854719176210408
0.8080297422059417
0.7839385707482555
0.7350617648244017
0.7167767005053715
0.6958642908847511
0.6865534423570283
0.585369132320943
0.6327117399944056
0.6793564350528764
0.7028172281726859
0.7081954984158763
0.7154497961989592
0.7117249720431345
0.7091068817811351
0.7163264992023637
0.7182239273091023
0.7278412556395678
0.7180111683516275
0.7132221514677586
0.7323782190032329
0.7187280343495098
0.7212724335802972
0.7200884566797456
0.7111979801765674
0.7123798450143908
0.7124804082593357
0.6875227969715604
0.6828851843357254
0.6215523121814945
0.6553538511850449
0.6868345576774806
0.716677652908368
0.7338674427718552
0.7615700430569124
0.8167106280048002
0.801277945918452
0.7830819549600755
0.7636579038185997
0.7620477162465966
0.7525691322139894
0.7386695785781511
0.7490024922773524
0.753402090316293
0.759743721275416
0.7629211411340837
0.7597811190707155
0.7606400737306064
0.7443815673064197
0.752857359614779
0.7503619526985089
0.7509454241039201
0.749451064620207
0.7482629514362545
0.7560027684147844
0.7412940550197712
0.7462136708141204
0.7426816660648441
0.7405996759270821
0.7413465062324741
0.7537698466740175
0.7286084169387111
0.7397967286097824
0.7409420666489709
0.7271621983840484
0.7528141761289728
0.7344325838518226
0.7519688848040841
0.7581789104487704
0.7491829979303605
0.7654985301555444
0.7587488806869089
0.7555661738101034
0.7557331339892304
0.7556075530585777
0.7551018433630293
0.7313047944498895
0.7468167173329482
0.7554085189503913
0.7285143811542723
0.7330020598739266
0.7400004510709477
0.7436245364133893
0.7352536409654286
0.7165039632050202
0.7457580127367138
0.7289316625048191
0.7375105937550601
0.7357949787158625
0.7208406719980587
0.7424282830251656
0.7330519598910517
0.7237259796435168
0.7289962264050955
0.7352537939921834
0.7312438148316266
0.7248473408003947
0.731998952670676
0.7506224862560331
0.7358595753535828
0.7300720412612332
0.7378742618061991
0.7478382771505612
0.7442363286228254
0.7317451548686333
0.7490619347269395
0.7442911068535643
0.7388348795107045
0.7481997260137403
0.7502826632583434
0.7410200477630845
0.7401295637538108
0.7471881687284765
0.7457250433535363
0.7495188823842077
0.7565648764149067
0.7556962476787998
0.7512499482076236
0.7634536750842063
0.7587521361533307
0.7552445223241672
0.7557531014982288
0.7374486899191351
0.7471596013293023
0.7391107881134182
0.7255247007089101
0.737652746671959
0.7366055379545883
0.7513040258621966
0.7707186807948018
0.7757980334055876
0.7932744893766343
0.8006245794571253
0.753078330336436
0.7138163619630425
0.6988937218470181
0.6755208909770183
0.653190206533108
0.5822236910170769
0.6288970646812978
0.6640746917584032
0.6784484372367238
0.7027977412814514
0.6952407042826446
0.702656086013992
0.7058737095129866
0.713386687183084
0.7142864481314569
0.7167133687012871
0.7068625333811698
0.7239166552029371
0.7236919022565451
0.7211630347541345
0.7177912029653487
0.7250224962177548
0.7141577738107807
0.7216242433907484
0.7253874424923277
0.7177575037541136
0.7250140587811373
0.7294668178898002
0.7293874327204017
0.7319337733972857
0.7178145910908397
0.717010784584447
0.729638375679064
0.7233424063423539
0.7258160753780528
0.7366142592146022
0.6955763839546847
0.7103664445854998
0.7098587498228557
