0.6095792563220628
0.4078438120835574
0.04250700168684025
0.05511592631696676
0.07930040657993169
0.07437430738364892
0.08715969590188984
0.08572332130211872
0.10378690409243801
0.11467745288563443
0.1268418444707022
0.15530418020494913
0.1866939208294135
0.21497297939088345
0.2875920852419823
0.31140995037071817
0.28142397136522296
0.3865970588990277
0.270292634121059
0.34726735455619734
0.3780213364048458
0.4559998503086679
0.4893321632427026
0.5321413564270427
0.5420064009283335
0.6039041982108433
0.5782755964681033
0.6007385477557423
0.5995783438293647
0.6165610657091427
0.6299816837478609
0.6342332390331057
0.6441300354374723
0.6555960067824842
0.6626868599063983
0.6749089918120235
0.6862229733114728
0.6949830650506721
0.7057929395097148
0.7172971930614445
0.727636315038293
0.7379754370151425
0.7491992101369557
0.7541500721633886
0.7631671450712948
0.7760109610621128
0.7848093350080281
0.79474881622583
0.8070238340546141
0.8135730784545838
0.8249894874361993
0.8302272504940688
0.831772926173504
0.8316367775160087
0.8253700315407547
0.8294300773021014
0.8441246749993813
0.8637288385584684
0.8661303201716336
0.8744532133827055
0.8876346760261985
0.9058879198128835
0.9156590016143222
0.9146588912662865
0.9026867961525571
0.8671472614378712
0.8498250174872367
0.8807723526684619
0.9087002019555485
0.9101846699525389
0.9208963226203468
0.9247015317668842
0.9179819591351506
0.9024632571732969
0.8949735449790813
0.8462519203054454
0.8067641813075157
0.8411855046451489
0.8530373622422264
0.8675057742103975
0.8660520078869576
0.8246667646546597
0.9140116625855352
0.9313640943775545
0.934128374132534
0.9228819526770834
0.9323258807391008
0.9089275001392829
0.8756432256192715
0.7878386576139447
0.8165569427426705
0.8620607054746866
0.8773820428295004
0.8893954081459697
0.8939058130429944
0.894462493275747
0.8972598143193267
0.8910835042160982
0.8974887581965237
0.9086909280215335
0.9015382934296942
0.9025465075105084
0.9067696358860435
0.8984636177191255
0.8979173761713072
0.9023008847233995
0.8971576444644982
0.8993608446056166
0.8889372413854204
0.8867287919136024
0.8620732911963315
0.815826845284248
0.8469595281701521
0.8887560256777457
0.9111842166556778
0.9269347505289703
0.9515379693669815
0.9583715475590932
0.9256161115978133
0.888224926245039
0.8355570433536249
0.8747281432938032
0.8767481087535032
0.862956129671734
0.8759912339595718
0.9013204120337032
0.9205135472483448
0.9446423698430441
0.9468196057090673
0.9277062675781489
0.9237806101005719
0.9258854234227424
0.9181472418572814
0.9149051053870256
0.918780513588265
0.9197601555362366
0.9070420108074018
0.8967917443023173
0.8943996107869051
0.8963569879052493
0.9018705982407331
0.9077311905323565
0.8985602480144579
0.9042717427351584
0.9006380021291674
0.8990783026668681
0.8996992062288827
0.9045329378751946
0.9162091715776152
0.9225346018368772
0.9157755681347254
0.9229924039720424
0.9381357894521125
0.9442347043937338
0.9404779258936722
0.9210604745827733
0.9203473426565846
0.9231933140225086
0.9207864643543777
0.9109719841336458
0.9156799171295232
0.9150261565901394
0.9134354114853525
0.9166371268312629
0.9119495222293799
0.9101767194506889
0.9086635815128118
0.9068779129930357
0.9113846661291897
0.9177429009441255
0.9186161135077375
0.9059108033253962
0.9007398048318966
0.8984713231500643
0.8961979138197301
0.8942538348528696
0.893099016235783
0.8983461998802029
0.8862423574492017
0.8854237785308213
0.8796139618444921
0.8773443330223631
0.8817664832156743
0.8782450461932413
0.8770106609628959
0.8666405898441437
0.8772837610390585
0.858331055514891
0.8679854576788812
0.8698011918406621
0.8696947704762594
0.8641052079843902
0.8714696425451166
0.8727657021913859
0.8737661117074431
0.8815187906934007
0.8941049494387108
0.8658004665768761
0.8859672400724782
0.8914732668904694
0.905734938797424
0.8894526707991217
0.8916001741904717
0.8862646117740293
0.8670767493846949
0.8644581945175396
0.867226681296524
0.8646553236806135
0.8592053929549982
0.8561616574833957
0.8541683564008452
0.8517957068863119
0.8769443567074284
0.9114844611208957
0.9544728914254642
0.9313908859952149
0.9246119201039131
0.9002599013235528
0.8861765527673923
0.8499456534965506
0.7900329290599053
0.8238836181945318
0.8406523763908322
0.8651266466969898
0.8643030251961255
0.8847838420922346
0.8765740387147296
0.8826963494456525
0.8798489566774477
0.8807979833150159
0.8886668168960612
0.8833321552986457
0.8942767922153279
0.8807309390586825
0.8916728585908601
0.8874213033056123
0.8887233848655571
0.8776620409959751
0.8791726899351198
0.8697363545718912
0.8702138854013813
0.8625980660691625
0.865236841954423
0.8927185892111533
0.8980968243319384
0.9023314542005832
0.9049026795759161
0.9135841480104444
0.9259314429451441
0.9351541639966813
0.8927264981008847
0.8756503770281459
0.8981760893427252
0.8875039105320476
