0.4812551294788385
0.3193800304970234
0.04574429814608925
0.05863970174259068
0.07752698291089245
0.07739285224819667
0.10455241481821122
0.0959187956685602
0.10921697710732686
0.13299826648264074
0.14444367095671345
0.16468049585277234
0.1819231336578757
0.19954008685177227
0.2302696985846997
0.2342790556467442
0.2144194661514354
0.2666009572761033
0.25043908707854
0.25249687368423324
0.2712587531509425
0.31820037289162584
0.32350335211291453
0.3527563434020358
0.3614595813218093
0.4178737103062886
0.38186720014259956
0.39390398764444534
0.3892336060479262
0.41039245778082023
0.4184013166079117
0.4263817485252888
0.43722990519104554
0.4543744722133926
0.45680479903778987
0.45911649057483733
0.4788149473574334
0.4879605108496911
0.49807600621604864
0.5031553588268362
0.5183567177368299
0.5345264252365762
0.5458404067360253
0.5553900135940497
0.57086041435261
0.57255156894476
0.5820060397766466
0.5889350477579945
0.600344165283584
0.6062239465527617
0.6234177093213921
0.6316997779267663
0.6351951726514056
0.6363160361285032
0.6183669836537684
0.6285641584701152
0.6508086469063674
0.6625740691792867
0.6638727323514996
0.6670676474111407
0.6835891788568584
0.6975638483122552
0.7023436658470815
0.7028792166470583
0.6952079443573452
0.656687509833213
0.6417415844142103
0.6754245438634281
0.7077625732509908
0.704113403823844
0.708325739750403
0.725046843995671
0.7231319653684232
0.7111211664117906
0.7150838046959218
0.6819297689202871
0.6627118962638829
0.7066797141071082
0.7312804430490103
0.7496177302942539
0.7760013612316755
0.7864564277448144
0.8172542725609333
0.8201039225443479
0.7791155742406525
0.7507582549304698
0.7431197691418234
0.7179940970298612
0.69517735645085
0.6026921828103913
0.6371696757183806
0.6870612513318867
0.7037807103680488
0.714833946740746
0.7284023480344242
0.7233195378426911
0.7236861231666767
0.7392658910966514
0.7290884914193119
0.738707193892707
0.7176916156896681
0.7181957227300746
0.7371948727714853
0.73589393646481
0.7364315209064859
0.7305867042383137
0.7225359368224448
0.7300488880037272
0.7186481041020143
0.7057739389413232
0.680507859806593
0.6325217351405077
0.6638674273439072
0.7042497180886091
0.7283839325774315
0.7524709915192823
0.7997209575147084
0.8250327782625875
0.8185524096223065
0.796780670858655
0.7996501581204405
0.7686336630443951
0.7613586975904224
0.7489419890138399
0.7492006553792585
0.7452426290079037
0.7535646015970576
0.7507918441656909
0.7864392011599162
0.7658858911025437
0.7601788914595757
0.7434541721010428
0.7413310241087985
0.7498985824428369
0.7274847254813502
0.7303344612526882
0.7366028808436201
0.7292732064770931
0.7393475639613277
0.7440890343369149
0.7443075998100512
0.7472922876637006
0.7260780029646406
0.7418688385419063
0.7458571586405963
0.7305397469426795
0.7473972255455326
0.7475415815476818
0.7489486057082277
0.754670130716783
0.7376706447867162
0.757041140732721
0.7664672110243032
0.7782459803352524
0.7646761879511916
0.7508029144062167
0.7719288045674249
0.757694771799522
0.7578664213910854
0.7623951621769808
0.7587931954176804
0.742212788396187
0.7383564712632693
0.7481795670005972
0.7457348364932062
0.7618672703298778
0.7549072737437827
0.740972693367652
0.7405974908176579
0.7387546185131583
0.7366808114903237
0.7378119390464678
0.7424301944386154
0.7348068073645774
0.7381452845951508
0.737926495301832
0.7328930786723779
0.7362210785074383
0.7285801780632583
0.7368569358971442
0.74601341292897
0.7483665532414289
0.7394386720773783
0.7402366465969193
0.7465878090044159
0.7325975635579411
0.7578480545305943
0.7472039515015922
0.750005607463627
0.7474233670460002
0.7399754114848536
0.7501218559931149
0.7423157660422179
0.7375411442251304
0.7475605607570288
0.7591309983834019
0.7505867712327079
0.7489354220907793
0.7479134686066243
0.7612307294545537
0.7675043230783197
0.7585651500502569
0.7562002059729307
0.7434252642870554
0.728608002781948
0.738385856677888
0.738288056481601
0.7426813048371539
0.7463659224685644
0.7669496520786565
0.7667749434950579
0.781906707790215
0.7969648820680815
0.8171776925988584
0.8060681541494126
0.767009072345549
0.7476873540563843
0.7210328346593892
0.7036286747822762
0.6667069169015143
0.6076236182776992
0.6579141342687093
0.6727306331371696
0.6836890419418995
0.6914554987699585
0.7001964204066488
0.6894252614291843
0.6975206776253033
0.6856986879008848
0.6869274352495832
0.6946558699721567
0.6847038919304425
0.6789058706222718
0.6795001860403177
0.6748254069386244
0.6823870125447332
0.6827783798575251
0.685142661203938
0.6970875681460701
0.7048641811036916
0.7178945070160958
0.7245517286452434
0.7324617815175677
0.7276547054173789
0.7331859803213469
0.7353192877920608
0.7400739097954556
0.7460620585305527
0.7539296913853514
0.7595844081771491
0.773879194935302
0.7267364498189833
0.7166940781833154
0.7267505361090063
