0.18674276411768748
0.14354131342180765
0.013603750722406226
0.017826879097942117
0.02521572602191784
0.023153357580431622
0.03127759622844852
0.0304417950170432
0.03784850112388769
0.04482823450087479
0.05046823536025386
0.057789774698894195
0.06929292969780536
0.08081498691788239
0.09167532510790774
0.09944706836789309
0.09326032877396387
0.106028148669095
0.09627918434386616
0.10493237416762359
0.10609500864191708
0.13279329290891492
0.13200876436869677
0.19249821299946923
0.17479706095076555
0.2235930292656181
0.2295222796137886
0.2138243351972565
0.2360076176974119
0.24040749975110026
0.2497499982110713
0.2524184668382438
0.2540871530304715
0.2536879814769078
0.2636682824063677
0.257234299577846
0.2641506315062212
0.258529939731878
0.26440011589364765
0.2646162703854552
0.26673338432023597
0.2669149400568066
0.2611844182085508
0.26926377481927477
0.2711850669547649
0.26601550596634055
0.26516913702809264
0.2696863897977521
0.2687683840945748
0.27381438214714876
0.27252568763641866
0.27221185264829
0.269467690835763
0.27133212915182836
0.2680554333891811
0.26896851144385714
0.27180288163402283
0.2701385706672386
0.2731632129096812
0.271398838268256
0.2694491192230546
0.2715322565011104
0.27068588756286216
0.2734349770238917
0.2735350406985322
0.27655968294097205
0.2764027654469093
0.2766548189671142
0.2746383908054854
0.2741960652330035
0.27057217992401444
0.26946882981706144
0.27091936947035733
0.2686508877885256
0.2697542378954792
0.2682085622160447
0.2691424091072887
0.2653388194728642
0.2600061758702498
0.2611614729525182
0.2510967358123931
0.245340517479065
0.24672096491217904
0.22862703461569242
0.20922815126453626
0.21373811072960394
0.21762538223463035
0.22131500993364536
0.26034165198304854
0.2625485381514137
0.26130305349589983
0.2590394994625697
0.26392365237257615
0.26022813029865877
0.26353818061951884
0.2642708419189192
0.2558962219327774
0.2609990738047745
0.25605313942684155
0.26190722421094836
0.2578076587712644
0.25787436788769114
0.26133148040561266
0.25898264564314516
0.26347639915159404
0.2589826456431458
0.26436597794505834
0.2649504380661
0.26593022523720267
0.2569749337972229
0.2643561226480555
0.26022320265015714
0.2624867566834881
0.2603367243345472
0.21692545580786926
0.2203298091673378
0.2187120125910108
0.23084618199594745
0.221542861971304
0.2307066477408843
0.22768902409393332
0.23307633892923943
0.2389344350572465
0.23408068017878753
0.23681592564215453
0.24393768061902885
0.2443251703668869
0.23525995179626552
0.23302113449576883
0.24792713969901264
0.24570081778883254
0.24547173848805817
0.25168180987294686
0.24542860937157582
0.25500664313931076
0.25078351476377647
0.2534746114240855
0.2561175705806763
0.25242424573061983
0.25318427569716745
0.2524762526402736
0.2531694927516635
0.2564363332173072
0.25286657130309953
0.24837888442444792
0.25056587404434827
0.2503039652271411
0.24426453603925788
0.24461718643488314
0.2479545165251595
0.24160617999764766
0.23762797211095565
0.24409000811831655
0.2441571533787964
0.24218403212911307
0.24406493373175844
0.25082391345561617
0.2534029746591536
0.24793815029531097
0.25322634657108567
0.2553663376685661
0.25975131118666733
0.2570367152651481
0.24856203160436538
0.2591630623984199
0.2570749974718622
0.25763103068319254
0.2606310346831294
0.2607348870249758
0.26159111126022694
0.26304278989481894
0.26151682480938837
0.25760260377348154
0.2625189722604056
0.265433695531206
0.2604506179278539
0.25389343773535566
0.260066285156092
0.2606693168898439
0.26115864098474717
0.2612537770108867
0.2601936367591495
0.2555626763506399
0.25049810668535694
0.25565288472827824
0.24950353656875146
0.25581851853805065
0.253089139671027
0.2528556577635322
0.25550847221712497
0.254938795041587
0.25276923805309814
0.25236026703882986
0.24760953236167765
0.2521847779320559
0.24204578330448823
0.24995677568079855
0.2440901051750469
0.24002934698386005
0.23697345850933213
0.23797004805433822
0.23162717237610916
0.24271823826130892
0.2447581656841488
0.23758758157811172
0.2383606415693546
0.2391659978762479
0.25484251187515283
0.24964945162551638
0.239931924836131
0.2495531684590828
0.2451721628372437
0.24627421277714895
0.24448985706981888
0.23297255554834603
0.2248827032520352
0.22555563678914667
0.23373350182992866
0.26943926392604783
0.2675513263487715
0.26747968958384316
0.26072238204206344
0.265730097887922
0.26949611774547233
0.2628388738783326
0.2657399531849247
0.26676673887844954
0.26503457981394224
0.26780716853618086
0.26419427750548957
0.26452782308762385
0.2640040054532119
0.260317199695002
0.2688153826169958
0.2655250428901406
0.265616390249073
0.2599612938329525
0.26764532339361513
0.26282030226562303
0.2656288952319862
0.2636753875195789
0.2616195381699394
0.25604593381574897
0.26451568982803025
0.2588480884289957
0.262528827557409
0.2628525178425412
0.2583155544788759
0.25602850118433407
0.23939158545148298
0.2800286006573549
0.30172675275461297
0.28684573976559985
0.27903208063928975
