0.5402997022846596
0.34273369873869425
0.022697082248094348
0.028812049298059694
0.04912437291387004
0.04621279147166212
0.07173745151376013
0.0697513780914737
0.07708291659970978
0.10961962798184731
0.12184754506905877
0.146746729473211
0.1732365603446362
0.18907532487818787
0.26324590137876624
0.26839693109677304
0.26885596572950254
0.35583178897580703
0.25359283334277594
0.3278137722678136
0.3504486377524899
0.3874101176157404
0.4455624343583546
0.45602688178445483
0.4628380558060236
0.5235967565639612
0.4929692649931992
0.5028600755064944
0.5053188292406067
0.5227105221346536
0.5324788279546675
0.5398835160667095
0.5513210605020114
0.5645563341369518
0.571238216246597
0.5807878231046211
0.5921685137204983
0.6023507182032828
0.6066739102534578
0.6223110838030852
0.6321176718298165
0.6400773349106256
0.651310438287657
0.6581301412368764
0.6709958732045578
0.678676548808469
0.6885773812024394
0.6967832784960518
0.7033040959863089
0.7148834972507843
0.7271328393988918
0.7332657097768694
0.7351252204444331
0.7296281823532461
0.7284264615581225
0.7360421697546207
0.7443842990103214
0.7511306654555685
0.7676850191755524
0.7730384144583178
0.7742692153177084
0.7995772317712362
0.8189148124215596
0.8106965533723497
0.7957815113947339
0.7589652975852823
0.7378992577654097
0.7678091080949171
0.795613285496855
0.7934300612542035
0.7885070037041231
0.8108275150178184
0.7893755684125395
0.7723553482195661
0.7705940629747418
0.7207456439621394
0.6797397164742313
0.692035346404221
0.7442795944740503
0.7174220965343072
0.7847735230975044
0.8357378099769041
0.8432925571819122
0.8912109856567781
0.8872293427199136
0.8612687776527298
0.8462980473219286
0.8211529823263987
0.7967241656468856
0.6969985119260024
0.7287854146941457
0.7670921088751051
0.7864406186349071
0.7909298288735065
0.8046026579129414
0.8110269630814599
0.8033452040167818
0.8081401784246491
0.8012988596586316
0.8100653395042204
0.7976403498246737
0.7954336496107665
0.8061894006750279
0.8040922172174414
0.8032226709564279
0.8051997870358454
0.811344972653448
0.8143485512936748
0.7901891636882403
0.7848539303241148
0.7662741668465677
0.7268536187937316
0.7624061784379161
0.7845726559567641
0.8271009571105508
0.8546524950468551
0.8886745891521567
0.9258753206302863
0.8911264278235551
0.8308269479373048
0.7983627932610464
0.773699607775643
0.7394767978663881
0.7582437497702597
0.7737449508256462
0.7821573049823859
0.8022822273367357
0.8075245668324742
0.8440444583217754
0.8270909304353827
0.822518357289559
0.8186846690063397
0.831647926971857
0.825631912770622
0.80200113420678
0.824888222497411
0.8121470519574103
0.8003818607211347
0.8041475987278818
0.7880188398975707
0.7800669297871096
0.780838516255688
0.7802925592887587
0.7826907768506759
0.7709356241665202
0.7640083011688376
0.7643100349472282
0.7734035729126153
0.7814108202613228
0.7967179335577056
0.8133787185956415
0.817664804329576
0.8330274900657545
0.8345972997503041
0.836561340828254
0.8462368798275661
0.8257754575773953
0.8298905084903507
0.8255131181811506
0.8227606693157665
0.8215917182754287
0.8135266585639891
0.8054473219851837
0.8143996918743954
0.8165182102224312
0.8020317968600886
0.8068113339910352
0.8016886811937047
0.8121652712321681
0.8153966921839799
0.8316266881986368
0.8165925805637143
0.8057708343616071
0.8093405962758131
0.8109070407918184
0.8110354320960648
0.7986983226047052
0.7999687913154518
0.7914678026279939
0.7905954030277862
0.792017336542312
0.7907988012499751
0.782332107635902
0.7829127790897371
0.7842308008168859
0.7844549971233548
0.7827484374871893
0.7817785056130895
0.7793653047420835
0.7612122124697404
0.7696792193259975
0.7821704418027327
0.7765725544033598
0.7804762291544359
0.7849023807483355
0.7783992490257712
0.7779442845976106
0.784499865480742
0.7788745709049083
0.7870279923450533
0.8009095117003797
0.7943498092756927
0.7918891029422974
0.7715544092011279
0.7730364430692661
0.7655723946905022
0.7555750343364226
0.7431883024286234
0.7477683155403683
0.7614910337731381
0.7694185323070422
0.8081413066423706
0.8321391658491508
0.8706728665832291
0.9091170073177746
0.865390498776314
0.8360759487991979
0.8075545040085202
0.7864736022050156
0.7618962462050082
0.6987227669460523
0.7398514488939182
0.7555314474313042
0.7656535083733966
0.7794529603372299
0.778511247431854
0.7860060468970607
0.7929600910141043
0.7938551388259685
0.7891602015752498
0.7972637806399016
0.7894094546949564
0.8005119240561023
0.7933214419680014
0.7907636918432784
0.7993714479241936
0.7938490573110836
0.7934910400376723
0.7916315293701083
0.782927254923676
0.7743253335667644
0.7650681566827962
0.7733781185481805
0.7881551551319853
0.8061535333976623
0.8065860826575174
0.815388323845769
0.8184104007922126
0.832102422189041
0.8569250651336204
0.8387027571404065
0.8050031098746658
0.8069561750467681
0.8003597589780047
