0.21505702356721848
0.17082764111214754
0.017459339423588672
0.023192236151889666
0.0348287166305701
0.031649254929078156
0.04005113145717404
0.038682670549356445
0.04740124926995998
0.053808215181963236
0.05744745015307998
0.06032079681972837
0.0645281177459923
0.06868937826059159
0.0949278360662795
0.09856200519225448
0.09197437051518295
0.13734514470940262
0.07810752748167826
0.12757423621827874
0.12801286566307213
0.21412590685707997
0.22941677810646038
0.27748043567278874
0.2825520835190936
0.26846032879532994
0.30149225311727523
0.29046174348541576
0.294234142724054
0.2925858588997968
0.2977876354651394
0.3005606603314319
0.2984895755742385
0.29902995355195955
0.3022502316392348
0.3015739880152065
0.3064964231319288
0.30339142780885064
0.3052263002339092
0.3061109513788723
0.30887861245261106
0.30414758836946293
0.30598359977581696
0.30250677666389053
0.30476540304872046
0.30627772416994264
0.30719572987311977
0.3039190341104741
0.30553141890633523
0.30502731186592885
0.3052793653861332
0.3057834724265397
0.3027637578325987
0.3039239617589756
0.3027019763646734
0.3047184045263021
0.30156527169950664
0.30437121497995934
0.3033296463409319
0.3045281324740233
0.3052842930346341
0.3044712786545992
0.3049420311367937
0.3078923061896668
0.309036668927977
0.3116186397852133
0.30918065488767305
0.3075679242790887
0.3026890448303054
0.30205536402717087
0.29454499296653935
0.2936842118313208
0.2966495699022182
0.2919498265795614
0.29576038266168253
0.28850275674670006
0.2855016137654657
0.27477702003555654
0.2670339471746294
0.24937961962097507
0.24010776296056588
0.2235223397445771
0.22793602229557638
0.23862415560653324
0.2453394618902399
0.2431374128875685
0.24277052140312694
0.27214151384738505
0.2960905920386512
0.2969468162739032
0.2949068888510629
0.29353784125969734
0.29098395149944783
0.29337106846863
0.29094074164423217
0.28938142200058886
0.2888390327534673
0.28764547426887577
0.2865087696037089
0.2879926638152174
0.2910692322285835
0.2904699891620375
0.29188717425712063
0.2877925364659372
0.2899844537343405
0.2888909589243903
0.28979039301485715
0.2924333521714488
0.2911359413450119
0.29239620894602864
0.29177346661827247
0.29426064726209433
0.2940840191740254
0.2967751158343345
0.2583132128489417
0.24280751965945038
0.2424263753662682
0.2643191599009692
0.24295992538754163
0.20290630829867454
0.20049914750110368
0.21450596092938756
0.21492255240512967
0.23385738560549257
0.23513719725090915
0.24063527498482218
0.24319639350567027
0.24937982945764506
0.24275840969405613
0.2510424130766585
0.25930906112542457
0.2637012756945412
0.26261764434059254
0.26846961263957236
0.2644534492369665
0.2673552409733994
0.2656349552006957
0.26603327774938934
0.2665550269839891
0.2699176038583778
0.26684437980916575
0.26681770276746475
0.2670041262181986
0.2599820891032414
0.26039721707863295
0.25750969283851916
0.25425719336044006
0.2535963426571175
0.2543592386768443
0.2501632140998935
0.24309184155778998
0.24709511376832385
0.24672458481903614
0.24917979800471096
0.25666824482337164
0.258708261143941
0.2645421783855971
0.26756963995041255
0.27260578270598407
0.2721137363454394
0.27069822343243494
0.2745906173892096
0.27780932035113653
0.27703458817781706
0.27484759855791685
0.2764785549664885
0.27811822769076616
0.2841095193749333
0.28632493590454616
0.2846939794959745
0.28289246162913145
0.28397837910467116
0.28129599876006856
0.28313087118512564
0.2865868447217527
0.2830630230874041
0.28276018237757383
0.28140099008320957
0.28191874108782644
0.2837339029188787
0.28404773790700727
0.28421451069807363
0.2812664328690603
0.27804772990713367
0.2826316917932198
0.2808635284845887
0.27894602501630517
0.2789323810520968
0.2776808297667846
0.27858898017295836
0.27622642070755105
0.2754927011655863
0.27007434212338177
0.27277476087991154
0.27004538201288675
0.2687917142424477
0.26643944621809335
0.2648122703177273
0.2611158773893043
0.2591097406687308
0.2526273652434539
0.24899075515894845
0.2504534443898355
0.2518920064471136
0.2498099971874278
0.24902276704111515
0.251578518431411
0.2501744153041508
0.24753152815333518
0.24066155041087603
0.23309173507156308
0.23165041383954327
0.2355510654852987
0.2692437988678916
0.2567102132833627
0.2546546595059672
0.24951729133763956
0.2982990918184337
0.30175440477048093
0.30338536117905257
0.29767833859200726
0.29738421419788214
0.29849135297204216
0.29464005238535607
0.292990524364074
0.29544813911688883
0.29414466166065595
0.29548528234230853
0.29355034624261095
0.28839177953248324
0.2884016348294851
0.29064055062031074
0.29247049539686776
0.29602274394092953
0.2902304406247475
0.2933797847843375
0.28793959866299973
0.28873669111623557
0.28752077235172846
0.290383569451606
0.2877864698361406
0.28719101543679965
0.2891555174275061
0.28970662299033545
0.28603195049171826
0.2882386507056247
0.2892468647864388
0.2860270228432159
0.28381046733230614
0.2619465038696588
0.2626314883382513
0.33424202094832345
0.3068436126782663
0.3043416490889417
