0.4119038302895446
0.2624184275632402
0.01732991142612299
0.023978438977555517
0.039796029282457644
0.034060579785703024
0.050068442142878485
0.048052013981251744
0.061662904072244284
0.0739517450942957
0.08145156923247852
0.09083933094793659
0.10508281866368731
0.12184684158147857
0.15155580240729397
0.158175903049018
0.13218103590981575
0.17840196613320858
0.17490164376009149
0.16715469375021366
0.183756871525439
0.22452943251255864
0.24081011722650747
0.2664829662626372
0.26871043531311917
0.32475756118053134
0.3015106571664614
0.2967863314042183
0.2915330729710038
0.30866329175830165
0.32191642457611225
0.3290291936768924
0.3377058434526992
0.35635049168734745
0.3685201723802671
0.3822071018429099
0.38858686383156693
0.40279777751228685
0.4126475699963239
0.42023537092698454
0.44339131379126984
0.4467675749721617
0.45903252518007504
0.4681927085283637
0.4839139597574114
0.4849001379294162
0.5067060843000465
0.514096109970993
0.5318921613983524
0.5357079164123822
0.554162811477267
0.5616161642495685
0.5652471825899178
0.5686909066925061
0.5814511269445336
0.5699377177173743
0.5793349211778565
0.6013619924938509
0.5933202987198507
0.5993875340994599
0.6097804985254579
0.6232591628984159
0.6300249309662967
0.6330749872323798
0.6283378342399821
0.5797625113215202
0.5847438391082126
0.6226291419353539
0.6808979119425634
0.661385584507145
0.6613032975522252
0.6901585675289519
0.6757503878511824
0.6542271133390054
0.676735030711041
0.6467715805407235
0.638315591056751
0.6633732666360274
0.6943562163266609
0.7207111243807869
0.7271494168393161
0.7500404552348235
0.7520876978567829
0.7605883397856557
0.7227498831916408
0.6952588982030642
0.6388257306710619
0.6137872640924545
0.5810573395730351
0.517616607213633
0.5513544372020533
0.5916162125875318
0.6269717999650253
0.6309818317182078
0.6385565748378889
0.6457448792053155
0.6376023757162582
0.6494548752194781
0.6394640763723584
0.6636633839239717
0.6547414470422078
0.6503947557308212
0.6636633839239716
0.6374435914167345
0.6501776812218747
0.6414741674201283
0.641447972643914
0.6406530151269175
0.6258412715375474
0.6148341283390427
0.5846396824755785
0.5428564934572805
0.5616934115787874
0.5892196830411375
0.6362169317308701
0.6711986961116391
0.7231968804882299
0.7528563848916149
0.754454228605462
0.7569508908154172
0.7549366680366474
0.7495068704130947
0.743907569573832
0.7387380004264108
0.7460048107936198
0.7435276899809086
0.7536919919561952
0.7568940565339012
0.7531579511411743
0.7579162124237456
0.7602627921102146
0.7556657072525139
0.7321361002123944
0.7358751538432735
0.7443184117674243
0.7405517437174678
0.7438480611763889
0.7420633338677061
0.7407441944524633
0.7452193763482015
0.740943796759961
0.7234862200956671
0.73965739647795
0.7367086253291806
0.7455083062736547
0.7260449425832921
0.7329305416140339
0.7399651844907993
0.7317377155994484
0.7524961597195208
0.7449931908707109
0.7578592918271705
0.7481482660230563
0.7629148183798374
0.7539042564047816
0.7460900309828791
0.7403024547236104
0.7411970251821075
0.7279796795876039
0.7321928669461408
0.729583462439239
0.7249951739183289
0.735372036903538
0.739463221376508
0.7023972935330514
0.7206459097550084
0.7178460629906432
0.7105937105368869
0.6970922615495552
0.6870977417908343
0.687792991738026
0.6808218564597578
0.6832497945408229
0.681079179309769
0.673841609801517
0.671993057304286
0.6697569971467567
0.6869733883220891
0.6722099731822522
0.6823019123492396
0.6836345291450272
0.6727552151449157
0.6862965962740143
0.70285806575555
0.6937709183035216
0.6914437046900396
0.6960392843865362
0.6937701665271985
0.6919383767284559
0.6853067142463516
0.6914429092197092
0.6916560303828074
0.6947040564352283
0.7069237881557373
0.6992056863522916
0.7223825012245977
0.7040548448090769
0.7247103931383216
0.7202358208160355
0.7281422361469351
0.718140566562796
0.7236288901878501
0.725464783450835
0.7257596962231634
0.7422678423704926
0.7397847807530131
0.7289533153254362
0.725332037280558
0.7300210808211127
0.733784203670358
0.7407052840181754
0.7383752974004177
0.7420161502333777
0.7541289519157535
0.7388653727001256
0.6945753542744193
0.679289641497932
0.6127948020398406
0.5734739207581189
0.5685255850154353
0.5203746148718129
0.5616408820858275
0.590892156864499
0.5910136267655663
0.5979484378279241
0.6155181474499803
0.6330974891652118
0.6182949680259803
0.6292804399445551
0.6200168924480982
0.6309948802603802
0.6298089231344978
0.6257149073684894
0.6408970153307428
0.6383234807954362
0.6396377814599077
0.6350327422681685
0.6279045235033607
0.614151948564768
0.6227332364775465
0.6276504890341019
0.6222828430688719
0.6416129156871001
0.6457589878194238
0.6513678321542176
0.6556646158516679
0.6630994224618656
0.6729221863046528
0.6810667402259135
0.6762344997352111
0.7608479584339034
0.715847683204876
0.6996071869923015
0.685029715723038
