0.40497173727460534
0.26097229051666115
0.018433261533076097
0.025081789084508532
0.04049040837514255
0.03541598341285903
0.05117179224983204
0.049155364088204666
0.06402652178021562
0.0754640662155169
0.08343464283589412
0.09269884161550115
0.10624795023856787
0.12314046374071061
0.15287785147623822
0.16173800689008172
0.13432595465579864
0.18184050703842303
0.17698970868664807
0.16870036942964797
0.18540261087951315
0.22802157177077156
0.245999922009719
0.264210704072597
0.2711446397024543
0.3282801661476518
0.3043506674349687
0.2983347375082946
0.2937726027013417
0.3153431558731464
0.32330554937859923
0.3361078276962779
0.3426424683798046
0.35532152957435587
0.37001992858423666
0.37587041208919814
0.39030653566475604
0.40345073006755333
0.4152257879812557
0.4268266497077487
0.43470701795048927
0.4516630546295712
0.46372926913566226
0.4708185377087386
0.48746943917615104
0.5036959309683858
0.5065658025356129
0.5293296708339243
0.5394107824419873
0.5506231529279674
0.5499385442647148
0.5590699216954483
0.5603709396149198
0.5643889972552417
0.5604213063885384
0.5725220271438118
0.5906534222579092
0.5913555828620045
0.607080127059421
0.6131600134937462
0.6298631104145328
0.6289614898956121
0.637280513029199
0.6464224948794705
0.6163925174787316
0.5947179585725348
0.5930335538092135
0.6252677937806067
0.6828353593720057
0.6693066161966519
0.6748492297553089
0.6834368751283914
0.6904798387857503
0.6817950977517131
0.6846057292837424
0.6500211050318971
0.6434752269114753
0.6612663754740008
0.7014121310532705
0.7266043783930123
0.7335032819991837
0.747201254269683
0.7521444768876856
0.778478431162673
0.7319616160827688
0.6841323831403345
0.6397547437006842
0.6299681945396786
0.5953707634539078
0.5310732674940308
0.5580935636809099
0.6044140145559378
0.6139737524336192
0.6415752539274864
0.6338044826580055
0.6379939038068546
0.654760400952747
0.6523725579942461
0.650971584835766
0.6624491991951947
0.6585164065465776
0.6560576528124673
0.6597050373826673
0.6503039604707154
0.6537711714766172
0.6536611076397894
0.6440865316358108
0.6371464950509751
0.6281549121745584
0.6097266828389327
0.6037367472177542
0.5521748972742488
0.5735248423070071
0.5859573273890394
0.640284601996165
0.6703257581701758
0.7296515947630818
0.7667511373903737
0.7670010494896392
0.7616659252636221
0.7582830007062137
0.7529740355938686
0.7463998752320068
0.7497035049513454
0.7551395334614452
0.7562105917193516
0.7609391763007787
0.762029471614332
0.7751929292552874
0.7685205863479515
0.7633667946434829
0.744772520102588
0.765728267604552
0.7520730585337329
0.741059721356657
0.7348353761970312
0.7325121490219044
0.7354136964990807
0.7363808979485387
0.7335342878494553
0.7330161991911139
0.7369660186816742
0.7484862441085707
0.7341450190364897
0.7529512569323104
0.7369910842329408
0.7365566659055732
0.743215219381545
0.7461709471247032
0.7513714573717919
0.7521953301263791
0.7432019674760622
0.7688657977083964
0.7606071796416908
0.7603869109522621
0.7369448753307609
0.7445326577680814
0.7363332099226217
0.732815203551802
0.7465393083301314
0.727665920457698
0.7202138424332417
0.7239924980996227
0.7002936321753034
0.7075679343105569
0.7142735687959373
0.7223948485450261
0.7144510266522841
0.7190866438214153
0.7139410397240497
0.6908108987818129
0.6813662574646812
0.700274314717036
0.6734489198276733
0.6806783062209995
0.6815003315699929
0.6777591114776698
0.6804342838660663
0.684996161758027
0.706655124176159
0.7085463172198605
0.691689197075123
0.6768541452764676
0.6731451666264001
0.6858553263755311
0.6967422509433042
0.6924497679601199
0.6770486732537729
0.7099693396078538
0.6980279436135404
0.6970783144972847
0.7077734450730707
0.7075459853046714
0.7001365648946534
0.7036771405346607
0.7088361481851042
0.7049647046560398
0.718159561722472
0.7158100814089778
0.725902191352607
0.7298540264015345
0.7424047762407918
0.7425092967763324
0.7342838223726295
0.7294003104338992
0.7322346988944481
0.7365206461760812
0.7370420886871136
0.7287219393420765
0.7341160185998901
0.7442361720543609
0.7441755858804255
0.7524640334785316
0.7515939144895271
0.7434062724627875
0.6965830933398691
0.6640317381001217
0.610261675817219
0.5905486738200485
0.5582973590057263
0.5213042840415636
0.5642961624664512
0.579664048701853
0.5984365710339824
0.6157777017898777
0.6247586318782998
0.6254122037939791
0.633184654357045
0.6412380026282617
0.6342665268221557
0.6249719099475123
0.6431862643261478
0.6280608455952785
0.6528323874138963
0.6420215201735687
0.6365316340685588
0.6419320314732556
0.6370183559344
0.6411562035807987
0.6243207946897003
0.6190547113202873
0.6179557652536506
0.6363809453332848
0.658174555868374
0.6658695466295824
0.6758634449233943
0.6811018773968333
0.6766150623353862
0.6693873436540299
0.6901763757312689
0.7643660664678817
0.7067993878443525
0.6974985884130318
0.7000198270588659
