0.4850846705560468
0.31193483346733125
0.03738543258996616
0.048602148932754025
0.06894086141325352
0.06556295483567265
0.09017220812018821
0.08340337309932862
0.10236467564447704
0.12358801846554535
0.13437473947610135
0.1459561795397705
0.1622245340134734
0.17949936085898
0.21374193925070428
0.2200286735393507
0.20533008714141232
0.2605179333406018
0.23128853164401358
0.24444828951549036
0.2665481211709877
0.30283793252057
0.32735488990571865
0.354998751865407
0.3623023180602427
0.42859133563122814
0.3917100296195701
0.39572924197861786
0.4009890113446805
0.4154894802291393
0.4278734572773318
0.4342415043988466
0.4441383008032126
0.4583817885189669
0.4681550219874822
0.4913538011432178
0.501597787093927
0.50708118307048
0.5193082426246072
0.5333330313783705
0.5355610254706276
0.5422144806705609
0.5652847692419432
0.576508542363756
0.5795381122547003
0.6009818470242311
0.6135325968634887
0.6191778379826063
0.6372169114469195
0.6392098403473396
0.6537770183482254
0.6503723778474007
0.6587852800402585
0.6520082619044725
0.6487599930515382
0.653962908598176
0.6689284898864871
0.6836176267344859
0.6863313436424999
0.7070718868584226
0.7128913660557838
0.7183869738893818
0.7183443322334739
0.7338498885563733
0.7260540501202073
0.6977065399593054
0.6737347797647514
0.7167164577610136
0.7363853555992522
0.7389680045250268
0.7406753918581731
0.7474702411249486
0.7430095117684705
0.7466501299244274
0.7382938815175384
0.706552279044755
0.6903220483530967
0.7276801327794715
0.7572064884223743
0.7612324240381385
0.7709105214805186
0.7871431367840888
0.7967663984018413
0.8139995905174795
0.7690883110294346
0.7559399068058862
0.7327106691887313
0.7138080159041162
0.7043217766135944
0.6096913181574459
0.6607716772034186
0.7044479286270705
0.72284288996427
0.7278267371165698
0.727940879465871
0.7362875975840855
0.7272172721359037
0.7362788490850845
0.7347785750868138
0.7409474250106688
0.7354997473998532
0.7440695670867764
0.7399392109298544
0.7350306286070172
0.7393034913275293
0.733077956750588
0.7326308755111804
0.7272958681010403
0.7308253370612184
0.733514810094886
0.7030307435319871
0.6559443781128341
0.6791681564294484
0.7095447000115269
0.7271329385136092
0.7372553337830599
0.7643461052799296
0.8058540579911067
0.7987063510477665
0.7898576342152783
0.7758548517697068
0.7641789881097416
0.7656180891816889
0.7452727073436795
0.7454135281682814
0.7467756774052892
0.7543607741136095
0.7505218119261711
0.7587920545286883
0.7555170309481147
0.7593546875705942
0.7551315591950604
0.7515596000569924
0.74488809828613
0.7439442222667305
0.7414694553629797
0.7482005332189073
0.7520578546951905
0.7497328650066538
0.7540110846882105
0.7514825456003064
0.7451429253884968
0.7462029321513833
0.740667084962123
0.7415073791115752
0.7616811629646618
0.7488147185671388
0.7446612162092171
0.7482646784943601
0.7467494477194356
0.7561780554825844
0.7515674373591941
0.7594213966870235
0.76463522577323
0.7578440386314503
0.7435163284291172
0.763398367102088
0.7478504340188642
0.7470536882898653
0.7511437514927545
0.752188272943007
0.7256488650730394
0.7610495323396212
0.7581440504263067
0.7526632182907296
0.7563055013812822
0.749130867728732
0.7499488097572651
0.7609460466148937
0.763517929046868
0.7526681890967613
0.7607505011013924
0.7477169381000794
0.7565054567489913
0.7479356370620684
0.7484616600793389
0.7510343006813555
0.7510123847044937
0.7505082776640869
0.7494780572750754
0.7507383248760945
0.7453866749503153
0.7685056342262009
0.7434823711431896
0.7412956815958072
0.7593732246548944
0.7563518378788759
0.7584303933211531
0.7651491185837013
0.7653133275337892
0.7551606136011881
0.7461125499425917
0.7531065948582975
0.7530915414408869
0.768766383257717
0.7486354561996369
0.7505042513822198
0.7628825659989348
0.7532456396125797
0.7542167186269773
0.7724979903144935
0.758256610924866
0.7502851634499822
0.7674558631014554
0.7606371334613788
0.7629607136967146
0.7449371148033489
0.7387626591624592
0.752992165260278
0.7530190784125766
0.7519643990101169
0.7790643133741434
0.7840895425901467
0.7960871616242902
0.7977216362281658
0.7600079637005854
0.7164114128620656
0.6964454487927094
0.68211096774389
0.6730964839136058
0.6118289454474058
0.6635732610346807
0.6856114623994349
0.6968199121274771
0.7178018167449656
0.7139736166190765
0.7269133060016851
0.719198038367938
0.7312322692762909
0.736375787966922
0.7415380798524556
0.726950312244058
0.7413673168119903
0.734837078735185
0.7391558609311538
0.7385618913258338
0.7470564521642877
0.7515425548470803
0.7379316647560857
0.7346930719710939
0.7423164590451259
0.7436039160842335
0.7413990215412593
0.7404599011887886
0.7516127749113242
0.7333703032248239
0.7417713393733614
0.7509549850388814
0.7466516701663761
0.7275927774562326
0.732919900275248
0.7276875411851139
0.7366201969709018
0.722186265221295
