0.5194115488553102
0.3404194854012004
0.04480979002291905
0.05878045849217912
0.08128930563565744
0.08325653805100312
0.1095993752597111
0.10197598818567527
0.11861334572794835
0.1421445995778586
0.15581269029359826
0.1787124404497134
0.20604370345929332
0.21953741146460162
0.26438736373307103
0.2658805255043699
0.25780879351701363
0.3103130151745768
0.292876529140946
0.29653376900813166
0.3201699460878458
0.3558064798738456
0.36307263471648676
0.3858258328333128
0.3955088579241884
0.4583516765168156
0.42547972756721075
0.4375881518339846
0.42835237996408926
0.4476134388227032
0.4511137611958406
0.46838189115403855
0.47859252254653367
0.48905520745923386
0.49841454226498144
0.5127198114486612
0.5200009366248519
0.5332028557015777
0.5470373724030657
0.5581944364084526
0.5670435893849955
0.5711048726179647
0.581063450490257
0.5920635970015795
0.6012277321065482
0.6135100621957512
0.6212127441078554
0.6338646158643195
0.6518889063831281
0.6531178374207327
0.6605866708082272
0.6736480594251336
0.6726398453443186
0.6725089909524409
0.6628407488070662
0.6675346296647963
0.6823682440644853
0.7080813047393636
0.7034075864053568
0.7091173247405428
0.7205856756073147
0.7438291034624869
0.7347912668768359
0.7465976778028047
0.7320912529287298
0.6924119840050982
0.6696441165694467
0.7047826210146689
0.726367232605459
0.7234824851113966
0.7337328790156556
0.7466118809791833
0.7442809031821304
0.7421308369479929
0.7304070388950302
0.7044576088964642
0.6884192984492972
0.7239040222904303
0.741118016621178
0.7686122679295798
0.808307412306702
0.837587301767868
0.8531697089993294
0.8564124888089434
0.8211103942557256
0.8024165686714781
0.7823155915197453
0.7605956443534726
0.729911669587861
0.6507348366514333
0.6793465114757403
0.7271482150297983
0.7518832717494321
0.7528767437319713
0.7628913540335515
0.7609754790574892
0.7662945304966516
0.7738266169445519
0.7765006913311748
0.7686305046420479
0.7681849236031429
0.7729739404870116
0.7701428257632691
0.7702327078842979
0.7727566213958121
0.7678068516178729
0.7648781008218293
0.7622464535080793
0.7533841062388014
0.7482365992094111
0.7261400009489812
0.6699115928131938
0.7099809826299185
0.7446725865041716
0.7697876926408836
0.7896422929519796
0.8329764546271495
0.8586021103631573
0.8577287006352818
0.8321887447902188
0.820736320352683
0.7994877533970072
0.7668609049134953
0.7599252684935464
0.7617074329923602
0.7618617900516244
0.7696066411417086
0.7828102768245271
0.7922965189302835
0.793546807392182
0.7721223789561982
0.7624632111403341
0.7565424594047295
0.7633740700070538
0.7645186090446274
0.7407915624418921
0.7488936376440247
0.7582996649482744
0.7632268828457384
0.7652598636488922
0.7589492144692693
0.7582171239518564
0.7565034697982086
0.7643145319887341
0.7661405992003546
0.7447023878291874
0.7692157008567444
0.7611542178824144
0.7581717379195805
0.7669387516824596
0.7744089310741431
0.7703344932412609
0.7843768098222865
0.8011818255739616
0.7966565510172899
0.7895132970856799
0.7917351886381016
0.7836479401887472
0.7915816685484205
0.7939726236196972
0.7842568604829374
0.7969103480960805
0.7872108597186196
0.7861032484856944
0.7767262545305295
0.796599716010525
0.7858275800579594
0.7777569397629411
0.7915634434607798
0.7824384245871403
0.7706832646554984
0.7858860129041758
0.7927414134147369
0.7895549260297305
0.7804476447441853
0.7868050546119253
0.7849885702719939
0.7740528385965065
0.7909737790083641
0.7781890183593537
0.7772092311882511
0.7764507763470485
0.7813621603039345
0.7755453076429738
0.7776962396420282
0.7795828702207434
0.7824270068101842
0.7823841219632965
0.7780008101682205
0.7903256250374044
0.7997533820381026
0.7934308877749302
0.7911103910244461
0.7719747044468138
0.7802568676820413
0.7758388854184514
0.7874139593564249
0.7894797927838834
0.7946367615092658
0.7895594096479467
0.7994568050808832
0.7887211403248058
0.792603735866117
0.7653764836038887
0.7558384686404832
0.7422357307291262
0.7466448698188923
0.7597677770488998
0.7576360507357445
0.7670903971758322
0.80329081473142
0.8127963899708208
0.8373697583059369
0.8542265782359968
0.8433073118388278
0.8104418462922715
0.7851016342354595
0.7539454150981636
0.7431048692992043
0.7134173773655658
0.6425523584087492
0.6837343578319797
0.7104206595689386
0.7237956128411149
0.7223756097226924
0.7177137860604461
0.7128276676177303
0.7209259654156723
0.7178503553729112
0.711176907399736
0.7178945695984291
0.7176758706364389
0.7117227355999006
0.7191716918097236
0.7149929405217483
0.7225135334964998
0.7270567382326248
0.743272771931281
0.7419272236011264
0.7643310349477537
0.7696016667039633
0.7614079744358859
0.7727445002860774
0.7787097969613946
0.7693837023665684
0.7600571963649102
0.7759083383773893
0.7824413699011752
0.7795495615148363
0.7929268582008027
0.8150840233663587
0.7625915109988458
0.7543886666130786
0.7647598014894479
