0.4446310771864829
0.28761362514302913
0.030202154326652318
0.03988025176902949
0.05919816444706863
0.05554092457986312
0.07605732339099927
0.07464013829591529
0.08951622363643023
0.10442566353515909
0.11384677980883237
0.12588849495918267
0.14171101291258675
0.1609337895644855
0.19146675904862764
0.19792994219628318
0.18010464004547078
0.23153948009380745
0.20762282258415699
0.21980667228306025
0.23809779926757565
0.2738249679826594
0.29611066908373224
0.3213740139048131
0.3250361814205173
0.38922568732459795
0.3465854325549737
0.3588359913703066
0.35073199651707626
0.3705354446228152
0.3823251062529597
0.39616455060294686
0.40448231676966606
0.41334247218350595
0.4240003567969866
0.4309342924268371
0.45147911814768243
0.45705765015037586
0.4718670263744616
0.4793969496044332
0.4949958409473452
0.4999467029737795
0.5154756297338395
0.5251203726180039
0.5355798020642805
0.5532979156681048
0.5661936578298449
0.5669580015053812
0.5834272860895349
0.5911566396454313
0.6035349262102684
0.6123579538051735
0.6067509948927688
0.6108142961205391
0.6149106891776441
0.618190557322871
0.6173765908540613
0.6381211488539293
0.6448445842702388
0.6522203340285386
0.6690828438464709
0.6844857306253956
0.6810730344246213
0.699378022609833
0.6877932067696668
0.6546165265790533
0.6385060889170124
0.6690673318441049
0.6968820851290477
0.7037606102180347
0.7076633237961578
0.7212115155634646
0.7170337737266492
0.7057128198353033
0.7048754926223537
0.6788157193693918
0.639712093866021
0.691203350635679
0.7230832304260871
0.7344882286452519
0.7506460848271465
0.7732806837132968
0.7945248381394269
0.796540505704815
0.7707893855447688
0.7441604958060014
0.7100304439068987
0.6887332942990588
0.6667223248543716
0.5651470450588929
0.6130034829643018
0.6610814931377842
0.6762094624384769
0.6848918816864337
0.6915585558160766
0.6993066035848945
0.7109007624248748
0.6995619739533122
0.7037566014323509
0.70190930714655
0.7015003361322799
0.6991367184243082
0.7110783699000185
0.7157173495625514
0.694263922380535
0.7093884413036545
0.6996192123927555
0.6903400923355051
0.6836933955533403
0.6891451857247012
0.6543094026504993
0.6079676860214537
0.6418332779721686
0.6698993422344369
0.7021849481323611
0.7358931255660892
0.7629790149796885
0.8143303449712964
0.8013098004103436
0.791598348409751
0.7836911365416467
0.7632414468469394
0.7536918399889122
0.7543179266808259
0.7476841087258103
0.7457945878641848
0.7508159341173447
0.7593528339565047
0.7776405262455419
0.7674259923522999
0.7697846392542458
0.764842393061454
0.7381377188414919
0.7507378360195696
0.7314578115691184
0.7317695644334188
0.7422321604483935
0.7565310678846722
0.7544117567260323
0.7415903817538607
0.7357910424630447
0.7434607156296607
0.7417711729318714
0.7340969179294762
0.7278305177669485
0.7503126298381089
0.7569747931947511
0.7469521055680094
0.7494934985043461
0.7555705132646255
0.7617962695525982
0.7740407691277837
0.7712693139889304
0.7832064725265939
0.7650882834532686
0.7648498792951837
0.7590374810795565
0.7568489019723829
0.7564706861543474
0.7322586122425381
0.7402759004267322
0.737192256575891
0.7385936908142361
0.7363311005395645
0.7302209470500465
0.7227480975998879
0.734858771673546
0.7145572913161947
0.738654503201372
0.714550780840556
0.7318309714786216
0.7289136377902431
0.7206957352647118
0.7215186049417514
0.7234398970772392
0.7255635219448682
0.7182829946826923
0.7188133232499523
0.7227587016202132
0.7268625967943845
0.7225159054829953
0.7352255922447184
0.7368321993419654
0.7320460017804689
0.7178941857196338
0.7357000743666354
0.7170343810096236
0.7213008650196503
0.7323877780305108
0.7237499006198151
0.7517411980666063
0.726730044385999
0.7266337612195655
0.7371342581889957
0.7404230120586818
0.741316192131293
0.74081264959551
0.7494949486888792
0.7541768503748322
0.75692758907386
0.7719063142204101
0.7593987742363668
0.7587870997414257
0.7540582150874823
0.7531912954880602
0.7474468589555024
0.7555124827042904
0.735040590074112
0.7331782600841745
0.7332684684618134
0.7488909479636672
0.7709336877165704
0.7811541744060666
0.7948181937783095
0.7984487759746084
0.7394184895883398
0.7238682841681472
0.6834800046574038
0.6638184903514469
0.6336030709326063
0.5720685114505257
0.6151061356587225
0.643043414666462
0.6627598029566053
0.6809103447020285
0.6696899400999319
0.683732825531212
0.6919816421156118
0.6987633638504851
0.691817004622806
0.702843559451837
0.6985460638867325
0.7120246117406358
0.7001037291014934
0.6930419223948073
0.7105003244052828
0.7136178151186785
0.7069565579985068
0.7046880763166731
0.7086396822202398
0.7050426788001052
0.6986332383511216
0.7050364420071021
0.7065591308217147
0.7076249512581224
0.7079562221005599
0.7146298498729751
0.7174022329755849
0.7177310937182776
0.7349583615055063
0.7242601759063328
0.6897953819953825
0.7051895127576252
0.6927678940995848
