0.47605215226183395
0.30962688209619577
0.033148973879650705
0.04415966731342129
0.06713831000209057
0.06323719972961027
0.08637770836523692
0.08488615608058526
0.09775292548643656
0.11727738611527619
0.13056467481887088
0.14254901110801255
0.15741365786717704
0.1785205915881477
0.20631362263742353
0.21715105315167252
0.19810357821849064
0.2501180477960971
0.22977599095143614
0.2351090692644994
0.26237353425992094
0.29587420326935765
0.32636458499680837
0.3501784484071586
0.3591413979202786
0.4146079553105736
0.3857070812163005
0.39356887784632705
0.38975472048505827
0.41102727985680176
0.4235063929311306
0.42536590359869353
0.44291944163531005
0.4552799194222896
0.4705600481285674
0.4728334574589026
0.4874574892792121
0.4897593255192556
0.507189300620021
0.5159926022144374
0.529458013392717
0.5370863281152511
0.5495752964865831
0.5642993919815343
0.5687461469675619
0.5838032630028658
0.6041676719684338
0.6087429175388139
0.6212034590004338
0.6333118832672086
0.6371025413672666
0.6394893125237237
0.63369208155904
0.6451296259943425
0.6450503311562715
0.6412586148136488
0.6526311223146003
0.6796765653314394
0.6817591567633204
0.6932579473260843
0.6957489780681197
0.7134086407211522
0.7188778583045494
0.7232320311848532
0.7177850732513636
0.6925062659195713
0.6655060751304226
0.7015325264337101
0.7197481253044183
0.7242944884502385
0.7304894869678364
0.7375954999472648
0.7312247222589462
0.7283445837704949
0.727101557423573
0.6948076550938693
0.6726607656246225
0.7140222173856069
0.7463735182623668
0.7572049856816769
0.7715953637550791
0.7764655214902427
0.79887302301375
0.8029002392586648
0.7646575437287821
0.7417814620111318
0.7270387517459431
0.7100573469962984
0.6905844331878529
0.6042874927408348
0.6408976020740303
0.6928012963146679
0.7070217996003296
0.7177905463030348
0.7184044542327152
0.7260668223863938
0.7224518463212395
0.7229080023344746
0.7288102264718732
0.7244054574263467
0.7391586714564577
0.7326052799311646
0.7317150095122508
0.7256286667353647
0.7226559488142704
0.7252501315285498
0.7320809062998409
0.7209668344278934
0.7277977948798271
0.707214110451801
0.6958259385571115
0.6316033042026349
0.6628734242910106
0.6980297673141386
0.7263757908669195
0.728622509598641
0.7629119199291259
0.8118965433299988
0.794636596486723
0.7898349938812134
0.7759544480021423
0.7543490473191053
0.7565623555225924
0.7482609763901189
0.7381320036432174
0.7456993382253992
0.750879971178056
0.7555011570282957
0.7550746726438827
0.7593022036261381
0.7532294198800387
0.7578440058996991
0.7467802319072222
0.7559048545813379
0.7407162148818407
0.7420710503096882
0.7469223737032666
0.7574626604675726
0.7483334632051649
0.7473263962646405
0.7577349577825598
0.7473572077862718
0.7405020627571016
0.7395889847024258
0.7577938712055736
0.7462726724830072
0.7334033184317847
0.7436294020421
0.7561783893679518
0.7427521240034062
0.7343160756095434
0.7567248146046759
0.7566378616934608
0.7583814674983186
0.752406204390278
0.7458608167508466
0.7557191571173519
0.7478008597281037
0.7534553853622413
0.7615227270333086
0.7523691388507892
0.746296803372057
0.7627141617852895
0.7493738812785592
0.7433555875443649
0.760024607924869
0.7495980537352288
0.7534215413517196
0.7450314259902291
0.742595895231541
0.7306045229677679
0.737282450738058
0.7368129149230945
0.7386882667787273
0.7495265681474844
0.7496403646840629
0.7273982245066878
0.749465137748031
0.7305611237327587
0.7416938123666785
0.7324296135870682
0.7392968401004913
0.7413311482493844
0.7568983572161606
0.7417129162686548
0.7511027167833083
0.749902558468137
0.749566261656969
0.7414700345790015
0.7605874532906474
0.7575751844459797
0.7473723777102873
0.7536633272175929
0.7410348212334883
0.744724284067256
0.7498178056840348
0.7496709173181191
0.7428874090538805
0.7591307713133526
0.7617350870440264
0.7534989867703855
0.7661350173387784
0.7424521122085458
0.7497806778650992
0.7377981472468889
0.7526337988970309
0.7412388503774332
0.7474409052310611
0.7454659466492354
0.748414528715636
0.7597638827681013
0.7698229798298781
0.7917724938218899
0.7926636990572259
0.7879831412867918
0.7402955674931477
0.7167501082842085
0.6935628701644626
0.681057589541575
0.6602088929785446
0.5997198587398304
0.6493794415623017
0.6750373658571258
0.6953265138345427
0.6947390105709461
0.7039311588217239
0.7189017127656392
0.7157722969218312
0.713704496736612
0.728187087483387
0.7251254077533352
0.7125154402871323
0.7117562797414905
0.7404391673036202
0.7305702188679792
0.7475529407477601
0.7306624452404165
0.7282919276293465
0.7290480881899586
0.7344203277232453
0.729148513225965
0.7300838530702279
0.7379081775021972
0.7197020535274309
0.7356021038054994
0.7436504365707223
0.7380143315142755
0.7313453881864804
0.7304627633374755
0.7361485065411353
0.720338919120989
0.7236369936762436
0.7042232117378223
0.721798269533573
