0.4452034929456584
0.29203021661653283
0.029133305918206884
0.03710388253858232
0.05760444016164606
0.05432774439899664
0.07419077674880335
0.07145154258477558
0.08689351643362321
0.10217857278840688
0.11302180180566469
0.12569118693227263
0.13940214069790757
0.1556904834849993
0.1856230709213002
0.19826402913819435
0.18106753594493835
0.2376609427034004
0.21500455279476832
0.2163883833316299
0.23842203091248546
0.276064425133261
0.3007940970229409
0.3254483434804735
0.32901537497003636
0.38971934144648357
0.35575768635412963
0.36199231524278996
0.35811144876509543
0.3726168452980546
0.3898281214368285
0.3984695778886798
0.4116479977041958
0.42167821234141645
0.4271714636149736
0.43521367700027674
0.44807826182766297
0.46116154561704115
0.469422457964335
0.48300984879411835
0.49206027626023924
0.5050610097451208
0.5176194176575216
0.5271291590244847
0.5432207188264537
0.5473662245459964
0.5558469829955749
0.5663193439762199
0.5872482247494405
0.5928226096268097
0.6041734566322916
0.6078391350958143
0.6146779346995249
0.6130685930462189
0.6083298758914
0.6062297934425075
0.6272597083842809
0.648940119397552
0.6481145936738784
0.6536452030774478
0.6654069449213508
0.6918767077206347
0.6923346391282107
0.6890979690434574
0.6838683403779722
0.6575654460905366
0.6412176628891517
0.6688386027016624
0.6989996722868456
0.706351159543517
0.7095684730621915
0.7208288732524841
0.7237234330993505
0.7036429356627457
0.7072980549467874
0.6691943654752734
0.6531949282891025
0.6794133387776318
0.7252416185124448
0.7333958015656532
0.7515449985976272
0.7636772091215918
0.7893776629149954
0.7926433198873091
0.7624326386247399
0.7272290408667647
0.7186183356488268
0.686473827351904
0.6654317761480868
0.5791605547141101
0.6112120305250754
0.6540224444630075
0.6820188408718841
0.6874368456793294
0.6975995640520798
0.6899481891742468
0.7038405435542394
0.6947745739224086
0.7156116585737965
0.712243856775406
0.7095614764308058
0.7075450482691766
0.7132520708562207
0.7117975012125286
0.6995685184547764
0.7029892469674888
0.6881820705582562
0.6953880243750561
0.6857676070640414
0.6847296481261974
0.6493569905149902
0.6051740126399636
0.6326756186618688
0.6711398121175616
0.7014995292405775
0.7239306269142347
0.7648251315097855
0.8129347642849991
0.799579511058149
0.7776045687078493
0.7607912611460492
0.750770901805828
0.7474225692782545
0.757458858704272
0.7447469629844174
0.7403002968961184
0.7568088773384269
0.7651608689178648
0.7737952893950867
0.7821067684491438
0.7677708980759678
0.758367009110448
0.7452152876971674
0.7419314029331352
0.7486643021565867
0.7414816260668399
0.7362699053067651
0.7417730144501476
0.7333955751416324
0.7387171259756202
0.7426735067831771
0.7384061103098624
0.7413071952026288
0.7392262551484351
0.7288499010484337
0.7364388258868053
0.7432447959740864
0.7429815004998099
0.745291083710727
0.7448144094664949
0.7510079561968678
0.7627888557711026
0.7758138258828469
0.7711511912572048
0.7645100590500327
0.767620557468406
0.7596904948070143
0.7594727010608314
0.7384809505335073
0.7465598315373375
0.7458616663502674
0.7329664913952425
0.7458440980883271
0.7360807724998296
0.7326237001570993
0.7459091795155605
0.7232123041633108
0.7213304413748314
0.7242130948479858
0.7142985608555213
0.7136983566031374
0.7189462371883169
0.7101163184865356
0.7108440521374344
0.7130173977931269
0.7113224626927709
0.7106094518829433
0.7294183298720793
0.7274019017104448
0.7119627183906752
0.7235905348782549
0.729006074598087
0.706045291092284
0.7190220002741725
0.7094038402186671
0.7174478436471746
0.7386372306159147
0.7082926528095155
0.7349969478136239
0.7276214463300754
0.7333015758568687
0.7335977863391301
0.735256271273113
0.7411043281001564
0.7428018521444079
0.7319045886300971
0.7445330156011686
0.7569419943496881
0.7602920147559308
0.7505780497623654
0.7713678722243925
0.7716532803028081
0.7510154476863478
0.7638825455067034
0.7486927582778773
0.7581676907252605
0.7574269366422626
0.7359156639902664
0.7414799380892405
0.7504226438075783
0.7496392034775483
0.7633536937798922
0.776693958737975
0.7938138346255345
0.7992031548102501
0.7385000443039098
0.7206526204106485
0.6787156794603839
0.6625717513879165
0.635584185835256
0.5656254966507205
0.5981929175583031
0.621649201931365
0.6418621669005337
0.6403973006996359
0.6566872939813567
0.6603329729600936
0.660903860052514
0.6574049318961832
0.6629248711580766
0.6758648331936323
0.6724880737563423
0.6827423198846642
0.6941230105005425
0.6921066705242985
0.6965359121401791
0.6930414853267782
0.6979624117938923
0.6927819372659009
0.6899408977182206
0.6933664156003405
0.7096858253904599
0.7097444630262613
0.7126370688531471
0.7138205949980193
0.7082831638120693
0.7124158131570539
0.723933988340411
0.7049708137907493
0.7264513816883053
0.7471773570657699
0.6931812328497797
0.6951186244293233
0.7143747950086201
