0.17527751763638372
0.13363067050489907
0.01881094272073074
0.025010133625831578
0.036236802160545034
0.036029016738121734
0.04580098256893175
0.04334222883482122
0.055610126345228834
0.06669633274835093
0.0675785215897322
0.0696056761105986
0.06761671797049505
0.06980191783905292
0.08050971467467062
0.08753264729406345
0.07427974260700901
0.10649408113215743
0.0730893790309036
0.09964493864858877
0.0977219864770836
0.17736830362891043
0.19812003009504425
0.20275838240182983
0.2409470324341873
0.21862301538872925
0.23247378050072193
0.24522842555207283
0.2463782409806661
0.2476802322092821
0.24454504889668435
0.24691421635166896
0.24592078521635805
0.245036134071395
0.248274547627327
0.2505714562188718
0.25103728105256434
0.25013898594339284
0.252873292458918
0.2524025399767245
0.25148946192204913
0.2528164386394944
0.25162780780340466
0.250115486682184
0.25196514205274584
0.2518082245586819
0.2526310942357201
0.25263109423572083
0.2516228801549063
0.25137575428320424
0.251375754283204
0.2520652057273878
0.25061959372259346
0.25011548668218614
0.25162780780340804
0.2508716472427971
0.2501154866821857
0.2498634331619821
0.2513757542832039
0.2511237007630006
0.25149931721905466
0.251627807803407
0.2538962894852395
0.25452395946149775
0.2537677989008873
0.25578422706251575
0.25578422706251563
0.25377272654938904
0.25338285218961243
0.2510860051337925
0.243578650766535
0.2412362605402665
0.24194535616758897
0.23926366477536132
0.24047614608329537
0.23457071873405763
0.23225420625197593
0.22657555463087378
0.22556236214185618
0.22889916719034753
0.21721451768773356
0.2024823328153622
0.1872987602612356
0.18782454224239017
0.19419265420006637
0.20763981431127104
0.2025190985055433
0.2410688478832678
0.24156423860796794
0.2393859653037735
0.24408970145850528
0.24560695022822812
0.241260258916841
0.24332861324939342
0.23630939689040711
0.2350540569378897
0.23980971926354516
0.23993820984789727
0.2415740939049703
0.24192128345131308
0.23690863995695272
0.23801199006390628
0.24100327774813615
0.23977143705683004
0.234863784885612
0.24304813281947749
0.2376363736078516
0.23660844893303248
0.24077965113764518
0.2402236179263148
0.2436238766248126
0.24000491896432471
0.2422252631424399
0.2446358793728333
0.219965146430545
0.2041558635658939
0.19778331034854796
0.19607906811054662
0.18427324894557934
0.17130563889706607
0.17991048526331294
0.20433793085060406
0.19694808683075243
0.20494618224756123
0.20382023400828092
0.1947703467166127
0.20894885903374136
0.2007508375824692
0.2021676799808953
0.21498059029660282
0.21166197957088198
0.2268078386383671
0.22473561489987956
0.22504953878574022
0.22144949670110947
0.22248587241687304
0.2231675560857898
0.22137179895117107
0.22040970272374527
0.22156744421011015
0.21633220138690776
0.22213953433376282
0.21853641246343408
0.2171583804295706
0.2124984680695679
0.2109671156893723
0.214804183308147
0.2186688399889219
0.21444950567850116
0.20922895676091324
0.2140492118072024
0.2098364003419235
0.21820403351897302
0.21454504278130873
0.21821170180146066
0.22427515385874
0.21686835742056726
0.22142723676109577
0.22763458588034147
0.2287045814290814
0.23628968629640126
0.2318861411655904
0.22835739188274012
0.2354815995648684
0.2336319441943079
0.23192442337230654
0.23277079231055486
0.23831483077373813
0.23727818978321072
0.23816284092817447
0.24230561622307584
0.23620933321576704
0.23662815952703894
0.23922412016120834
0.24184850770509092
0.24345596485245138
0.23818747917068286
0.23883485974094562
0.2389201404700806
0.24182500844387958
0.2403077596741567
0.24062159466228553
0.24165444698560676
0.23404091520857606
0.23722247494508306
0.23980971926354616
0.23328475464796503
0.23627604233219346
0.2362896862964017
0.2300501297592381
0.23628968629640135
0.23834439666474497
0.24114048464819496
0.23474893826546747
0.23859645018494777
0.22994134976888853
0.22630813420467932
0.22198432005599156
0.22805384833566356
0.21631381859585253
0.21876704338734293
0.22072678287961361
0.2174988481527951
0.21591259598605653
0.21573621713434518
0.21369858756537616
0.20756483532186992
0.20832811010117966
0.20275145343008383
0.2005621927093725
0.2004870908216944
0.1933632342080416
0.18787161000693753
0.19456643558667744
0.2021363860810013
0.20542599037635825
0.2120070142925589
0.2567257320268992
0.25725826597701906
0.2553938276609534
0.2575004642002201
0.2546759493070562
0.2531488452403317
0.2541237047629329
0.2526310942357164
0.25081858209057306
0.2504331103375167
0.24806949262954472
0.2503194026986677
0.25060973842558576
0.250020350656042
0.24979179639704907
0.24854024511173856
0.24576765638949963
0.24875894407372867
0.24525483303338447
0.2459727113872808
0.2486304534893763
0.2480842755750482
0.2444368910048481
0.24586772006413932
0.24201035284765546
0.24233404313278725
0.24497321362217359
0.2410317046578489
0.24078457878614667
0.23906227501864122
0.23938103765527138
0.23321690655024147
0.22002543204743719
0.2058381534262398
0.26315556061633766
0.2672501984075228
0.26113420480621125
