0.4568625976082193
0.30454617720546007
0.03397822254941989
0.04433229405543723
0.06654950272227057
0.06278419529455972
0.08603568114439576
0.08356197788111731
0.09511928393966809
0.11419289006837739
0.1284582937609975
0.1422643835527724
0.15776804853821522
0.17562354827115526
0.20765722106611018
0.21261248569926225
0.19841652154772182
0.25387383758053
0.22297448483880308
0.23924487811169495
0.2604321567543003
0.29420300659360427
0.31330389249174
0.34197735130832446
0.35512734421412656
0.40472731183740096
0.3801818453702216
0.3881808489003097
0.38539840488106597
0.3994478318773361
0.4126596062510657
0.42489652110219367
0.432658254057582
0.4426600417850909
0.45259512039617195
0.4634766316201436
0.4733499287632994
0.4927345505577657
0.4892440834816291
0.512129027649235
0.5189683522947289
0.5224118208484417
0.5416110982391322
0.5482361265293534
0.5622942698413321
0.5762638769577494
0.5856281394119971
0.589979758371887
0.6046830850302687
0.6176996597032194
0.6329305926632169
0.6263695430647789
0.6394763261153669
0.636480110782637
0.6318093833733939
0.6361044943265818
0.6512578046305896
0.6687320542445868
0.6591001150507205
0.6752002715835705
0.6993080365059233
0.7057926212344603
0.7125266134088961
0.7148422931132111
0.7225085668837088
0.6757011824106773
0.6612811181610166
0.6905654199988329
0.7241240401839144
0.7309783670441194
0.7315370741347528
0.7262059787114556
0.7293712010137169
0.7232888162923088
0.7271092214145481
0.6822970716982996
0.6555154345624585
0.7062114344843452
0.7366617175648704
0.7417296608058871
0.7666036429198547
0.7870611710764679
0.7876001643677025
0.7998086293650424
0.762227521904132
0.7346814116501734
0.7323906911228301
0.6986088172118813
0.6805192883275324
0.5986366027625035
0.6303885761947666
0.6843937794045338
0.6969387462078734
0.7180390206340472
0.708676779916983
0.7279755114210931
0.7129775089844138
0.7125546123222378
0.7241137788889895
0.727917768811961
0.7242321020350457
0.7254923696360642
0.7344711603372545
0.7191344899528428
0.7207772424628184
0.7155790112065983
0.7149169625149744
0.7066729397156094
0.7045850480371161
0.7069226955569063
0.6684526261637819
0.6210398091158644
0.6577662845154199
0.6873583775001226
0.7122576031939283
0.7415323663964893
0.7752854622686476
0.804038357571154
0.7989996078170799
0.796656758945679
0.7809107165079743
0.7657317097188997
0.7466621603841844
0.7320263441698018
0.7380654275449612
0.7371598409797676
0.7391221680997448
0.7523352184378178
0.7660578735136827
0.7591532492049615
0.7638739351953366
0.760682110387185
0.7594834504229389
0.7323956061259431
0.7497873649736448
0.7290982901751877
0.7377151002255342
0.730103013235118
0.7300509981664666
0.7371446706127524
0.7414986741845591
0.7497027327124299
0.739784789086439
0.7336473142187103
0.7445796044733148
0.7455986493988881
0.7488625802108339
0.7562520654519946
0.7370479493105323
0.7551743370474249
0.7619090234299887
0.7445210415172102
0.7657582075315462
0.7707183998132016
0.7532623824146399
0.7524757769495172
0.7538486866993322
0.7555654333301826
0.7505231025104119
0.7315579147638009
0.7474493797888231
0.7443349982405006
0.733333704588883
0.7608956904713069
0.7532137982001642
0.7380194523207249
0.745567585555164
0.746981515183823
0.7292734234606635
0.729513547363667
0.7378450463923257
0.7413909072625713
0.7515353337760333
0.7500847941227349
0.7422711349964216
0.7387927286001482
0.741464276497294
0.7421700941713278
0.7500171078558531
0.7434078396615876
0.7422427080867072
0.7514182817730274
0.7217328410128117
0.7432000750435618
0.7231422447757248
0.7385760563140379
0.75208740777218
0.728106038336519
0.7316549211558945
0.7529744582456706
0.7397341061740861
0.7349429601596906
0.7419293470022452
0.7294732310914204
0.756329100928916
0.7390450408849198
0.756121993575031
0.746704368322239
0.7467780618215623
0.7537386011440275
0.7672531041803549
0.7637844641833528
0.7538402481030158
0.7481197325867847
0.7434586583014088
0.7423177226220606
0.7374729101613312
0.7323809155034992
0.7535322965513088
0.7494177607780632
0.7675868177797457
0.7627590418137761
0.7810605572960768
0.8067092104366783
0.795851402638785
0.7345502291338943
0.7149415078158688
0.6959347568587526
0.6765672760034276
0.6506470563834773
0.5879217925371151
0.6278145105909086
0.6596234133342309
0.663567368694388
0.6584299019964254
0.6686476057165888
0.6684327254384
0.681141562440115
0.6891317140259579
0.6842796664952071
0.709055701251875
0.7014656687360551
0.7049726056563842
0.694968654154801
0.7128654296370147
0.7138118622499053
0.7150996651017348
0.7113280503479099
0.7150137171248258
0.7155696600048256
0.7234679174740472
0.7191308118992753
0.7243073272120839
0.7261926106170569
0.724288154942877
0.7417727942757243
0.7348352422610811
0.7388399811343122
0.7489972779563597
0.7359209769592204
0.7257763048142801
0.6986603499803066
0.7052928007892182
0.7291705437637979
