0.4387683813024027
0.28367203543997804
0.027550398115622696
0.03568281987856521
0.05457318992962738
0.050787459478068175
0.07166090313255254
0.06696209462631897
0.08241885142067176
0.09830807849050362
0.10549899528905914
0.11833515320673511
0.13256499695828233
0.1499479735366216
0.17933438305859598
0.1904345932445575
0.16838616271820744
0.22711577190694568
0.2040504109840467
0.20379835746383715
0.2295127441731072
0.26748261734621825
0.2857638890337425
0.31885453694534666
0.3228256118006785
0.37944858445015067
0.34843614616810453
0.35803767919705115
0.3493344412772738
0.3692948068770758
0.3785305787469717
0.3872004621085343
0.4012536777720115
0.4111220472666674
0.427073055804423
0.4278007894553215
0.43979330885939005
0.45444251212298714
0.4664142626904857
0.4714821767199231
0.4910073497786042
0.4972895911292016
0.5095177978236224
0.5200149844348307
0.5345758180865335
0.5462685811771354
0.5574918292571642
0.5637450978518737
0.5814505218458155
0.5942909031411495
0.6045926954160353
0.6099660965845866
0.6083919939954403
0.6079893338805665
0.6131909420126692
0.6173486686863153
0.6316200069504871
0.6477199854902431
0.6394699320070871
0.6473476186501085
0.6600337823854252
0.6843214563154478
0.6887753170355964
0.6840382578495579
0.6811956003739799
0.6523015193931017
0.6381252707353773
0.6744859716606078
0.7089737015459284
0.7054225862962041
0.7154987258087284
0.7307226949544622
0.7126255701125158
0.7037345995806119
0.720719052529972
0.6710166014776694
0.6676439783122702
0.6804547538150214
0.7258437299545598
0.7305530509895085
0.751936969966937
0.7747010937671224
0.7775647408966334
0.7903820227217748
0.7605309374981332
0.7257307818118074
0.7036878407447443
0.6795593311377833
0.6577088820332604
0.5709595348784013
0.5996873062801773
0.6493040856915198
0.6685912066720735
0.6910632291262099
0.6891878035213478
0.6858650232419331
0.6883117404030282
0.6970678399566798
0.698678803592012
0.7041808847611065
0.6974372211835352
0.6988877608368316
0.707709634043957
0.6969144289505862
0.7052286886293315
0.6917453536597393
0.6959379339839445
0.6892742739235059
0.6862742122423424
0.6666032054201559
0.6511351694493716
0.5922615226407646
0.6304395596320302
0.6658947478387985
0.6941728900455828
0.7224163474421518
0.7744905154863992
0.8225606285832746
0.8038240818537035
0.7817063910153335
0.7696586010761894
0.7550914230753009
0.7559192204008389
0.7453439749895846
0.7657856557895536
0.7539561286683457
0.767299515603998
0.7766974784291861
0.7886935087810714
0.7634253824457409
0.7665101569181053
0.7645951785512042
0.7395156288554814
0.7613135331759592
0.7478023309032691
0.7457684469653795
0.744111171973224
0.741719129928364
0.7449087838820677
0.741341752392502
0.745751986251623
0.7521375467432849
0.7492529281504484
0.7397497866140631
0.7514442233203397
0.7387376455334231
0.7618559827107951
0.7555418194672864
0.7635425840771802
0.7548935336812147
0.7523104350544777
0.7577598975318298
0.7857198247983154
0.7794659200261005
0.7647396327052003
0.765112134431172
0.75019965282349
0.7498063699705304
0.7583605879861639
0.7316527388377354
0.7382795307805895
0.7341248258684868
0.7381784510283161
0.7421496673643974
0.7141776570649179
0.7292260181117849
0.7214586472239961
0.7253275500785602
0.7158778054281241
0.7131778459200945
0.7170280882642172
0.7305062570631156
0.7253415821144086
0.7268539032356275
0.727386437185746
0.7264429142265577
0.7285902463777572
0.7377024553118012
0.7237394480259618
0.7321010868800467
0.7312831448515102
0.7143517270441371
0.7175863046439235
0.7256565087948839
0.7317729525957398
0.7265617148803027
0.7375660780438772
0.7181464782316661
0.7335051996915167
0.7289429329444495
0.7286902286952394
0.7436081640718318
0.7390689049939736
0.7563224780674597
0.7434970922086029
0.7475288902892974
0.7376529171973198
0.7386298042008168
0.7460191015318356
0.7612567628563555
0.7606579336958683
0.7713726721287737
0.7615088163765591
0.7535189256700172
0.7598391476166951
0.7516829193714668
0.7619138848900799
0.738474195230234
0.7507930464463461
0.7454097141444329
0.7536307610006672
0.7703070538349629
0.7842317789140882
0.7953323805108196
0.7934151263566673
0.7272113842230172
0.7146349113621749
0.6702016260965299
0.6492057559141207
0.6234963733455439
0.5590680125365477
0.6041965937072938
0.6337942104278845
0.6512691077602885
0.6575660788351654
0.6887856777114784
0.6813407363580676
0.6788393837336267
0.6812037282356678
0.6852207669628894
0.6934114593703762
0.6892794102269886
0.6788228898522741
0.7056552303849398
0.7098457573152591
0.7058129009919981
0.6993755113861433
0.6980471925997647
0.6993123878492851
0.6977977791728747
0.6984034489310291
0.7092883126781548
0.7124482833591459
0.7048711128507575
0.6903522176844518
0.7050920501828654
0.7090031187121819
0.7209623471130121
0.712417445032599
0.7107773814721943
0.7529471051728218
0.6843479378010324
0.7029100227955296
0.6871173014692566
