0.43894694808013907
0.2839957257251101
0.02764553414176269
0.03534055798072435
0.05523914211260106
0.051072867556486566
0.07178939371690501
0.06734756637937639
0.08151070101449721
0.09780889909859711
0.10811959416573576
0.11629029813539306
0.12935008266355924
0.1509463323204332
0.1818166360539159
0.1883798828762128
0.16966992958043633
0.21870286971408587
0.19986063716672345
0.20848731067306417
0.22645967502094938
0.2597504502818357
0.2878618092573028
0.3054771287618421
0.3139233855129143
0.3764091592622012
0.34298117710126136
0.34846457307781104
0.341121666433693
0.3633690853280367
0.3725047935232915
0.38189748288725306
0.3866531452129074
0.39720603850324543
0.4117633612071291
0.41929161225502415
0.43634104325123196
0.45115041947531953
0.4573074257079888
0.4679396138363988
0.4805882301264372
0.49048502653080384
0.507621410438225
0.5145772620449391
0.5286348803151353
0.5395955071481197
0.5429977838414186
0.5577937034893543
0.5726770802858961
0.5866736159610972
0.5895470031409519
0.5967439515707743
0.5963016259982937
0.5967913013038301
0.6007040671463354
0.60501393144441
0.614996823328665
0.6306636719054262
0.6374790379039509
0.6434243273292705
0.6582844969663518
0.6772992531889419
0.6820314610770654
0.6877004199058989
0.6740062459939244
0.6369785412118056
0.6249054379758942
0.6652638740047051
0.691575638524888
0.7040619413768777
0.703085380851828
0.7174558678618552
0.7007504557111945
0.6961380144504741
0.6962637547393835
0.6751890244697148
0.6389140645316216
0.6821636361635043
0.7134732275710244
0.7400164940801186
0.7510153405921768
0.7676198558048369
0.7843360364423522
0.782127223158795
0.7534974118795961
0.7307208079489532
0.7004130109382355
0.6708504603266853
0.6444387963708235
0.5604484363858947
0.5991831531355498
0.6467969163333599
0.670590376839329
0.6832811238686568
0.6749041329627866
0.6870740693446038
0.6939816143052914
0.6884880092301036
0.6888288364105107
0.7025515511945155
0.7026007469407959
0.7038943691000271
0.700535123032886
0.6846915138058933
0.695921124251861
0.6924692931840701
0.6963340506400008
0.6807360743223019
0.6796572385596688
0.6714701003357919
0.6430002723422378
0.5974582078411332
0.6224984436749847
0.6491189433036042
0.6955310210757375
0.7175513949290668
0.7436491141981545
0.7975984659762564
0.7866988650238302
0.775092985317507
0.7582534480698496
0.7618773333788398
0.7472817284682403
0.7413746674296445
0.7420611476844051
0.7398265168069643
0.757970535854214
0.766792793366784
0.7811303534682047
0.7682487607745558
0.7610314195124469
0.7473955250048236
0.7483343807788383
0.7391981236333858
0.7382253582685863
0.7408864303729162
0.7344231583275266
0.732564776067369
0.7312760815566376
0.7459471118993708
0.7452910150134003
0.7379847183939215
0.7347326796066699
0.7399224843898781
0.7339928852759046
0.7432761047405989
0.7471716652660688
0.7489667836258936
0.7502850521866299
0.753821903492298
0.7592493319104168
0.7581952664474759
0.7750795760303013
0.7712308266391972
0.771126726974957
0.760015436665763
0.7469546769788782
0.7577170200680973
0.7281107337567339
0.7241933332238124
0.7259069182607175
0.7404639875438023
0.7422251067188048
0.7147683357116856
0.7330015033452675
0.721677752833322
0.7301162075323306
0.7087267821120449
0.7250221192649858
0.7143963299381169
0.7233495130519695
0.7334314566115072
0.7134788171781814
0.7119047145890347
0.7199086457676229
0.7128455071235812
0.7093912077670251
0.7146559047815874
0.7219479434973505
0.7158553664205168
0.7175295326843066
0.7271321157968217
0.7210934198431681
0.717700819217813
0.7187506793226464
0.7142487843080598
0.7148972231208865
0.7122907516414144
0.7378293668399517
0.7235666519631859
0.7219598151139847
0.7277874701787865
0.7175152773837349
0.7456879114437853
0.736276322052611
0.7433550241653325
0.7301954093120373
0.7335629647624125
0.7553003066687527
0.747483976266964
0.7767584907135324
0.7748705531362552
0.7535666153100626
0.7617350629066958
0.746053034533834
0.7388322644171436
0.7331776041450757
0.7459126706675308
0.742777308125875
0.7472984303014711
0.759143016653971
0.7513770153039655
0.7670737730976586
0.7840715636948299
0.7764722132142062
0.7363146042593208
0.6875132913028027
0.669430017376834
0.6432125016672967
0.6227899646862729
0.563846222636278
0.5972985014001164
0.6145869544300324
0.6273576983175462
0.6304184555594395
0.6500072689117721
0.659742895829959
0.6534164327035274
0.6590879160279057
0.6670801002436099
0.6649674206858549
0.6812395764721569
0.660018308858901
0.6846370035343571
0.6802756132811641
0.6907204390109926
0.683142376843707
0.7043969380706966
0.7001120282272374
0.6977207795392159
0.701707252420067
0.7030647710987534
0.7024572398716489
0.6964625216509971
0.6981829326149097
0.7030401619135664
0.7123253464560972
0.7136552887324009
0.7155278188939987
0.7073554196034781
0.7606277778503515
0.6820333202231532
0.7001677563786638
0.6994318133641679
