0.4230749856147853
0.2736499380633292
0.021048932761250597
0.028643892925572255
0.046007158909909585
0.04046198146543247
0.05753983937134937
0.05587060075606419
0.0702710059658819
0.08325422608061875
0.09069226875087617
0.10005160355662159
0.11398125628424349
0.131729994021637
0.15836731408258756
0.16804541152496935
0.1423495964283929
0.18638080660724388
0.1813031261785526
0.17674372179624773
0.19050554349024287
0.2374636265174768
0.2475430369009749
0.267754751750137
0.27432531083285816
0.3359427633500449
0.30727539340124166
0.3007448998430406
0.2946753715633671
0.3186967508357528
0.32489765854908653
0.3396249191791334
0.3497878477783677
0.35948696953871
0.36590746787293504
0.38034967348477355
0.3964399745947515
0.40660113437115647
0.41321424776078947
0.43695143606498293
0.4422037833013965
0.44588033214696043
0.47271784470582956
0.475800327782373
0.48733456531655406
0.5005153715382862
0.5136403435673047
0.5151633469690445
0.5302835885785915
0.5399096099413265
0.5558796937609675
0.5535790829407633
0.5714729537781482
0.5601087387801987
0.5549443539167056
0.5653024129693484
0.57114584843415
0.5834633440232313
0.5997540460747538
0.5968694853359693
0.6072170720044566
0.6225620755199771
0.6213298195628885
0.6347326896417567
0.6290845669208146
0.5956430838570154
0.5887026807017607
0.6178277563078118
0.66228899463125
0.6634022820770488
0.6713572061870444
0.6661373569507228
0.656245376890441
0.6615250589484875
0.6709335593338834
0.6442891867405635
0.613443344195706
0.6409756425663459
0.6787022696905927
0.7050284533741545
0.7225758141598885
0.710943025714364
0.7332188484754159
0.7436216429837494
0.7060313244898959
0.6638588852701147
0.638377779763602
0.6059710105674824
0.5885855396414148
0.5138552911710897
0.5490990849788681
0.5884226464917548
0.6020841294396668
0.6202302641248449
0.6287906300617675
0.6321773027056626
0.6457892402715505
0.6452875856811474
0.647289043509213
0.6424394326621431
0.6494302221114161
0.6509758977908512
0.6418117626858849
0.6540070106017147
0.6393618641321129
0.6464860039761546
0.6448913906405046
0.6233344425260613
0.6086820201947216
0.6040669461280913
0.6019002072476256
0.5450906946289831
0.5742207733879618
0.6090345103143651
0.6111569207767831
0.6586268683185058
0.6930258049930599
0.7480687732914089
0.7446844337948728
0.7427867256869092
0.7371147298401552
0.7308084641865639
0.7305613383148618
0.7374033933849974
0.7381137434026238
0.7307958477399703
0.7333319342873807
0.7398477741401027
0.7347441625493216
0.7304190295113198
0.7411236580468762
0.7412971913970628
0.7235797717961241
0.7307791328317921
0.727108607858841
0.7098606969430408
0.704690424958374
0.7211772685663801
0.7219721474777576
0.7081994122441957
0.7107441577036832
0.7103446448291022
0.7149905363700976
0.723490345355843
0.7257247600496205
0.7285202080909657
0.7207758165241516
0.7323550621072792
0.7393431211319147
0.7226602223492158
0.7397137500387159
0.7381747131255767
0.7464659263139596
0.7385611392329586
0.7378177378091667
0.7267988059276655
0.7254328110714561
0.7311558635443478
0.7202766371322459
0.7074789512464518
0.7009809074166395
0.7047596092271613
0.6998688716426745
0.6962537587009334
0.6810610692908112
0.696247525709401
0.6875169641782811
0.6721078198458655
0.682555838628941
0.6850794601366926
0.6831263967273354
0.6797058104990662
0.6766156341986374
0.6754204035319712
0.6804248639114054
0.6826858536689603
0.6765124088992188
0.6834687855477121
0.6829580786767281
0.6825445604543989
0.6811803516138035
0.6779685343608398
0.690880606560143
0.6907549352981621
0.6797784227707951
0.6783369398500926
0.6985520893947395
0.6941824512599877
0.6956700904549195
0.703493942176982
0.7079107518795417
0.6956014462248553
0.718443492577048
0.7155192114881719
0.7128670163113949
0.7140857244172586
0.7113337533254727
0.7188555244831926
0.7123078596742083
0.7286630249732176
0.7388437279890075
0.7344068282999824
0.7253863292105701
0.7276010991439166
0.7333182982807208
0.7151725271179598
0.7232325107884036
0.7309676592579688
0.7217799359940601
0.7152212710075394
0.724585354232728
0.7309949885516254
0.7257481507199289
0.736240375622171
0.7428530528677506
0.6661925182521673
0.630171298673336
0.6110155778432692
0.5812954379267427
0.5601019242926579
0.5186308701694474
0.5611939057789943
0.5908799464822888
0.6073892891721048
0.6115913279877624
0.610139865945721
0.6244861284138365
0.6371826917605374
0.6465936405360461
0.6361896554559974
0.6448106844450436
0.6360513940334129
0.6572695248329877
0.6363555935889385
0.6607840809550795
0.6535764313095581
0.6409873992635845
0.6448686246135278
0.6506658555782093
0.6436128223146537
0.6374356735667629
0.6452773721812763
0.6616153786196483
0.6582277751697261
0.6695741904059836
0.6736376172689552
0.6540582510855363
0.645402933679483
0.6495227760363588
0.6654755110331434
0.732513639499473
0.6743021819933793
0.6509458628850944
0.6636650058287551
