0.26583362992865467
0.19831819431258
0.013106783050585458
0.017139639373842507
0.025961512580967794
0.02268481681832286
0.03049847594463171
0.029490261863818205
0.03730392099012825
0.04310115195481065
0.04688195475786459
0.05167097164173273
0.06043106338093312
0.07278661351941125
0.09871477154216869
0.10431407238142992
0.07924486901856564
0.1235827893131893
0.12167206490454205
0.10971491805349012
0.12655621781455034
0.16442876471124876
0.17945523649845804
0.19636514785072634
0.2007020286297752
0.22965016704917868
0.22401910296541958
0.22494843481002988
0.21966998456047473
0.23834390101173605
0.2401802164367559
0.2443301500842241
0.25565790207597583
0.2559208428688363
0.26081238397158846
0.26571367853937117
0.2692147598456137
0.2736719324468409
0.27930247446206463
0.28749449433188756
0.2946680262512712
0.30205738876766597
0.3155052386685466
0.32301756014889255
0.33431404646312
0.35663217642854933
0.35970826984263404
0.39124447922144584
0.40160487438385395
0.4045262693862823
0.40215389295493026
0.4027199637535128
0.40999180952330494
0.4191436693557281
0.4181398580857699
0.42635865766210784
0.44414394469342955
0.43093547428216794
0.4281744209157596
0.43196844213858643
0.4245061703897881
0.41811899380793943
0.42968491267709535
0.41105552759078334
0.39001184401448863
0.3517907724265826
0.4095593875628068
0.4299233133227724
0.4433538238339791
0.42846737211322034
0.4250381275329379
0.41291734758875037
0.4278191862481756
0.4199419300326884
0.431956353216306
0.4645929210772095
0.4700217921584759
0.4690195639687271
0.47322747325470754
0.4712963258222146
0.4665937286487786
0.4665467301263561
0.4650158373924271
0.4645398114490111
0.4327657195737702
0.4090833662706966
0.3866561608361812
0.3580754708236929
0.3293217721813855
0.33585324030578756
0.40170867044492853
0.4072350812234022
0.42559537947138054
0.4153276808199151
0.42910135485280365
0.4452489993113291
0.4381329482595781
0.4344139811786312
0.43862309200760347
0.4330083928497257
0.4282657664687602
0.4284203547988493
0.4324446126675229
0.4383111027504528
0.4348417238390609
0.4363119740863619
0.44481811232019725
0.42920186139689614
0.42609575949706513
0.42945642758953373
0.42734095441581554
0.3982403811958254
0.33443674634107623
0.346504181247824
0.3655095514356438
0.40671620738729675
0.41811991060921444
0.44958785871842255
0.4591849060568079
0.4565745082898555
0.4572639597340411
0.4548385605581441
0.45634595403086453
0.44830374064555956
0.4473758796453786
0.44649122850041806
0.4438941288849542
0.44828781871876233
0.446518516428834
0.44204333453309624
0.45093684450514954
0.45619661387121146
0.4623743889404501
0.45708126501617435
0.46008733564590715
0.46271892880088056
0.46020710991455216
0.4642240443110113
0.46022454254596756
0.46191955838505533
0.4600354094749847
0.4583748871754056
0.45771879028943513
0.4610621951685085
0.45754822883116075
0.45304575900700594
0.45431967057223155
0.44370499581396855
0.44159722029340776
0.4501719676288322
0.4518177069829062
0.4477552847686416
0.4396622841937104
0.43759279087986175
0.44060265017680145
0.4430231217041986
0.4452631764763183
0.4502041832057484
0.45231081974501675
0.45161151300383034
0.45929175389728616
0.4589210650897334
0.44878699811066597
0.4482692471060499
0.45760508265058597
0.4495158707428586
0.44645901292349693
0.4552092493656956
0.4431008250989203
0.4384839447986735
0.4393685959436374
0.44515017167470944
0.4462352003585467
0.44232097932263975
0.44528384009715655
0.44325993981684436
0.434628063809809
0.4448470642716878
0.4377074515455468
0.4336570818521425
0.4430876172787646
0.442164683927087
0.4339601892551648
0.4391816764145122
0.44475035312020356
0.44675692598482863
0.44364700301324794
0.43258621401529823
0.4381783899821989
0.44435616505143877
0.4347929142292051
0.4383402351247658
0.4392915953861557
0.4465060114459193
0.44016639123411566
0.44413253844094575
0.4391433942077977
0.44109804090150173
0.42971242263712395
0.42410167505751245
0.4201355278506824
0.423616139629815
0.43169170757333425
0.43832659116055783
0.44333316802512096
0.44612925600857295
0.45042402114903546
0.44475528076870513
0.4492403179614473
0.45381556353182634
0.4526887141636611
0.4563842362375803
0.4577680667744479
0.4612809748692287
0.4426171410823602
0.4087972674783475
0.405812345469783
0.37605108912926816
0.35711105554496914
0.4064085587211112
0.40158944770914334
0.41620869871184496
0.42160523783646026
0.41917976641617555
0.418165512041597
0.4294691884093547
0.4370550238835471
0.43827449415941366
0.43636828917336734
0.44131378884084593
0.4365996362701815
0.4389206927059976
0.43764008568706453
0.4344485193426427
0.4350321071755806
0.4259856461721269
0.4364770970818632
0.43531258760549446
0.4266119830536317
0.4165031845745805
0.422843765972221
0.429756682575907
0.42130971482859636
0.44742786189244305
0.43252363265340527
0.43396877387059773
0.43556212442514913
0.4365190831560918
0.432654579660998
0.3725842981705939
0.499076417178124
0.48358137817706365
0.468306177119283
0.44330966876391026
