0.3786502280840815
0.24582566078197096
0.02537212481142888
0.03202065236286096
0.04648283904060398
0.042702036237547245
0.05640806235468227
0.05489574123346132
0.0669943102032323
0.07657234397096797
0.08186546789524263
0.08892296646094282
0.10051742839030685
0.11438037200150272
0.1372270339623894
0.14425117796987486
0.12153300659333882
0.16435860576673778
0.16439196032495307
0.15254051722688403
0.16918097720882302
0.2065811732063909
0.22104335988413223
0.2408113451055277
0.2448157745190736
0.2998715707457993
0.2758796820235992
0.26249331020199596
0.2628417372199602
0.2815249231427177
0.29018662338935514
0.29514514348893284
0.3085299528305827
0.3155555762341803
0.327783435849385
0.33931698716533226
0.35200143025673925
0.35935551443579666
0.3640068902922363
0.3808104435341656
0.3874293861475964
0.40298737761809766
0.4119086211906691
0.41661935192417054
0.42801125894504044
0.42669841391003027
0.4363031326702115
0.44281396804517126
0.45143668355438205
0.46043796783301344
0.46259438865169383
0.4602728815198528
0.4680566207834347
0.46634541694119613
0.4748474905036138
0.47547381287603324
0.47950281335423656
0.4853328132609528
0.49541163081464296
0.49403691357290863
0.5079193905177825
0.5241100845071729
0.5291680195229166
0.5253862078163682
0.5018930176658559
0.4701196594638125
0.48504572208668295
0.5133164907990139
0.5482450491377063
0.5592367660999801
0.5595358440266175
0.5645880121424549
0.5628245179069624
0.5695536089872272
0.543997202459069
0.53531639015154
0.5359322569584818
0.5773591160463903
0.6006940960856312
0.6381195884192842
0.6372332893760142
0.6462614406012122
0.6489667451576179
0.6464601911851592
0.6196984446874457
0.5847276962609315
0.5648545478409265
0.536566450641169
0.4826222904412355
0.4323755730286155
0.4622314463164105
0.502167289637946
0.5226561011513324
0.5402391968249713
0.550725195214131
0.5455064960480519
0.5485134656250077
0.5604404846174913
0.5540001523776885
0.5565322775332137
0.5604491800878004
0.5608581511020685
0.5577925451342319
0.5541475442182042
0.5641489382257766
0.5544091088866479
0.5460308042155924
0.5399984243321175
0.5312135452958697
0.5278652288785947
0.49014755117540776
0.466654414048881
0.4624079018596019
0.5153717786929561
0.5332924860270618
0.5672194154260807
0.6096880931488993
0.6417273517680206
0.6510249051058435
0.6506262255326327
0.6474500295886783
0.6387134371106884
0.6319304330838358
0.6244019318463463
0.6280546802091008
0.6259480436698347
0.6292247394324845
0.6346982801120352
0.6208069095911251
0.620092819904436
0.6225242857101283
0.6228130463116984
0.6282075341837742
0.6271710445041564
0.6291756342573689
0.6230753207007772
0.6289234834405978
0.6202929821371005
0.6208024462446621
0.6242990490891744
0.6250746786015519
0.6352233436169068
0.6242190348560243
0.624726334801158
0.6204991412327898
0.622549325453135
0.6156434152324948
0.6237203886649014
0.623185310244599
0.6277609919590313
0.6156854861064166
0.6273083749454949
0.6175252861799765
0.6180676754270991
0.6221054593988576
0.6194996434676852
0.6149866155092851
0.6263230380273799
0.6261654984348042
0.6168270837765361
0.6258464872820156
0.6206320788998486
0.6169225949671474
0.6156797031160025
0.6124913977696457
0.5995200247007726
0.6074908608104905
0.6070074250278387
0.5948370674430523
0.60695564429977
0.5937188131043366
0.5921166890108996
0.5905254661065574
0.5875614317071952
0.5835417888842496
0.5803716926315247
0.5762653771475346
0.5892789564726687
0.5850801589862569
0.596160139216589
0.5728618179421343
0.5712797587560623
0.579888809190141
0.5820042641550348
0.5863922143749295
0.583543848727675
0.5724171142445242
0.5782485610293265
0.5779616738370481
0.5854593423601575
0.5879480702111788
0.5832300066257898
0.5904000589646459
0.5992781985362323
0.5825422010276519
0.5831418802382498
0.5867412162024629
0.5937136199934864
0.5909584639026624
0.5863312921613595
0.589294152935877
0.5813285039640027
0.5867118362659166
0.6025589924618242
0.5963626457798763
0.6051713111668471
0.6129614710319478
0.5984321390937234
0.616226736372244
0.6238884056529933
0.6292354670175938
0.627256448774572
0.6406152853453633
0.6494223756069862
0.6375816600940215
0.5959529556103618
0.570682564081299
0.5240199053658874
0.4757539632451146
0.44842217402433465
0.4856831878024522
0.5085632169674211
0.527195117892429
0.5316654461805502
0.5622425283705056
0.5734407071210023
0.5761066126019052
0.5607179354448903
0.5606019088278862
0.5673516857412334
0.5736416023527539
0.5835918831664485
0.5841241063906009
0.5715149250921484
0.5787182218191762
0.5675544107703434
0.5674304577385438
0.5701625209821035
0.5751296910028084
0.5724674167108574
0.5720519941041635
0.5547307559057197
0.5461573687833161
0.5661865040003875
0.5727579926516376
0.5787986384090891
0.5626291713335154
0.5583621867815233
0.53831063080252
0.5721055440351825
0.6823091075021035
0.6409373034484214
0.623794871236754
0.6022107946805443
