0.34767534391805255
0.2319184398259026
0.019693529134090903
0.025238706578568727
0.038345489629155474
0.03355647274529057
0.04666325579587083
0.04489888115444858
0.05598923604340258
0.06531521629093451
0.07060834021520938
0.07741378526070548
0.08784311561519097
0.10129708821212091
0.12571785276215677
0.1318956278313949
0.10854485883009705
0.14828403429312825
0.14976792850463905
0.1379449123162823
0.15254051722687959
0.19144545252486309
0.20524134120690857
0.22500622398863412
0.2299785464770858
0.2862760552381163
0.2580357592431445
0.2475253807948849
0.24941019639459194
0.2639177357444481
0.27673084150071153
0.28101846821190674
0.29365838398175803
0.30285751311033027
0.30826651622582546
0.3188698311498662
0.33631832460575034
0.33826678631136425
0.3479733959922519
0.3553126983341302
0.3675400619961445
0.37299355273416246
0.37737111834212433
0.3870179760288505
0.3882529503571147
0.38956639170294066
0.3957906993127868
0.40641786309732075
0.41263234292476797
0.42247910233719516
0.41750614266998504
0.42659274894810345
0.4332825942122857
0.4430461617782214
0.4293174509482375
0.44533205092543604
0.4692743788373635
0.487882488254964
0.4747404583723853
0.50558336083454
0.5099631051728243
0.49405532273556035
0.5011721958034556
0.4785983418020456
0.4693641122939143
0.4225240734722232
0.4671934214869267
0.5252755005139237
0.5408148079820629
0.5352970877098835
0.528051849403022
0.5250410381244632
0.5323765386569184
0.5072035964584213
0.5055132286229786
0.511506885600807
0.5240356550692252
0.5695203098208836
0.5764765354866389
0.5726912531975642
0.5834340449578252
0.5803238799556505
0.5870686017757879
0.5801210221817289
0.5458766731175978
0.5166086434015777
0.4980613933089465
0.462651387956026
0.4292220231513549
0.3905199726963622
0.43493420607001704
0.5023962812762228
0.5128806314249739
0.5169386400904348
0.5255607391027859
0.512737768849215
0.5216522430294622
0.5361709676143039
0.5300234406993025
0.5197222565500433
0.5202355815387742
0.5244095141680284
0.518714042469229
0.5290614902410149
0.5342052281519747
0.5229313777875785
0.5171885115343136
0.5226404222623234
0.5075139744685137
0.49570425887214936
0.4845945413076798
0.4214320298795735
0.4275732190576767
0.4443078784832671
0.485334903489888
0.5056164259573807
0.5342009954120887
0.5686080523142912
0.5737776133027169
0.5771395897945014
0.5732537956683067
0.5735342760982222
0.5678890349791031
0.5613974249217332
0.5625007750286889
0.5622487215084833
0.5678890349791044
0.5586199085509962
0.5544634892918873
0.5608451803776114
0.5588003253062714
0.5593749301303109
0.5761772352548165
0.5562180086363082
0.5702007265161525
0.5638342545199825
0.5653309204075946
0.5640710889506294
0.5662632564086265
0.5647934588089752
0.567646650801443
0.5665105682347876
0.5606412643611238
0.5656407000353284
0.5724839911434866
0.5617889633045879
0.5606473309909185
0.5615160602090847
0.5651596561120799
0.5562142199691026
0.558486490318142
0.5631519442661589
0.5535602665342146
0.5593093599951792
0.5626910470809687
0.5609884539074681
0.552889386702741
0.5560944457004581
0.5685686311262861
0.5640798052663375
0.5536990485596218
0.5626772171622997
0.5584380616442369
0.5503012372745754
0.5527670269833171
0.55127541046353
0.5415395343328795
0.546177486240033
0.548101322845706
0.5474210155537658
0.5453082069291361
0.5378936967300405
0.5474464355132096
0.5403353469933458
0.5376174329523831
0.5406126870992782
0.5399484154972208
0.5363764217156054
0.5360552049401217
0.5292854435254912
0.5356195417599166
0.5340238690066285
0.5362935881600852
0.5234186494784627
0.528833228012459
0.5352271329109111
0.5257794478640626
0.5373615989239721
0.5254019090363362
0.5288884985475366
0.5244187693420812
0.5392516448273791
0.5369827270014937
0.5323741268729012
0.5386891088422003
0.538722463400413
0.5430013066140773
0.5345080513405849
0.5265177641262039
0.5333429197657071
0.5325299053856698
0.5252055703542626
0.5356114014475387
0.5414753415286496
0.5419040231369235
0.5439018796858427
0.5486908965697102
0.553703540064069
0.5621005203301287
0.5642170121663979
0.5665237760549459
0.5657933927181343
0.5690306672927713
0.5682843620291621
0.5582492197434402
0.5340831420815132
0.4948904557019803
0.46924376669412143
0.44285151951981844
0.41056193465299046
0.48593325663331216
0.501954931718692
0.5134080359578918
0.5009121985990257
0.5119884086225006
0.511919257265472
0.5241267744746392
0.5366455000244565
0.5249842366968742
0.5327350407421383
0.526553589335177
0.521416013254614
0.5205391678658116
0.5353682290661559
0.5334874240417906
0.5236137863777122
0.529173183462772
0.5291136954086317
0.5315515576316974
0.5318813564823686
0.526664148776816
0.5094773732602798
0.5054916755563187
0.5213406845969615
0.5310924626566524
0.5263053142626133
0.5281011145041347
0.5240136922107526
0.4944517747289701
0.5142976224033349
0.6267520624006937
0.5862555792367569
0.5608597692096601
0.5463614086513298
