0.36362710041034285
0.235426250290214
0.023255632975157602
0.02914799996597903
0.04351505061758294
0.038978087253917514
0.05183281678430065
0.050320495663079876
0.061158797031832884
0.07023272375916144
0.07552584768343608
0.08258334624913628
0.0926654870572789
0.10652843066847568
0.12871406809489053
0.13658950868912667
0.11484619683519154
0.1549325618445642
0.15471386288257516
0.14468857589385706
0.15899877272603788
0.19700754204537219
0.21145714300147053
0.23090143793773396
0.23643570184264684
0.2905044681647858
0.2691331087923279
0.2560084665588707
0.2504258985665757
0.2715792768047927
0.28233873885032373
0.29095649600751156
0.2985283162802547
0.30675127867665114
0.3199416561612467
0.3316109222292492
0.3374651654380225
0.3491090835499792
0.35699406998153166
0.37661905358255837
0.37814901731753453
0.3842672841668097
0.39838511852462394
0.41395451798609484
0.41691989777951405
0.4279128602317318
0.42880640783075497
0.4343962083702339
0.44521227298840627
0.44992471431638165
0.45603462186487126
0.4634255317297159
0.465823664962452
0.45764151178202284
0.46536447600512953
0.4773908403342897
0.48870794374070414
0.49844369420637835
0.5030069257928905
0.5156662932381668
0.5226357799692762
0.5284214310056434
0.5208097319722781
0.5111644762070948
0.4992171193651083
0.4613944104859232
0.479017994273236
0.5233449339183864
0.5556571217901499
0.5680244565436037
0.5569451022174887
0.5819030118197687
0.5487161835292962
0.5471489236165475
0.5447510298238702
0.5272815446680609
0.5423186359426804
0.6005619566272332
0.6059298408306024
0.6194637807418069
0.6383070643238927
0.6315607290168708
0.6479990650860906
0.6421146324541975
0.6166081631074664
0.5892863501794788
0.5478381913102595
0.5206020181809236
0.4611307553532415
0.4286594458049497
0.4645083300704903
0.49369512623207784
0.5221841185184952
0.5248096603621709
0.5369981971504416
0.5561936576706404
0.5582026003157536
0.5565766020600845
0.5415367704712105
0.5517175590904463
0.5522456872680862
0.5523408232942256
0.5497011309288176
0.5471650141273623
0.5601923042541481
0.5668100704144459
0.5505282456209443
0.538594115259157
0.5352313453517522
0.5230357209981105
0.4998740248197432
0.4597913081947835
0.45085749037791867
0.492198259104936
0.5138108564411075
0.5623245909432726
0.6022933081871689
0.6361783792554677
0.6332204461294496
0.6348048401596534
0.6386857066373497
0.6336704297750766
0.631463729561169
0.6177261099656277
0.6170404471886494
0.6226337621368466
0.6129840916041841
0.6154045631315794
0.6101732206752294
0.6248491786664638
0.6204369172199441
0.628207366491041
0.6176022721775903
0.6103677012207683
0.6192908825393943
0.6202586976885278
0.6180818217142204
0.6162769813328584
0.619151763248617
0.6232175100678878
0.6195724197782758
0.6249662309093013
0.6159327223931269
0.6152430209991879
0.6213029967521957
0.6129856320859798
0.6140787253954282
0.6152153411628652
0.6207227614424126
0.6083437120427249
0.6227004712532735
0.6101027228915963
0.6025449059526949
0.6034629116558702
0.6100447300908757
0.6091229357204931
0.612461849095119
0.6127750619847371
0.612072499777126
0.6173268707070872
0.5987686309710754
0.6062417003816238
0.5971443023112304
0.609459821420226
0.610811764250483
0.602082505598001
0.5952144588615808
0.588775188881196
0.5906096568515395
0.5858418737683907
0.5877754107322615
0.570244114096817
0.5906326745887217
0.5830393393175344
0.5848149997957997
0.5853646474322919
0.5757955154550102
0.5714629060218996
0.5850095994875429
0.5713087274455905
0.5717110048120909
0.5771821221381364
0.5753041509935852
0.5684265387976356
0.5811230790010297
0.5665972386398304
0.5724096067615779
0.5789829227534842
0.578708621282848
0.5795838602400996
0.5875210543841141
0.5697950190667543
0.5906351163220168
0.5716338579544793
0.5770568681195574
0.5921519026116561
0.5870306732404074
0.5856960384498201
0.5843909858682376
0.5714843301669307
0.5827600294596662
0.570694815048105
0.5834828354620638
0.5824806880110464
0.5989358035892092
0.5901340771201404
0.6035699142484131
0.6058233627951479
0.6160602238734966
0.6151628010524308
0.6220916230793226
0.6253029346612943
0.6312599994991436
0.6330915194010468
0.627461933515535
0.59751709128591
0.5615600520930185
0.5226348913451669
0.47179196493730285
0.44183436551572686
0.4777562246106527
0.495430948911844
0.5121500227648081
0.541461826163571
0.5485390574263762
0.5666767946069956
0.5587481389391219
0.5705276326515583
0.5679758778908907
0.5642316883128837
0.5798899869741805
0.5676319840265885
0.5647064153298555
0.5573317992753455
0.5757497789438752
0.5700139555825187
0.576251357613543
0.5728950963435043
0.5744876987528723
0.5767885793090929
0.5655782920629563
0.5539891587747486
0.5490749882063977
0.55971061859503
0.5821684294081116
0.5649782341391821
0.5621017743590454
0.5540652957651768
0.5414178513125368
0.5633314546215157
0.6821331758504078
0.6245051114526712
0.6145756994044786
0.5979447862690481
