0.4493370268830687
0.29234861568884185
0.03352593750945108
0.0431624972786893
0.06231530934773809
0.05746451099594134
0.08033634440012313
0.07627013351864989
0.09237313190196961
0.10806715927102113
0.11878189770392637
0.1331872305622486
0.14749742739442998
0.15714709792709003
0.19032416554912066
0.19959329197722864
0.18586755526610338
0.24168244118404025
0.21234416916576004
0.22056187165783167
0.24307612701788386
0.27684372139076274
0.2983114804632982
0.3295574006528417
0.33246340760793264
0.39484532901537084
0.36219700667625643
0.37366297802126563
0.3660964447666561
0.3840688091145413
0.3978748989063161
0.41098660960540356
0.41325509128723675
0.4262098844922609
0.43868899756658986
0.4415567223149687
0.4585727987529615
0.4673328904921617
0.4802827560486859
0.4966995894201338
0.5126740972191012
0.5111617760978788
0.5253068723210697
0.5382359690410224
0.5481863637983915
0.5640214674734401
0.5715863285459736
0.5766578438545579
0.5893178083946154
0.6089823855772156
0.6146182964411161
0.6230408955063118
0.6150369643277226
0.6179515002104642
0.6172957491372169
0.6235092633765887
0.637334324589498
0.651233315020733
0.6626083716248484
0.6726251154663171
0.6786453545424008
0.6880796017356662
0.6901250674777121
0.7094470264334135
0.7010111666941006
0.6616568049268671
0.6435260895194045
0.6826630781797656
0.7069990357372311
0.7194307883751413
0.723071593514561
0.7211029162193231
0.7250081049914613
0.7206076945729499
0.721779881188433
0.6776738518463348
0.655420246898497
0.697964884739936
0.7207141574822694
0.7505394415775392
0.7541735218031878
0.7744088142162443
0.7907130255534172
0.8039169144585459
0.76745713065439
0.7368355958961501
0.7193388709476318
0.6992788635441992
0.6807460464840389
0.5899432003380907
0.619858969152689
0.6612670322856474
0.6929323018394932
0.6998621045764764
0.7022403994266926
0.7132472142695107
0.7056886010155173
0.7137312097950597
0.7015073109161812
0.7101562467617955
0.7169983018319315
0.7180065159127462
0.7129288354840352
0.7000283443531727
0.7105496500585509
0.7010525129250548
0.7125839071617833
0.6983732754876022
0.6961764377995623
0.6925213412982788
0.6696055672889337
0.6231414769752494
0.6487652495037128
0.6771503640031886
0.7161718063956808
0.7380387985554953
0.7670704686035112
0.8096601109261748
0.7971387457571291
0.7860150363099545
0.7732854529997689
0.7687102074293921
0.7653099487308923
0.7525722712035078
0.7403967104994957
0.7481727013586063
0.766610885142277
0.76756999237454
0.7754190240538638
0.7694987302593048
0.7647995119784299
0.7572327975030267
0.7420508707615674
0.7416751496122646
0.7483647305263856
0.7310567558815171
0.7433061675565598
0.7271743645576147
0.7234727676949002
0.7331459374887779
0.7505869150268419
0.7541364331462584
0.7390748560660975
0.7347264925726334
0.7524013881622432
0.7485041346503013
0.7446478175173851
0.7643107706843096
0.753205721747573
0.7521625856197166
0.7578703227762875
0.749548348780548
0.7795816084331011
0.7753572425859401
0.7560181263608743
0.7432153283993226
0.7570850207364448
0.749447271065438
0.7514133970718236
0.7421371584167492
0.7421045732929166
0.7439156904212216
0.7357105736507845
0.732446893018583
0.7414206102920026
0.7252003908958211
0.7406564824454431
0.734710703056082
0.7363233225289385
0.7493534249495983
0.7251879693861835
0.7270188139294165
0.722841763454008
0.7278161247416539
0.7240686764968134
0.7254919363806904
0.727030544752446
0.7248560519564575
0.7186832045357195
0.7282300234044244
0.7194081501972952
0.7167246227123949
0.7290674495089616
0.7454488199960716
0.7360563698467307
0.7493407905054075
0.7357287532741166
0.7323328570071476
0.7292457816355019
0.733859455191869
0.7295969000519996
0.732867755702852
0.7510401585022862
0.7432317819887937
0.752068355978948
0.7541246496316404
0.7665997050325255
0.762879457314566
0.763325125259467
0.7612281626484606
0.7661197985339703
0.7653969925315702
0.7747439167133173
0.7613086970978381
0.7437311737045621
0.747248904399908
0.749327025131731
0.7468345391334963
0.7598132677437859
0.759161573464532
0.7622972818189119
0.7619318983657714
0.788901625027559
0.7940820787511615
0.7943047441758175
0.7357881074090473
0.714367165381029
0.6947664894614056
0.6728254135032684
0.6554711684660163
0.5792152653670253
0.6256940709241803
0.6470389251353129
0.6787877565054093
0.6823036950717519
0.6941688119102722
0.688864714247775
0.7107949193156559
0.7001299827076485
0.7070207721157721
0.7048991528103693
0.7070282303682836
0.7107554736203184
0.7036028390284803
0.7299019582643407
0.7143079945699305
0.7121712448598765
0.715927950483913
0.7104161275976478
0.7154293931905206
0.7229117667906393
0.709172274979568
0.7036804218948733
0.7103082360576786
0.7130044216063852
0.7214974128534365
0.731829124691642
0.7219989631332466
0.7256901015893192
0.7139301799821611
0.7570604659824661
0.6919602513435615
0.7082070749213071
0.7100099171056448
