0.44622875977557597
0.2911817148751619
0.028743956600213314
0.038607398446367645
0.057906739511697856
0.05336484849952719
0.07637828325149164
0.07473747154591441
0.08754027490537747
0.10396203592532868
0.11325958926315094
0.1258671929218341
0.14345408551666422
0.15599498005891327
0.1925958056406529
0.1994346052443629
0.18020197329547258
0.2318073748020808
0.209621737375641
0.21484815218348435
0.2368200182964152
0.2779589462231233
0.28990059769884174
0.32332971884108125
0.32276875798124904
0.3888139858856917
0.35910388607858634
0.3599119728101165
0.3594931464988436
0.3796820663576394
0.3925182242753139
0.3993668791760283
0.40114110911445483
0.4131543973550932
0.4257051471943495
0.43674357591238505
0.4456655127941515
0.46244704908208706
0.46599331173508374
0.48317123331564343
0.49569628666982934
0.5081387897195229
0.5151394344658007
0.5314245217864714
0.5425575614888617
0.5445584942751465
0.5612797420481761
0.5825523014199188
0.5767184604305992
0.5895225847615045
0.6087699747201016
0.6137275391988607
0.6125624076239827
0.6118685671299866
0.6140630986443754
0.6116958084478542
0.6220878444888056
0.6481615279460613
0.6469287645177335
0.6476564808932955
0.653814014518886
0.6847892355031433
0.6936125085382653
0.68429928458049
0.6815915693250022
0.650978565144547
0.6323551845898063
0.6681116014812091
0.6972678170192287
0.6965933747999877
0.709450785072401
0.7241065024202851
0.7187385318357612
0.7035990975052024
0.7104403379317512
0.6671167370075517
0.6495541386555637
0.6890559881354797
0.7192763739047707
0.7380207261480618
0.7556338241841164
0.759715000680383
0.7777300536830138
0.797417064636778
0.760430684218133
0.7260230536577121
0.7132316753226948
0.6871567329187118
0.659176281469174
0.5689880585998496
0.6115239656273334
0.653179238832594
0.6853907206191591
0.6766620493276899
0.6904482670748162
0.6875714597926977
0.6898755340099282
0.696606234789688
0.7033360707141433
0.7061862085699236
0.7136860327081069
0.7106613904656642
0.7084546902517558
0.7025339698736744
0.6999113574620462
0.6818098213634125
0.6875904774072182
0.6924229577588439
0.6729763825507755
0.680021098426388
0.6573072311819907
0.6033181068264385
0.63169995540863
0.669986451334
0.7045116913544127
0.718979632353551
0.7647840448870319
0.8017755389086355
0.7957599371063605
0.7805847997232196
0.7611432352115958
0.7444743483199421
0.7486925490469772
0.7322140231053309
0.7475733806960302
0.7542065017698512
0.7675040974631416
0.7625855263544493
0.7735636665575786
0.7626722669417921
0.7531829870913913
0.7381014624476557
0.7424712025142824
0.7365920773495453
0.7487780683022891
0.7373089017785678
0.743542908568719
0.7413664539382158
0.731707978192111
0.7475824223164375
0.7442134098500266
0.7368497343693359
0.7429000195029034
0.7428557514051248
0.7380322328227443
0.7472684776057089
0.7461421532793241
0.7465998509681171
0.7341459982348068
0.7604467319972614
0.7472315305645705
0.7506195950943514
0.7656329554282629
0.7802121941090078
0.7458610231149947
0.7550089712191732
0.7577692793011636
0.7448923301461216
0.737981304606676
0.7426692598610555
0.7403784836521913
0.7349010679805291
0.7287904381717695
0.7318095728321298
0.7387854529274287
0.7275552132967843
0.7224105962572601
0.7231935115455058
0.7203786519158928
0.7345533938619717
0.7285982842173908
0.7056143089996055
0.7258127952242269
0.7178471462523505
0.7123921771855071
0.7173546637477497
0.7156305960567493
0.716449499271123
0.7241581670742897
0.7139870486112255
0.7087557061548737
0.7167771507036073
0.7075288139164598
0.7171255081946386
0.7248002168001809
0.7224020486711583
0.7169716289490947
0.733026012075855
0.7245958152047525
0.7335572383150714
0.7220607245516018
0.7421179538075597
0.7341947147969294
0.7293345417658965
0.7225524634853473
0.7417899341850238
0.7589848580398942
0.7344813805909512
0.7521508234902742
0.759489447380532
0.7617643288594884
0.7694877796081615
0.7509196276936083
0.7442086737796063
0.7357232179802312
0.7369910230578088
0.7456301933880694
0.7536950701199953
0.7541170629999603
0.74355924206112
0.7538344742439146
0.7647316801643403
0.7700013048274063
0.7872212369941726
0.7747845702071093
0.7419896268238524
0.7119175885308299
0.6823362142014052
0.6485697644740479
0.6356437087595284
0.5625617536444916
0.62265429972948
0.6424925817930467
0.6478758120562987
0.677631567279109
0.6794217784020012
0.6814926625628291
0.6914960923250788
0.6822274385833691
0.6932765068207389
0.6957799584690442
0.6885628119846373
0.7065010201503723
0.7061555027861086
0.6829358366395873
0.7187558634182094
0.6900508111232257
0.7128139468794777
0.7072687694349993
0.7056943972854663
0.7109600903457429
0.7041472635128897
0.7109711380117649
0.7074216058133561
0.7034342397726264
0.711416586521095
0.7124494184264484
0.7161646162344919
0.7207215514608949
0.7275803678458435
0.740842747032636
0.6902128131146883
0.6893282765951724
0.6987976066431129
