0.44040248796166637
0.2880187267513626
0.02858703910615006
0.03678124233701769
0.05701716071823436
0.054715324478185674
0.07520329637961048
0.07025736200167491
0.08721658462024644
0.10310088404157636
0.11428637495667582
0.12412138989311838
0.1407952044332725
0.1579014892489008
0.18186135661374203
0.19702285003267264
0.1775097376538671
0.23172588274014982
0.20925976488379483
0.2136633100145996
0.2313836208422811
0.2714339816075409
0.2941521529840925
0.3175893416958225
0.31781789595481325
0.38173677672598283
0.3482841563225376
0.35520823665538137
0.35012888404459375
0.36527180585081603
0.37895433270673995
0.3940256177480342
0.3961087550260881
0.40389891489118895
0.4191604719847599
0.4282108994508788
0.43842645849187545
0.44798099299840255
0.4600844896166771
0.47138262992806057
0.4877836221114407
0.49385367543289566
0.5055733724801905
0.5213543527604546
0.5318454645828672
0.5387814182075195
0.5466109185218988
0.5604266843816164
0.5738054189344728
0.592087057239102
0.6021805254928747
0.6013694402099088
0.6028533344214184
0.5993705254184257
0.6026228510653557
0.6124439539107993
0.6158035742585208
0.6358644928741228
0.6377503242018828
0.637131758580792
0.6631897985049727
0.6806832929816476
0.6779128011107586
0.6847198265935467
0.6813450551723164
0.6502212223393532
0.6256302521827455
0.6616015654570458
0.6893185670552379
0.6953601985089122
0.7117183423627066
0.7163536516478302
0.7071698988089021
0.699553165779227
0.7076029350239273
0.6624644006279223
0.6489617525902723
0.6787948907924517
0.7106221183359915
0.723912551596003
0.752683860777741
0.7581674394235861
0.7801453841666236
0.7908040628601924
0.7561023637695639
0.7152179823496128
0.7006501768523079
0.6875566437154702
0.6628704430075087
0.5605752782843836
0.6034506026506921
0.6446332656349879
0.6755713521977611
0.6748854493336569
0.6871542671338786
0.6804686784063567
0.6965564013967178
0.6988460761665193
0.6934940064412366
0.6924414521737878
0.7048254292219773
0.7088916401034491
0.6904250240121586
0.6917454729878795
0.6948132198432623
0.692366627579396
0.6884790414778219
0.6872270367731237
0.6766831785332941
0.6705097828837936
0.6469968833429585
0.5978408837130265
0.6306320249496691
0.667902423114203
0.6950674845227509
0.7154981932396179
0.7549245367709174
0.7983121590110268
0.7923465334782103
0.7718301346670742
0.7756316174089695
0.7613881296932145
0.7609458041207318
0.7331325278430648
0.7473650360655996
0.7610744065468908
0.7531196866632224
0.7516808483201568
0.7836550353613805
0.7655638234022764
0.7489605369794754
0.7429675427795117
0.7440589149014121
0.7380965270023404
0.7380522029345314
0.7468998329144475
0.726962344477342
0.7354519575752445
0.7372545255256542
0.7253462286081591
0.7256218702873023
0.7343404243533634
0.7362102659248282
0.7420200826111554
0.7345098699751886
0.7525936844503479
0.7393807629363235
0.7487319705971708
0.7510158573230169
0.7528682912846253
0.7494433116488114
0.7606658041414739
0.7675968301176262
0.7651315654506665
0.7715011958565297
0.7662820933090997
0.7547278019521897
0.7504629906803904
0.7260837078334597
0.7437838351540746
0.7273113526973807
0.7490683029293522
0.7161782185110852
0.7191426965758803
0.7195098257130741
0.7401401625415363
0.7162270580457213
0.7222468655373303
0.7123121037755809
0.7158382913633967
0.7076578209944664
0.7114423868466336
0.7094225920828577
0.7213691712070683
0.7140880460308743
0.7161624751522234
0.7065197570117661
0.7191311411786547
0.7138380172543839
0.7093531525417859
0.7206955609509524
0.7170059277113724
0.7053923010341756
0.7208578630419625
0.7106947726727645
0.7214225731465541
0.7315292632994758
0.7255866088700172
0.7227775399173164
0.7281835479148729
0.7243322483045732
0.7333531571686284
0.7235037872717349
0.7241358072716927
0.7326164428176112
0.7344989195456003
0.7249761702588858
0.7452994121576944
0.7525936480973119
0.7505836841377238
0.7652502007380172
0.7678374450564787
0.760604043477944
0.7535450083587015
0.7489787012437361
0.7463251604130438
0.7359668528839712
0.7351950653042657
0.7338351701726615
0.7404219162561683
0.753088134814082
0.7543936711615614
0.7796323777401366
0.7876121354302916
0.796293495132821
0.729961867284208
0.6982960965467647
0.6685378178434809
0.6472964408411054
0.6220238521276477
0.5622113028178326
0.5982593678008956
0.6276723238417654
0.6543696565478092
0.6672879196315826
0.6645671261887816
0.6712399149183854
0.6904025160599551
0.6850707396790079
0.6822290527685773
0.6886528556895285
0.6952838698708194
0.6935855124240059
0.6825727801910395
0.7020815591969806
0.689098339082247
0.7068963696226502
0.7001074620471577
0.702756487833547
0.6931419064543539
0.6967952147187676
0.704511339128029
0.7064125770431341
0.7010618742241972
0.7140883806722065
0.7025352822917365
0.7076730226249298
0.6960858366625071
0.7044430312381713
0.7219222513574535
0.741520066800843
0.6842043643009881
0.6872007554028682
0.6810203050928956
