0.4130598440576705
0.26979976973253766
0.024140284120121168
0.03157832679037789
0.048509122499236224
0.044252639565489194
0.06149727026247298
0.05888159903429892
0.07372925746509881
0.08665562376041089
0.09504009904355737
0.10465641501800889
0.11849585936799618
0.13530309214100145
0.16340080715224808
0.17143809288905434
0.14872863782821594
0.1946751542514888
0.1862338251489296
0.18162029737184396
0.19997320582428638
0.24064516993598636
0.25725720300821087
0.27688076755945634
0.2824975817688701
0.34196267973837585
0.31768509982044874
0.31391573559874353
0.3101048337038985
0.3316021668264284
0.33835516065922105
0.3453634634786413
0.3588475351673613
0.36821127257982766
0.37982650334576357
0.38893087497760737
0.4051061322243664
0.41600619425665536
0.4258350440729748
0.4365565489201229
0.45497924272635765
0.4621587209435643
0.4694161468250941
0.4845442856858127
0.49781861665273586
0.5079619345186197
0.5180260233579286
0.5368672603581366
0.5380262044597596
0.5520662050555951
0.554038261231208
0.5712656861366796
0.5725689843638552
0.5890103773960236
0.5684723668119633
0.576504787313446
0.5932598682393098
0.6093404530752486
0.6129197008469616
0.6152044377332619
0.6278277060402652
0.6449144348099016
0.662210398936709
0.6578516744081321
0.6547710700051638
0.6125958258795371
0.5933042001232954
0.635316031443148
0.6859907150515993
0.6861730675500979
0.6876612476385008
0.698628295250038
0.6915808285003783
0.6769605294910075
0.6993944358733833
0.675992573122425
0.637133366042437
0.6728119644436533
0.7125733574844072
0.7410159799594543
0.7424040939876281
0.7533873921975208
0.7648002920808951
0.7775725052264029
0.7236369970912677
0.6889274520196292
0.6768461411057117
0.6311021007313449
0.6003057789808732
0.5314460722444418
0.5679273683653558
0.6144114208507063
0.6337498660603799
0.6415303281270377
0.6541544034432522
0.6556554060532542
0.6724089971120251
0.6681461447972407
0.6789069657674834
0.664324676455785
0.6647353196521293
0.6688633120015257
0.6601633295481749
0.6850595693934342
0.6664069415991029
0.6741449448437374
0.6503154709946154
0.6610762373081344
0.6364945311841912
0.636145967472058
0.6063008942602338
0.5713896466762682
0.5823248084174059
0.6180851382104742
0.6685800903496356
0.6988436898291953
0.7335264338125429
0.7824453426265056
0.7756354949742886
0.7650732227061879
0.7636713537573937
0.7474781469964344
0.7532420234029045
0.7468586601351035
0.7565968929773277
0.7505896150497532
0.7723626686175813
0.7662929611088519
0.774090233200922
0.763789835506136
0.7779021811958586
0.7516321816436303
0.7544199506585413
0.7285805081157009
0.7494823631176054
0.7319653372942592
0.7339615216611017
0.7408211293600322
0.7431924051411468
0.7364979373098565
0.7453056415109918
0.7362035910231648
0.745973020770053
0.7404974976276166
0.736452393236441
0.7399319252139762
0.7423718464560735
0.7390308103664542
0.7526204954768285
0.7586938784833939
0.746705668928519
0.7612220747302867
0.7657640284378803
0.7594536156589662
0.7585258643609114
0.762464026199989
0.7617185207258369
0.73668997948986
0.7289337150472144
0.7292767925841751
0.7356584713514062
0.7401051649097459
0.7271349036087819
0.7225080625428216
0.7164084991362645
0.7292373858502951
0.718087859351395
0.7095491888398284
0.6934915640857963
0.7060513573220396
0.7005489550223225
0.6959723764599608
0.6844891056174089
0.6924219250728533
0.6907368452694984
0.6885749724039032
0.6927436613472933
0.6823728569943072
0.6890086249929467
0.6994676580117144
0.6814242708384155
0.7020669630100427
0.6929721647092572
0.7221595804653353
0.6949881308373991
0.6974475726506939
0.7168921371473448
0.7047539107452325
0.7036152644441176
0.711292910984469
0.7047477189947045
0.7052505885634902
0.7043949069136205
0.7217272427711913
0.7448774127581499
0.7412125079862925
0.7197899722056672
0.7419259755744745
0.7404523445908224
0.7433809122694711
0.7557499104701225
0.7595356409216779
0.7398521629866207
0.7422298299956757
0.7409543864224907
0.7381126819539553
0.734509289195745
0.7402705276478199
0.7455940979102078
0.7376357611987501
0.7562925590109918
0.7557528590510767
0.7605214529110977
0.7647051127301208
0.7756806339265779
0.7158557535753258
0.67875908266188
0.6346663861322775
0.6180718008022806
0.586363381174964
0.5284476621554446
0.579709637840346
0.5945093685253272
0.6054872260051508
0.6160911503308
0.6173783571797004
0.6228391515611218
0.6160193045995958
0.6258436825453398
0.6204131724919455
0.635070408310471
0.6203165595364525
0.6288489805007651
0.6435397214375008
0.6386260325929983
0.6365919380344688
0.6390126218857314
0.6400937468334893
0.6528482388580833
0.6546240325429575
0.6661719848779359
0.6769510445571226
0.6696397738343544
0.6811238057231819
0.6715216043471707
0.6780884663240531
0.6738214545344939
0.6967245920557775
0.68802199281767
0.6890515718255854
0.7677844036913866
0.7153641413994326
0.6917602921298074
0.6914830209068943
