0.4240824422773483
0.2780991420820059
0.0244924013149638
0.03281509513018417
0.05213793545672587
0.04510886380073895
0.0643081411914265
0.06159733393711351
0.07666861897840542
0.08928115028558911
0.09618665900572711
0.10703481567148491
0.12068891561769535
0.13775312955940608
0.165665500166876
0.17339387856405306
0.15124538436304436
0.19820504251563395
0.18633010015636345
0.18455094256944307
0.20073050536619133
0.24375790407093775
0.25686195669688094
0.28509151481563466
0.2857273679068248
0.3482913849770151
0.3173178442747784
0.3168093346276516
0.3145233395756734
0.33148696480096373
0.34086496011715045
0.35186950923519084
0.36630441614351794
0.37030593590336414
0.38371476954800865
0.4000896986292011
0.4100578622381102
0.41725678292253227
0.42867963331006204
0.4469579050125473
0.45472200177546196
0.4717884002956392
0.48395402419456324
0.4930589208681896
0.49955988796616435
0.519858691798076
0.5262483316039727
0.5366484538356987
0.5493779724402397
0.5650621970491219
0.5660432623788623
0.5667647461095343
0.5776705579222866
0.5827277409386216
0.5710807315037877
0.5893434389736237
0.6052413573789397
0.6058588586271748
0.6174587195103182
0.6205848947946294
0.6433867087288456
0.6428861376847674
0.6582642882129696
0.6527222261748009
0.6497309440222087
0.6342233081211671
0.5971794609170442
0.6473283036093295
0.6750310358111877
0.6809818572482883
0.6935346697103949
0.6960947173723693
0.6942949319280874
0.6972292080268794
0.6832199019681428
0.6591503136940574
0.6421134062496208
0.6723116047516738
0.6981151173052186
0.7280443361897644
0.7347405980589021
0.7475973881801578
0.7714736367242128
0.7713680781943586
0.7374032418166955
0.6971156900663947
0.6819259195332967
0.6385134096217859
0.6227499992478986
0.5275628091048193
0.5801932263491355
0.6161597351318571
0.6347777120325938
0.6482231614717918
0.6580335063213048
0.6449485499822357
0.6565527992491639
0.659122443935647
0.6609642444032245
0.6538389076578284
0.6647822003497236
0.6649057632855745
0.657339230030967
0.6623923430378732
0.6554083502490197
0.6644091431889079
0.6495031346481552
0.65222731448619
0.6415368767554288
0.6406700790234149
0.6210877895225264
0.5598596757748163
0.5944136601713594
0.6229684454640191
0.6565251837905557
0.6787219940411912
0.731279329129202
0.7741785745149831
0.7728940271295753
0.7654809974779402
0.7640087210768393
0.7520954965108447
0.7500123592327888
0.7536394096768758
0.7410052987985442
0.744402798276796
0.748155004180301
0.7687159265706095
0.7582637885803584
0.753780365539074
0.7462365989023859
0.7346736141936823
0.7425065012452065
0.7397347703562321
0.7401236254995502
0.7451960133072583
0.7327535102575679
0.7326297553960395
0.7330337987618065
0.7365007665767307
0.7373488076970555
0.7402945009141528
0.7332011092912734
0.7413765925474807
0.7522836210274647
0.7524763448193402
0.7510205317048195
0.752036471536137
0.7566141017184361
0.7460739776545724
0.746206273850728
0.7658646719403203
0.7571549095307879
0.7728178558178223
0.7604026533419399
0.7578409316773971
0.7475862987757943
0.7500768971939367
0.7398251854927235
0.7381149366453346
0.7230088575858128
0.7311354079039096
0.723118545190952
0.7053257242548359
0.7270367940473059
0.7176668305328269
0.7065762174653707
0.7137185606161549
0.6892910226866366
0.7159336562603993
0.7068346551465111
0.6919443628406673
0.7231351095518563
0.702029322971183
0.7017439148927663
0.7111149645656497
0.7120528839822852
0.6994759044571768
0.70572680924436
0.7087391069487567
0.7065089074736388
0.71947408245105
0.7025862270370169
0.6972960127664433
0.724137714788269
0.7168095089173256
0.7147481016616745
0.7250766559116797
0.7240904287737325
0.7215381763121735
0.7218614647959127
0.7253248592498399
0.7310195161806123
0.7145662431105739
0.7338866257229868
0.7409205346961483
0.7479960990777017
0.7429378026780672
0.7579777336155687
0.754929266955637
0.7595712339328581
0.7630097748380722
0.7569456951172644
0.7549170063902693
0.7491038441129338
0.755249126327549
0.7435813554511764
0.7426382785240524
0.7417962232947883
0.7511271311908259
0.747492332342265
0.7406358946455234
0.757299853888674
0.7611624359860838
0.7682051516062814
0.7183202388881679
0.6670003962481168
0.6340076078430976
0.6045884075730297
0.5814602069281016
0.5332870764246712
0.578157234843399
0.603027119248491
0.6276077638601524
0.6392780714136018
0.6423695697572475
0.6499343876455014
0.6620198794149308
0.6600896429967609
0.6554844703161647
0.6691619354247934
0.6664642389339043
0.6769288829895831
0.6623983150133342
0.6702615104581403
0.6624609620952564
0.6755598729602534
0.6718404891202104
0.6734096640608542
0.6787051446788998
0.6725405267529839
0.680491667631546
0.6731995759700086
0.6771138051649137
0.6709787168189516
0.6843728537381059
0.6749927915698426
0.6812991269691735
0.6673358615480317
0.6844265690103147
0.7416689869123371
0.6862792898681005
0.6799788934515557
0.6814833781431135
