0.6641766123379998
0.40415890089229267
0.013106783050590744
0.018999150041411728
0.036614909453273906
0.02940606557169874
0.05098905555814985
0.048054253084496505
0.06820679501297251
0.0860787888996029
0.09689769878923533
0.11265068717107497
0.13801857261082437
0.17396041289556868
0.21951021598999193
0.2398368739476121
0.1878873987714221
0.2664965876518371
0.26201201008063396
0.24740949390331446
0.2723378493124844
0.35069255221521933
0.35311102051659754
0.41396795251096896
0.38904507150314793
0.526268394778384
0.45024564657939303
0.4529360060622177
0.4674698789981014
0.5104348453742
0.5279919829883352
0.5536565408898877
0.5678328224576747
0.5852212161105571
0.6050692574008572
0.6250737241257407
0.6565998364852998
0.6726580074475261
0.6965410193528248
0.7186862421837806
0.7308829582398763
0.7441405412541827
0.7604564127777101
0.7793776584524117
0.7942173629072922
0.8079200700120595
0.8363299533943752
0.8348898080527513
0.8608368976950763
0.8654587696057463
0.8881325029635231
0.883488424544104
0.8932263617119404
0.8932335647923219
0.9030305738078374
0.8974350534767821
0.9150773182292962
0.9325406972054928
0.9233145012577636
0.9422488888010362
0.9647414273174695
0.9798895048530702
0.9813475974902297
0.9906318681952146
0.9730992656166858
0.9502094628839421
0.9231871359485243
0.9710286588600451
1.0113257744098056
1.012863926604526
1.0195858959947213
1.028284271332602
1.0390081783929304
1.0331642732257076
1.0174613685543639
0.9926953434821176
0.9779215071808369
1.0195496278325118
1.0355850550349688
1.056468783441154
1.0769399399440935
1.085702840410617
1.0740566476895965
1.0712594535331486
1.0186442319157933
0.9502782045003905
0.9455221991560819
0.9009175547104206
0.8790105760328664
0.8150293274850186
0.8795378266323101
0.9502870816042818
0.9547798213806818
0.9806164818697773
0.9847973348197614
0.9930539379653319
0.980803717667817
0.9920116223455849
0.9823262561011513
1.0009374595884144
0.9986482979677443
0.9990906235402258
0.9987974684909352
0.9915286734128334
0.9992386241269932
0.9856927982263265
0.9914940043821762
0.9832266231506076
0.986402778490498
0.9574890229975175
0.9434733645461282
0.8680126628601991
0.8848827049841816
0.880306947844692
0.8878675626329605
0.9725977131125884
0.9844007905420485
1.0643914598174877
1.0715017827224564
1.086354491089348
1.0844999080702882
1.0771570014261715
1.090111794631194
1.0780082980129193
1.07456502423691
1.0826104930886389
1.0733054986663526
1.087631920992044
1.0821853977690086
1.086203996188544
1.0839805076797258
1.0764243401267735
1.0610974676733813
1.0708121593448745
1.0565479435238814
1.0598408664625074
1.0661312020303013
1.0723740724720294
1.0717513301442712
1.0684462074719134
1.0589250275235997
1.0720334827562654
1.0750717994225059
1.0720772562718526
1.0655177010600325
1.0710954109307622
1.0638279215597788
1.07751481029109
1.0727997244527376
1.0773587760217203
1.0785476211734129
1.0834438401611917
1.0906665923626384
1.080173372214099
1.0735712210865762
1.0735162072993847
1.0702061414298805
1.064212827539725
1.0587819235072067
1.0570451257253795
1.0663855112125056
1.0423979288136382
1.0441792028856958
1.0519329252199654
1.0339850614943122
1.0373674518583464
1.0244282747050197
1.0326619072828986
1.0317369143276323
1.026676078374878
1.0292305902336378
1.02057020096192
1.0336814769505536
1.023875413965607
1.0218923403621922
1.0235448461305099
1.0234213987899556
1.0212053683208298
1.0260583638964833
1.0409469193633436
1.033128332588531
1.0350496247240204
1.0387107421561592
1.0319277381293093
1.0290892376418526
1.0315591465577707
1.038550461048826
1.0278408849414256
1.0318991468917087
1.0309282136565854
1.0438760502440763
1.0487978491832934
1.0467042345097244
1.0390674695380717
1.044630086549992
1.0574105396381108
1.0687152785320604
1.0678371848651644
1.0656581538339205
1.0699379164575278
1.0966532245250946
1.0879215596956056
1.076962060465016
1.0739524207394302
1.0673873017016036
1.075193758269619
1.0786243729748979
1.074906917525899
1.080580239742006
1.0777918098316985
1.0761945537940623
1.0773999622373416
1.0749871487830884
1.0744191941135537
1.0459251199236794
0.977261172695208
0.9186475547277341
0.9324906513848992
0.9188716991853842
0.9046572761942461
0.8542024000957784
0.8965945627989943
0.9286766844069332
0.9431341784269192
0.9419523401695232
0.9382574931818065
0.9578496839931051
0.9640673449148043
0.9786360134649807
0.9751778731014847
0.9741671035394641
0.9720726388157814
0.9795593979307414
0.9829955750284294
0.9824313145107092
0.9843231214939231
0.9902695992341323
0.9886275297508155
0.9922082941023195
0.9884381009171421
0.9778215538959321
0.992442973152722
0.9971488319863938
1.0065666024623128
1.0151188899664336
1.0008930927783768
1.0042673655941063
0.9952587596338102
0.9922986042037699
0.9847759180271194
1.0443670806084555
1.0144897801054482
1.0068496892483505
1.011788856171948
