0.4173500688287567
0.27062129447483396
0.018651960495066164
0.0255525415667023
0.041907593470225546
0.03636241602574808
0.05246541440906309
0.05010179670109363
0.0643168575071324
0.07626343663134091
0.08348278033960614
0.09252828015722123
0.1057969083503714
0.12401147092145974
0.15223222382677834
0.16205465304157993
0.1337513498317504
0.18126158850539226
0.17516310827424617
0.16789782428612804
0.185530657160815
0.23128354308865617
0.24249878728281332
0.2623093476155136
0.267388520997244
0.3255721506836361
0.30408983231868314
0.2972377553678804
0.2914848828323068
0.31497629199555016
0.3191827973933492
0.3339972232584785
0.3419455172848762
0.35231610206650893
0.3614300235249268
0.37705742100160117
0.38864300391482454
0.40020692400882
0.40873492618429336
0.4203611567028172
0.43406632816204344
0.4480130723703183
0.45843721482032423
0.46615932072197425
0.4873957285339982
0.4921697285318604
0.5009053297001882
0.5163676511521378
0.5188180765221788
0.5191302830902617
0.531343374026264
0.5347948705465193
0.5446823366956668
0.5548902268898591
0.5419892950166121
0.5412027723854349
0.5493004456509823
0.5686109342769994
0.5618401704078246
0.5643193082142985
0.5720986024548248
0.5935180809983462
0.5875895611877339
0.5998744412717423
0.5871327779108997
0.5606623888375353
0.5548545606314235
0.5758523589304564
0.6330100212872062
0.6147893235636176
0.6215028410297646
0.6372746438107846
0.6338896440133633
0.632654075840727
0.6256435705310032
0.6077643676152563
0.5867058406428279
0.6145980203417573
0.6467172733063444
0.6630493786744893
0.6945899462018575
0.7038012240747672
0.703201297749652
0.7000717307513302
0.6695925325113656
0.657810228279802
0.626428358791237
0.5825843171720103
0.559581876206848
0.4989268962034742
0.5305625321484094
0.5636047519133711
0.5633760738873252
0.5894730957027616
0.5918786446433717
0.6006845537442556
0.5981203508238979
0.6058567228813494
0.6043524824204115
0.6260737271509632
0.6234449451593614
0.6236352172116392
0.6202715685377793
0.6085328356511858
0.609799370826969
0.6016884197516332
0.5993709851626665
0.5923159049447858
0.5953784637548865
0.5878939572926677
0.5578378697079868
0.5296218454356162
0.5521823147353857
0.5602644491388823
0.6202273689461507
0.6554421410766993
0.6654633085837895
0.7019803179928165
0.7014953816512368
0.7020178434494069
0.7094708564532273
0.7031771765212793
0.7041411225043154
0.6995148216175191
0.6852073988773575
0.6932078722181831
0.6996869746032759
0.6960789001649251
0.7000155703784797
0.7002567069823377
0.6943576837508538
0.6970043082961543
0.6871444605096134
0.6865421725236109
0.6892444339967531
0.684536675321599
0.6953257809440724
0.6829964897938647
0.6843726622575915
0.7032148948049354
0.6888019038734714
0.7034466872175836
0.6864549041478355
0.6947827518688501
0.6857565085639891
0.6948849768310345
0.6931241971593345
0.7007391503541931
0.6912493958670245
0.6980555730054532
0.6918622773027905
0.6958039128850018
0.6901221116128643
0.699202555998444
0.6911876345058665
0.6921949325140553
0.6998199476468783
0.6875705858356825
0.6916118760381149
0.6883949874279301
0.6947944057079225
0.6766031152452955
0.6879433877938991
0.6643239985585023
0.6781774266471311
0.6615729682793345
0.6535592694580793
0.6627730350197798
0.6548435749189985
0.6499427577757336
0.6508352462228982
0.65332781576751
0.6471701179093928
0.6504975927026693
0.6540039898646027
0.6580580069015174
0.6547750986654023
0.6390465695978451
0.6462885402792166
0.6670982790431951
0.659215616519867
0.6606972231761883
0.657534459810636
0.6500099821571936
0.6556463986178362
0.6751998011051896
0.671725874090054
0.6642587947019876
0.6641537051275641
0.659632996858026
0.6713314555027424
0.6729868501203679
0.6783286197443756
0.6803857697630673
0.6921756734238093
0.6827009018094848
0.6935685255438448
0.6839642465202095
0.6932955053184612
0.7048384668623432
0.7028215136589343
0.694598883518352
0.7003632849666053
0.6810558600426921
0.6854568046677298
0.6990179887244694
0.6966840145934392
0.6952185395395407
0.694817226598415
0.7008389758324892
0.6968905085794654
0.6939824909323627
0.6923282018462443
0.6967363760360668
0.697231317339674
0.6490480203647374
0.6269331553363816
0.5746943588148068
0.5437808336272486
0.5268640146075015
0.5089501858702152
0.5607036259919409
0.5799372102196684
0.5767982383568532
0.5870753893022344
0.5978401391780881
0.599514941381787
0.6111950995288905
0.5990789317594156
0.6115919666006635
0.6061235282125192
0.6197878013503084
0.6315804795648854
0.611680215091935
0.6155562463059144
0.6371311812800435
0.6229445566229337
0.6164616778665011
0.6146021671989368
0.6155049012428958
0.6168078547341594
0.622001419221184
0.6328723307226792
0.6132238238889494
0.6165600517926538
0.6231463521583884
0.6047734382958232
0.6310383543647078
0.6207342228891244
0.6348197518123435
0.6905422043591513
0.626553132273508
0.6219207752132527
0.6326787928111374
