0.36586019269854797
0.16884549150341585
0.006553391525295105
0.009325980247534994
0.01597450779896805
0.013862943611200773
0.021015578203039897
0.019755310602022468
0.026560755647518697
0.03286209365260895
0.03727549408042252
0.04502737173880735
0.05555676576793118
0.0698101087806883
0.09711830867311165
0.1037717638730502
0.08897603161315501
0.13131124844908246
0.10405717195146327
0.11771127189768088
0.12710396126164136
0.1789556163518311
0.17962252972063456
0.22827809761022191
0.2117723836640941
0.2740801863981158
0.25039656897176066
0.245666714266898
0.25442502268830025
0.27562996048032623
0.2844184583248463
0.3032058342431755
0.3248267094971628
0.32982735500709043
0.344059127855708
0.3656711148124152
0.37750020763914666
0.38816421576396587
0.4087872087204884
0.4215849788607442
0.4371415593969851
0.46036501839615307
0.4718079914591193
0.49361436458663555
0.514764008275447
0.5299357432801298
0.5309539714052145
0.5559344935270255
0.5688552001145514
0.6011897797253177
0.6031358976660969
0.6103288986575772
0.6135901879426109
0.6174284012110168
0.6182334972284148
0.641244203723079
0.6635365756290761
0.6724709873846308
0.6936795780320296
0.67431282095207
0.6919985909513018
0.6850313064433932
0.6717906414861047
0.6641946375200178
0.6539349616148619
0.571535596811947
0.6408101794437718
0.6971555911847291
0.7217359315293076
0.7168250752957351
0.7244483861174341
0.7105509701594744
0.6920527563432197
0.6917149692605358
0.6634448350973968
0.7053382382136898
0.7406550071312432
0.7609582087193664
0.7515424548046468
0.7780942052052761
0.7710509645432942
0.7702784377528331
0.7800204249892649
0.78739738506453
0.740210200498511
0.6909183985393804
0.6651820069555161
0.6474455105606507
0.6054461094896313
0.5114074417000852
0.6340296431977418
0.6384404625377156
0.6596123217750687
0.6715145911927101
0.7019796224876425
0.6913476761499912
0.7123137195194227
0.6980007922626013
0.702548135965052
0.697686343334962
0.6875500709730363
0.6868556918803509
0.6980668874395181
0.700357276939213
0.6965595828645248
0.7126499066284655
0.6878373735049723
0.706795039887586
0.6869811559951202
0.663623338762153
0.6449889233170006
0.5868119880491185
0.5345512406555386
0.6008446724102061
0.653518955535202
0.7060664922637016
0.7490409484460077
0.7770493132887291
0.7711559296641285
0.7693250459397301
0.7691489428934447
0.7624102069643744
0.7663528549099935
0.7551531949889068
0.7617780232456767
0.7563443480571914
0.7687901065733058
0.7525126565213858
0.7721256325413948
0.7750739104038613
0.7579567328530568
0.7636563055594104
0.7728027399061761
0.7642331076073093
0.772827752924796
0.7621679600186393
0.7635900727622229
0.758900408556754
0.7730339773008643
0.7650967552387025
0.7571360339153284
0.7663808471092599
0.7626674644188746
0.7614902721641326
0.7725067849053027
0.7565598331615447
0.7745174145639258
0.7590936249062775
0.7658088615741385
0.7566915376035387
0.75353347712824
0.7623602779838652
0.751095471426305
0.7672195636545243
0.7606292579006566
0.7639059536633017
0.7644100607037112
0.7507758587395629
0.7576249010617868
0.7519570315359625
0.7560182258712006
0.7640769914408165
0.7485586532119937
0.7515739651992173
0.7506025123202213
0.7522734231175847
0.7509101821882253
0.7440429556748055
0.7381691602966914
0.7241396439278781
0.7318057158153445
0.7479513101143666
0.7431116045311991
0.7325406728289335
0.7277850105032788
0.729248660920002
0.7306603933247986
0.7246362802831993
0.7425419355146587
0.7302592596127344
0.7405847376253762
0.7339471236135087
0.7415149986439543
0.7508076243332744
0.7482729201252462
0.7512885571208018
0.7449587922059998
0.7589600816985523
0.751699525325477
0.7463352896780566
0.7520797236173065
0.7445099348962745
0.7472954343484883
0.7625471361450559
0.7644990524141188
0.7619866114292765
0.7617350829508561
0.7573485261484064
0.7629290761459
0.7568621671551479
0.7560223091497473
0.767017528012566
0.7619983735853569
0.7667098789489536
0.7649555469925894
0.7639856151184877
0.7676701347551085
0.7740917802296254
0.773055575383151
0.7720473613023353
0.7663622546921528
0.7829502634613844
0.7790076155157634
0.7875217285235562
0.7675500827670676
0.7356254788936357
0.6919727348901982
0.6425375319475035
0.6009418694390821
0.5594917380275999
0.6338055291460019
0.6515081545242866
0.6642955170448298
0.6706475786326106
0.6734947484170295
0.6975084000893332
0.7011965142797008
0.713076756196402
0.6881959667492796
0.7008794238251455
0.7084120774797626
0.7178863559623782
0.7039496672601256
0.7155267047170752
0.7127177628851921
0.7189875074118754
0.712217000208939
0.7127390567635438
0.7095132289292548
0.7045372843572649
0.7076740509542092
0.7335294250717417
0.7226666632559436
0.7183007863923336
0.7132383250531801
0.7163816914807035
0.7008643906900516
0.7105948630927971
0.6836524314731829
0.6101597087724303
0.717549437334935
0.7486155141451749
0.7602213451289535
0.7457828577458729
