0.41563175228509947
0.2682971505898532
0.01997893721251067
0.02732184385662837
0.04377203178629027
0.03898301490242382
0.05637963544497087
0.05357369216451949
0.06731800048836538
0.08143792526826986
0.08884261338031357
0.09999967738569948
0.11421473819174058
0.1280826094514386
0.1599031344650206
0.16785021182418944
0.14339609271592618
0.19037811114843012
0.18394828255900356
0.179696727273763
0.19516712803232242
0.23704902501746306
0.25670154152019814
0.2770938523536991
0.28459367649188805
0.33796838844742244
0.31189915411865116
0.3121719764754229
0.3079980438461684
0.32456853924525725
0.33213014485136716
0.3504808560799488
0.35747657317772563
0.3667899677036168
0.3797032232355029
0.39100902162002815
0.40196763045821254
0.4192784452298444
0.43218237050651104
0.4383707133025955
0.4521088565063203
0.46731372636413276
0.4712226739388175
0.4818566173331481
0.49555446758284205
0.5095690136180939
0.5233575604391053
0.5361554361500659
0.550125411043304
0.5572341848858116
0.5628425049860858
0.580882805587304
0.5762880078475838
0.5792863111449428
0.571414542701262
0.5880810784138012
0.5966425484554714
0.6118982870437789
0.620600030759457
0.6197259973034303
0.6354519377031118
0.6431523220959623
0.6498896121170501
0.6560587865193038
0.651569456421966
0.6090854750372163
0.5989027163527553
0.639708108284334
0.6945446682450584
0.6851526877814442
0.6990218951991126
0.7059467980269639
0.6926133474287204
0.6888257108119361
0.6917273364497284
0.6685049869933543
0.6407374870537986
0.6749314886749335
0.7243201950033232
0.7322604602357832
0.752637533888803
0.7574469076151444
0.7824106454759924
0.7810789539686175
0.7522227655397624
0.7089570755155863
0.6811189916285804
0.6332158937977819
0.6115888377984786
0.5221376864623568
0.5670853948482416
0.6189728303781392
0.6334886571650445
0.650392103923959
0.6619106771198431
0.654489810100763
0.6695688174219833
0.6725621951095624
0.6701723423178259
0.6751554067449209
0.6814157321186526
0.6800269739332819
0.6755359508494764
0.6719538845166728
0.6660865151379927
0.6673512036685086
0.6594814220296735
0.6601161735953535
0.6499131547699325
0.643030426720867
0.6080877178750212
0.5773055022306341
0.5862472835818601
0.6163156008242556
0.6523210833524534
0.6903235423004515
0.7496307708101199
0.7873138228783348
0.7763668166111818
0.7668102153873124
0.7773953160955721
0.7577017869614753
0.7638128529142902
0.7705625912806577
0.7671066078795218
0.7631624501210064
0.7719427525601865
0.7788432624224194
0.7888285327428995
0.7754498664007937
0.7827136543256232
0.7692267190184505
0.7548913022724145
0.7618877154497066
0.7586809102899629
0.7656250683246262
0.7510938782498681
0.7467779381480177
0.747858225137813
0.761242233151893
0.7485671384200093
0.7455769129650347
0.7387132951998849
0.7443342920665341
0.7557214032839278
0.7569961461653207
0.755652617679541
0.7546521892004933
0.7694151890006725
0.7640359529156768
0.7647073452772671
0.7694351057349933
0.7774182472726203
0.7740240841673126
0.7762466047648952
0.7654526811960416
0.7616105537397783
0.7550294778386307
0.7493162529341673
0.7345570018040264
0.7319593395436419
0.7480461845319886
0.7374547728129874
0.734515472375522
0.7135325310967928
0.7249203817382363
0.7194494599222474
0.7007291181286753
0.7207975528377244
0.6986142408895585
0.7013210049067843
0.7009665272050801
0.7079250405138322
0.695068638801372
0.7037095702114392
0.71192147531445
0.6996543318791925
0.6759483694456858
0.694911870648292
0.7015140441937916
0.6891920413994924
0.6969884426370537
0.7084382411940002
0.6977012337240218
0.691574322899125
0.6879575423085991
0.6928218180409362
0.700927498915401
0.7084429101367778
0.7015150718159628
0.6967702185803765
0.7002435373361545
0.7095262977422809
0.7025719034928548
0.7285509527621842
0.7094524712627455
0.7300870403333422
0.7299283642732144
0.7452348780595066
0.7421655266145262
0.7460264409897047
0.736800524416811
0.7479059037597848
0.7490512326446325
0.7437284925642139
0.7410083443550269
0.7373904241327074
0.7542734078568756
0.7407364502449938
0.7411450754465392
0.7431569217723878
0.7670446212711001
0.772121410040909
0.7730690504020131
0.76628687393841
0.7251125750801639
0.6772671712041736
0.6305812776812616
0.6174764459862933
0.5782957533808751
0.5420586958760757
0.5785391448537436
0.601342957800952
0.6222514446294843
0.6298518910208695
0.6450202252634685
0.6464434549914002
0.6488165956785155
0.6570854838850487
0.6458182667891538
0.6507535705442705
0.6571558815712261
0.6605256038999454
0.6470265172865388
0.6560242500566783
0.65877457698933
0.6495388882032773
0.6597927835081517
0.6435131570367656
0.6286164660503396
0.6358588502856791
0.6570230947745194
0.6730022414222349
0.6768795055728849
0.6812628329258652
0.6854559774719154
0.681682669204207
0.6816562046311873
0.6859542924816545
0.7065243905619351
0.7707461523666426
0.7043743819737608
0.7110993418403251
0.7048505185019962
