0.5117054670776322
0.35150672515389403
0.05323453997359993
0.06694531931608295
0.09512781665212255
0.09063628888793085
0.12094542492364217
0.11356442885877806
0.1357826271793005
0.1540311247983243
0.1707227879600186
0.18540640756568524
0.21897183801778167
0.22208262511914986
0.26549056057419107
0.2645784160694503
0.25209238355412034
0.3066083820105999
0.2836093925504194
0.2983905002894553
0.31510374417661524
0.3560400017174566
0.36403284012742454
0.38829826230875075
0.40354627249484076
0.4536612606980897
0.4205630532036756
0.43848771475829396
0.43715088274384817
0.45069127505121037
0.46384619560551554
0.4817852053951876
0.48519531939068666
0.49585813165266773
0.5090699060263941
0.5192236835994676
0.524655153405097
0.5416143760236688
0.5505078859957193
0.5666825211439679
0.573461647605884
0.5766197080811781
0.6033138819615498
0.6050214027835511
0.6137197130548255
0.633102226523165
0.6381197976660261
0.6475458415881994
0.6676248424753514
0.6739026812192311
0.6735937738796012
0.6833704836523871
0.6827094591179167
0.6805645403719329
0.6790472916022127
0.6863333444269087
0.6941692237340171
0.7184006759840146
0.713265353965218
0.7379876368200461
0.7410602581415409
0.7542688257713891
0.7532057509301386
0.761287285021864
0.7475683610861067
0.7137711134285503
0.706042421801607
0.7255415582563007
0.74499984878089
0.7559153581901992
0.7591218919192206
0.7606004053935784
0.7558192875147385
0.7465180266018211
0.7430824404995693
0.7075812671048776
0.6907646527601223
0.7346546064658628
0.7596501846696188
0.7743185825609611
0.7995579425048182
0.8203169534452122
0.8274956303348452
0.826301898019103
0.8137441194526999
0.7816636201168911
0.7669926747075784
0.7516769300901992
0.7354047386264077
0.6434181047201756
0.6833150811771833
0.7292845645724096
0.7530355607537811
0.7599074047804689
0.769947987111081
0.7602990136017727
0.7669479077703225
0.7780306477436643
0.7656022098117252
0.7728129741873327
0.7758376164297768
0.7806266333136457
0.7753335093893686
0.7706432802157981
0.7697128815769445
0.765255169893826
0.767725700774524
0.764760718116968
0.7584902196853853
0.7490956681686132
0.7430857267156833
0.6754013583762306
0.7060360620459282
0.7338925866715297
0.7617146308189878
0.7862707650520807
0.8068556685878578
0.8469402764817401
0.8377870164236197
0.8293041496479129
0.8031391653535053
0.7966016566250709
0.7586556135051177
0.7567743781586099
0.7466509569502546
0.7369058874383381
0.7422157039854147
0.7568327466128751
0.7636311486003743
0.7563670835554556
0.7647061857090978
0.7680514133302322
0.7553052622080031
0.7514130266758918
0.7575594813489022
0.7539442947548375
0.7402031529996831
0.742090409681718
0.7478137373743088
0.7557293632810461
0.7446994469718937
0.7309191349580667
0.7519559060623328
0.7567098772091755
0.7432491445074251
0.7349824380624373
0.7455404286111866
0.7366400315879065
0.7315893551853222
0.7441528456179892
0.7527735692713036
0.7516075153804351
0.757992054072961
0.7854736674411789
0.7787079966779564
0.7834069636088535
0.7769370430103488
0.7920785428240869
0.7720402487970222
0.7789176836676533
0.7760174488461564
0.7827914446437813
0.786539417930405
0.7751221868168254
0.7992568516630026
0.7885846242123808
0.7947053734806235
0.7874007490432168
0.7796845897505704
0.7904770843283251
0.7938008675111252
0.7924624298591982
0.7787771725786324
0.7822473958599823
0.7798219966840825
0.7798772672191605
0.7838653999297912
0.7739466875485611
0.7868631985468703
0.7741735000985368
0.7777640308493139
0.7805497303349788
0.7742276234933226
0.7840544553148391
0.7747639603047775
0.7801794304976775
0.7760989617124839
0.779501584218504
0.7816991873054587
0.7791340173885241
0.7848191375556148
0.7720520525618898
0.7810215130078616
0.7780938528047826
0.7823572132884964
0.7858853404728332
0.7676788249451443
0.7805587162110783
0.7828202868931572
0.7720375739540549
0.7784035935677354
0.7790865576711016
0.7780357335955911
0.7501815942104917
0.7471271832824993
0.7350721312779298
0.7379745777023106
0.7401599364790007
0.742067613501094
0.7583938123430222
0.7893830726355877
0.7931496632751195
0.8007759391984586
0.8214538300919504
0.8210066272759771
0.7897876867833346
0.7566654260225295
0.7396219448402421
0.7340809342915472
0.7087940288300121
0.6397518930558765
0.6858343789075968
0.7134223146167984
0.7289625511341618
0.7382133509522611
0.7349879328926173
0.7334353365056926
0.7358730586743524
0.7442151326773387
0.7338335886159361
0.7231326957294314
0.7303649917764601
0.7450416871333425
0.7218104450782976
0.7287197270591554
0.7187994313935768
0.7139964120873815
0.7222523151359287
0.7207399940147066
0.738399670514759
0.7569013341507348
0.7502901971471158
0.7647594629570181
0.7693443845953418
0.7710061774613536
0.7624015030157157
0.7774507417073591
0.7828864836131908
0.7834303793702382
0.7777217807463271
0.7544261879844848
0.7588323023541748
0.7606644217006243
0.7454738324004975
