0.5170908578019635
0.34618391003080523
0.04152397594984648
0.05572527249117574
0.07722643891216308
0.07454071235383149
0.1020133857747987
0.10044067495052376
0.1116204753822692
0.13478912781031127
0.15418243401412735
0.1730929406165878
0.19831337567128723
0.21007622561881104
0.2675675843715403
0.2572031870631646
0.2533173094371506
0.30062531243538376
0.2783429571320686
0.2917826703916726
0.3111005830697103
0.3571393258654365
0.36262219680021496
0.391676635865406
0.3998512173999974
0.46333270024717854
0.4274318938364684
0.433946290725202
0.4304410407035636
0.44958346427483
0.46257653968656876
0.4701146460314668
0.4876397571583668
0.5003474244916896
0.5110670905730927
0.5112289357156572
0.5314982086550877
0.5428455447127488
0.5516056364519514
0.563076535445465
0.5740149004888611
0.5880063346844109
0.5970184799438153
0.6042044690938688
0.6117327201417635
0.6258122543888237
0.6412542282376684
0.6435795637389274
0.6638772635880706
0.6757287066861405
0.6777834170544826
0.6856934912873459
0.6814085814438855
0.6845567866221774
0.6781575821663057
0.6843714422184031
0.7018025228506732
0.717089472507626
0.7188524781987912
0.7275186786650202
0.741965757088095
0.7534609278741079
0.7490732005442913
0.7626137532493662
0.7653302469431627
0.7120664810524762
0.7038464841376485
0.7337343894172254
0.7550155000296167
0.7522107542406158
0.7478246711974815
0.7611139409518961
0.7550976004455634
0.7551186478065343
0.7480140226800054
0.717719277056992
0.7042222748678435
0.7266734598493959
0.7578639874464478
0.7644783388658354
0.7960012735445756
0.8227050716542812
0.82858873773588
0.8356162956344578
0.8094268508930026
0.7804624468963864
0.7667247592075083
0.7619244057809551
0.7398557205759719
0.6533121319375402
0.6896832545712598
0.7465353266700815
0.7583136591451131
0.7656788074499737
0.7679026692900035
0.7774469619554716
0.7622486796718828
0.7745384144925145
0.7702097634426323
0.7816895716799788
0.7631327472110521
0.7666614964939027
0.7811854646395718
0.7821180603601279
0.7810918060178077
0.7644090937932074
0.7733389506719824
0.7673514748294441
0.7676952356116041
0.7452047050729688
0.7306559548972551
0.6775334718604048
0.7202294510243175
0.7497249629168717
0.759867964349396
0.78227915962306
0.8180617075142775
0.8531941342598546
0.8458654855194568
0.8226871293875639
0.8215315849829044
0.7843172435578027
0.7538459735605068
0.7456241723684238
0.7532423759578766
0.7536277385854265
0.7584638715342629
0.7584999333592727
0.7709856476977826
0.7657303110330751
0.7705731639153257
0.7581418503052841
0.7618955971591065
0.7577637811439767
0.7573447719044951
0.7509549830532404
0.7523278111528144
0.7548457686575515
0.7704306757786974
0.7626558660658096
0.759830928585503
0.7582739881558698
0.7545492651006425
0.7564890894446118
0.7541282852451233
0.7498582418469854
0.7584507459106407
0.7526553031395817
0.7574071075719322
0.7528634670914117
0.7513760922942667
0.7733522567096988
0.7805809761743107
0.7832376626165168
0.7819627000902695
0.7856768962315349
0.7867551407066969
0.7916316131904269
0.7874225914077022
0.7820466544500523
0.7929234084313396
0.7834498180008809
0.7724119143246279
0.8018962648331962
0.7747472004630865
0.7848637866443428
0.7946948680458239
0.7762944360291744
0.7766230331584181
0.7994028815565085
0.7876286249703782
0.7763130580468977
0.7823005402594682
0.7708203110107319
0.7843694196338042
0.7748335456377159
0.7874715311164485
0.7734712917074579
0.7735997822918071
0.7931388416282241
0.7772594698553943
0.7803239775888977
0.778258374485382
0.7763305714170393
0.7902322355186924
0.7831835629708216
0.7955757231339369
0.7842294245144413
0.7735453465681469
0.7724780606396556
0.7801753666358991
0.7745093358758145
0.7634949314607723
0.7893669059290205
0.7937605130680223
0.7842988203070449
0.7711489392430435
0.7886125956198419
0.7828382141819569
0.7859897387885968
0.7836896123913909
0.7895065978244192
0.7671828648213784
0.766882977330113
0.7600823502309919
0.7478673921706596
0.7581453046454605
0.745286398362115
0.7557568874549775
0.7572380264461225
0.7796723473595788
0.8002917716277684
0.815804490582642
0.8233416236183964
0.8311933161954288
0.7909506922226236
0.7728459647343231
0.74756469883996
0.7290997097814917
0.6914394645027908
0.6333759683210547
0.6768556708784427
0.7037282835607461
0.7208176663630689
0.7352072812125808
0.7421495898741336
0.7472502329570981
0.7576560368759505
0.7598115864332388
0.7596568680126098
0.7610228623106863
0.7572075786135181
0.7643244687794787
0.7654360228057487
0.759382488740901
0.7619314508526487
0.7708926378523655
0.7638318638933033
0.7542538301255665
0.7679407595882081
0.7725311289079428
0.7692453583714698
0.7728506269184863
0.7691172365439165
0.7680920496833828
0.7739034360971474
0.7743572850172916
0.781393107292002
0.7820648842143455
0.7834774324416814
0.7758935610816913
0.7324175240554646
0.7512719601586949
0.7516199488929299
