0.7664381377899563
0.5564980704999745
0.024345448987138064
0.033984117082506954
0.060775933593474815
0.05098456465630079
0.07820646683083154
0.07418105625684772
0.10103710837459542
0.11893932891057127
0.13055245135037713
0.1467395337225402
0.17220715392973968
0.20749765358381553
0.2682014626868067
0.2925793919785892
0.23585053980720305
0.34267678471712726
0.2784480941380416
0.3185742320039495
0.34337031914974847
0.479451876068598
0.4868899504792576
0.5673283047646888
0.5526914932770651
0.6505894180997083
0.617708107757444
0.623290391083703
0.6352740149430047
0.6717174314727467
0.6891315210411942
0.7131430962536207
0.7267144008547821
0.749764507167102
0.7716998013051191
0.7870892892898508
0.8017508579388541
0.8093403427589226
0.8389243311956858
0.8440485723581502
0.8593409290610584
0.8707722113195067
0.8885248474262308
0.9006840299192432
0.910493873412398
0.9350678638460228
0.9383876805661563
0.955677726501218
0.9679015305889201
0.9806294417170294
0.983640260766206
0.9952522360657178
1.0087395632208602
0.9887480402867062
0.9866080491892263
1.0038428245892088
1.012759488009752
1.0283822225770236
1.0379070945517899
1.05117878158409
1.0651356465459332
1.0749908240428938
1.0858715105522236
1.086654338091818
1.0828258397429853
1.0574374091315801
1.0475374283550496
1.0768562844091298
1.1008339920020287
1.1084756230792803
1.1136840909556083
1.121392525630518
1.1231911641773804
1.1085227130821071
1.1088402809886633
1.078582918433322
1.0565555872565597
1.0955187469454097
1.1166112125599894
1.131330096873167
1.1455149505677669
1.140880850871484
1.133057207624121
1.1217040091015298
1.0675880442235137
0.9955126298342645
1.0261299747526513
1.0122341737607323
1.0156276185414417
0.9396144897207173
0.9925979368181025
1.0255975702032045
1.0484338624604865
1.0602589682527126
1.0719830377727153
1.0635325318576596
1.0791802031912163
1.071532536332794
1.080657767548512
1.0823213796423654
1.0793634465163489
1.0777559893689888
1.080809058521144
1.0787982568809484
1.0711853467864516
1.0762653006913572
1.068132444217962
1.0801545241151262
1.0566017283855078
1.0621296739109845
1.0380865385745368
0.9828332322772354
0.9905540447551521
1.0203732994708847
1.0175138893885078
1.0193223091303418
1.044783755348747
1.1022553944752804
1.1146324526655598
1.1169416443235505
1.1309232481579128
1.1233742282734476
1.1217334165678743
1.1254541100850823
1.1425783875724391
1.1421377341820358
1.1408415939220329
1.1472003107883313
1.163469556920936
1.1524983623611065
1.1353406845753344
1.1307472340093625
1.1236084018063952
1.124161704593083
1.1292237002666559
1.1229069032392558
1.1322109675099263
1.1336849233405886
1.131630738014029
1.1283491146028812
1.1294000134971278
1.1338702677443664
1.1345915735462615
1.138752920453871
1.1420711538896584
1.135995790753941
1.1333801195257633
1.1361367106270062
1.1378869162624372
1.1313837787259937
1.1340337850690096
1.1453701618469048
1.1456978449641106
1.1443009036638174
1.140649475856532
1.1334235827226946
1.1276696850393648
1.1151779862433928
1.1208960788029363
1.1371344608692153
1.116445220292108
1.1242781984594972
1.108273591568739
1.1072095387535397
1.1163367180211474
1.1103547507783138
1.1019642896041004
1.0951063933459007
1.0949753389205663
1.0978841942405182
1.102970768780394
1.0961814208473555
1.1058727956368217
1.106505393261583
1.0973029759498996
1.0943368597089567
1.1017887255724825
1.099135297179376
1.1051337137359039
1.1005670859909025
1.101827353591919
1.0960224645540924
1.1078531596199885
1.1028563573136974
1.0931850399215621
1.1025256446899312
1.0960881580273514
1.0916511486361995
1.1021589642630953
1.1104424842127045
1.1033253333096014
1.1049679837809154
1.10711615799332
1.1046105100410042
1.1219644889276457
1.1160106862816217
1.1167973374869478
1.107333183339635
1.1265346525562732
1.1288467107104407
1.1319863661566965
1.1403659137913402
1.1397183666374082
1.1260021186061573
1.1233080214026827
1.1274954469611231
1.1346123423828314
1.1283637183193242
1.1377653032280504
1.1300418524793763
1.1377689934049287
1.1325731273898256
1.1328577573712604
1.110151690979191
1.0859613838587987
1.0173923084834524
1.009056208435808
1.0028457886264142
1.0245694371752903
1.0064563712095058
0.9385692444617255
0.9975178080938458
1.0112359002887534
1.0427646873697014
1.046689710809456
1.0416396767672789
1.043597841656286
1.0502821511194016
1.0305658367026778
1.0367587423797182
1.0479181655278211
1.0467530339529407
1.056406754032116
1.047927342756283
1.0538612492698194
1.0507130440915255
1.0546872632775595
1.062518354123771
1.0535395634225813
1.0733818269358149
1.069346240187914
1.0645875778772291
1.0623205337004749
1.078271363009172
1.0753023371145283
1.0749121169420297
1.0862923936518452
1.091549321457545
1.0860871985549487
1.0814967353286105
1.0948814815318368
1.0856271836599778
1.0655243852886718
1.0968402147951268
