0.702706345344628
0.45680493389604676
0.010838301368757186
0.01587937177282974
0.02836847994244076
0.02395304796291757
0.04000937161183584
0.03685421019519195
0.05684713733884257
0.07295210797675837
0.08326675013576557
0.09780976607965429
0.12123736922187325
0.15309707322963123
0.1975549623236538
0.21508290981378522
0.166922756665792
0.24611212126648335
0.22523354095771067
0.22966388025597126
0.24691153005991265
0.3812614354126229
0.36460515099108476
0.4595418508877755
0.44581601625297096
0.5723480101537082
0.5239049928517887
0.5180130283578604
0.5217660737436387
0.5789637667324818
0.6078381670731542
0.626058943486909
0.6398741813429852
0.6595365518663803
0.6835779893950712
0.7080278611414946
0.7354214141740806
0.7521030007672654
0.7760024669115848
0.7899015570413639
0.8203719327670884
0.8260141333263316
0.8471991048758492
0.8540118300481643
0.8662312832006527
0.8778244173270674
0.8948563349531309
0.9038982334916001
0.9348730603879871
0.9445633074079561
0.9561935085074548
0.9580014388168213
0.9725883355707108
0.9735779780388164
0.9591881405558399
0.9749235263689702
0.9851438546338057
0.9920024633218505
1.0075301134276957
1.0061036164555939
1.0277445533720602
1.0558008923389175
1.042854394933282
1.0397835084385392
1.0496034236342877
1.0101777259338989
1.0057708731390873
1.0406608094069811
1.08163104369664
1.0821690326301905
1.0918890802701344
1.0944665857982083
1.0883851434769152
1.091890914640415
1.0919031091961737
1.066651761060969
1.0457809153079323
1.0767857283801516
1.1090686128860807
1.1189312318834863
1.1229493188972381
1.1379915132424319
1.1326741734956858
1.1167575086889818
1.0735732249599663
1.0106949642513376
0.9274080394453234
0.9600049115947525
0.9720704968820411
0.9083456728556033
0.9434399839781269
0.9992176141645925
1.0177703846537005
1.0418406563966356
1.031244499065367
1.04342131478138
1.0596958163352959
1.0488325135908614
1.05008587113019
1.0640917191673223
1.0600949478269182
1.0605372733993996
1.0639965831411833
1.0482263604626259
1.0548533711660362
1.0544515423445768
1.0472757232056429
1.0232230523769494
1.0487131563712835
1.0213163014939703
0.9966051984028407
0.9398030840509254
0.9709009087009924
0.956970904510451
0.9719225085496337
0.9937818353284168
1.0504500964525008
1.1318546677207
1.138589023987129
1.1267527002601176
1.1371793001899646
1.147323222466038
1.1434472836368461
1.139647384179299
1.1468829148883606
1.1518507652431569
1.1401655563374662
1.143911421297959
1.1527693794879437
1.1415742125049007
1.136652302429959
1.127196698014686
1.135506055185704
1.1323638567028678
1.1281084569474913
1.1286147539642735
1.1263292839540784
1.1211213348789686
1.1225620192352623
1.1279601344826784
1.128335750938732
1.1396956727180405
1.1317520456030006
1.1266316803608576
1.1252625438717603
1.1368843898747618
1.1279536477795558
1.1483309187525583
1.1311153289047984
1.1366990886285124
1.1303331052419994
1.1321199136545885
1.1481629765832062
1.1555058832273264
1.1505147209993762
1.1403226666174981
1.1344639615048941
1.1200626422830424
1.1264079721001243
1.1095241595072038
1.105287903385998
1.1083133915471377
1.1050513898322658
1.0952682191696257
1.093473945469862
1.0859931971817784
1.0793662318032753
1.0987060604581773
1.0956287877739697
1.0788055240171266
1.0691969550135492
1.0808448278492437
1.0862241922548903
1.0726088995571803
1.093591123202002
1.0878886824507354
1.065734766405406
1.0807152291295434
1.0720344322284174
1.0811164127343917
1.0817648515472185
1.0754547083286936
1.0842166596380296
1.0806858923603782
1.0758027977515447
1.0986543178340022
1.0903670869031252
1.0886741489931755
1.1122584245476697
1.0803760083640412
1.0836132132439549
1.094262893938116
1.1019054392023644
1.099902769272946
1.112619805453137
1.102840931906278
1.1129034531578323
1.112852780007174
1.10761530048258
1.1162689302987518
1.1281079999990495
1.125959825786643
1.1206489761683531
1.1319693559161883
1.1268525711488002
1.1195328161035938
1.116620734359704
1.1320616929813538
1.127976109159602
1.130190467446652
1.1396282262359596
1.1242038965730379
1.1419455094380726
1.1332625848400124
1.1014543061508024
1.0403636159984317
0.9578371280979502
0.9722354235119308
0.9768578596095007
0.9784868905027361
0.9119058422016836
0.9510325035605013
0.9790185253793664
0.9988240745637517
1.0083966858327642
1.0143615834706425
1.0084335813824112
1.0290817171472573
1.0373203600684417
1.0221990716438756
1.0237483893337893
1.0317473928638758
1.0313834549219236
1.0250305365586345
1.0345176681836024
1.03418473654098
1.0216769269965542
1.0426988826435821
1.0479034703722983
1.0472989538445276
1.0470784486489995
1.053081135872132
1.0485740958551397
1.0657671751573226
1.075297200661366
1.0615324403502817
1.0827663408225767
1.0652831109936758
1.08263852402114
1.054148234126925
1.121701337302709
1.0800444984153363
1.0496916320570393
1.0698516758374925
