0.3717311196616124
0.23821926203629978
0.023793094573779785
0.030693675645415294
0.04455661925661207
0.04052376293335271
0.05413465302434775
0.05237027838292336
0.06320857975167637
0.07253455999920862
0.07807973744368661
0.0851372360093868
0.09597553737814009
0.10857821338831837
0.1330323324965658
0.1404036660503947
0.11724316910137692
0.1574864516048142
0.1584662387759181
0.14733760168024662
0.16350730917999154
0.20079327249692838
0.21560590418743678
0.23533235173569267
0.2406845267032532
0.2918459790717406
0.2664447633610534
0.260043886723106
0.25633868858124353
0.27250424895566555
0.2855040907816469
0.29667814311539453
0.30266389086643525
0.3121647104863305
0.32007897188597356
0.329723237707171
0.33998820636706
0.35041860736131714
0.36280028939282916
0.3778127398869656
0.38198354346613195
0.3916520023463836
0.40831687334312716
0.4124492872462003
0.4289432522506806
0.4340871785227014
0.4347434576396623
0.4438809036330007
0.44702759338422166
0.45463750974775513
0.4573599812494295
0.4601516943678492
0.46353971130785143
0.47394330385825967
0.4660783614843422
0.47982210996871805
0.48097799668920527
0.4957116443171691
0.5026001051956526
0.4968038459760707
0.5224800354883622
0.5329710692470488
0.5285083702505783
0.5233442884666947
0.49919046736222517
0.45983042521548945
0.5009574302857404
0.5207292042205893
0.5583560429034424
0.5556514574932111
0.5631303227045487
0.5722903124101187
0.5682573278865253
0.5440781088903991
0.54457755403801
0.5259517711472993
0.5358711798860446
0.5834041610644086
0.6184012382974823
0.6242041727189643
0.640644671974948
0.6425190242832088
0.6453983964323549
0.6436834938229982
0.6092518321280748
0.5902541170705962
0.5449768498773423
0.5131378800270665
0.4661681875444438
0.43373823563104447
0.457099035299002
0.5035455059221295
0.522008471365807
0.5366337212937692
0.5399551090084395
0.5408824267987502
0.5587606296316593
0.5738932519748459
0.5771306991413674
0.5640834188318652
0.5717193690909875
0.5721901215731812
0.5655957399530868
0.5796635888988358
0.5754640990975701
0.5589928158156628
0.5450144909590486
0.5392084571875195
0.5272680827205413
0.5323899934353737
0.5039771078056994
0.4682401763610951
0.4619553550180757
0.5029433502998675
0.5229144088301172
0.575760024168374
0.6042345305456023
0.6400616625859562
0.6405373427166514
0.6475099966972713
0.6453700055997922
0.6335826382502342
0.626743838646523
0.6331087191993441
0.6245426881796274
0.6227028881060703
0.6347298203109177
0.6249565868424026
0.6208285944930042
0.6192779911650692
0.6303979119450351
0.6190122936806571
0.6185844762014893
0.6145205514416062
0.6248609178553179
0.6250725724438392
0.6110600945595308
0.6275210304903377
0.624631935999627
0.6253648456666643
0.6252534323084052
0.6270977253200126
0.6163441102601926
0.6269241222679219
0.6219254255081079
0.627640507668799
0.6242917736407203
0.6201352654838815
0.6278160314191245
0.6274119880533591
0.6224557622343698
0.621419121243843
0.615815950998644
0.6104659732549448
0.6234109111629659
0.6263650556217769
0.6222992808843593
0.6189886084649869
0.6169639971884333
0.6199548140850606
0.6130353043761946
0.6163153445029956
0.6138413025407479
0.5990252498453943
0.6056572058364984
0.5979625701797425
0.6007181308737999
0.5941248530530507
0.5968821654773427
0.5797813621720922
0.5925903437301379
0.5860353349751709
0.5866131486578269
0.5962081234649831
0.5925752801980467
0.5871815190842092
0.5898664559585691
0.5675461741902869
0.5813102320895676
0.5794752484374659
0.5738815633862914
0.586718650473614
0.5833227389338914
0.5811931309904544
0.5797050552923187
0.5720929067661821
0.5914778827722112
0.5744357905209705
0.5752998658975791
0.5868597441959468
0.5780819319393915
0.5796608777657046
0.5869693797680442
0.5928470527110927
0.5875170422365529
0.5923112369585173
0.6022946471867745
0.5871205680461992
0.59533176776443
0.5959408661279785
0.5921316364152125
0.5891354210824807
0.5927828056526824
0.5943629748716265
0.5967364478765995
0.5993339836361181
0.6115478353700887
0.612949987330073
0.6189637200328847
0.6195168368651168
0.6307305687354685
0.6293431354858511
0.6340399327226807
0.639999444973981
0.634308077620544
0.5926254999316943
0.5669262698827817
0.5395358175364761
0.47666416170115994
0.44258705998732634
0.4770109934699643
0.4966971681292201
0.5104831622508076
0.5462880979859763
0.5508381828372659
0.5633036756549723
0.5765205175984812
0.5902683479912799
0.5699018217289251
0.577874500168101
0.5932046084924635
0.5729760720820224
0.5808164191271483
0.5671728517145253
0.5781137259829089
0.5890909464752572
0.5775012756830554
0.5794200931999632
0.5739206050137948
0.5702767576978174
0.5696916226054569
0.568513456251478
0.565580266588148
0.558292361758059
0.5691438191282547
0.5593156161950114
0.5643221513341823
0.5598860913267587
0.5324277460694434
0.5772493656225689
0.6809803164253291
0.6302861876574407
0.6193179373948616
0.6100884569050505
