0.42429315814772656
0.2767384700998262
0.02098715129332591
0.028582111457647483
0.0471438635750773
0.04125149658425622
0.05870989859472964
0.056598334406963775
0.07131750225341094
0.08351613489782413
0.09186725562275697
0.10138350792256796
0.11518959771433933
0.13208703886498244
0.16107812133690197
0.17063265584343174
0.14330588433828523
0.1917767246308008
0.18381873373208624
0.17762837294121095
0.1938390930723133
0.24036743624870943
0.24817836495037496
0.27536238796743184
0.27679823357296
0.34304678411892914
0.3122762331307334
0.3096692908636594
0.307056529289185
0.3297518026986322
0.3351184021535789
0.3460664432649187
0.3606199646562029
0.3743528135943096
0.384168206834478
0.3889787730780951
0.4030610937198243
0.41564429921091123
0.42598236479477347
0.442918738168794
0.4514722923980362
0.46650679543311746
0.48007549656782167
0.4818569048618379
0.49644567480337837
0.5094564086208074
0.5249303681010417
0.5305205597497344
0.5492128277100718
0.5486211322177894
0.5666344740701508
0.5704566822347737
0.5682674953910117
0.5767500863675348
0.5689363311145901
0.5772474061893069
0.5827603510516105
0.5911711970948403
0.6014855189642395
0.6109661808092869
0.6179132622785385
0.6350224117031741
0.6499329655693441
0.6514572050405837
0.646387386116784
0.6082684051558963
0.5917934448827583
0.62606347439713
0.6701395386386616
0.6717242520594262
0.6876677120031721
0.6834341915132756
0.6644212129789366
0.6759928001377425
0.6856534297610648
0.665929278339652
0.63418218729074
0.6590922517772353
0.7148560790251102
0.7177703408493419
0.7187947101714881
0.7255516614405375
0.7616469406753247
0.7467517346008015
0.7117532771445776
0.6865202253609567
0.6511197149914657
0.6151998306117058
0.5921980877552309
0.5187585576529066
0.5649558825740878
0.608758087929147
0.6188964778743249
0.6324751945783477
0.6406149047464678
0.6517266543364882
0.6637187454888342
0.6620798377719563
0.659990714602836
0.6765679102817358
0.6622374696547692
0.6642538978163979
0.6740473750797
0.6567965691446842
0.6642816103373613
0.6622523646474691
0.654903286424495
0.6466585432829038
0.6419236795191696
0.6143602269405007
0.5872411331103442
0.5497563261752888
0.5725154754251115
0.6110158169279445
0.6522459134939131
0.6771489927166314
0.7434704358432913
0.7554184647629952
0.7457773980828222
0.7415294161585726
0.7444484449793661
0.7388699129766734
0.73647294071049
0.7296544737992957
0.73697254315937
0.7292671635627446
0.7384878536811114
0.7570208068738016
0.7468849773813296
0.7376589138800874
0.7439065201912698
0.7363855516552256
0.7416830085538939
0.7492928072375323
0.7501535370463699
0.7332877172816562
0.7303483557683494
0.7333007567079436
0.7339955719446809
0.7288210833077551
0.7380230644753837
0.740680335017407
0.733269223354883
0.72778675621376
0.7341451137104248
0.7365003240942503
0.7254473670005912
0.7369789205771059
0.7443280812390799
0.7350040331663604
0.7385951334709562
0.7515808568630661
0.7495987846206739
0.7366776014552596
0.7419064617208765
0.7347762560243741
0.7315704199096511
0.7358679123970124
0.7302363838844635
0.7332888894751793
0.7242481854996725
0.7214264327729722
0.7226059118104272
0.7100072151475444
0.7151790165203433
0.7036159579118998
0.6986381677661663
0.6904357814203718
0.6924293811418439
0.6859715971983117
0.6742076320532366
0.6864105514234154
0.6954647940412882
0.6852656012301428
0.6877178440314066
0.6804346534189161
0.6773173658500529
0.6850265586950058
0.6641883002054856
0.6930727492360227
0.693321983433855
0.6832307886562787
0.699297778548917
0.6850651348457925
0.7042482318301619
0.7164958701980517
0.708477681115741
0.7021565773509506
0.7029113190598902
0.7161542019117029
0.715003322189809
0.6990393876827002
0.708535047114207
0.7199867074715577
0.7095821622150833
0.71865019867448
0.7327536669202213
0.734698578831952
0.7411265284342866
0.7346260197288835
0.7424491359348695
0.7369422406971052
0.7379644969594564
0.749678834751064
0.7487840313125106
0.7433535542731313
0.7399170313627169
0.7270068564182105
0.7295294096150436
0.7329167367791747
0.7426801149506886
0.7432289998340083
0.7404791979431354
0.7370134571859329
0.7384031422298957
0.683886188693847
0.6620233974218379
0.6134579972258373
0.6157753420438808
0.5615455099851511
0.5374595943916206
0.5846468518216427
0.6044326291757389
0.6115107624821987
0.619228450068485
0.6432990597819007
0.6342918364919207
0.6454091879827901
0.6501281655100069
0.639828370425529
0.6410558060300785
0.6674308714610953
0.6492060183117434
0.6651366038256513
0.6522887043663373
0.6547933983803039
0.6626404120648283
0.6617242949386741
0.6528023580569079
0.6672222946316718
0.6676376110559457
0.6707114698490638
0.678891907862138
0.6736066212400615
0.6616101239261473
0.6577320328566375
0.6595431926978153
0.6647119058112946
0.6668068178912941
0.6603845779799921
0.7298164511642288
0.6785188237171731
0.6818584290330314
0.6623185189186862
