0.6653015332197629
0.4767418382901796
0.040493227697519354
0.05335403201670017
0.08105693094067536
0.07137241289677529
0.09816641938412368
0.09499727338768328
0.11594797217977204
0.1261673184543776
0.1370189323153802
0.15917713551202617
0.18952425508851445
0.22843844460039958
0.29449327775659656
0.31915126028769264
0.28538133245164926
0.39423162164385517
0.27817315502886614
0.36830198681825804
0.39114059529328193
0.48208374818609545
0.50309648482878
0.5627003367718183
0.5720587871661487
0.6278009181422465
0.6193062253636781
0.6275586087833241
0.6245600088386758
0.6418492534461648
0.6620439799669644
0.6691189919028102
0.6820802960406824
0.6983954824531418
0.7056465085375431
0.7166133004906509
0.7321422272507105
0.7429805286194657
0.7522447273990734
0.7653848650078736
0.769042104875078
0.7855540742726647
0.7929970445914244
0.8073072414236035
0.8169853388659816
0.8217508564886407
0.8352431112922855
0.8436450999455766
0.8525479401728514
0.8639871567902301
0.8758971258898024
0.8767170859131405
0.8836794484527013
0.8776635185260292
0.8764963689563482
0.883242050528722
0.8991635685162918
0.9124946464051228
0.9191984888358807
0.9257962540806746
0.9380397464103077
0.9551865826804977
0.9614966139692037
0.9700570258615997
0.961541371178247
0.9208980941906213
0.9046122463007288
0.936656790470327
0.9558309730724631
0.963004911449853
0.9659239863470508
0.9776350730383798
0.9746634261992884
0.9609853677346375
0.9616416077261306
0.9338423302734421
0.8928808506793403
0.9072004468874735
0.9256792564616864
0.920889830505661
0.9273116722712509
0.9369565876211399
0.9035840133673515
0.9745868621748838
0.9535428066571257
0.9531130461561044
0.9553696858499837
0.9444147293606016
0.926021652264363
0.8408814036898814
0.859762445130345
0.9082762239741491
0.9302224975508525
0.9394773052948371
0.9329502509685981
0.9457575652013103
0.9408681153029195
0.9454337099082734
0.9471354069630253
0.950752849371897
0.9478566977138069
0.9445466473929467
0.9489266932625466
0.947606159445219
0.9516399118872239
0.944144811065566
0.9426114800564778
0.9410390187615408
0.9358534199858453
0.9328999502469532
0.9066403399170766
0.8560771241661548
0.8912646710739521
0.9323318884037369
0.9565067845932078
0.9760788634161014
0.9696983450087234
0.9775246766147246
0.9492739190803605
0.9029979954581904
0.9250803824199617
0.9205611474504035
0.924652552128295
0.9401019035156682
0.9642149102925691
0.962652217489165
0.9719063959368472
0.9722096335975141
0.9981118246633008
0.9833708878857512
0.9859470238869474
0.9764859120586907
0.9794453643400273
0.9701413603570743
0.9752749828542571
0.9711572845187408
0.9716859409039245
0.9753698791733661
0.9714162287904484
0.9716967092203641
0.9638404541783472
0.9622707541959202
0.9644868409904424
0.9634600552969186
0.9697761762475113
0.9618603507066054
0.9665372432359722
0.9617065421873511
0.9611264846730286
0.9660547356909743
0.9726099732294973
0.9833345877637967
0.9949924825387706
1.0127593557448251
0.9890593792023816
0.9805675487885686
0.9765185677439716
0.964303116761031
0.9656143098842951
0.979234960788388
0.9624943808064078
0.9711197917382154
0.970905219097158
0.9554162969508885
0.965668486820919
0.960786063686872
0.9589337707958229
0.9605948262961829
0.9547480329680996
0.9479212183480578
0.9546660290659266
0.9563683483805167
0.9509219763346564
0.9592014602946649
0.9553588760236834
0.9498608763306851
0.9517215970089389
0.9392599973047508
0.9476061903811864
0.9330704444979819
0.9385330716379681
0.9351113331066593
0.932148147323811
0.9204646241571007
0.9149412018379415
0.9185219869938389
0.9194180767201523
0.9180434667363798
0.9340776471209994
0.934774369216816
0.9229840215473962
0.9203129686484214
0.9294138293324481
0.9246381346564225
0.9317040202118102
0.9331557070054035
0.931131337237354
0.9338037330718693
0.9439327898555774
0.9424445521865148
0.9536968149134674
0.9555109103429567
0.9428458651276389
0.9394165953284849
0.9342857880638828
0.9271349825300453
0.9400714610373543
0.9264990629041161
0.9210024849547293
0.9151839288664615
0.9177031203009232
0.9259075367819921
0.9215230499609008
0.940164871149995
0.9580788175160375
0.9622321025071652
0.9655809880635396
0.9447921609736877
0.9220432375397367
0.8984707845819156
0.8324503676729856
0.8684334548278072
0.8843217611331854
0.908333195299324
0.914648069539076
0.930081767057578
0.925687336374174
0.928141104449922
0.9282144544147697
0.9293865479774979
0.9314083844053924
0.9359787023272699
0.9352698647412689
0.9307820971238852
0.9361297847395733
0.9261477076060689
0.9353060442080292
0.929796625114216
0.9201234553203395
0.9214534179438219
0.9153982861645278
0.9150774152017683
0.9243061694745492
0.939845898638454
0.9431070984696156
0.9445910871650282
0.9568242208604784
0.9621665603590442
0.9649202535139176
0.9752799399677681
0.9279712694881832
0.9371854947146301
0.9436820537810368
0.9375182683216229
