0.5830597780301103
0.37271364239793664
0.0375277774179187
0.049516266381229274
0.0699399722881278
0.07290388197665337
0.09290084612525637
0.09194387922545957
0.09301985852917596
0.12340353555858782
0.14027718621005017
0.16087059103757193
0.18466205515319853
0.2086305388825987
0.2787663331286091
0.292794024288588
0.27336138436621005
0.38437995383208823
0.2839966299990899
0.35084633346028793
0.3814375521380605
0.4133349725388331
0.4779978315691632
0.4975502008974418
0.5038860478485208
0.5761445010611409
0.5387568907852172
0.5530086505136278
0.5507685957415078
0.5691165765454471
0.5781571487145618
0.5899134557864935
0.6019885254950532
0.6101160196094935
0.6228805407622404
0.6328724731927449
0.6450043967207293
0.6537929153696436
0.6610789681943354
0.6797976378058314
0.6880251955949118
0.6993725316525731
0.7020882665553889
0.7171261970384677
0.7277507270937354
0.7365206741299384
0.7406251672181237
0.7585592493592958
0.7723369122413583
0.7730077920728313
0.7850779341328923
0.795493441294113
0.7927208525718724
0.7952853100589662
0.7801937812228842
0.7872195974124492
0.8116265387692202
0.8214964415810071
0.8272928055324937
0.8311299527204441
0.8458586491632428
0.8698086392972676
0.8672271330151405
0.8608006376212863
0.8614300600860892
0.8349414400848949
0.8052333959698643
0.8304794894181805
0.8509545059306931
0.8420330531595714
0.8401314278549271
0.8448827119358945
0.8348164080854719
0.8261006989879414
0.817574163369415
0.7713263205656588
0.752880718613322
0.7821769801712649
0.8091822931198461
0.8115293684164012
0.8239179841208266
0.852354358378249
0.8824841939697222
0.9115795023472519
0.9099807033675668
0.8985012822779131
0.8714960806084739
0.8701494011630477
0.8483476120093887
0.7489636484589788
0.7829940844249933
0.8327098339783264
0.8480617012488423
0.8531562491526005
0.8593594742102845
0.855338502267627
0.8720049701254541
0.8639038022311161
0.8665940009231022
0.8632817074918296
0.8639760865845153
0.8630630085298397
0.868132505843624
0.8682632395383886
0.8637135301788385
0.8628791172272003
0.8570442737171531
0.8596303713112988
0.8525570060860538
0.8459691891244423
0.833465994538937
0.7788274640561583
0.8136479004321572
0.8542277153045629
0.8697463660088914
0.8923829418242996
0.9173927732669668
0.9428528242987526
0.888208451206392
0.8532012560324788
0.8285424681019449
0.8023309105518789
0.8126265221580006
0.7962562840237647
0.795317493876763
0.7971137840014261
0.7984311319501171
0.8179352869043796
0.8461748058696862
0.8426640949987617
0.8507708489490401
0.8421309979031741
0.8489221418874249
0.8491486573472233
0.8453476347471297
0.8446313207036034
0.8332224572089189
0.8366985898070245
0.8266070000581063
0.8215019968695583
0.810654446559622
0.8135873624827673
0.8008576478762411
0.7918038277806388
0.8041695790288454
0.7986015975641932
0.8126146800425702
0.8001071434330315
0.8145872168551105
0.8151634932426907
0.814521233618642
0.8364832284739386
0.8388162038167674
0.8591971998500357
0.8525986411329926
0.8516361312214329
0.8635893324142154
0.8632343542882079
0.8585185695769276
0.8504397306183391
0.865877989912633
0.8644177583958725
0.8507674389578643
0.8762247881730368
0.8565500306850983
0.8709339166383157
0.8632635009982451
0.8656713868039961
0.8787366113770549
0.8598446185788
0.859203926736846
0.8691676246545749
0.8544879556820653
0.8618532144471018
0.8616962969530386
0.8632808769376985
0.8699869352173976
0.8556427617284843
0.8607789681586956
0.8762596944457195
0.8651026304403286
0.870090102491405
0.8777281140862778
0.8635732514638097
0.8800073169107435
0.8646873435177914
0.8557817728658756
0.8576975915066885
0.8596959444668969
0.856490864664781
0.8648759239967183
0.8669889603331128
0.863040237598695
0.861540655225877
0.8564569563337722
0.8572880091257339
0.8579406789527428
0.8471542296422575
0.8702166133762413
0.8585402581242773
0.8778271800516299
0.8739312737134387
0.8373857881937087
0.8462807791830537
0.8323957974694033
0.7948183763690115
0.7999175516859128
0.779571803619818
0.7907848738434641
0.79333598704983
0.8242592334024231
0.8405067811377823
0.8728689883665474
0.912238642375778
0.9286831402380649
0.8898013217886563
0.8845987860606725
0.8592862347278222
0.8444665882765917
0.8142947812821485
0.7394698909402436
0.7748104714207288
0.8054738534864988
0.8173784615443608
0.8356575384364832
0.835757941942856
0.8431762468848137
0.8479257228699738
0.8583758648295213
0.855417200318846
0.8604952550011943
0.857231165764584
0.8587420125912384
0.8515215425470714
0.8645119257367805
0.8633183672521895
0.8534592168770327
0.86550532251079
0.8629230058408276
0.8548982154943392
0.8681682959091809
0.8628587849506604
0.8560317981819381
0.8662219162192593
0.8606045193741837
0.86013247056625
0.8685302105170363
0.8706959977628048
0.8791426955337539
0.8831079168541104
0.8113855644791887
0.827289826134593
0.8357886166280667
0.8341451380707359
