0.2586318197285015
0.20549725318857487
0.016383478813231857
0.0211724956970996
0.03301901114666777
0.028986154823411558
0.03780802803053542
0.0370518674699253
0.0471340082780678
0.05318329276295391
0.056712042045804274
0.061753112449876114
0.07073190315106687
0.08374847782401704
0.10849646441139792
0.11567514130103146
0.08985954377682881
0.132542738841282
0.13407291914537192
0.11981044591084847
0.13734961490801947
0.17313389466723644
0.18731535411490047
0.20729184361187108
0.2112652974875596
0.22527313314101285
0.22834981532373758
0.2279000022544547
0.22969552471150795
0.2353146230388831
0.24509962634421792
0.24790554663216188
0.2512540805132435
0.25764948884598965
0.2557874153082709
0.2622367201366473
0.26351663338433695
0.270930951078261
0.28173067817133646
0.2903985966396184
0.2987116692092796
0.3120337439272035
0.3195221595926503
0.3426867658699097
0.35100406854057287
0.36945235846090047
0.3996185744534856
0.39095275089623716
0.393562614333203
0.39968833552131366
0.41486666810894957
0.4014055039415697
0.41873102403219986
0.4186603998127268
0.4176822492581267
0.4231636598955942
0.4187754060034131
0.42833937684769213
0.4283506620575666
0.4188101925350645
0.41649685181462676
0.4244111154002616
0.4164304490271301
0.40596933933040885
0.3952384992598347
0.3652311397036937
0.41316305919113316
0.4199900794155964
0.42564057622135154
0.42059230951268417
0.4147117458081903
0.4230328990884698
0.4095822010680276
0.4196587732086153
0.438685652540206
0.4569624922992504
0.4583973767189361
0.4603088135574234
0.4568035635357842
0.4564995838446583
0.4603285241514295
0.457223528828352
0.4563853430050308
0.4493026729960434
0.42950689652035207
0.40937877666132877
0.37820782488605204
0.3427172732576088
0.3294144536359065
0.3573064910261171
0.4045808749462294
0.4128219410111208
0.4161423869435217
0.419974976863628
0.42469287515043236
0.4216780950789097
0.41392166206929565
0.41796285281838996
0.4290416802282671
0.4244707402078791
0.41973911058405416
0.4191286428087664
0.4258063361843022
0.4338851940892736
0.41717740289239774
0.41423472349948603
0.4223253867514431
0.4256283942237546
0.41654751488788466
0.42224706846205473
0.4158755441247541
0.3975573511830987
0.33688431327118346
0.34106264533453834
0.35777652897956447
0.3788715208573178
0.4111532021468153
0.4384354196757922
0.4495432879348957
0.44294395612974347
0.4433037313977325
0.44250928863040695
0.4473551593336992
0.4335441418934226
0.43439051083166946
0.4392314538864618
0.44548958203633887
0.4367480619098475
0.43353314761512374
0.4390400428528908
0.4387694177199772
0.449232102632675
0.44009639443742105
0.44419103222860423
0.44565142717890244
0.44210524526463685
0.44165306439515367
0.44819053399364744
0.4499882631932859
0.44955693189910234
0.4474639393240444
0.4534033048372884
0.45176742078021576
0.44694997698663463
0.44934202160431913
0.4428329789155351
0.43724951926434014
0.4379526146727344
0.44231787759683155
0.4392314538864638
0.43387654849426294
0.4432063174090023
0.4385135755325671
0.4305998527316146
0.4327299885320928
0.441256598363799
0.43750422247045745
0.43497875961992094
0.4407092814681748
0.45208011678704935
0.43890169697153325
0.44725281769646613
0.4373708042376029
0.4433014534351388
0.43699632676284356
0.4404583669292663
0.4419483277705711
0.4288885432424065
0.4371297449956951
0.4396267809365202
0.4431555302193705
0.43277926501710323
0.4395464278558854
0.43572777899016907
0.4346857742070891
0.4367071300172185
0.43728823761510854
0.4296447038030164
0.4354938609386232
0.4297299845321529
0.43441022142567437
0.4395415002073836
0.4443775156136732
0.44218938701247695
0.43697661616883804
0.44195097745648326
0.4374905785062468
0.4358459781334675
0.4402828778224914
0.4332970160217192
0.4344052937771741
0.4319082578363489
0.43140415079594163
0.4299251842329337
0.43116688022124366
0.4390324655184772
0.4349465440430024
0.4277469109287406
0.4309803968361707
0.4263247981851541
0.42378569137040867
0.42815588194300735
0.42693882419720564
0.43305974544702214
0.4286452060379137
0.4368579808814912
0.4379996131951583
0.43857535700049455
0.4371630995539114
0.4430653218417367
0.4372161647061324
0.4455339308728502
0.4450965329488688
0.44706667501791686
0.42734339260475335
0.41677510242938914
0.37984635617721496
0.3615433092914874
0.35171242489021787
0.3887663692185795
0.4133644267683461
0.41389202832478805
0.41207686729914295
0.42271578615300165
0.42708641840129136
0.40976375825600786
0.42703793508484916
0.4332923648988472
0.4242741727687977
0.43335349793222927
0.4238423592353778
0.4146875543856315
0.4245386606997347
0.423478431550266
0.41488415141629864
0.4106179991400046
0.4273203937227337
0.42341779722263423
0.4112120315468628
0.4154975634888351
0.4215363705782073
0.4341765535637236
0.4205267591675049
0.4305199029734402
0.42274930056948007
0.42830213608710244
0.4349173979780516
0.4290707573944782
0.4157547457362348
0.35896563351879157
0.49163948127531665
0.47658351238031404
0.449109678678122
0.43809967686979595
