0.3709892824380782
0.2534506311403544
0.03295617143618595
0.04064626762664733
0.05732008216679941
0.053853114351868216
0.07099768137422259
0.06847714617218355
0.08095625924651433
0.09198483266754655
0.09888541373918161
0.10695112638569651
0.11804148127465294
0.12887978264340677
0.1504612493547712
0.15651053383965358
0.1367885777958504
0.1743445523061825
0.17510071286679657
0.16637397568580578
0.17948075873639352
0.21689459869816724
0.23056727025708662
0.24761309997414596
0.25354409498440605
0.30015639044757975
0.27945921758456305
0.2718095254838551
0.26866897837870213
0.283019303430826
0.2933295382483242
0.3007611530198721
0.3072486749887879
0.3135346620709948
0.3201379059528966
0.33388429703730815
0.33587552567809253
0.3486682700114222
0.35259688250623544
0.36967649812065756
0.36857082984259604
0.3769258721033892
0.4018889789420127
0.40979300031679194
0.4171274436705641
0.44016560311706465
0.4551545383381792
0.45842570102302593
0.48079986395532814
0.4988679507316623
0.5100179198812369
0.5239673216118397
0.5266358204172523
0.5310129914436524
0.5314990401590652
0.553203981830436
0.5608877012363777
0.5978195814570808
0.6031337180925048
0.606155133526134
0.6140062737155859
0.6268283204422238
0.6217039707511213
0.6092730262600199
0.555628963796413
0.5080075319866223
0.5337825498516255
0.5921152910459676
0.6500895705147841
0.649683593021215
0.6446595541234824
0.6434129687904128
0.6120790669880389
0.6260058839982459
0.6407891150848369
0.6363129365488245
0.6477739273955864
0.6915031321777612
0.7295173390716143
0.7531480739921284
0.7594182125737756
0.7786264313611737
0.7799772196212895
0.7975465178674657
0.7712305530792775
0.7365427903860935
0.6952791484567818
0.6422974617523022
0.5666659047002037
0.47567738405766946
0.5418622371207151
0.6002133656036464
0.6331597663100157
0.6609815761657335
0.6604738293473248
0.66257320809636
0.6753729677794974
0.6672623263977895
0.6799720306807302
0.6757360579518229
0.6873743397116095
0.6855660427851274
0.6752685609360536
0.6792780046482543
0.6742823440843471
0.6774199453896912
0.6662467331013042
0.6641531387098739
0.6470329611456588
0.6414224988920701
0.6079422376010721
0.5227075840038787
0.525642303505165
0.5773375461823635
0.6452381486332148
0.7011084779451074
0.751409477069356
0.786829877857721
0.7881823737510001
0.7877038272578597
0.7776056660325873
0.7648203760432702
0.7561062245839244
0.7514961315023122
0.75085564807377
0.7612386479460046
0.7689094377407827
0.7702235680898347
0.7564060397167122
0.7591134088987654
0.7581189199623543
0.7511228788537851
0.7510372653975574
0.7425822323786159
0.7428201595576658
0.7383305971899787
0.7444749288032744
0.7386440622217775
0.7348592026247283
0.7406984059730042
0.7406816939304295
0.7330798820843303
0.7435254988327172
0.7345863446139035
0.7410852669316901
0.7401469220586864
0.7312574499258099
0.741049501418388
0.7418938523618372
0.7415157046201676
0.7440944547882604
0.7535042020075198
0.7494770317353626
0.7602535516361917
0.7564628935361356
0.7519834632095117
0.7435939142497233
0.7465352820068619
0.7314361944990101
0.7374036583823707
0.728404136279283
0.7288726536067248
0.7336805907142705
0.7238404196466772
0.7122083507906435
0.7238327347254098
0.7137428084677939
0.7156026649480812
0.7153373477862126
0.719405154962925
0.7111052479790752
0.6975062352521282
0.703187658932918
0.7100520661239689
0.7084872937900418
0.7070261659735789
0.6782739747931774
0.6879144889017731
0.6937061213969014
0.6965059883999051
0.697347263105989
0.6940079845478462
0.6906284961195162
0.6932181666586843
0.707964153103171
0.7097318760869015
0.7001632629057137
0.6996453784122414
0.693027296566316
0.6889075219753945
0.6961093851310816
0.6903110431032512
0.7038945489365193
0.6907726473060314
0.6956927925467974
0.703850040772257
0.7097494840469932
0.7080777937861192
0.7186799334739532
0.7151097793112621
0.7246026015218198
0.724983145626376
0.7213061259932113
0.7188489034888798
0.7255729267192903
0.7228095071456478
0.7218853363223474
0.7282562364646625
0.7376975965331222
0.7411753113039499
0.7500487440648842
0.7571985111572443
0.7622572615151271
0.7710162681903546
0.7782056545009699
0.7265271276476682
0.6938893386995736
0.6538086230460798
0.5688218920636724
0.5367083764127069
0.5200467966361961
0.5625577553602297
0.6017464381147081
0.6150267944990583
0.6313131370614713
0.65194322937535
0.6644894183912643
0.6666876848989246
0.6481747139906486
0.657358166297849
0.6687972999692826
0.6541823271613361
0.6568615829002776
0.6661997598992069
0.6647594892963621
0.6619194095009201
0.6578170278549323
0.6638369519749032
0.6624298998962097
0.6615326358805871
0.6632817013024757
0.6577781446149793
0.6659689896986948
0.674914030780595
0.6847506561684567
0.6861053154400171
0.7033406943691075
0.706614004669795
0.7171662934624026
0.6552738411522417
0.8046953161136683
0.695412407239367
0.6862992789196409
0.6827486061992936
