0.4012821537316776
0.2578087691920822
0.0170778579059184
0.023379195911008302
0.038630897707577994
0.033399555251230416
0.04871303851572089
0.046601474327954584
0.06106366100569743
0.07259634146713861
0.07934000504471
0.08907495630650947
0.10205817642124142
0.11989219488777278
0.14853608781334948
0.15707748059056545
0.1293133111614347
0.17658073767235702
0.17374636748221545
0.16363087211586347
0.17998592401938646
0.22190284774481603
0.2340888946675781
0.2627497759215145
0.2649072803891457
0.31828830181047646
0.29409214586114946
0.29290149703025864
0.28427931646195936
0.3043077049021481
0.3196117675800949
0.3293068533508359
0.3361167010030532
0.3475185062682252
0.35851415984150065
0.3692540697176928
0.37966666722521397
0.3930801449850871
0.4039831866139883
0.42333848857335155
0.426505727267717
0.4362522514586954
0.4548076526706418
0.4644515692729404
0.47842756694726446
0.4905960636098691
0.5073436682481818
0.5037105638969828
0.5143472912051479
0.5362637433800944
0.5483133495093876
0.546585277183961
0.5519226484016242
0.5436533020003039
0.5537698500219669
0.5664958168358717
0.5676056310008781
0.5889554122128339
0.6015787018102229
0.6013827945002121
0.6128544799296058
0.6085154476763686
0.6145368486079118
0.6196017604277352
0.6028966468890833
0.5667671329799296
0.577161369622319
0.6112849945103579
0.6921474882493631
0.6509604143623741
0.6605085760009426
0.6761201957528915
0.6613019357403985
0.6461728199352872
0.6643537047285356
0.6288709466855853
0.6216213288910105
0.6485361033263584
0.6765817316573092
0.7112499273664571
0.7158442861742068
0.7360378733498933
0.7405620162851576
0.7532802041031151
0.7129712526707478
0.6948985614863041
0.6462159907589412
0.5983409782737008
0.566057874811804
0.5174354591573647
0.5411664526229907
0.5803625280058116
0.6141486687389157
0.6128925866864149
0.624873450885281
0.6291611654518104
0.6381723207223875
0.6411271144111403
0.6408101128543157
0.633171761810764
0.6373965623683769
0.6359126681568672
0.6359443505330035
0.6457487349718305
0.6353965925628847
0.6351623860846278
0.6259275241020523
0.6213428795410536
0.6038349566620005
0.6003665269978008
0.5889177020852555
0.5411401928527564
0.5489115418762487
0.5746253061447097
0.606312530127564
0.6729786349955382
0.7104318839939502
0.7475168659201689
0.7444988252171103
0.7499228226218111
0.7451357348350139
0.7290579078949838
0.7272109829490639
0.7396930945748247
0.7345008442646223
0.7358252063089444
0.749531746238981
0.7377118046055183
0.7365229114565275
0.7324767807188225
0.7378335972552562
0.7348466780253611
0.7424447290766741
0.7350077652781377
0.7325767544284172
0.7217107564164214
0.7225925882390132
0.7284246261823966
0.7277056006882048
0.7168237436515121
0.7307972283328636
0.7329437134007657
0.7396191106670087
0.73408820547565
0.7455684347243867
0.7326058376313666
0.7336274062496694
0.737385606651997
0.7338739345952382
0.7427082025847689
0.7352729769053501
0.7410629818970739
0.734577409063584
0.7371604367297868
0.7327492335258332
0.7296665303097732
0.7353652959406537
0.7376742701968417
0.7287257399695212
0.7301337731359603
0.7051477844051235
0.7167639624900617
0.7095895169848501
0.7055080816565055
0.7043690314849499
0.7058228715012067
0.6878941946629304
0.6779482025122806
0.6856673201811714
0.6862271348102591
0.6859029059264363
0.6577722258816195
0.6802027278268531
0.672948011565572
0.6617882171355459
0.6692198027766574
0.6688874400132445
0.6694822804730723
0.6672677068798163
0.6818780734287802
0.6712984195969207
0.6728838023427529
0.6831971448567955
0.6790846759346234
0.6826632116833979
0.6858831978210941
0.6837346656726576
0.6839931605987718
0.6976100067782218
0.6837528824744242
0.6753339786128267
0.6779715242090778
0.6913583672619361
0.6949426868397033
0.694900794759699
0.6984376554801551
0.704933952517772
0.7089135576378204
0.715902180696396
0.711197281430677
0.709837453891861
0.7232061457596553
0.7137511711909273
0.7224244148873351
0.721659076240886
0.7228774061441703
0.7316057947028414
0.7268322685590767
0.7255943530789734
0.7271230612344391
0.7308272788196705
0.7247061073506638
0.733277053373487
0.7471655352231363
0.7248499938823739
0.6851016335103551
0.6433406185231824
0.6069345690148222
0.5669125339646316
0.5444342261097246
0.5216712549233475
0.5516002490371531
0.5707434591520213
0.5877601831134422
0.6059391493338163
0.615832711749215
0.6265591344800479
0.6224353159097816
0.6190473641629831
0.6256397736975806
0.6286162357632046
0.6277800124867389
0.6255474936561999
0.6223354001174504
0.6266782745389496
0.6347426666299948
0.6251627481094334
0.6165991737221559
0.6205593350379204
0.6203659454211348
0.6100204190075089
0.6000091762170094
0.6276160449266255
0.6329232228364063
0.6519297700579906
0.6517878025417995
0.6565006894846889
0.6534523528904078
0.6458064626062656
0.6638245799363522
0.7704364290451678
0.7069076360665304
0.6982522877148574
0.6785429817714598
