0.16512375419276643
0.11720757547396199
0.00732155261869788
0.0090578216013393
0.014775487529120114
0.012686511595400995
0.019965016014417237
0.01916553840400903
0.02458295656111039
0.027710167056155532
0.029533567645579725
0.02984279934970006
0.03031171383484783
0.039073885991792984
0.05945868131966148
0.07200085552639884
0.05984986066267581
0.11767299505910893
0.04508179696207013
0.10272298710157154
0.10092537479177158
0.19080121569574088
0.22786044208396444
0.20604908304867306
0.240929621040447
0.2452114002498944
0.2367764974849896
0.24673414881499667
0.2430818365962945
0.2429965558671582
0.24633010544922976
0.2480895524421538
0.2450228393257901
0.24633503309773114
0.249559802689455
0.24567893621176135
0.2517282206966474
0.24729132100762305
0.2488036421288458
0.2518282843712889
0.25359265901271455
0.25510498013393657
0.24981185620966226
0.2432584646843706
0.24829953508844307
0.24880364212885064
0.25157623085109004
0.25132417733088624
0.250820070290479
0.250820070290478
0.25006390972986703
0.2493077491692566
0.25082007029047804
0.2485515886086458
0.24955980268946004
0.24804748156823866
0.24855158860864576
0.2470392674874241
0.24678721396722042
0.24855158860864596
0.248299535088442
0.24829953508844183
0.25056801677027385
0.2505680167702745
0.2508200702904783
0.25132417733088497
0.25006390972986736
0.24795234554210038
0.2459643442901835
0.24419996964875826
0.24552201871770085
0.24422839655847017
0.2424924488267571
0.23788877634666594
0.2364147374321584
0.23330587270314201
0.22786181717586454
0.22234832210751912
0.21334684024558181
0.1956997948613166
0.18026148741648257
0.16247494985261876
0.16729489445077508
0.18060289437383925
0.19248071529604147
0.18830436091123806
0.19323349836103162
0.23579578377159977
0.2389204896886836
0.23956787025894702
0.2367520716814914
0.23320475078593111
0.23128345865044125
0.23291934270751397
0.2321533268499002
0.23084113307795825
0.23122167718251563
0.2278881276004439
0.22946223018959094
0.22728395688539685
0.23379906620397534
0.23223367993053562
0.23198655405883364
0.22802533450050336
0.23017025324648538
0.229903416780778
0.23124517644372544
0.23292313137471987
0.23198162641033235
0.234959270130354
0.23179249333935
0.23654322801650313
0.237826994878733
0.2366853625650646
0.23963836804257993
0.1929553368320083
0.19822996947685514
0.1929559728849725
0.16887558275983633
0.15922551147178082
0.148412201293895
0.15713144358426284
0.1713534430221525
0.1822670587050542
0.18615694159372687
0.19472738575082377
0.19497730330899551
0.1988271163405737
0.19622325755834955
0.20062453632672317
0.20769409413868578
0.20703244750570315
0.21020117276457262
0.2133388991137547
0.21229081954187945
0.21941009957550506
0.21680156137869072
0.22029519502351885
0.22049805279744178
0.21900377008814909
0.215590489523954
0.21575717341728964
0.20998891520849533
0.20626143303905406
0.2079840145259445
0.2065262529435568
0.20469604004021275
0.2032086140764906
0.2025093073353048
0.20149254495604657
0.19883418891443827
0.19889573570536292
0.195586832524798
0.200680740129486
0.19903502869356063
0.2036050008027153
0.21150597802375884
0.2120693012575156
0.2182164521931834
0.21489056068425524
0.21500435722083536
0.22131229505650338
0.2184040908775514
0.22285084586357778
0.22248508470452594
0.22453865609157372
0.22698755452868205
0.2276523677303595
0.2304583110108131
0.22617340116735243
0.22365893259511366
0.22664643161213768
0.22359336245998265
0.23076835733173628
0.22926968017472318
0.23108105333857004
0.22664529263084146
0.22822053420128427
0.2224752294075247
0.2262078947068614
0.22608433177101042
0.22631667469720845
0.22362936670410524
0.22536645341711262
0.22595584118665646
0.2203685928682576
0.22220460427461003
0.21879941792760993
0.21866599969475678
0.2168633428466165
0.22030513921825273
0.2172695834362437
0.21354721773696042
0.21354281513024098
0.21180906462238677
0.2103476114295238
0.21043007283628803
0.2085069225642613
0.2033704659444572
0.20170721322023547
0.19778881041545499
0.19809131795795734
0.2003689231361578
0.2021252049939865
0.19813765133948225
0.19852655922162246
0.20463741789349577
0.19740981650043762
0.19748902370726948
0.19198763379249711
0.1834837090819308
0.17249485826740313
0.17152374935165893
0.19265853996000767
0.2065101866710932
0.19762382727923694
0.2091465459846014
0.24441374096223964
0.24300641116416008
0.24485113888622026
0.2415175893041493
0.23923432467681316
0.239928703769498
0.23602926567909402
0.23713261578604747
0.2357859284745967
0.23732667650553088
0.23899591512081741
0.23589584744624037
0.2311216135078752
0.23162079289978096
0.23211011699468492
0.23419704293994614
0.23602812669779885
0.2318000706737614
0.232932986671722
0.2334753759188443
0.23113411849078808
0.22959450944114973
0.2307126424936068
0.2306300114503811
0.23202369728425215
0.23048787690182013
0.23215711551710624
0.22881863828653395
0.23189634568119516
0.2307831402772391
0.22997884221291132
0.22709140687052773
0.21573655771358888
0.18273937215183647
0.2687158702249205
0.2546664432286522
0.24700477394790749
