0.25345622980855165
0.16505521105499804
0.013106783050586792
0.016887585853640627
0.027473833702191943
0.023945084419342157
0.033775171707281615
0.03150669002544966
0.04193602037993571
0.049026873503850064
0.055624187314200574
0.06300246651133282
0.07496163135718675
0.0894665028483645
0.11268876046091596
0.12420147341335833
0.09783513694344262
0.14098643923763146
0.1359785598059003
0.1270367144580297
0.14256732388420712
0.1602989962909437
0.16811178971914598
0.1744984443953447
0.17924398937854305
0.19019153317328855
0.18461117393453466
0.19022344107037062
0.1895742559618772
0.19431993174158158
0.19992263298738236
0.20356014296972777
0.21347254966843407
0.22322589728710976
0.23484331020205054
0.2513156660597092
0.2627362171707074
0.27850886699001487
0.3007096251819071
0.31879152933333593
0.3316803076571004
0.340129611868023
0.338067752950397
0.3433138004434654
0.3461027545420633
0.3637825730819855
0.3557402069097608
0.36790283097217286
0.37258818262000665
0.367149136435114
0.3652931575197618
0.3667833485516735
0.3782433882598034
0.3860361550082673
0.3801291843010003
0.3807075961177973
0.37605631117577093
0.37990682837208223
0.37995143555718686
0.3722040840467973
0.3710193322092423
0.38716907916522686
0.37352560807395785
0.3792812368917568
0.38454206847299716
0.3645183913686475
0.3520367233224411
0.3523629221872794
0.35264385468366993
0.3568730232342825
0.3635372821512551
0.3759654783792537
0.40062559455890473
0.4011395568963141
0.3976725890813895
0.4006070229461955
0.3994517466683191
0.39776992233139047
0.39600554768996726
0.3956124178637682
0.39722154719320807
0.39353386242149213
0.3940684143664123
0.3952001913830761
0.36234065851863767
0.34349698297325015
0.3001980661365711
0.28136737144256707
0.28232908470082774
0.35459947312891654
0.3634140526857215
0.37316344804554175
0.36155770042785346
0.3728863135618975
0.3702738978001471
0.36782537127195464
0.368873975885614
0.3665010279224234
0.3691621143886724
0.37494632348765755
0.3697770126888274
0.37078522676964176
0.3748511874615182
0.3700635679075396
0.3679142465548403
0.36964297235746374
0.3689938225483948
0.36901363019912886
0.3716625670877859
0.37610392363771084
0.36189293346481943
0.3620085828461336
0.34142057470595144
0.280756948577105
0.30079066150673
0.3171002944576235
0.34169797744366426
0.36868916468261437
0.3777986431920232
0.3807644136202437
0.37492158818842775
0.3771436045486196
0.3796827113633645
0.37730923835838903
0.3715863745832752
0.37637117624848215
0.3773077535643679
0.3774032354032295
0.36953765010599493
0.37432772523242785
0.37161093208705004
0.3782485460989162
0.37961873267157675
0.3816116615719952
0.3799151350282917
0.3841284081068263
0.38841217896899194
0.3877560820830216
0.39352488613799247
0.38537608998620093
0.38364885857019515
0.38765328798374005
0.3800916823776324
0.37796260481971916
0.3803486635463379
0.38201904114291857
0.37670840384849774
0.37943065784315977
0.3768718404344092
0.3802671714844052
0.37467112611156644
0.3794492294558665
0.37233707429460083
0.365229241001322
0.36501660866913044
0.37799156493020974
0.37515226709154387
0.3813300421607827
0.38286586254321425
0.3852010533414732
0.3812966876025686
0.3818959306691153
0.38169694230112994
0.38037489323218465
0.37924918284531617
0.3839862735582612
0.38848988236371296
0.37911576461246227
0.38519726467426524
0.37765423068086756
0.3816783706884186
0.37877843036312164
0.3767335752917813
0.3797805778141396
0.38102606246965437
0.38077022028224444
0.37837931464585656
0.37757387760023275
0.38600042375729854
0.37768265759057945
0.3747641456525748
0.36962415055515796
0.3781162668473549
0.3859447089191688
0.380412036457603
0.3814820320063438
0.37910590931546007
0.3794951697357243
0.3821540508191142
0.37644702823206994
0.3776936518688801
0.377950633037585
0.3757537881206803
0.3777455780398025
0.3729997710111506
0.3764716664745758
0.37388934980461547
0.3701134746500633
0.3641926807495287
0.37076957153603096
0.36087497235552424
0.36229048526852975
0.3680598225242822
0.3774093020330276
0.37157757752883636
0.3722041892625312
0.3747504209496392
0.37686092689484285
0.37073727522038785
0.37533602005197775
0.380684939553115
0.3797150076790157
0.38066434994560217
0.3830250579998703
0.37513589270268854
0.3476937360848274
0.3215720283602475
0.3059439684966224
0.29931079816103884
0.363731351332727
0.3732047094328938
0.3617030557992893
0.36629808125077185
0.36360460141214496
0.3736064861963802
0.36752673071078845
0.3696059261887725
0.3728256792342647
0.3760874949946792
0.3715560813780263
0.36563556232968164
0.369518448235776
0.37758038037408176
0.3678787836704951
0.37441184250327253
0.366736279068722
0.3744601659614473
0.3775083074651012
0.36997177624555344
0.37436053843086076
0.3732386167111975
0.3771326910090467
0.3678071469055678
0.3810905580442228
0.37921582828710243
0.3687912396266596
0.37213420836168015
0.36966144691344405
0.3683179804248701
0.3284369337480728
0.42500719788871627
0.42499936058652205
0.39952717210045474
0.39703999145663155
