0.5543586969013384
0.3499707784966391
0.015879371772821525
0.022684816818317844
0.03768446509468317
0.032705176158542584
0.04619250331367465
0.04427121117819142
0.05725443129291956
0.06740328121748917
0.0734859202605883
0.08253142007820334
0.0967948975966591
0.1226375846333203
0.16813610772575224
0.17950553146301648
0.13305318470000052
0.20870916481828403
0.21103770450166182
0.18863085091160656
0.2186944461339166
0.28798447121400844
0.3039348204016336
0.32527775239807083
0.3277792063139013
0.38039031305780796
0.3622734611086986
0.3585767149735107
0.36851390181833843
0.39152070749072654
0.4066019204869183
0.4168629809119454
0.4362487086648822
0.45577181306672115
0.4786842267370951
0.4977459768115535
0.5278199829337088
0.542435169161635
0.5719467357306565
0.5923715133131107
0.6053431480319686
0.6274131902880153
0.6463855969691116
0.660202405699283
0.6751658243492734
0.7084340824629288
0.7159358637064186
0.7364569529184244
0.7529413976898492
0.7736234100502788
0.7743914228095128
0.7788566600406808
0.7939466859761679
0.7978134230919418
0.7911605241724838
0.8115922614484253
0.8406990430525508
0.8351057752646219
0.8572305847218719
0.8584922150230123
0.8618483663077667
0.8652408062190449
0.8941509336603951
0.8745766841309943
0.8351031587080701
0.8109231438153213
0.7961814616180921
0.8485297880466974
0.8883361240593487
0.9073214226478069
0.9095672882486798
0.9238061549538698
0.919976669209859
0.9188557199612561
0.9225146645220641
0.8988562869036859
0.892245594777014
0.9166973136126157
0.9467992859134321
0.9642344977531895
0.9892583612188038
0.979628019896434
0.9810122697515953
0.9979076495749468
0.9709536930255483
0.8755658587944304
0.8372380849133815
0.8239414808403611
0.765320420347638
0.7362670766451008
0.7770163200413449
0.8305076694084291
0.8619583341864525
0.8798593139930474
0.906973051529863
0.8925615543879403
0.8864079018393994
0.8960703980895278
0.905970396148663
0.9040064447910735
0.9148367422739621
0.9152358579912279
0.9055963885682888
0.9045641245931477
0.9014127177600856
0.8898518065371664
0.8972891080431773
0.9072694261802198
0.8758911487914167
0.8816090740967897
0.8494712107862246
0.7745347711838172
0.7580718406577784
0.7410897969515345
0.8491472340148858
0.8480435367390659
0.9212586866541074
0.9812648189539702
0.9889578439200576
0.9893647969395287
0.9860673323403122
0.9877983524235258
0.9919930538893477
0.9829036317866748
0.9894836775575415
0.9829670906924279
0.9809360344366813
0.9944112505069531
0.9929312203034708
0.9869777439322698
0.9815227821129122
0.9827909823903932
0.9814744477350399
0.9800417920313218
0.9558985549250081
0.969546211344106
0.9553027236283524
0.9646568374483315
0.9658788228426334
0.9615654860894607
0.963877177626508
0.966259629676069
0.9701864670420084
0.9721128796119669
0.9691015219641003
0.9779710179133572
0.9800611911660442
0.9726664016834967
0.9721638764938384
0.9717604391409547
0.9751682246623554
0.9837493163469625
0.9843575230516135
0.9794821753550437
0.979188929974422
0.9789874889011829
0.9657395815657841
0.9699790936903943
0.9734410905243266
0.9690295393864498
0.967210727208581
0.9646352512912336
0.9579142910452139
0.94391695404244
0.9470927920503619
0.9411287486336558
0.9380303314341725
0.9368016558779634
0.9421579011964256
0.938098898838669
0.9397566099748751
0.9175165268371087
0.9406939705057029
0.929903717742936
0.9308261260528324
0.92750311415399
0.9265975496310356
0.9158333599704565
0.9216895652040024
0.9316168713957933
0.9372163514641139
0.9256387681609876
0.931046844443221
0.9355502794175229
0.9372354282966523
0.938308197427562
0.945123933914113
0.9309473676386539
0.940973487012596
0.9502901162005162
0.9596495965553593
0.9446479302841915
0.9516932010642835
0.9537364808510217
0.9554232482429387
0.9566382730034322
0.9620607092280462
0.9616012499745344
0.9608784937435167
0.9729123549044699
0.9758251020715039
0.9791635793020755
0.9823050442684296
0.9808672862530304
0.96988684594956
0.9648633628251301
0.9636660933592673
0.953081562920762
0.9628568158176786
0.9610953508299545
0.9636207233491614
0.9673515790575431
0.9732126094849531
0.9751167777930044
0.9802321722291172
0.9035797101008055
0.8424081575394632
0.7831216876618738
0.789822096867349
0.8166650463670563
0.7500380675637134
0.8096706624120535
0.8505486769383512
0.8562363199640998
0.892583402261269
0.8714984716016548
0.8758101388755123
0.8817584986769106
0.8804468976403983
0.8897145504862843
0.88450206537573
0.8835791320240513
0.9121886985774157
0.8981379491761041
0.9146299117051411
0.9031673813650359
0.903996033996439
0.9078313775544092
0.9151177761918255
0.9092132709345294
0.9128674980760534
0.9045426751303128
0.88712318141639
0.9082260655908515
0.905389228032015
0.9131923474360004
0.911959345594314
0.9127969055643148
0.9218121914738581
0.8859602070663884
0.9779446563059748
0.9347648827482771
0.9223280901605826
0.9136219573481762
