0.3589818283939169
0.2544577638274845
0.020511471162626724
0.026560755647512126
0.04218807390013417
0.03714700349606583
0.05176610766786838
0.04974967950624167
0.06411673015784314
0.07520708504679999
0.0820125300922963
0.09007824273881028
0.10318502578939595
0.1190643975622227
0.14528289131189803
0.15410476451902327
0.12813832428955016
0.17178186549148663
0.1715298119712847
0.1607532920704564
0.176318828855153
0.21483831320447355
0.2282252100678582
0.24984109371142266
0.2543926815959261
0.3014266382695735
0.28394447409865364
0.2760106544436973
0.2715709942864181
0.2899897152414728
0.29695638216951464
0.3064773850284511
0.3150436216579417
0.3276668830576664
0.3403525559680427
0.34375094721138605
0.3626931050557163
0.3653587980757673
0.3692684567342228
0.37421825139048354
0.38626578430994774
0.38779617573373054
0.3947026530046651
0.4014665179205427
0.40548767713942874
0.4064259571914662
0.414055161095256
0.42137813769698573
0.4320266612810316
0.437141015396187
0.4475130462717069
0.4559688097736145
0.4616533465890922
0.46650282135627746
0.47120230469133384
0.4798352448051949
0.48868866783201975
0.5193527079021496
0.5052125015473763
0.5303247239643207
0.5217544682472884
0.5202658320501125
0.5138014465517832
0.5005131525502157
0.4757856232970914
0.4676620762143257
0.45794949531075146
0.5285783997618281
0.5400447309136982
0.5468889964173217
0.5416973506475258
0.5305118892504701
0.5291310517298666
0.5212942214199348
0.5283165149678534
0.527652436015633
0.5584169791702053
0.570411629820303
0.5831546383174172
0.5809281665299246
0.5876753604261098
0.5843840676724167
0.5880833784135415
0.5887553972263111
0.5565357564954633
0.5413086958085945
0.5051865903692471
0.47373471918903914
0.4451704381146948
0.4125978570449466
0.46184987341492717
0.5012242584095881
0.5324585250337412
0.5263641366843224
0.5331661433410128
0.538170585326588
0.5273176936538493
0.5440096044412887
0.5345233620956956
0.5465870767227289
0.5411846857555195
0.5455208093400635
0.5471277937877739
0.5351693549286706
0.5492484257417213
0.5269148940291349
0.5297406334915996
0.5342083590173099
0.5314631871597262
0.5117621189185215
0.5029353811244289
0.44904048644597494
0.44249542971957073
0.45420324693087133
0.4767859358475475
0.5233155573323394
0.5470542836135442
0.5742462120261436
0.5796678265347729
0.5817077539576123
0.5783260668718248
0.5756770410854359
0.5770892985320171
0.563725534312724
0.5669973024268705
0.5678152444554077
0.5690137305885037
0.559425841523764
0.5576849661435487
0.5628495994834725
0.5623739193527763
0.5743674969994073
0.56787588694204
0.5813014326292575
0.5781111565770432
0.5732614972065427
0.5780554417389127
0.5723237809093616
0.5736693292395154
0.5702417826126002
0.5820587321711631
0.5800275210640293
0.579256577557915
0.578920382289871
0.5732368589640354
0.5728957360474881
0.5707125350947929
0.5702023614245905
0.5651093648495968
0.5650475833816712
0.5651279364623074
0.5608763811770583
0.5611814998494797
0.5574094133621329
0.5605625461889301
0.559107078887134
0.5616522523316745
0.5642482129658445
0.566962808887365
0.5676386163673398
0.563368489469382
0.5743500643679934
0.5565601280447837
0.5634446819738922
0.5565096881014796
0.5521167174229116
0.5567920266679304
0.5629890843461206
0.5619679126347454
0.5614714290239314
0.5568717576500541
0.5489539070945723
0.5549615650085888
0.5530017700683769
0.5468529815941828
0.5457810636737712
0.5489138291645003
0.5551613828621325
0.5374341249575493
0.541875550794572
0.5441225526435937
0.5503353544531231
0.5383016364632399
0.5396723562366836
0.5453086390094998
0.5403086454719195
0.5471155125098998
0.5425109677417025
0.5405896756062125
0.5394478573380863
0.5399385063687432
0.5343167645108343
0.5340362840809193
0.5392244166820525
0.5432659893210183
0.5363517642851737
0.5400313644322918
0.5418241659834294
0.537477474672044
0.5416016783542335
0.5362418453135301
0.5381718537647272
0.5410445061616094
0.5452490629244349
0.544502757660827
0.5607441019255004
0.5567680994216682
0.561552188657034
0.5643952751629048
0.5701690068663792
0.5773648513134354
0.5752210715487467
0.57517786169353
0.576381275475124
0.5757672494630728
0.53550452592601
0.5109028680192101
0.4905844823024536
0.4568724325143452
0.43845955850968216
0.48724682127954677
0.5125374198223723
0.5155988380008204
0.5254688825195131
0.5271275000014845
0.5194377944602077
0.5253149402732847
0.5448429391506895
0.5380530035595326
0.5380381529991395
0.5496208313398397
0.5382774798317812
0.5419614825856198
0.5482654252350648
0.5336326782928087
0.5450891580907391
0.5505958408894951
0.5401925736371965
0.5377361977896037
0.5360722393609421
0.5372113078336329
0.5275795448180248
0.5192232258389585
0.5343835931618276
0.5436871323907148
0.547755416714928
0.5463177756246623
0.5380254689656093
0.5184958370234348
0.5012044289197736
0.6296028504448021
0.5928598903145027
0.5684389398100048
0.5538783616396966
