0.3046789750961415
0.238444560889866
0.01925120356161005
0.026056648607106284
0.040675752778914234
0.035634682374844524
0.0497496795062415
0.04773325134461461
0.06033592735479133
0.06966190760232353
0.07545913856700581
0.0835248512135205
0.09521444916902433
0.10914410189664969
0.1347524390402124
0.1425535124448793
0.11790419363584882
0.16107539907124716
0.15997406695909422
0.14808284870129168
0.1647630838429628
0.20249012261536548
0.2211300863924896
0.23757892601564068
0.24474259771666454
0.27897581853763076
0.27195275557491766
0.26528331604038063
0.26080877630581756
0.28006989540593086
0.289491787180708
0.2910647904599586
0.29877287389796753
0.3051786355629893
0.3124151716046164
0.3162653812541575
0.32037178417140455
0.32767852120465424
0.3276237396137841
0.33488067455562703
0.3387648165631923
0.3445534624141274
0.3537169580424594
0.35796473295734527
0.37077731254641155
0.3910799855836254
0.3928154818416491
0.41089066323889073
0.4211346551039486
0.4412432687217853
0.4505146697611027
0.45152588345695477
0.462844827867741
0.47358569103920656
0.4677072404891568
0.47857250851042454
0.48304180533495084
0.47834855896419964
0.47684507667558457
0.4733866756354711
0.4783213686778697
0.4783380233953317
0.4782418245115134
0.45848831752689867
0.43356795070423865
0.41299140215944485
0.46038313172191786
0.4820585877611056
0.49968068472741317
0.4915847950618832
0.480162840967171
0.47865827249863624
0.4688789282191013
0.47576477406947465
0.4732993934328661
0.5117515961964411
0.5193067042218426
0.5224181480645881
0.5211969707232555
0.5279209237068229
0.5245305203053278
0.5212921067493946
0.5218492789420222
0.5192002531556353
0.49990187184253804
0.4725842581950692
0.44768553988962445
0.41355681648581993
0.38566306854584614
0.3737139381502949
0.4522731629789919
0.4672511958742363
0.47083861307567115
0.4811101783462344
0.4747839462396803
0.48063185750482623
0.476839988657532
0.47983280417816804
0.4897825197156437
0.48048909413235386
0.48561147593569703
0.4864771762054392
0.4791577148081913
0.4911133393544754
0.4812799574701687
0.47550990921817216
0.4790515830701533
0.48769252960445997
0.473584179592578
0.47055018980046825
0.4622791440250111
0.4419606688594441
0.3804483283799442
0.3998396131485641
0.41263233726029047
0.4487762991316501
0.4736005804659674
0.5130990424998257
0.5187458669032904
0.5129421250057589
0.5111777503643363
0.5038681982784294
0.5032924544730943
0.5066544309648758
0.5037484240097823
0.49952036798574817
0.5051792530690767
0.5029577699096673
0.5001184720709994
0.5033333863657226
0.5037139304702782
0.5115609441548024
0.5068621356485726
0.5153936731287798
0.5095543712901762
0.5105785072977891
0.517521159243346
0.5185183790458624
0.5151984734279998
0.5209498448515566
0.5145905140457472
0.5200257725185822
0.5145806587487427
0.5137392174589959
0.511984698114572
0.5086572151622964
0.5076292904874781
0.5098928445208105
0.5043995932472547
0.5044280201569685
0.5005570089762759
0.5073378157792667
0.4958297735603328
0.496053400170824
0.4981020439093705
0.504127829133046
0.5021546108266348
0.49860615094977856
0.5003038164747767
0.5099152048007264
0.5069993425486311
0.5059392022968932
0.5072760343113403
0.5012983865913824
0.5052558174825046
0.5071869649149978
0.4965252916343119
0.5010239727912629
0.5017132382809875
0.4976365500040018
0.5016486374906899
0.4909035497764038
0.5048089922465757
0.5012362250555393
0.4985358951967394
0.4987221365512156
0.49769665928984974
0.48560785671935064
0.4970804278949427
0.4950133177594129
0.5001029618112558
0.49766234354580174
0.49429333107938633
0.4897672812552898
0.4896235715813801
0.5001764648717175
0.4893146642417533
0.4872512375577016
0.4879592606145953
0.49392326437034645
0.49308182308059834
0.49495005006387044
0.48907739366705394
0.48640486861945437
0.4863999409709528
0.4885820029423533
0.4924431588260423
0.4873069523958313
0.48792476707508803
0.4722800161910496
0.4770208955712018
0.4780810358229393
0.48436380221532005
0.48720802770248706
0.49274827749846556
0.49668107014708324
0.5000244750261581
0.5000813288455808
0.5010376167554719
0.5065926494969539
0.5109158415471292
0.5047763486846041
0.5121859644451496
0.512247745913073
0.4944685632711671
0.4828676816517894
0.4570472473325004
0.4257116637570457
0.40467458700215
0.4327934248382848
0.4574835491131976
0.47428745966131663
0.47012832190722176
0.47611079813076423
0.4836948651715569
0.47439212173860285
0.48932604026140814
0.48396443101666065
0.4976878247246705
0.49077233716625074
0.48449202347912584
0.4832063621633761
0.4933945458118255
0.4848261163410368
0.4791683852719197
0.48821394750271674
0.49994600967364783
0.48750028580108146
0.48852756189283963
0.4799605961718373
0.47363563536425773
0.4718544929924759
0.47950466127869446
0.48573795692409
0.4893914162830842
0.4936812258568986
0.47939732680390607
0.49251005533053166
0.4686916967790557
0.42814450209887006
0.5631833258307732
0.5309516325790694
0.5136118658559418
0.5025597931736974
