0.4415169398016626
0.2909608186893239
0.03524049430608728
0.045517834815011766
0.06409436987794548
0.05967604180162632
0.080639693833748
0.0773296435128847
0.09274811810052394
0.1055509214599863
0.1127369106100403
0.12430787327819663
0.13837094423867694
0.15517817701168016
0.18500198445763386
0.19083749762903174
0.17380663824554513
0.22563073871414485
0.20802034685808665
0.20536639342319443
0.2285985271371434
0.26725406308723
0.28789895248272696
0.31480091178552383
0.323581772361296
0.38107963791546023
0.3512191233881353
0.35539631148381085
0.35325139273783046
0.36491749143212426
0.3750455725201257
0.3881332589162205
0.40341013215607824
0.40944031998647246
0.42437000367998673
0.42595951131314985
0.44752222718275203
0.4600662868601025
0.4673026188967315
0.48189118783269785
0.48481418311615443
0.504794613281686
0.5164984691409118
0.530136030875697
0.5391238060193848
0.5457914510297033
0.5563304291129774
0.5634815816764538
0.5759187843901848
0.580141719887453
0.6035893775213214
0.5994674736387855
0.604513471691358
0.6057881332207662
0.6021820477232409
0.6039286225532025
0.6084646369185807
0.6422909811454847
0.6435895407115582
0.6383744692901572
0.6570602621897232
0.669007639499847
0.6792560199095842
0.669541570018752
0.6674642823655262
0.6311966830680784
0.6229925535072162
0.6596512860504629
0.6835464774483095
0.6896240664418569
0.6903976726190755
0.7027932897517175
0.6996159539149528
0.6868700099065532
0.67265963907922
0.642424054109384
0.6457441358755559
0.6812013777213021
0.7032566025830386
0.7198001127089095
0.7314324221345354
0.7409221751881075
0.7588757886942268
0.7582464465358901
0.7294845404214765
0.6906236858332152
0.6771333809310378
0.6629332534433494
0.6441203254071595
0.5416855780889387
0.5944140289284134
0.6480507493323087
0.6569950648586101
0.6715936118289052
0.6677809946526956
0.6662124389264676
0.6781567426643037
0.6867130928894509
0.6875527672059427
0.6810605832583781
0.678766841235528
0.6814442939316289
0.6861016536624507
0.6919328130755437
0.6895190361699032
0.6829927499115955
0.6740332839842839
0.6593538645997274
0.6812440918481407
0.651819765347699
0.6417400810719998
0.5876986273624587
0.6216716915799174
0.6516179620179163
0.6666032131041323
0.70133691866771
0.7299353949216077
0.7703159732228401
0.7627446915487854
0.76061288356623
0.7402665130125867
0.7308404690904123
0.7292045850333393
0.7260481967401176
0.7088166768065584
0.7397717362274022
0.7412889849971271
0.7260694002871433
0.7305949250694601
0.7252131760518974
0.7169349295635133
0.7230470537588908
0.7278548214845297
0.7167369105403635
0.7089894354886951
0.7074259006263893
0.7207813928330303
0.7118205502124381
0.7199928374664393
0.7184755886967165
0.7074405043428351
0.7193154467021177
0.7171559242396921
0.7293829837938176
0.7231056700917224
0.7184056241138639
0.7225751541364024
0.7224691045706939
0.7252094858750151
0.735543334390641
0.727557262394921
0.7183521146585952
0.7330109939901406
0.7417426588196279
0.7389013429861593
0.7269787881649449
0.7315104780673851
0.7111501954227444
0.7235882958657184
0.7102339522329761
0.7102415199747923
0.718833345969908
0.7073859462376018
0.7122593454663091
0.7062877044418123
0.6994963434688858
0.6975423261211786
0.7037517835665567
0.7013198526534161
0.7024078408738832
0.7004461582055505
0.6994196264446769
0.690584186959279
0.6819262672208488
0.6920084080289933
0.6936428947561778
0.6926143479828462
0.6889350061843198
0.6895293216023636
0.7052465009863056
0.7066068322619637
0.7009861404876184
0.7117155034413621
0.688676461102061
0.7062788520545746
0.700483936174874
0.7153823736363061
0.7085593944162689
0.7148771651958019
0.6932304615166291
0.7095637902292585
0.7159914007904444
0.7120175955104691
0.7085202662908489
0.7379429481837448
0.7227568972610339
0.7216572373309588
0.7243124282374699
0.7239306466612948
0.7280325967128922
0.7282298144084707
0.7230936079782605
0.7372016594663656
0.7289099355974341
0.7204696647374279
0.722416307545266
0.7258181495281097
0.734445257744911
0.7132486488470829
0.7224794930684763
0.732081640036937
0.7353726840346362
0.7454498971942797
0.7678846784872052
0.7584012557038246
0.7075100342152333
0.6803228266922874
0.6655194278119163
0.6408621993422021
0.5846523722287024
0.5830757910617443
0.6249540349915875
0.6444117256509593
0.6528861339483818
0.6578831867557295
0.6628826319198113
0.6742398721815045
0.6764108831764577
0.6953853167332846
0.6937665280964279
0.6801314527049463
0.6851685982551415
0.6754448625909029
0.6842165234179697
0.6853820724579708
0.6829276797217931
0.6785376466150739
0.698280814886987
0.7019422714064489
0.6889597288381694
0.6928721399039395
0.6868416617087606
0.6854614329738051
0.6963134255957129
0.6919077965164471
0.6911313173783621
0.6873857221119883
0.6867985676434487
0.6857304663083915
0.6699797851533607
0.6773890398618142
0.6668963222603348
0.6863165848845076
0.704537257380473
