0.41533844024474653
0.2674102133233015
0.019660174575880075
0.026907945193858838
0.044204502061769624
0.03875446064343162
0.055546910470932076
0.05302637526889668
0.06767883399891836
0.08059534499722841
0.08825208662947581
0.09861963551603745
0.11289155014150244
0.12855222295233865
0.1598735685740138
0.16693106713971922
0.14229160362767856
0.1920128562242095
0.182401467898275
0.1769514264799406
0.19695879060216462
0.2338411548563733
0.2506795449637301
0.27610359594608214
0.2799795347752821
0.3439344197905738
0.31699804768698425
0.30823522552314053
0.3066403540974233
0.32636231014123107
0.34035374433678334
0.343630440099432
0.35754257945691204
0.36729011644035825
0.37929847703249486
0.38902613683827186
0.40143817417905914
0.41303263610842683
0.4215544975206925
0.4446958978152205
0.4505740069023239
0.4604301572924528
0.47646722708252315
0.4912116494561047
0.4924242215113456
0.5093269569276082
0.5191042191382427
0.5208488500908542
0.5474181939631345
0.5578399528603667
0.5624004871518615
0.5783978525650548
0.5702317304311753
0.5720182198433376
0.574423818077559
0.5801761588622921
0.5979346389214982
0.611506447440049
0.6124051010172541
0.6242912930145139
0.6312357266153755
0.6440767502494872
0.6517275418019104
0.6531014196866132
0.6498384182931847
0.6148656685937507
0.596662902489976
0.6423422844146597
0.6864627417559566
0.6797784304662969
0.6916819174961404
0.6904370110225149
0.6802899570619728
0.6817667449961184
0.701623565980013
0.6661542493322532
0.6449236377351009
0.6755036974931936
0.7088357911829449
0.7169928696049557
0.7503033681818922
0.7498396879475929
0.7823275297310148
0.7669576624206563
0.7393397479300217
0.7070500008851143
0.6863076977705259
0.6315138804745157
0.6023467734846005
0.5259544683261412
0.5549758773410982
0.5975370327839186
0.6390222056509247
0.6476442500285718
0.6453348293681055
0.6612574282513572
0.6644433238583954
0.6738593086223006
0.6686175912250762
0.6730979870889563
0.6839904118524953
0.6838334943584305
0.6763129013836771
0.6663365238215996
0.6759692895257225
0.664508795503198
0.659650708469646
0.6505009745718393
0.6430176868288704
0.62767522265347
0.6101809006545145
0.5631585504656113
0.5711354555617838
0.6241511784393794
0.6579578304860458
0.6750455839762342
0.7311726640521711
0.7742687808969694
0.7737481953306045
0.7720987170771111
0.7623626186750151
0.7642740555135047
0.763494395691682
0.756571462499129
0.7502778534414052
0.7620052820332928
0.7701863414059265
0.7705852193301223
0.7741918748022418
0.7647017330109762
0.7758543912993621
0.7539086135194789
0.7520129693984885
0.7523103537131093
0.760583868133431
0.7428889973665184
0.7389309443768807
0.748909898517839
0.7479090662243795
0.7310397061707223
0.7555786698640569
0.7419612742605061
0.7495890578534745
0.7432199880213117
0.7404729165550835
0.7509812340825109
0.7432647308267154
0.7610752872293269
0.7667014316939542
0.7614949542910889
0.7621614190041796
0.7560871423050668
0.7792882852683273
0.7730600977855763
0.764736145694339
0.7517261916563601
0.753177188124373
0.7721514731122981
0.7457934491436811
0.7340845367410537
0.731569617571133
0.7246379146205362
0.7260336585130515
0.7223519803659463
0.7092568861740403
0.7173480553221243
0.7089826986212425
0.7152858753920752
0.7058346615753538
0.7100054796379701
0.7013565370945507
0.6877712558998245
0.6805996225145524
0.6818653509648541
0.6815719390005704
0.683794757802273
0.6719215022153129
0.712888737861445
0.7012794848275785
0.6899121372822385
0.6889880703471746
0.6988765170529537
0.6845838478036411
0.6836661806657025
0.6892671727991526
0.6941551749611998
0.6992806552399016
0.6956330290274626
0.690238052761868
0.7082944133605698
0.7030474487262444
0.6986004448504924
0.7137303429638246
0.7227251159037368
0.7134262028003403
0.7041562253044954
0.7203245061745434
0.7191716130580154
0.7287556977796461
0.7226060877444229
0.7413434332728405
0.7378245392869925
0.7422711899688058
0.7435672712275958
0.7342336811321113
0.7361842603321651
0.7337571681697954
0.7362674747209227
0.7445875366018296
0.7412202866488191
0.7514596907637531
0.753084829052981
0.7574054572621812
0.759010866691332
0.7656695520612362
0.6970205350893803
0.6655695040282865
0.6329152021743705
0.6158155568460805
0.593236119844856
0.5309200677042498
0.5730125344753008
0.59723583555961
0.62287790667833
0.6125457710415025
0.6365083157295628
0.6354359004896742
0.6344823082182288
0.6385944700127503
0.6531348704898743
0.6611895221528695
0.6495671968482924
0.6442064825686267
0.6470838698280391
0.6639252888532922
0.6471381124870145
0.6536936258953459
0.63092471637414
0.6330984286469491
0.6377186251496377
0.6181299697156715
0.6277267543251763
0.6662814547838474
0.6640878570379889
0.6846940059332606
0.6895324938715618
0.6843767066190273
0.6755979782218392
0.6794939072124867
0.6924209790012406
0.7648777692801133
0.7167357737163641
0.7065147780185594
0.6979491650669029
