0.4950579937190713
0.3356417124182447
0.05090284272425496
0.0669244451908587
0.08655204573170278
0.08532513268889305
0.11200786798792421
0.10568135853954173
0.11659077163144475
0.14090223114935513
0.1529540754562996
0.16969054231888378
0.1903365788546619
0.21441150103210074
0.2506835086467512
0.2468784468636965
0.23928424641816604
0.2813186582906591
0.2775863523609546
0.27813384308771394
0.2930050007797274
0.3304492992029235
0.3383904756044472
0.35750060286005825
0.36490203550567857
0.4248893790104947
0.38989361621254925
0.3885999940533192
0.3866453473596158
0.4028434817690733
0.4116035735082738
0.4202401023116235
0.4287823916235583
0.4389897914276904
0.4501288437320975
0.4624109436863675
0.47197691863708
0.48225742245078007
0.490649397495327
0.49600583830862116
0.500268670652356
0.506335679296932
0.5166364272605494
0.5207089751933379
0.5370362836411273
0.5485711875622129
0.5733385727962766
0.5833347347126598
0.6124123166528674
0.6278442857655645
0.6515753760818831
0.6513875178772932
0.6549254824009614
0.662008507642453
0.6620778435548048
0.6622929558149087
0.6960995518463862
0.7274144534025158
0.7321286465928265
0.7564420382978515
0.7646890282367274
0.7827638170737613
0.7810092071806358
0.7773230399263988
0.7521666483631467
0.6383492810692731
0.6596118543380828
0.7247894698631282
0.7686692566179408
0.7736405489147442
0.7789985225239
0.7989498120478765
0.7673574938844719
0.7214674694680954
0.747862349254278
0.7490441596616779
0.7384571564203262
0.8066570861294724
0.8439735001350661
0.8866069029560469
0.9147983860449984
0.941052251131368
0.9658888895606358
0.9811900176831915
0.9508325307838643
0.9153171626842818
0.891632530271142
0.834242459706841
0.7287492500014364
0.5903567673154781
0.69219626298476
0.7778887881684766
0.7932481102624013
0.8141353987058044
0.8380046238436653
0.8659108461425977
0.8510831582350822
0.8488751673706498
0.8580823918594397
0.8592257565295188
0.8545275411584083
0.8482830569727419
0.8607380776507408
0.857648484078885
0.8523700370535043
0.8557473955158685
0.8605466334313928
0.8494428411743506
0.8219905852754347
0.800122282419125
0.7732069612758323
0.6615386506100146
0.6735600629544908
0.7650097473778956
0.8675276868463471
0.9142060644147029
0.9500961134960917
0.982478792222983
0.9785130632250015
0.9657559167458526
0.9479408157047551
0.9119842055581765
0.8954249470017612
0.8883664165629077
0.8930908658664288
0.8802284509008966
0.8904565393381394
0.8941602368904616
0.8911262851971941
0.8913145015854478
0.897158561131733
0.8875312759427321
0.8871920608271118
0.8806272467588718
0.8650944490825628
0.8741308575171919
0.8568751548559712
0.8519314585680972
0.8651836158381503
0.870677364791485
0.8698744747467544
0.8719512388683467
0.8731385127103806
0.8646656270949212
0.8721035727084486
0.8757094098124224
0.8651213441696282
0.8638383407799471
0.8647382350500693
0.8677838926529288
0.8669584531808645
0.8731759287062404
0.8921548995057259
0.8905587906083858
0.8917277102489037
0.9032191173148226
0.895297072618289
0.8951545421804228
0.8914729865917729
0.8904186418236292
0.8914160872012437
0.9035552921630339
0.8974284873654469
0.884873299747859
0.8927689288070698
0.8862615952998723
0.882043859481111
0.875591244060298
0.8671480273357128
0.868777264890433
0.8810819398530704
0.8622979891267365
0.8669636569473627
0.8725520456806585
0.8720068356775672
0.869809449355509
0.8674595275999212
0.857136157913408
0.8636951953309312
0.8602314646912569
0.8672761148064377
0.8669063176577849
0.8571247567286674
0.8498176173065587
0.8551490558769184
0.8472954834697445
0.8546169296518459
0.849629761804711
0.8500348667595764
0.8455016630997265
0.8545989542102924
0.854269098805037
0.852026745057934
0.8543588536299774
0.8557835219737772
0.8578366561991486
0.867612906979579
0.8676628409863449
0.8575866673853961
0.8603558497590799
0.8669560379237662
0.8574903999204925
0.8523414411849747
0.8470780689967083
0.8505272707621299
0.8464998764553677
0.8633595384769844
0.863720188341092
0.8741693277799132
0.8853482030689098
0.9151991503529598
0.9405474251099429
0.9482963931146303
0.9551822725541501
0.9731621664603975
0.9262305257978518
0.8989791420039424
0.832317769087041
0.7563347330911916
0.675595727127156
0.6908135442952301
0.7490254625681755
0.7736754786184317
0.7908309904410229
0.8024834944248899
0.8133371899011407
0.8279303987439524
0.8239464540898738
0.8333882204514714
0.8292827810342258
0.8345045561542584
0.8352597150715986
0.8410856242594095
0.8347928359863621
0.8398469519583517
0.8410241779451277
0.8469978104798784
0.8497668420745746
0.8470450739917502
0.8478216196665708
0.8454484472275455
0.8191864796272798
0.8166829932578327
0.8572770468276175
0.8591693568084345
0.8605405289943936
0.8554922049124486
0.8697237441077266
0.8709864565356704
0.8665490905173024
0.9657950008362858
0.856352337297008
0.8690276952068618
0.8519165272273242
