0.7034011636396112
0.5197647125225202
0.04515249572102231
0.059217059634520196
0.09160425367961143
0.08064599065414998
0.11029870620214624
0.10599118150888734
0.1320369996602775
0.15098682995264887
0.16487074199087512
0.18344666552200736
0.2122108873391806
0.2532335275673816
0.30168246525435705
0.3381373224632118
0.2837234402230683
0.37795909039766346
0.29090242375204334
0.3605297078738711
0.374257126917818
0.4803253871354131
0.47572621157683753
0.556907338057588
0.5437016618057642
0.636973691634229
0.6097292374532794
0.6038215470686892
0.6061290233870756
0.6412070872210922
0.6579080859435834
0.6813664119585757
0.7010289027522021
0.714498244483105
0.7273568977076637
0.7355111537972254
0.7515084484275607
0.7650362496153704
0.7793488310594676
0.7948391089956964
0.8091631290211453
0.8268471756369135
0.8355954829820422
0.8489458601521201
0.8640926595232771
0.8720605057190124
0.8827829022250593
0.8896550563869843
0.8989335130703142
0.9209414641660981
0.9206349414383895
0.9340783463084756
0.9324091076931903
0.9302849577837784
0.9275070956003132
0.9320493324252033
0.9398012100835912
0.9665107220637195
0.9683886351776517
0.9680206559903475
0.9879051978005989
1.0066083127396355
1.0113527084655154
1.0132117405752272
1.0130978228780614
0.9838225407357177
0.9666793372784147
0.9945885345184907
1.0214072517576145
1.0267317955971769
1.031172519542878
1.0351017484250866
1.0323659668917455
1.025642619505085
1.0204729306725904
0.9918197464381344
0.9738191939535846
1.005241246294963
1.027188745690489
1.0371269542703552
1.0141999050537944
1.021352410535076
1.0168982927356691
1.0122125686234529
1.0102232036585388
0.9741998021622114
0.9596250531612872
0.9680149670557266
0.9653084587794666
0.8644593503909419
0.9171650639697627
0.957052002475368
0.9773046119468183
0.983995218196276
0.9927368350929844
0.9918942432567669
0.9958095915060313
0.9960848615591869
1.0015000554662954
1.0019354375351572
1.0065008278085334
1.0043892636207659
1.0025964620696293
1.0021118842544854
0.9956758905449186
0.9997018965650755
0.9985409247949726
0.9930906418681237
0.9883085549494488
0.9800043472368991
0.9638005937014421
0.9099823302861327
0.9391463258485657
0.9727301645879399
0.9738096881973618
0.968305029169927
0.9626415977803527
1.0312540826013805
1.0154701749790922
1.0061058721825487
1.014098846664047
1.019707507216991
1.0368931409120585
1.0428507032618948
1.0272702500428388
1.0488523306937234
1.0404357310765022
1.0517231316794686
1.053430652501469
1.0501873112970361
1.0417293532357332
1.0382941182019552
1.050137335027578
1.0333886977830067
1.0459623369082707
1.0414122472325362
1.0414931253549558
1.0339583404301351
1.0322338312797723
1.0322622581894834
1.0358462780074111
1.0390562646536343
1.0367134387263062
1.038264042054242
1.0398621689463827
1.0392421725919108
1.0397987308450234
1.0275247577018933
1.0490838722923514
1.038660983343778
1.0452564807415214
1.0402677280612975
1.04418995298307
1.0512474515487744
1.0427683652812723
1.0380326009376795
1.0455331375057029
1.0370792922084233
1.0323656158232686
1.0339888986100558
1.0193009540516114
1.026853926036822
1.0281589867774032
1.0306849265033262
1.0238767718375779
1.0200094643906732
1.0185714949103783
1.0180624602214712
1.0114753475208458
1.0061883657726174
1.0085848129970192
1.0126049093784477
1.0209852375362702
1.0066372835391575
1.0141988891452658
1.017171080175005
1.0133696395980374
1.0108731286989974
1.0082574574708205
1.015440060091791
1.0231585831919652
1.0182464395162976
1.0119536512432492
1.0195344424015818
1.0209786453422127
1.0156480405387927
1.022849870876916
1.0190413327895957
1.0291621453656479
1.0195759076785906
1.0172986571363585
1.0234015191698516
1.023603229803477
1.0156755118276837
1.0203289614212383
1.0170730344951615
1.0406861628196413
1.0294656681083263
1.041679184180309
1.0365308475433
1.0483179453324696
1.0450363219213215
1.0392985086170385
1.024220782169835
1.0300681821899393
1.0415975916363158
1.0234923340973565
1.045503606613221
1.0295766223784555
1.0467069314970863
1.0183645034200886
1.0084091426694475
0.9901931490357522
1.0029100426300266
0.9957995797221235
0.981387678411514
0.966973839958657
0.9783902536590448
0.9782980658512362
0.9364695591429838
0.884090782288009
0.9281034290131571
0.9495215561953448
0.9522254688869183
0.9589697784072863
0.9666282077702534
0.9642583936969242
0.9760018700066585
0.9629825377346449
0.977094439673864
0.9815075977157125
0.9848007013169986
0.9879277482454782
0.9967312372279514
0.9818146870939939
0.9983676691229355
0.9962320806321742
0.9980851498938262
0.9956263961597155
0.9955892610932964
1.0017039972960482
1.0015780289438854
1.0100906647941803
1.0044023722445108
1.0048043997551597
1.0026863401831856
1.0103174421778447
1.0161041253426233
1.0100374226947448
1.0202510752926397
0.9795162165700995
0.9821707747592457
1.0001550161342154
0.9877150092481379
