0.41849983507154714
0.2594457304057566
0.034758303242539944
0.04320948764211244
0.06010692879275634
0.05764817505864404
0.07552047573188948
0.07145426485041977
0.0850083011219878
0.09773946771651917
0.10523929185470085
0.11340014052735432
0.12483768496265367
0.13784933198710192
0.1578566961093192
0.16264571299318192
0.14273348489709942
0.1803845954335723
0.1801943233812983
0.1726660723334005
0.18552080186378364
0.22147424687525621
0.23407692288543733
0.2531018354724014
0.2581072490464601
0.3163411524013527
0.2903505687449931
0.28242375353501936
0.27592434524512194
0.29611159588387065
0.3065892808713722
0.31282173211428105
0.32023450870180836
0.3289914008012329
0.34252103715431603
0.3456411836521391
0.3640488166044197
0.3733777045136472
0.38757869192201866
0.4078369950224499
0.4204070180079148
0.44118859385526277
0.45301131383671067
0.46425047505134326
0.48807696576273907
0.5099193627850968
0.5084613782167882
0.5217476957856961
0.5347503283531515
0.5465374362446598
0.5528897739468246
0.5592625206864767
0.5564557323299845
0.5631281759806188
0.5716878602409813
0.5744502978534453
0.5920957322116935
0.6083737337395877
0.6104431157058025
0.6241778402839779
0.6305860315727595
0.6349289486592085
0.632975534391028
0.6344126240764111
0.5786941570866153
0.5244416147296295
0.551009575283553
0.5953259390828248
0.6510080222455036
0.6447183434232971
0.6583018304908553
0.6435623473862692
0.6386234613902619
0.6391903161261776
0.6672988486176514
0.641929466524381
0.6571306996604375
0.7007337915967052
0.7401512132140503
0.7597568830916148
0.7799805110107151
0.7802279939467487
0.793076783842147
0.8037850410953774
0.7920040280458266
0.7488947256689572
0.6934268779503376
0.633589624367672
0.5535855757179329
0.5317678087999551
0.579888681562758
0.6252254308553719
0.6580024742939695
0.6851836487081796
0.6838584531524374
0.6862465690099013
0.7007325288324784
0.6920169935734716
0.7070287544803974
0.7119412318279023
0.7112039738196321
0.7115353221779069
0.7086344369734662
0.7099833508702467
0.6942187661388767
0.691576938504637
0.6889744996638643
0.6828732058740316
0.6781711509670342
0.6545901036152229
0.6332429097708462
0.5713635415476819
0.5350623173084867
0.5747953258302424
0.6670194144887145
0.7304859337300625
0.7782783679268226
0.8125030031899505
0.80746699816076
0.8005759610684318
0.7944982496738324
0.7839452674857631
0.7808921983336031
0.7683983912114997
0.7714971241139629
0.7681120791110385
0.7792309624528331
0.772327479886497
0.784546605081691
0.7803898454130174
0.7666183050225446
0.769752122656583
0.764528880899242
0.763414381158908
0.7592704534922772
0.7449107964222305
0.7462876798821977
0.7503695561377713
0.7523982729308631
0.7549630275081369
0.7603095638309553
0.7602043401144649
0.7622706563009101
0.7501928522293825
0.7570410375362544
0.7637892699191247
0.7640605089915515
0.7625140985888782
0.7649540319542842
0.7653299432239928
0.7670907596647063
0.7626947422342493
0.7710204639526493
0.7658044362089867
0.7661888497194799
0.7724219331709578
0.7672592392453501
0.7731372327478562
0.7633824072309875
0.7616473433842619
0.7557526158711506
0.7501339017588076
0.7512708975384569
0.7515692835224548
0.739922182040824
0.7326641666890873
0.7438602681731495
0.7330325258501512
0.7346750098173641
0.7385422119924719
0.7333882389762728
0.7291956855731929
0.7342175799380818
0.7383715464919353
0.7349095744188483
0.7324279252476119
0.7250065051018088
0.7253794783321945
0.7333514634942556
0.7161432207717588
0.7301144713201507
0.7175195088310558
0.719202972486001
0.7126980985759783
0.7212030776245771
0.7300578877845658
0.7279525857736517
0.712294504721939
0.7226021208549971
0.7187589907378419
0.7313460345846898
0.7237498161443514
0.7208152990716421
0.7260781232857147
0.7300517407271963
0.7331043437158974
0.7342676697457152
0.7252983324250439
0.7341835188769178
0.7341504158596834
0.7232145324849357
0.7454050975598544
0.7290891016608251
0.7410551398380596
0.7399729328076181
0.7500854208745642
0.7513880415552847
0.7596857748437218
0.7620099632046842
0.7742753049655254
0.7808149636288825
0.7901437469514517
0.7937244224052263
0.7989098749087895
0.7923570904979367
0.7617739164224678
0.7139677554369577
0.6396772974551593
0.5662164331852466
0.5424227375664072
0.6051091081644686
0.628175810317642
0.6712917844341785
0.6788176816609589
0.6903129764028884
0.6977413008568568
0.6987648639083202
0.6885143033274712
0.6982170349418853
0.701940281952285
0.6968567142074278
0.7071563907139965
0.708030945616522
0.7234678263659667
0.7199588778847076
0.7243157271482952
0.722041818740417
0.7225097173857875
0.7171625721053908
0.712059245328846
0.717165724210499
0.6976662224388401
0.6883516035415335
0.7013314877248803
0.7084461001808432
0.7264247442353605
0.7061722478006678
0.6925682459663713
0.6828859809353748
0.7077415793895743
0.836757089766645
0.773419971558581
0.748965370623564
0.744672533352582
