0.2713449831033588
0.21652160610571003
0.010586247848549935
0.014114997131399853
0.024701244979951253
0.021172495697103243
0.03251490410626086
0.030750529464837584
0.04234499139420041
0.05091481108112239
0.05545177444478702
0.06326543357109826
0.07555427459314883
0.09112473902634854
0.11584315156372291
0.12290266812422333
0.09938072372514131
0.14045496868921606
0.1392357137195536
0.12835561919626481
0.14487602719017154
0.18146419078808193
0.19646270886875114
0.21061362461942207
0.21820091555522494
0.24015312945077147
0.23884784201147294
0.23979946923072185
0.2365667138359591
0.24740386271447773
0.25416646443456786
0.2597854539792883
0.26316190051387456
0.26988400884498376
0.2732210722520195
0.2719166734478157
0.2781742655378671
0.28579558217476475
0.29276801975491457
0.29869025194245835
0.3108941349015396
0.31662400626748016
0.3255317088132343
0.34115123408272197
0.36475974782977544
0.37246444524267464
0.3903836113672805
0.41394166966641416
0.41056889268916563
0.4066162814082346
0.4132751053670005
0.43097307782120775
0.4217020178975519
0.44116237717719753
0.4275543262548908
0.43469060210270305
0.44099329230135326
0.43908210903529304
0.44303900401755864
0.44223534383827867
0.43485850653481145
0.4381893149229709
0.43611219285435127
0.42484902061314017
0.39633683459811214
0.3635575434365293
0.4186141412732213
0.43953789693720485
0.4479134439607801
0.4421945398570169
0.4290541830227376
0.424753991028338
0.42524548720889754
0.4303850925199106
0.4494258675056888
0.47188287130929374
0.4767026982811931
0.47784275546951305
0.4774622113649569
0.4758596818660971
0.47688760654091816
0.4766169814080054
0.4753332145457793
0.47248098517274617
0.4393253969675425
0.41871454744628567
0.38878344182394015
0.3829798777043281
0.348240158535708
0.3607396026894961
0.42083213292559607
0.4278228133494321
0.4365302308891702
0.4394383118538027
0.43816561008188787
0.44006754879640886
0.44584512342126725
0.4458795362220452
0.4431354008940691
0.4403775408631511
0.43494465459667725
0.4341517520713122
0.44161474534701073
0.43866295638820935
0.4444428267272551
0.4454377426565845
0.44028510061810483
0.4423947243484897
0.4287832527225245
0.43112372709546615
0.42180282045307077
0.42121454741962866
0.3513154531258106
0.35720927487113663
0.37661414594098136
0.4015470506805002
0.43192688398419316
0.4542981049777937
0.46427745168665613
0.4633582085118553
0.4636720434999856
0.4585407647182753
0.4546265436823665
0.45773646665394657
0.4594909859983692
0.4519763789146838
0.46123565004579076
0.4542251500025118
0.4554569906938165
0.4556374074490918
0.45391131501438364
0.4624527077915923
0.4709273914523754
0.4650683790197673
0.4612739322525042
0.46604058885645744
0.4583406373689941
0.47089403689416204
0.46160141120484216
0.46470375684200965
0.46802252347857715
0.4712844362957194
0.46596288546173187
0.4602607905231887
0.46319029673949264
0.4630159466140144
0.4607709641933937
0.45357511974633746
0.4601990090552641
0.45696059549933177
0.45745977489123685
0.45451055808092855
0.4546352599980743
0.4483289943444823
0.4490703719595912
0.45406823250844586
0.4606500509434525
0.455984596995435
0.4603263606583189
0.458713975862457
0.46942378664686063
0.4603832144777442
0.45931814657750586
0.4587386141049625
0.4518528159788311
0.45296109373428667
0.4487106774303327
0.4545598345659392
0.457855101941295
0.46164576004135144
0.4576129037180943
0.4503799160456186
0.4508226777621532
0.4564372947477004
0.4544367077741398
0.4567517518343407
0.4513496619652599
0.4467750384933911
0.4507411857002228
0.45033177854190093
0.45510222381306
0.4509314577524992
0.4517057537817675
0.4401347911136139
0.44705394379796054
0.45180960612361537
0.4512103630570689
0.4451053637340538
0.45248541360358935
0.4495422634230784
0.4504936236844682
0.45341327460377023
0.4420522945818991
0.45156854688170994
0.44967568165593264
0.44374996010689755
0.4533984916582681
0.4463174938313547
0.4439724477360934
0.44408729435623706
0.4366875338926952
0.44125292416607315
0.4413863423989267
0.44914314770581415
0.4497412517910654
0.4426219717574406
0.45743134798152685
0.4601853650910566
0.4577315390054481
0.45817879222642993
0.4580984391457944
0.4619743779749876
0.46175567901299663
0.45946968396101895
0.44238928301851527
0.42641046385566383
0.3942335723071203
0.382954309961076
0.3717194748929613
0.4128726997039143
0.4356103132737247
0.42276057694616503
0.43006201768308483
0.43495003895378576
0.44072195966114774
0.44587402808382015
0.4443574556667902
0.4446761573238398
0.44778480121500897
0.4442800138219733
0.4399312765976358
0.4533787382617152
0.44555382833046986
0.43904514104701037
0.43934288465747634
0.44710805903374645
0.43905499634401174
0.42825234381405924
0.43131622944905273
0.4228274738390064
0.42879569424701747
0.4297042165621083
0.4475142107256436
0.4399526693546735
0.44338348795160776
0.44879462506472145
0.43814665816142456
0.4409822171006695
0.42825295927726315
0.37767890477681276
0.5146263742594489
0.485742834306261
0.4752850770420605
0.45831599912648824
