0.3924861724197169
0.25249662935205663
0.027249148849140602
0.0345302740253338
0.05104224342291914
0.046662197553312
0.061314656283345134
0.0597071991359794
0.07190090413189587
0.08248715198044633
0.08913567953187797
0.09644523161778214
0.10829174706734995
0.12114647659772998
0.14575751320003938
0.15388500731447932
0.12971629628464917
0.17244675943190754
0.17238497796398217
0.16198407451920707
0.17651297031337956
0.21509581125597516
0.23006210497412152
0.2508333766278302
0.25408982859569107
0.31134587638292555
0.2820084405756214
0.27241052963021506
0.2727894015526926
0.2908270583163234
0.30240038479200326
0.3079206462745891
0.3162692031585454
0.3250865834276245
0.3319742329648932
0.3416698229730231
0.3557017312012392
0.36700258113287054
0.37696389667728997
0.3866030190210136
0.4001943195990294
0.4118595738082273
0.41990584197730885
0.4332816221162387
0.45212203938656914
0.4548077304741955
0.47036913507449224
0.469963788560632
0.48191497428508095
0.49211272024349867
0.49257256296361507
0.5067034763311771
0.5014595481531827
0.5130623645798772
0.5052584794701387
0.5133209290329289
0.5174951162764185
0.5212185310895749
0.5344192634893767
0.530175808303658
0.5346283488327211
0.5499793129606796
0.5539666053203613
0.5575288543455862
0.5380072775489
0.4841082651901309
0.5177971481655109
0.5416787350654214
0.5775400472171592
0.575459099122748
0.5796700662864085
0.5943595590746684
0.594591395431159
0.5834597562434839
0.5941573577939375
0.5719616493041944
0.5759609427411144
0.5918114402357273
0.6313342691378424
0.6525368781233303
0.6648392597841432
0.6786601311441196
0.6914661890963328
0.6807575329951153
0.6540275108207537
0.6400471275680064
0.5752563013656401
0.5426773614279805
0.5127943151202128
0.4574323521981272
0.5070128280832955
0.5283021914143835
0.545729574877533
0.5675331433829394
0.5784590954526716
0.5813282615661993
0.5867777719630043
0.5840026506888434
0.588141360049457
0.5828959016235044
0.5843911217318999
0.5864693313614548
0.5839041157043187
0.5906069011501528
0.5775110406314751
0.5833011226822286
0.5933900647200989
0.5719899437504081
0.5622720650598844
0.54622731920527
0.5365909505144665
0.5045066270826061
0.48733535523527066
0.5162705147728894
0.5626648247097555
0.6043107071193152
0.6467037326541942
0.6918332302518762
0.6972364540502918
0.6923046257282968
0.6855593870253786
0.6839088089205303
0.6770541681287492
0.6696680434704143
0.6707602703555718
0.6702755223811501
0.6729989157454667
0.6697672629236213
0.6671314449573891
0.6719584245765029
0.6686898586061911
0.6677460943530311
0.6648960382139136
0.6571188456332366
0.6548228344199395
0.6558406487740933
0.6528241896465754
0.6631556826981342
0.6615053325448885
0.6638909078385101
0.6621345370829499
0.6490482372391267
0.6601500751300511
0.6586312960502222
0.6613723065668105
0.6527497149140382
0.6611145038934328
0.6594156815452559
0.664601608763532
0.658083518758962
0.6749089037185653
0.6725503832955552
0.6647340365471511
0.6657809689787326
0.6703797138103227
0.6634084655041909
0.6635494013653704
0.6654206979323647
0.6659313255885053
0.6418291367049924
0.6502484258004705
0.6357647949246081
0.641895923601243
0.6433435320772036
0.6338915674507711
0.6356003520425747
0.6308340838945075
0.6368296588906698
0.6395076784320421
0.6106127403883789
0.6239042344528752
0.6124969002274854
0.6050380549090644
0.6103691929132645
0.6124966871868305
0.6177971211571478
0.6141841751746517
0.6043050542642462
0.6099450066493857
0.613360875803808
0.6209521778870005
0.6146044106374193
0.5999645328169149
0.5897814725243004
0.5972645629587696
0.6023729850775074
0.6041679103612588
0.6047633313108116
0.6141616145842701
0.6104048987796371
0.5941464627309109
0.6162407165875194
0.6104587095693199
0.631605864028937
0.6232270620116345
0.6264892152677246
0.6280271086392911
0.633026508176176
0.6346000775645415
0.6408516058838374
0.631657468743809
0.6374596273569935
0.6336940436434975
0.6352299447646602
0.6433033154843191
0.6391913236443832
0.650705646365721
0.6464223617788458
0.6482641798472047
0.6553573621350965
0.6660530607950502
0.6759464776485955
0.6709307925604163
0.681410941071485
0.680511076849295
0.6347711450590626
0.5923105402973402
0.5481161403630942
0.5138996325588655
0.49278973460663894
0.49098930600716706
0.5218551500365802
0.5394212307915734
0.5587775597262208
0.566835467773571
0.5673324109123715
0.576012324896965
0.5899197888535617
0.5804535521604306
0.584511683929779
0.5947854479896724
0.5865381404133733
0.5983568671198554
0.5935901607481202
0.5954026907279968
0.5963500894025424
0.5980590320525377
0.6015403297987914
0.5900799985321203
0.5834025179231768
0.5807804597786683
0.5830092744875265
0.5747771985717208
0.5739736059594991
0.5944468734403066
0.60410119751535
0.5916132356733865
0.5835876140611261
0.586727015870276
0.6319018629971064
0.7351761208540946
0.6740553519811746
0.6690885109065602
0.6532567198193173
