0.4239067594730935
0.27329154542642886
0.02481116395159546
0.03297694027275098
0.05154854768718309
0.04524228203359355
0.06457005000863356
0.06232999523651443
0.07712079984788964
0.09102695331430474
0.09969683667586865
0.10928472574060794
0.12322423376523525
0.13824359263560437
0.1656852107608799
0.1742031042768826
0.15264892549392142
0.19955172982708536
0.18849472949635102
0.1849511972680051
0.20368464982500348
0.24526863374881538
0.25920814177344037
0.28286790701209763
0.28961482605610095
0.3458722316599742
0.3169614052119483
0.3176262102546249
0.3149804399346609
0.33195832306367085
0.34148716108512694
0.3544764559886598
0.36095988293110354
0.37456100662282615
0.38428979276450387
0.3933730497470546
0.40872429017648254
0.4223737179555869
0.4327959915310514
0.4493456972891783
0.4592334189197222
0.46555025230015845
0.47941107402831984
0.49395236275816856
0.4996358356789921
0.5096673504832651
0.5326924792979665
0.5396490297776136
0.5516487589874634
0.5601414018595593
0.566013742323516
0.5783889259852494
0.5717249030584719
0.5815086005417467
0.5761569521697458
0.580241912339211
0.5993349337339201
0.6164683008719506
0.6038314966811307
0.6348701144823079
0.6358305577259371
0.6448088164305781
0.6479350138483512
0.6599655232233763
0.6556992254076497
0.6279533184132916
0.5966858027063673
0.6501835333366429
0.671634908462448
0.6828763469543926
0.6843658508737978
0.6963339617658912
0.6872375652039041
0.7005472498662229
0.6916779962055364
0.663826771035898
0.6387410999905614
0.6744569355189564
0.6989288212012066
0.7170641016409024
0.7422025808147173
0.7461317104116543
0.7615140316492043
0.775447977281425
0.7402693817819096
0.6995554817187294
0.6779766057402196
0.6415702316537596
0.6275511106624432
0.5257907159226585
0.5637165321136934
0.6197057617567336
0.6351525868098908
0.6533290049535234
0.6532806959405169
0.6546542528347983
0.6675293771039212
0.6614409968341707
0.6685008430402166
0.6768116640266318
0.6681034984583528
0.6674091193656673
0.6753277698151222
0.6637659495511307
0.6631769445658824
0.6690100158490052
0.653177459487642
0.653868005283081
0.6526248594615677
0.6393855704824294
0.6080677441594278
0.5667064817814307
0.5933529094766984
0.6293551725382666
0.6636628541627257
0.6997953007967749
0.7416993649225021
0.7763924660806288
0.7664940635957836
0.7612499769931235
0.7577847716916087
0.7580318975633108
0.7494954324345999
0.7451519062583101
0.7424557262602948
0.7470622795984841
0.7437798413028575
0.7628727995674538
0.770122678511564
0.7633950535728347
0.7570297166625094
0.7541974060759332
0.7410250974227256
0.7373519218835495
0.7269840861373111
0.7303543507813364
0.7411088658075706
0.7327242827948766
0.734326812293736
0.7393777379948107
0.7348993006326463
0.7424510509417523
0.7440396080618987
0.7470179742744764
0.7432943711035727
0.739176881252606
0.7437752802714722
0.745297947309571
0.7423835003245576
0.7453593021195428
0.7660471561875299
0.7438962847642563
0.7634603485712564
0.764523902714084
0.7534485181586895
0.7476966189322591
0.7549373358872837
0.744798767917668
0.7382968119434212
0.7198379886806244
0.7395390580955972
0.7287982941224705
0.7260289608666546
0.7092369630625482
0.7148288266665138
0.6954144419163142
0.7021070894554355
0.6933814994147441
0.7010139891807511
0.7128149943149221
0.6869005691541011
0.7015616068291751
0.7055228263875036
0.7019372232852302
0.7083905511358831
0.7025473798913427
0.6955295224508082
0.7020463039514628
0.6872340180736751
0.7154704907202294
0.7167811012078239
0.7069963321012274
0.7175837270900758
0.7050659859963088
0.7144347802689336
0.7195019969927675
0.7152617913911384
0.7302497788147088
0.7206560126572551
0.7203081675626125
0.7234202299694998
0.7300377251614595
0.7147266591861966
0.7407259590551953
0.7323548682484423
0.7284643937961408
0.7408403852009375
0.7356989163982969
0.746415474622966
0.7567266264906011
0.7527398811622819
0.7580997142029855
0.7660526067381334
0.7557004422391408
0.745739134148947
0.7368384819946178
0.7462327546429276
0.7319945682287728
0.7470318847723414
0.7450488111689232
0.7527564207295293
0.7582729623452851
0.7587387871789752
0.781071197375739
0.762406996971748
0.702940666560652
0.6635292020079757
0.6625502635073592
0.6068237921999639
0.5949994355020108
0.5328975617710241
0.5864427055057229
0.5995847985752664
0.6192897246320114
0.6352518853643762
0.6462639714147232
0.6498462783080259
0.6559440859221531
0.6652337686852077
0.6642038260155859
0.6726480801329209
0.6741144609742838
0.6709400821818945
0.6664619906324538
0.6772175647309042
0.6715930924483541
0.6689897997946165
0.6598146419926697
0.6743386101383382
0.6741328702405102
0.6683905059889846
0.6671761868268226
0.6695043087015861
0.6766749884307578
0.685075297356786
0.6821265697883332
0.6976179991313229
0.678807928092584
0.672466958168267
0.6720467833288335
0.7401594404571415
0.6705330882842176
0.675594105212013
0.6737772090755509
