0.5194902142594156
0.3488614388594304
0.035002845217317176
0.04651488246924878
0.06795128540108558
0.06685361216982359
0.09940661546318968
0.09129773870166089
0.10097531110225555
0.13274909307480992
0.1480869069716996
0.17272705644722428
0.20106069061059195
0.22101704958885557
0.2699394662823397
0.2723433737509838
0.2767138461473788
0.32975397616282953
0.28811986060828093
0.3163124100584477
0.33504586261544467
0.36101817810320325
0.3824068337091943
0.4055361733238565
0.4151032935520243
0.47267762646288003
0.43857982271303625
0.4494689920101497
0.4431627263565579
0.46699410313705153
0.47468912697601484
0.48638365258001787
0.4986440666923588
0.5092685967476228
0.5149471924249559
0.5254481595443711
0.5410853330939969
0.5499788430660495
0.5579543473349291
0.5694351016254453
0.5784401138534885
0.5807802323002497
0.60681830929465
0.6058199505108386
0.6145182607821125
0.6345749095483503
0.6473569440712429
0.652378917820822
0.6660581892103202
0.6783279335778799
0.6845674901150466
0.6831743709317426
0.6858851781860555
0.680805458958151
0.6761640293131278
0.6803062795662478
0.6938970093622759
0.7079039390753286
0.7175617616256361
0.7378991808694453
0.739772620511317
0.7454884923804473
0.7571910142447142
0.7578911526362764
0.7439763174204157
0.7061250951501639
0.6871857167364067
0.7152369459952878
0.7286358367927726
0.7444943190036604
0.7446489790351657
0.7497976167458231
0.7438569904066926
0.7419347179825989
0.7312803186594802
0.6954031386519451
0.6668554239380025
0.7254176881651184
0.7436757277730337
0.7769360213399129
0.7861317720673922
0.8245342145680381
0.8513844389292817
0.8622975557549697
0.8520090520389685
0.8025068718530439
0.7892801150224457
0.7666234507740711
0.7532216415869813
0.6564669273882165
0.70116808460592
0.7401872060807642
0.7654712982647319
0.7658378241524999
0.7704334628595947
0.767592509325556
0.7912098162081758
0.787279372148864
0.7760498014621067
0.7733429026605942
0.7867350937895999
0.7874912543502108
0.7725867420999835
0.7805867648257716
0.7745197786446181
0.7921228942628513
0.7705067941867508
0.7783930003745834
0.7627514004421317
0.760327306203823
0.7388651570118185
0.6923336256771497
0.725963185880319
0.7619727942089753
0.7848612264648177
0.8009043491000638
0.8338691830993792
0.8802667535341588
0.8703125397758649
0.8450120517293611
0.8171799291545885
0.7838357076158233
0.7533342407542816
0.7575418835952636
0.7357293818776203
0.7468481996026483
0.7544501286916924
0.7645637826815525
0.7938601198875708
0.7786063737267928
0.7766630029140023
0.7813795940336389
0.7776290633485147
0.7724326024093269
0.7692223147525236
0.7700183958170009
0.7546676857042692
0.7420664202169904
0.743894063524086
0.7388502299579275
0.731363776070992
0.7469591834733987
0.7543659891907147
0.7520389592254786
0.7422443600861218
0.7507631666924071
0.7481238351651326
0.736982780898544
0.7427056527034027
0.7497188775947162
0.7630144002492005
0.7603495498507845
0.7728809029531747
0.7802261183728539
0.7910414964042456
0.7883551481633781
0.7869259809518246
0.8045806541071829
0.7945382116843489
0.7912069196138507
0.7929518190506158
0.7871507130938232
0.7830089878824832
0.7973895291161696
0.7860534858605859
0.7837883107945959
0.788676818045993
0.8005557268679439
0.785410924687192
0.7970097497604329
0.7866181765708767
0.7859886912060957
0.7838601178855694
0.7716046314217312
0.7741869480916939
0.7760711051607649
0.7845395896140184
0.7811223425871566
0.777151267731823
0.7909407698997605
0.7864989425622329
0.784911107111146
0.7721067412717307
0.7921152525342519
0.7933838464566402
0.7887455332241682
0.7916613065785352
0.7832414171335889
0.7951085062055727
0.7846920865810586
0.7811737867067139
0.7780928030412392
0.788709061083848
0.7990175063441114
0.7787417787972274
0.7699187584498081
0.7988550190430479
0.7817628517747219
0.7889090516860514
0.7841378807040296
0.7936077281120765
0.7979041745316803
0.7695699013755716
0.7574856638441959
0.7516791858502965
0.7515175722332964
0.7441727612821655
0.7387184870169583
0.7484464142434376
0.7593784093218221
0.7689463626165391
0.8182017535898954
0.8316209413710203
0.8552504583324455
0.8716711988694477
0.8127694305761671
0.7832035994906814
0.7683810089703013
0.7503853868908742
0.7263012384930813
0.6469097797479866
0.6983700573160525
0.7149528970073665
0.7203322686605016
0.7327499899058673
0.7220698881583143
0.7181360243902419
0.7286896795660678
0.7195661637168915
0.7172101923747306
0.7231784169353153
0.7216294857894558
0.7290694072103856
0.7391849025767429
0.7386183499038961
0.7456600072815297
0.7645077895758888
0.7642854381853319
0.7703221369485735
0.7662656437438323
0.7786112964203789
0.7728473088781863
0.7754737326484387
0.7738925732802702
0.7877816754265257
0.7901718392124696
0.789574294308372
0.7901866821442749
0.7900038992098156
0.8029436824557902
0.8008495049729781
0.7562711855220752
0.7561454002594477
0.7712701468917578
