0.44974267819577746
0.2984366513460935
0.032250539716608274
0.041210233763305924
0.06399855567715455
0.05816682301396252
0.08184797918770101
0.0795209715043664
0.09121171660016449
0.10935798677047845
0.12071298090128622
0.13466780507220094
0.15276373235593857
0.16178898837876446
0.19603279608311164
0.20331884890780388
0.18886045089727602
0.23935871362972663
0.22010258241959474
0.2240020205099887
0.24327293466560693
0.28051621316911873
0.30202718209687096
0.32449822760170594
0.3292019637564353
0.3922301267528396
0.3692883287658191
0.36919812038817446
0.36428061291995384
0.3848303662892979
0.39173587500943674
0.4045288230718954
0.4078055188345401
0.42037976793500853
0.4301196468453125
0.44569011127851105
0.45464540271849135
0.4696784055530706
0.47091024624437544
0.48351784990305763
0.5029024716975237
0.5076964162298947
0.5290307570695645
0.5295808043898307
0.5398833163420406
0.5600109879336903
0.5629454217984977
0.5765071161432113
0.5919961774122111
0.6010595364126995
0.6106293870655101
0.6136505810555597
0.6162662522837344
0.6180255254455094
0.6039190780461495
0.6284832827097087
0.6299508514701189
0.6440380918229894
0.6575938953146924
0.6575719538478696
0.6800993106427927
0.685345424568808
0.6953497540167184
0.6911348955349107
0.6995617397202222
0.6636990133842416
0.6474949560800555
0.6723257081379729
0.7030993853185
0.709775529990927
0.7111439392807392
0.7169188778106516
0.7028491391744449
0.7119712204675052
0.70540123975691
0.6817989039168812
0.6515281057780486
0.6937271567819061
0.7237323010617955
0.73018620212063
0.7619875389886892
0.7587425267618779
0.7909758406039368
0.7989807989220149
0.7490026036494842
0.738416428443939
0.7187220513994119
0.6913182537381344
0.6599964754065862
0.5775147998384791
0.6282241796579684
0.663976605407848
0.6848978413094631
0.696802738480309
0.6934539884241557
0.6995812574633876
0.7074974389279121
0.7019575808519662
0.7136060713849403
0.7019995264771148
0.7058754653063075
0.7120198858173332
0.6936817603103955
0.7115896432233109
0.6958749418088671
0.7086659148669469
0.6934547092761623
0.69485463273499
0.6949432278127458
0.6869547905104537
0.6608568271392651
0.6125722285607479
0.6426122405222388
0.6678862117555667
0.7050176449196616
0.7120043224092442
0.7638036247770721
0.7873874841329382
0.7882821140010452
0.7804094038314486
0.7615228142885934
0.7462328302853076
0.7376329115065958
0.7359117467203866
0.7314467867387652
0.7502360430316241
0.7601454683151626
0.7556249096740693
0.7762765727312811
0.7581120903178907
0.7475860021602011
0.7369413517362853
0.7293177908310994
0.7352588129777793
0.7413447734409566
0.7334967842086767
0.725088720766588
0.7338871354438351
0.7315841520634947
0.716584503787126
0.731135315558163
0.7322337380166136
0.7219389323039423
0.7374536011602861
0.7369609327012276
0.7365605953078574
0.7475246568363266
0.7271219886081132
0.754223550218408
0.7437078157021345
0.7471334115160714
0.741986133121627
0.7570953337525205
0.7553151179230242
0.7580550645168932
0.7488397156708436
0.7428554608728197
0.7393124381376083
0.7479888983856763
0.7315015610276688
0.7340539082349062
0.7466740334862043
0.7364398139347662
0.7199694424980353
0.733518226112775
0.7258035411146924
0.7107787158088612
0.7286220645306161
0.724417486963398
0.7177173241619627
0.7201287402863293
0.7187499996831035
0.7181270573218941
0.720081704015599
0.7334405405863915
0.7341644937290828
0.7092042221246839
0.7253678548356367
0.7342181549524727
0.7268663802245267
0.7307756736119336
0.729912316345325
0.7306473830610339
0.7230474952482082
0.7124505188212638
0.7170910984161807
0.7187099941448902
0.7284347026881787
0.7328162409546536
0.7404093289034474
0.7420077503129465
0.7206114279718951
0.7282862080160717
0.7179651639139952
0.7424076952554501
0.7307305941238579
0.7403776872586408
0.7269844053147401
0.7498451765308869
0.7492752675815967
0.7655383350371687
0.7577815297302798
0.7526421717218803
0.7501874384287291
0.7446367853498904
0.7356335198397289
0.7371556073602222
0.7340981763326779
0.7349466535970569
0.7359800391211563
0.7600712163927327
0.7555418703708768
0.7778893529398635
0.7826328800498481
0.7814307286756897
0.7286091664800843
0.7142678726012646
0.680098769282999
0.6727353758202255
0.6424456690027827
0.5712561519905913
0.6171202766155172
0.6483790617948284
0.6676699434594455
0.6746750686213738
0.6844663574840609
0.6927014419763519
0.6825072140109988
0.7033657564016372
0.7008364877786509
0.6992861095870858
0.7038564275089653
0.70442022097418
0.7049000898389843
0.7017236425662128
0.7040254788062581
0.7039867396510993
0.6932978343289452
0.7069705058878658
0.705100524550188
0.70331937551788
0.7147811094062417
0.7118271138314648
0.7147214821717566
0.7060294614393393
0.7098243611486241
0.712545492124226
0.7204517640681013
0.7294781547279892
0.7181324391036065
0.7280495168741203
0.6760708173644717
0.6968065504376476
0.6893321752950347
