0.44078075472343015
0.2866046438042238
0.02540547936963966
0.033851736120711
0.054054299943715106
0.047562689886348604
0.06638142317247953
0.06452191250491719
0.07914594432522479
0.09329922366334217
0.10158856292034946
0.11170405828670722
0.12619959952266502
0.14284005950460327
0.1716742244824565
0.1802489718178827
0.1584723054057241
0.20684308202360097
0.1962234796168456
0.1918150068375414
0.21317777458692289
0.2529404493111544
0.2678449615613787
0.29347187031765415
0.298405218973949
0.3573934007747373
0.3250403418110216
0.3291240660626364
0.32611526500826127
0.34011928492545707
0.35360661208060096
0.36606821178478527
0.37230776832195084
0.3845441581312972
0.39715008960790216
0.4066789276293591
0.417292364916
0.4322692055566025
0.44221960031397123
0.45024755579555703
0.46340995519394695
0.471205388520274
0.49059510454690725
0.4976648430215301
0.5168554817824479
0.5239723907610658
0.5339798185669175
0.5399611157324226
0.5577236270630879
0.5719295911312094
0.5783777603329803
0.5764592277591093
0.5963836749597211
0.5827538514798615
0.5801840392646612
0.5879026436317158
0.6021685397669921
0.6230108652908316
0.6244840795183815
0.6307053237741261
0.6416379611015663
0.6655359806675175
0.6683395286142523
0.6591614157005313
0.6489067232089437
0.6378651260642647
0.6153404287329346
0.6526899337167893
0.6992550120472796
0.6955022223690331
0.6944114011287279
0.698443949735179
0.7008749852243591
0.7020722650782399
0.6918542425043634
0.66039622666662
0.6423202333391623
0.6760792667658982
0.7059742771248693
0.7302094418510245
0.7379772192388028
0.7703330551231382
0.7754610241501836
0.7759820083832305
0.757560538880746
0.7118310161425688
0.6751216862183612
0.6528284772229622
0.62981651384614
0.547385195788291
0.5862744545997829
0.6329247219471469
0.6465141676211387
0.6731226691598373
0.66831141437333
0.6600965237113045
0.6661856107585931
0.6724958098198838
0.6806874330425916
0.674691936195358
0.6797997157158573
0.6807461483287465
0.675448096755969
0.6780258215345594
0.6727478633400873
0.6645748981448099
0.6648756531311634
0.6680639334581131
0.6609508801407891
0.645701153241103
0.6292228681694391
0.561706638821861
0.6107009370217527
0.6280463426019066
0.6721222827574349
0.6955579060707953
0.7398788129149775
0.7798687348996535
0.7835314254654073
0.7816324159239005
0.7600997102483543
0.7505550310388305
0.7449480721264261
0.7629137463124044
0.7589581903722717
0.7560555893170567
0.767323437750684
0.7748228049404221
0.7746569030038628
0.7646490713546663
0.7617507022592689
0.7573401419582169
0.7498362278726192
0.7554932492332359
0.7523244022647552
0.7461760589604415
0.7501345480941306
0.7354547921964711
0.7366149961228484
0.7384460798806989
0.7439087070206817
0.7391537363204769
0.7650720482854536
0.749062890426027
0.7511655590690309
0.7478009743122516
0.747952618345089
0.7517920157044621
0.7559017127269374
0.7514448423696188
0.7447532863317138
0.77177600479663
0.7658286091952174
0.7685950327973317
0.7851248821821831
0.7602581072806938
0.7509407353292131
0.7607374518474461
0.7451182481549267
0.7437640375256837
0.7342460841492621
0.72559011026547
0.7475289884373065
0.7245943312019834
0.7085035254386391
0.7316192195714317
0.7076586515249147
0.7060982817977086
0.709213395012939
0.713229174895748
0.7246646110049191
0.700677934907871
0.7085561059267482
0.7163697650530617
0.710824587608582
0.7121258678409558
0.7082611432272156
0.7025098525423907
0.7081160990249545
0.7117825477005503
0.7058847280194454
0.7131160353508449
0.722774511096947
0.7329672833065745
0.731647396568328
0.7183249004617854
0.7232959092262786
0.7315058633138843
0.7268355905157156
0.7246513867683994
0.7218189975888772
0.7183384218868905
0.7329506130927124
0.7327630030978446
0.7420611773949517
0.7424584321084824
0.7454547753858142
0.7470604811085637
0.7611571653726648
0.7569255079215326
0.772525807451149
0.7685596602443174
0.7680158628104892
0.7713317117823079
0.7773048459665658
0.7536720944314202
0.7618060994787083
0.7557825393192686
0.7455576500230492
0.750508512049485
0.7569558540090706
0.7683284984037344
0.769578910707749
0.7785076022964258
0.7762293542153205
0.729554805355593
0.6812710537486814
0.6570995291306011
0.614469528628346
0.6007600375083054
0.538886275264352
0.5895634022163376
0.612845079866121
0.6372901016819617
0.650148507235942
0.6591050176284577
0.6731407753244546
0.6725093792575975
0.6786078262161991
0.6775184712840855
0.6848676734828801
0.6848168055545194
0.6747036456561053
0.6854549941136466
0.6815648421642858
0.6687210261734653
0.6613784374239257
0.6735197543135364
0.6728352305178532
0.672755071550677
0.6757763656739517
0.690039938759828
0.6986627070441789
0.6817678156555179
0.6798536504398012
0.6869291516175059
0.7031462966165928
0.6890807951348837
0.6878365676502184
0.6979010907570794
0.7497735426020101
0.6888572230328416
0.6756463078539149
0.6928683426723978
