0.42301596779111167
0.27507432204410476
0.02278488049296392
0.030603467267776806
0.04961247260618933
0.043087507990609626
0.06209651332901912
0.059071871086576966
0.07470904463620132
0.08883389706460612
0.09438400215758654
0.10500853221285313
0.11903824861511786
0.1369772584047894
0.16644894865590257
0.17139981068233923
0.15172485316094705
0.19973479626827179
0.1873223923103791
0.18432124932915597
0.20418155125431844
0.23985565481716095
0.25910685837877223
0.2867157824959005
0.2900925419331928
0.34473737678674504
0.31655217566348887
0.3197211496783524
0.312221325540169
0.3300110759089216
0.343387425849858
0.35118849925452583
0.3662800280906068
0.3767629567980941
0.3872841677122968
0.3933061724277663
0.4081886783698012
0.4164481740164147
0.4330824688782298
0.4411252835576548
0.4524863524772585
0.4687254995180732
0.4838418331803246
0.49910082643292064
0.501193101180229
0.5153608745326675
0.528818537306477
0.5338639895128755
0.5532846524427977
0.5643937676596238
0.5639477000716538
0.5793132104347883
0.5825658818944417
0.5832462664626533
0.5812923944432813
0.5880493620211835
0.6002918552565463
0.6202070727118947
0.6229439199492537
0.622835358689897
0.6346239677668876
0.6455444759289788
0.6748570580197828
0.6716623411298498
0.6525353343945013
0.6166660229853865
0.6005499555965975
0.6389044484499584
0.6829649742082751
0.6995940247458097
0.6890319285339265
0.7119333791811203
0.6876363151703114
0.6842457562632696
0.6977961165583106
0.6704125972737858
0.6373913845518508
0.671223229454113
0.7044600843607636
0.7453455659924446
0.7448830745678378
0.7612469426398659
0.7674298155377023
0.7726031049029412
0.7295725520872954
0.7051612090012629
0.6652219112530355
0.6296008457600437
0.6156757861929504
0.5334310690761707
0.5704289113759874
0.6248036319870265
0.6473929407441394
0.6574978301909641
0.6642842319229822
0.6635246748716336
0.6714514161812999
0.6774491057534239
0.6679620528783199
0.6774275928312028
0.6669649079185019
0.66129123988967
0.6745598680828243
0.6696980006100322
0.6753834818455116
0.6692988393621753
0.6688052130742657
0.6657082390611054
0.6529914909608696
0.6438185969941548
0.6206220412846292
0.5655496714339332
0.595234120886144
0.62436381405965
0.6662316719928276
0.7045572357710472
0.7378799602683589
0.792015439556096
0.7806281337031558
0.7794926177870715
0.7627204117543545
0.7651124563720382
0.7577077682599939
0.7501592734173127
0.7447605868310853
0.7569539579500011
0.7551713087860497
0.7713007648068237
0.7693937097706607
0.7657115167153394
0.7703819523590083
0.7644771283226425
0.7592142424662572
0.7453933404754814
0.7393549821657027
0.7319308755296556
0.7358335690864827
0.7420694457598728
0.738450488099384
0.7415888379806772
0.7324881565257119
0.7415871289489776
0.7382999600893412
0.7379533138064955
0.7508200069600128
0.7395182058943522
0.7580303139981382
0.7565627285859123
0.7536709795345393
0.764893700252623
0.7779817688144808
0.7695238947750815
0.7695702697653948
0.7663608844132934
0.7598891723379894
0.7642185295082918
0.7503697321069567
0.7432782592046918
0.7440104528928776
0.7466351607911947
0.7346023253907741
0.7301704308322731
0.7327766126080915
0.7266817968119815
0.7258339003952946
0.7169579481977639
0.7055907980973418
0.7180362175261361
0.7104535667976676
0.7192264453156354
0.7082543799013002
0.7115578530914302
0.7086445811648605
0.7027090043188217
0.6979866965513796
0.7088749741895933
0.7086725805384388
0.7026549784296893
0.6980367022331514
0.7029582162436313
0.6874737368104107
0.695463665566674
0.6991164889880017
0.7066784404068345
0.6972698415977356
0.723900751067808
0.7039994365112877
0.7147904920352257
0.7201137130403905
0.714350010465074
0.7129599076464833
0.7251010779298698
0.7285525543561429
0.7399922667180918
0.7419056085095524
0.7494065870355148
0.7556783922194598
0.7455611664790768
0.7466854795959954
0.7652353141255412
0.7588820164997381
0.7572177055329538
0.7447238429629087
0.7521797891121125
0.7456015096366654
0.7546229142770687
0.7532109137454805
0.7577895161890247
0.7392225601373039
0.7478590889406551
0.7410726710227117
0.7654004693505123
0.7602613532666004
0.7760685582167265
0.7726485726402854
0.7146091515361378
0.6741508218603731
0.6382639145759146
0.6239761521342688
0.5873731109731957
0.5444335381313667
0.570510405722759
0.5931520058434625
0.6003661223602563
0.614703780110361
0.6152094816368988
0.6153179544689554
0.6380879012910929
0.6379839218824818
0.6353114803347037
0.6393175425878993
0.654410051980609
0.6492958464050842
0.6602920250201402
0.6690079877901783
0.6623598060514686
0.6688098804274324
0.684010364615776
0.6914955850375126
0.6881688091171693
0.6735451649533558
0.6778890268909614
0.6771785488646634
0.6880905604410862
0.6912343648066405
0.6874626459492218
0.6774899208701276
0.7029254990708084
0.6954528744541908
0.6917418357157161
0.7659737404781632
0.713738352277028
0.6984872196988359
0.6955477765836556
