0.4353374984703376
0.28720950103854
0.02707964563343088
0.035777955904706976
0.05629435471583948
0.0519760903141596
0.07192167296846659
0.06858319573789044
0.08257462993344422
0.09896303639518189
0.10618238010344934
0.11821916760529837
0.1340367579102007
0.14849894458794058
0.18276457937142174
0.1890041359085884
0.16885842590501704
0.22404943051390103
0.20250131836072768
0.2051071342918964
0.22994672515320605
0.2642233542149904
0.2853674230023891
0.3094656362485938
0.31416444475482613
0.37181041443061597
0.34753671207764175
0.3520304655860871
0.34676084092302084
0.36203225331359545
0.3722193854448814
0.382686998006083
0.3966833598501367
0.40210990200726515
0.41188313547578204
0.42406099928362717
0.4348058368083201
0.44759552940435454
0.45291875242042057
0.47405138262646074
0.47607714104331
0.49123978160253595
0.5080082071270448
0.5226178907123051
0.5280511992836776
0.539440695112994
0.5505675696952613
0.5543810354310819
0.5616539566879566
0.5874743857154461
0.5901787723682428
0.5914402375145659
0.5967793017186993
0.597202833291886
0.5951422201163189
0.6010869552360029
0.6204394982766112
0.6378971083999603
0.6362381839440846
0.6433882511541001
0.653891520539498
0.6700851920943041
0.6703354646462698
0.686197263662927
0.6812856225088011
0.6397155841330988
0.6207500680807782
0.6656853304734466
0.6900365070254847
0.6966805891137899
0.7053827587752806
0.7113289554303291
0.713094671679803
0.6997905754263256
0.6983172411581171
0.6690586473234023
0.6476669617281524
0.6830504554928485
0.7175005324517361
0.7421572116875866
0.738341657270327
0.7592784460323865
0.7743009985681059
0.7802834996661112
0.7569891513118974
0.7287013257891062
0.7031726836398537
0.6715820798087793
0.6498001068440753
0.558175224300764
0.5984106066985567
0.6473214670605812
0.6634947932631952
0.663414756140002
0.6805498665330085
0.6865761763359393
0.6850456888532905
0.6917190253302684
0.6899884165428429
0.6943639751681966
0.6938074169150843
0.6910014736346315
0.6988391570639352
0.6906827956355271
0.6969503677866188
0.6883508115256486
0.6862920170205005
0.6780700391762555
0.6641428356036232
0.6666763529997016
0.644152493045717
0.5871991787467629
0.6182632015926979
0.6581205307848982
0.6878607272453644
0.7195984694634113
0.7408550805276427
0.7954593125244852
0.7804475396063368
0.7708630157101437
0.7672959842205771
0.761907724270161
0.7627590208569127
0.7382196210195227
0.7423291676085456
0.7444745826007062
0.7575872073118289
0.7663029805482395
0.7704388936996583
0.7527560442132196
0.7327761997931619
0.754441254690198
0.7423476946031954
0.7384010548528971
0.7373435419597428
0.7316241955749182
0.7356904064563909
0.736454897982702
0.7470362181827522
0.7423089827668107
0.7398218021229862
0.7417720462099721
0.7442383101664493
0.7377584149762172
0.7260271822908427
0.7479292647665089
0.7357168992601545
0.7433448003667356
0.7486882671775879
0.7386929092908185
0.7614333497044297
0.7503365046870158
0.747367983029764
0.7633813951339572
0.7616597956372959
0.764784522358774
0.7472009475098185
0.7374475057274152
0.7337338256567439
0.7348188675084539
0.7254377631430194
0.7203110696912786
0.7299907504180078
0.7328101536807856
0.7269939580017266
0.7181077562432693
0.7107038853381398
0.7228565777026965
0.7028071092567644
0.7245754804226866
0.7215870120608252
0.713775886110545
0.7139009892883584
0.708983481820138
0.7110999736564054
0.7073666944175556
0.716647799112187
0.7010489077692749
0.7058302665799998
0.7108796025123384
0.7012414594587524
0.7142136771361915
0.7271287367902698
0.7218022583077819
0.705853555344767
0.7296553093527112
0.7203577560148899
0.7249186131750286
0.7213227057881262
0.7324155702638847
0.7210555771572854
0.7260668526735057
0.7119963437052576
0.7347747319238246
0.7309727348129649
0.7402796184060072
0.7497936580754754
0.7478409904948157
0.7481355573838624
0.7481771542061658
0.7527442793570454
0.7582610298918143
0.7438922443627038
0.7549508577263613
0.735598478722868
0.7464820063929014
0.744645906088817
0.750087329806774
0.7519012460072034
0.748253861437002
0.7580584314689309
0.7520100839573169
0.7691682949438755
0.770741445833286
0.7910311540869801
0.7455685271116207
0.6969908393319968
0.667439196803701
0.6440983173789457
0.6112250417438477
0.5595199514815522
0.5924776404209741
0.617282960150465
0.6361450002496943
0.6492405457790361
0.6598486253602242
0.6727366024926148
0.6702203179743683
0.670961412912189
0.6775839147926168
0.6808713280196479
0.6720485839580141
0.6681915440788544
0.6849909395496586
0.685080803382012
0.6818817302753593
0.6807285690490139
0.681238598359424
0.6947543524242781
0.6896951740813463
0.6948918755983299
0.6964525978636635
0.7007550811466706
0.7116618608706586
0.7011734659985793
0.7009482335022214
0.6986349060467951
0.7083672731204398
0.710742895122268
0.6963963428460513
0.7474808198141175
0.6969056803667479
0.6938444343164213
0.6844804636617711
