0.5700723209286536
0.393057090245712
0.04664837594216822
0.059629011411536224
0.08600138603553507
0.07779387585695474
0.10198063165889878
0.09880171159972413
0.11394405319715198
0.12805721111849977
0.13978839087479625
0.15696881260244308
0.18445459504709782
0.2126272983967984
0.2581487111979679
0.2840283307385916
0.26309361021880484
0.34675485694875624
0.24400406285309986
0.32621525382621575
0.34253278249808167
0.4141237479088681
0.45487099856596197
0.48674799704797983
0.5047925228369738
0.5605592040443466
0.5539889408914271
0.5730760731232203
0.5756577884990632
0.5990081976086449
0.5959421065907899
0.6024986632511767
0.6191259221383634
0.6279063465700798
0.6339668000759279
0.6467064052667801
0.6557184393904631
0.6638467140280793
0.6781600551909652
0.6955253615232335
0.6959869752696816
0.7143163718155184
0.7206822004928065
0.7262899960817011
0.7369558017902965
0.7567743452044741
0.7616716749857703
0.7740005432688467
0.783374392893308
0.7883510864068354
0.7950278159445805
0.8001783662173704
0.8010210648716202
0.8068973705991479
0.7921623485676894
0.8198193507095743
0.8192895367250439
0.8232741255396742
0.8294791680879159
0.8432673552994572
0.8327114688555971
0.8333443916224177
0.8332731966816979
0.8275303154271115
0.8066756540050378
0.775144978137925
0.8166090651747252
0.8447139338879998
0.8482571357101156
0.862693514767068
0.8538306081241894
0.8481100615510592
0.8339783749815384
0.814044782262506
0.8013284982623243
0.8179108998006249
0.8358907623633876
0.8259769499947518
0.8285306765090472
0.823940891039787
0.8234988704065395
0.8432403014898988
0.8513853453275222
0.8440876488450975
0.8352689111724491
0.8331134120542346
0.8290495514233792
0.8022357270554864
0.7785188770987417
0.7245936475035496
0.7876648275066012
0.8049475301220814
0.8119186117649873
0.8190922377470892
0.8209236881220585
0.8312275610871706
0.819991471804104
0.8487315575647808
0.8290803466270023
0.8231211816220254
0.8214392669537655
0.825472123277023
0.8236252886624322
0.8337250317384497
0.8425537824955418
0.8255246093731144
0.8286743978357557
0.8177891950013108
0.817921217337874
0.8248183199734165
0.7990659877730948
0.7862442937296757
0.7456164067774536
0.7948879856768711
0.8160716869422011
0.8461651664942301
0.8489495198257563
0.8605299171324394
0.8305285598164142
0.827025715501194
0.7975762281855506
0.8057430960568948
0.8120394074010748
0.8066728082553912
0.8417671431666441
0.8533780570642958
0.840118782070439
0.8583221644087706
0.8546054499996233
0.8567454202927096
0.863058285776879
0.8573793442868213
0.8755882667795687
0.8576109747831806
0.8600046915829407
0.85215275024991
0.8689834822841346
0.8594798157059631
0.864011851421129
0.8757014493766331
0.8567159351404304
0.8597253582933176
0.862974063290303
0.8631517496209395
0.8698998158052317
0.8624667007834754
0.8365686418525023
0.8636200687686754
0.8634628541844289
0.8505567316839021
0.8557160012312711
0.8501144061114227
0.859397176503742
0.8535381640711314
0.865896969676035
0.8395407439845142
0.8410470792146655
0.8553031526520661
0.8614710724243018
0.8364275655465079
0.855426715587918
0.8488683964141217
0.8547509081079461
0.850941678395177
0.855293297355064
0.837668122553524
0.8576470597660357
0.8317046438395592
0.8636476735464235
0.827113557081109
0.8492215718515335
0.852322778507408
0.8638488591382737
0.846791245027136
0.8519608060155616
0.8433368629338542
0.8427425475158119
0.8477994591079533
0.8525600490821077
0.857034172735285
0.8576087775593261
0.8567733221606426
0.8512330723646622
0.8580276038705921
0.8471619338346927
0.8425681166516013
0.8440569385116096
0.8555021410200566
0.8463713604732975
0.8690944594983414
0.8496245569747373
0.8604295037852804
0.8646810590705274
0.8540663843122597
0.8610003199421112
0.8516459127848682
0.8673125714867665
0.8457770450552515
0.8496797386120851
0.8526294886231768
0.8517671895991302
0.8428476373292819
0.8486239120693347
0.8500143424367806
0.8477585368079207
0.8431832009062133
0.8442293721854099
0.8560989134461428
0.8360793444554412
0.8263582262276918
0.8063464489248605
0.8121957422799486
0.8206720083327278
0.8477655579094648
0.8448083257169704
0.8586136472759867
0.8252151584263229
0.8133458426945903
0.7877551312335689
0.7089122993676532
0.7690704756970704
0.7932819407979262
0.8112200247011251
0.8228590533671956
0.8271851257526986
0.8136419059639685
0.8285992346104185
0.8207824103490121
0.828248168932739
0.8490730389394442
0.8333540956085032
0.8463879281702007
0.845736558899279
0.8293702476434683
0.8436076605704267
0.8274776378990865
0.8364248365554691
0.8486530432498878
0.8369578955473702
0.8392984568635828
0.8424678670224995
0.84468442253341
0.8257291044457298
0.8478348249355641
0.8376318516162106
0.8458695409880825
0.8302228579541764
0.8327241994449914
0.8401693751466065
0.8260967879764496
0.7122405159657408
0.8364767835307885
0.8609003465988073
0.8365433815114927
