0.3293950521460601
0.2365006931248096
0.01723477539998086
0.022779952844459307
0.03563468237484213
0.031097719011180615
0.042188073900133766
0.04092780629911781
0.05126200062746218
0.06058798087499415
0.06688931888008302
0.07445092448619021
0.0868015469761652
0.10167270466817797
0.12889448485016652
0.13629917296220972
0.10999047083489466
0.15362908438833064
0.15419497289666484
0.1428525644875043
0.15822782921992312
0.1981819231367414
0.21344215386095716
0.23388952208216668
0.23757101893763016
0.2854187638068059
0.2639886066712193
0.255602277895868
0.25530718650202255
0.27101851365085783
0.28768486489556944
0.2906990937044182
0.2989993141184981
0.31388120753182225
0.3186919065496455
0.3270020360117526
0.33467506280610226
0.34228475180874895
0.34821098769170356
0.36036042765496923
0.3661234027612341
0.37342395266431727
0.3677989989906192
0.3793883772228736
0.37585723957487693
0.3855744280145235
0.39530209714918885
0.40415966468859466
0.411164796727082
0.42104497039881184
0.43147373869264866
0.4389109549486462
0.4647498954567158
0.4518307775851383
0.4573109339931069
0.46412398773455266
0.47403089424768696
0.5005948636172175
0.5088497773088816
0.4931636141039006
0.49913795038883857
0.5070182801191188
0.4973636307105797
0.4741235813246622
0.4576581740362738
0.43617006462525654
0.4437021067764584
0.507539143760664
0.5341667105742942
0.5289214148341369
0.513525159679981
0.5031793542794927
0.49961014669757053
0.4976587033112777
0.5056899693310699
0.5107089703870413
0.550802630983559
0.5650308817430202
0.5598999000514899
0.5598948210920787
0.5643965075258597
0.5662025168971523
0.5584123570320509
0.5577858260370878
0.5329530142354159
0.510354074148542
0.4880758115344826
0.45022678290284285
0.42428070418825603
0.39089428560554057
0.4520463853564423
0.48561131704603583
0.49447303371144935
0.5050149275419507
0.510175601475633
0.504487360386938
0.5173487813379503
0.5220263691123571
0.5151816616482349
0.5196672184848484
0.5265623201418134
0.5264948985955461
0.5184069508838305
0.5173330299591288
0.5251902570540538
0.5184564294980047
0.5043985303048104
0.5139337964113337
0.5045774642854829
0.4997392909357112
0.48192844982309835
0.42916703770789477
0.4120783911904349
0.44011205032008766
0.454623155813084
0.48660994207763997
0.5163489850490525
0.5547759667401483
0.5537059711914089
0.5558410346403883
0.5522740031508232
0.5503860655735467
0.5414592010432792
0.5425909780599438
0.541102156199934
0.5492296503143752
0.5460098083711554
0.5450868750194774
0.5413011445679212
0.5371731522185246
0.5550022430365542
0.5487577588508877
0.5418806770404627
0.5439638143185188
0.5548601084879917
0.5414122025208579
0.5557409709657488
0.550423208798967
0.5488676778225295
0.5455970486896792
0.5490678051718101
0.5545216352573575
0.5549021793619131
0.5475319847893783
0.5529721709107162
0.5450410154783469
0.5449978056231319
0.5445641963663578
0.5490060237038845
0.5532575789891325
0.5422907870360258
0.5363984200452044
0.532879526059356
0.534904670536692
0.5340681568954473
0.5401409406415429
0.5412207914872849
0.5494100670696525
0.5476779080051448
0.5403782112162434
0.5452005826583244
0.5431087290645622
0.5312201427410717
0.5313544332620302
0.5306589959267811
0.5360833408600498
0.527121627384952
0.533778960149822
0.5289841186667515
0.5299965493998263
0.5247423297807772
0.5262353929556425
0.5304349331722371
0.5314094207859205
0.5363543939780173
0.5316263833306981
0.5250119855688558
0.5264640196087682
0.5193279372012386
0.5237427596215356
0.5237004138954258
0.5187140000869187
0.5181828634666868
0.5219774880294096
0.5176058112291931
0.527986818125503
0.5171434278163841
0.5206721770992336
0.5040699993240093
0.5225370515593525
0.5123926931392302
0.509510185445347
0.5143374845359303
0.5168481644409644
0.5188213827473782
0.5127349550370724
0.5160957925475609
0.5084341232668121
0.514550116868125
0.5093149857445689
0.5122444919608725
0.5130946495663276
0.5129093051625515
0.5213419179494144
0.5230778656811284
0.5260839363108623
0.5365985473944856
0.5352382161188264
0.541187436929073
0.5493532132502287
0.5491394419367397
0.5520935863955503
0.5530635182696498
0.5513423534834384
0.5362327862354277
0.5126224930288374
0.48247852032456123
0.4611216918231106
0.41783735072497014
0.42449919215144427
0.4558138438976539
0.4787159040598818
0.49554628053696437
0.4938933042645385
0.5169255451724787
0.5225987423159023
0.5042900220810125
0.5176850573447271
0.5142057886413001
0.5153365225396399
0.5168303631848872
0.5210353189693727
0.5229017834392385
0.5159422390282882
0.524195652920864
0.5101775543290089
0.5073154350154249
0.5097685694755868
0.516557199741624
0.5186461493618414
0.5064291116883826
0.49952873880920023
0.4947639170585446
0.5115077543481735
0.5197980466320145
0.5219373874729971
0.5111530663471141
0.5145372475071055
0.5036522184261685
0.4855422099485429
0.5922318775758479
0.5670598801137051
0.5411890120544226
0.5463530232958326
