0.2877331473411631
0.2047816692909527
0.013958079637334907
0.017486828920184827
0.02555254156669973
0.023536113405073243
0.03134977253138094
0.03008950493036453
0.03916343165769147
0.045464769662780576
0.049245572465834095
0.05453869639010925
0.06336056959723449
0.07624865368583159
0.09987990311704512
0.10630973170648744
0.08204588465051339
0.1228501280137847
0.12351115254825759
0.11201182664503173
0.12703990183110805
0.1677665225383887
0.18191251042047746
0.2007674502660286
0.2079573516894388
0.25200871758962284
0.2372629532904214
0.22828968619255322
0.22427692248690137
0.24756003656679287
0.25631450827200297
0.2585887109337694
0.2726157538533011
0.2777907119560662
0.2891844464880704
0.29739523714108024
0.3042051477224274
0.30766863486679386
0.3177420999132525
0.32142060948163687
0.32306262078964465
0.33086699945776676
0.3318974984225084
0.33843618107871204
0.34388687387315386
0.35290101301614657
0.3618154919216374
0.3723460323272366
0.37991322754365536
0.3988511142136541
0.398725341135042
0.40285320882470865
0.40846098614011517
0.4106440027084162
0.41874127216209195
0.4300746870480626
0.45691217360486075
0.467939154473227
0.4644524168363817
0.472969713892119
0.46960531052637
0.44787536404036277
0.4542177977664574
0.45133191928797445
0.4097606346774975
0.40272917978102885
0.4326666447001063
0.48974272530251967
0.48879430058265533
0.48361595204031005
0.4722586812883794
0.47690068988390444
0.47043093987424395
0.4649776948704213
0.4551559143258525
0.4691008633548615
0.5107557460084504
0.5146592937134316
0.5198235549045991
0.5203418309509975
0.52500210706092
0.5213065849870013
0.5211879496996515
0.5148445408206404
0.48465224179098887
0.4585362341935932
0.4469863013936275
0.4092894353177797
0.3856123620815183
0.3535011974215465
0.4239185015124466
0.45445546549007865
0.46970939109571264
0.4710986672472615
0.47012817195368506
0.46904846854755944
0.4760600033234212
0.48116536215485384
0.46988495581162476
0.48223369263527105
0.47476355954141464
0.47490699965493577
0.48021726447364227
0.47344041925856756
0.47975205462470755
0.4751194108223266
0.4687074960474973
0.47093212277691265
0.46090330404554597
0.46716577689415867
0.45817201848432454
0.3992747964178587
0.37421644135665044
0.3990502191344823
0.41978642915147446
0.43758293618281535
0.48317433347054217
0.5077099446407268
0.5129331039821544
0.5092474372052391
0.5076684069675907
0.507763542993731
0.5034687778532662
0.5026125536180155
0.5048427530931332
0.5011855132259304
0.4970859477862475
0.5045709889789266
0.4990110285889427
0.502891895066637
0.5014129285036311
0.49980054370776744
0.5074474300430121
0.5012363004155603
0.5084135732499053
0.5073310727182523
0.50252727288888
0.515162164475978
0.5130407449912078
0.5088286108939701
0.5103162937726848
0.5183808674379036
0.5046464144110587
0.5062500828912138
0.514501139941505
0.5039975231361791
0.4999116016607045
0.5036109124018276
0.5096935514449279
0.5053752870432539
0.4944035674416455
0.4995966276912804
0.49671033133019227
0.4932903620376899
0.4951498727052543
0.49572068886208737
0.49494595668876823
0.49618158604727997
0.4952772243083117
0.5023161512613009
0.4952969349023154
0.49955834548456496
0.4935003446839721
0.49001031375188925
0.4978436834722042
0.48855642157543905
0.4922339052374297
0.4775893794327384
0.4963573090256476
0.49325715245334123
0.486688541838491
0.48344882800940053
0.4959174636882131
0.49020399440345563
0.48586892762787776
0.4888163191232444
0.4902598870370446
0.48839764594483853
0.4804922922132711
0.48952917277190994
0.4827973839197403
0.48636230708317585
0.4949335240999868
0.4787744799502149
0.48215775032035013
0.48573287602711124
0.47252304868764816
0.4793564844988039
0.47316057396090844
0.4824198450920148
0.47354604571396613
0.4806789697118006
0.4812547135171363
0.4690041547018
0.4873225696147332
0.4785439062628221
0.4780485155381222
0.46948741216690715
0.48635642640783855
0.47186202415317613
0.47006922260203926
0.4697777478938252
0.48522464939117343
0.4864663453794819
0.48940570689279017
0.4915221987290587
0.49829921686484463
0.49862176816868037
0.5053085779268267
0.5031117330099231
0.5004725625205373
0.50411123077503
0.5111403024310179
0.5074879902123136
0.49461847773642514
0.47110199418661924
0.4422697338921128
0.4224992559681711
0.398821384203517
0.3803711604441711
0.45035432270473075
0.46246651280538165
0.45454718611690437
0.46630287192227854
0.4709594732618064
0.46842856674678685
0.4684763441201777
0.4746300577640283
0.46839752455610306
0.48243920419314607
0.47543607329182724
0.47484380827312506
0.47293776275698796
0.4893011017974008
0.47109873056121226
0.46972344975638425
0.4876672844576716
0.48534231557353186
0.48583620766505886
0.48148063464806107
0.4793194191991636
0.47496844314217956
0.4567645094260361
0.4788760297039611
0.4635616755849619
0.4860954080557759
0.47688559631134647
0.47690593525081293
0.46068723980964044
0.42927524845696197
0.5598866955049534
0.5267861922963541
0.5036404782928381
0.4973346487832985
