0.29228919768469025
0.18362029037616018
0.03475574101337
0.04373705394675089
0.05785930180284784
0.054981941717857294
0.0678845887915678
0.06571124313587422
0.07245947833987851
0.0843336980599742
0.08947517795141051
0.09959760875172494
0.1142619305642056
0.12899789973666226
0.1459151046807135
0.1519273660676577
0.14615038849980083
0.17183553433174076
0.15215983378642406
0.16579770137408123
0.17323114566797226
0.18967332613126087
0.19462307003376755
0.22539624390819027
0.2185504420920698
0.2543148271258718
0.2446756256364814
0.24560303739217917
0.24710399756975115
0.2669782371411329
0.27352320718516865
0.2868285363940488
0.29439467844801026
0.3137270711860767
0.3157031454689862
0.3216065251726998
0.3376694118427536
0.3519754277385843
0.3693668434678469
0.3917590687105278
0.40235578349110335
0.4050405363764626
0.4081927189840506
0.41590985741671616
0.41153984497984786
0.4215973695716876
0.41789255041008855
0.4227187787612304
0.423300687404443
0.42779337546647883
0.4278494473291263
0.428144932736153
0.4320986373732511
0.4352669628050536
0.43232663338051097
0.42933308605924125
0.4323593115860317
0.4311736860267726
0.4343217052506078
0.42916212310046414
0.43162968348161124
0.4333468178098585
0.4329374732132346
0.4330145063536998
0.433619739283925
0.4133724355690844
0.39779448851550636
0.395913987166438
0.39677664935922874
0.39462192960025544
0.4011784667694455
0.41043768898257915
0.43752320433812825
0.4369086451252971
0.4358178807399868
0.43582280838848875
0.43884964785479297
0.4358071464294825
0.43328862922224937
0.4356628146570653
0.44172670285839855
0.44159380966732625
0.4387720251988048
0.4327983046437772
0.4030021044544026
0.3571378983848327
0.33902310299954047
0.36617082531649714
0.35469610646794764
0.4196035142350955
0.4252070489031163
0.42656536914921156
0.42376407026623386
0.4246884355913496
0.4243210022502201
0.4223033627131593
0.42730605385378845
0.42631693642746665
0.42500694803838335
0.42486543558833456
0.4241713066852435
0.4242997972695958
0.42524105204438895
0.426384081687946
0.4253616097034109
0.43011990539697886
0.4223181209960704
0.42451127430249835
0.42561295222737444
0.4279345614746053
0.4220719616020052
0.4218983334989642
0.40716235053930255
0.35886096735915235
0.378637155234061
0.337110661837809
0.35928159316391933
0.4065451262241488
0.42048998853675157
0.4138066606208749
0.41054758211661335
0.3981402723908749
0.3908265939840376
0.3959492549403674
0.392215975701517
0.3870872481153878
0.3876339510714949
0.39164278309175865
0.3854513640583113
0.3991803643948751
0.400639087163099
0.4086938862700481
0.4106556578361133
0.41356166479120743
0.40894821775284473
0.41075959091669173
0.410275113731558
0.41168904336021583
0.41539274854905933
0.41453273564660237
0.4142024455308939
0.4110252884011038
0.4091230929201061
0.4085413632237062
0.40908049700440363
0.4017053747833683
0.4010142511571067
0.3989950118321036
0.39803599349756946
0.39334924567119844
0.3895936143114313
0.38911845922251853
0.39384190597125535
0.3939124037548874
0.3922694755641883
0.4111652257258013
0.4147147438452228
0.4060765428597966
0.4184933494244169
0.41941628277609544
0.42159455608028923
0.4220653085624832
0.42118179639881564
0.4271643717672734
0.42160668933988227
0.42167339845630775
0.42542084670114905
0.42030321188364794
0.4256569782945536
0.4328281844991024
0.4311218026583972
0.4290348767131342
0.42082210186956026
0.4234787049903582
0.42738307072926424
0.41991281248208917
0.4237565357343644
0.42600416784089695
0.43291839287673933
0.42866683759149277
0.42483031995030934
0.42715679443286164
0.42969968991481394
0.42438799437782876
0.4221369453274106
0.4285952008265647
0.41947048690960825
0.4267269738432943
0.429699689914815
0.42229007415427017
0.4170215884725006
0.4229757369312486
0.4197039688171045
0.41662626142244263
0.4141155815174073
0.4146295438548181
0.4059028066738319
0.4121090086527814
0.4026342940261084
0.39751392878396424
0.39356855041370187
0.3926379589888809
0.3911753668147238
0.39556747336418624
0.38869743568739024
0.39172594733577
0.3927614411860029
0.3979782688236401
0.3934072384719225
0.39888245133354994
0.4006701378481317
0.4156770983849169
0.42465483084354094
0.4181615486040924
0.40917203318498596
0.38473563870862126
0.3585203169323866
0.38466278518264874
0.366528007371587
0.41913395646668583
0.430381980649332
0.424057012876514
0.4257652169251254
0.4244905054659285
0.4255037442519708
0.42876475195941616
0.42752404181953624
0.4257076521094589
0.42921659374157534
0.4292035718758778
0.4268353013715934
0.42630478684987466
0.42749456482625847
0.4270188846955621
0.4286727182668342
0.42289987535506357
0.4281267263069635
0.42887303157057227
0.4271955127836326
0.4261058066408878
0.4263343608998802
0.42859255114065686
0.42802217112787605
0.42687182249850064
0.4286641879055856
0.42762243331209837
0.4226142813221876
0.42657627611189564
0.42161825456955226
0.3882651015328333
0.4702120061078162
0.457516924496143
0.4466069863624623
0.4416610519845286
