0.47674003919894303
0.3157137247382402
0.04527246093251422
0.05711129750454678
0.07793914669189138
0.07640078327287368
0.10004828779821703
0.09697859693481627
0.1104653782437831
0.13464596256542202
0.14563255372015763
0.15940528895371928
0.1744760489532303
0.18936304783330835
0.2239217487683469
0.22959541679717868
0.2092643623898339
0.2597569043052105
0.24300837676274556
0.2473570860689212
0.26998504906782145
0.3101820454786936
0.3247621550139568
0.3457110241005667
0.3512944837517591
0.41923522656788376
0.3871527927371007
0.3908483148110168
0.3880423715305624
0.40294688378078714
0.415930103895524
0.424880467687001
0.4350861714309981
0.4428998305573079
0.45452271939638555
0.4685524357986528
0.4811551118088322
0.4873328868780699
0.5010339853467046
0.5159384975969306
0.5173671212733613
0.5281387135256892
0.5364280527826972
0.554480770211218
0.5582282184560583
0.5765439918420812
0.5855687228231283
0.5879241574161753
0.6084531419489551
0.6196227916759841
0.6261428286430633
0.625968964429423
0.6260641004555612
0.6218023232561928
0.6227154013108707
0.6275995542208777
0.6407821838571445
0.6607240201209751
0.6661219029201498
0.6722986715205629
0.6833508929118761
0.6925341627210612
0.6945120937694285
0.7128291982663233
0.6953467615120128
0.6605218490617981
0.6318263549986515
0.6769045430945696
0.6888237710834736
0.7045669853851572
0.6997195801189967
0.7252615036046004
0.7121473493617027
0.7096865934071528
0.7197125948508322
0.6844619516640812
0.6553110432396595
0.6911790145752842
0.7276071310670332
0.7535391194907786
0.7711729501300565
0.7827235294479488
0.800286813058966
0.8263641941496124
0.7838329005911246
0.760173856586392
0.7357675673717454
0.7170530633387878
0.6918808881667303
0.5981981123886175
0.640738433553662
0.6845829106147852
0.7120889186799277
0.7093225951277919
0.7185377941772352
0.7187276848859318
0.7336053068212224
0.7286850421699133
0.7293093338366927
0.7202153525896576
0.7305829014762202
0.7257938845923508
0.7209715131502686
0.7333421901599503
0.7297883922768665
0.736786866557731
0.7191551557204213
0.7234617423390263
0.710739780222874
0.7092931303693343
0.6860334502680794
0.6338837927618833
0.6585627140130837
0.7039766545753102
0.7309891615393553
0.752583062105316
0.7858043617820374
0.8217642118463944
0.8084133612262654
0.7930096695841334
0.7797406066805245
0.7699006640955793
0.7592282537416957
0.7323293137712927
0.7285085372514558
0.7450874130112878
0.7562176614431898
0.7523379750328082
0.7651440338586945
0.7536488093405883
0.7551585200379729
0.7276348379103869
0.7407398924535032
0.737793341938807
0.7423460387609936
0.725095390869093
0.71922264557455
0.7298324917913852
0.7401986711510647
0.7339986134878483
0.7298274098496348
0.7237857834378906
0.7383881811533006
0.7353060629929213
0.7467969294954343
0.7498621876880275
0.7408325358899839
0.7281209253060994
0.7259124887810884
0.7369720059461166
0.7449905073573079
0.7511354960676435
0.7507703833765099
0.7728658124252928
0.7574369132967838
0.7682203403481955
0.7549425053259597
0.7411461386088248
0.7589823034512102
0.7592496336548522
0.7376556726923911
0.7518132094140976
0.7491061826679936
0.7473867426468771
0.7334836988676122
0.7505614181768778
0.7458032830539166
0.7373805255640539
0.740951226426109
0.7428634604395903
0.7467880699732842
0.7388376127289581
0.7391904896425886
0.7385912465760408
0.7376781685213649
0.7311173952087149
0.7418682143259527
0.7368784479942907
0.7386969460304964
0.7371330488496036
0.7300137688159691
0.7369563237048015
0.736676597313517
0.7273403256249225
0.7315002831938573
0.7360014586648486
0.7391898751469302
0.7403662452697024
0.7487054206030769
0.739248019313095
0.7440790494770004
0.7419481886012872
0.7398715622560795
0.7316556691091379
0.7586792887872282
0.7447923208730363
0.7584561721674071
0.7511721676280039
0.7667495725967027
0.7547033264585832
0.7701873485273818
0.7725670982041779
0.7555908872572462
0.7456872328592993
0.7332613261960043
0.7316716002394968
0.738493811615808
0.7374685719104065
0.7413890960151407
0.7464999781424118
0.7652073869680153
0.7699874435646767
0.7919652955686777
0.8049046389964046
0.8150742597492822
0.7712780872324703
0.7360616810241936
0.7128391027018367
0.6925027061837753
0.6664083361322004
0.6050829823422439
0.6401763564914976
0.6723843627155246
0.6819482012749686
0.6918798278912783
0.6965454638726737
0.6914336319364746
0.6779105158817379
0.6917159599553776
0.6848932525612796
0.6919041755470737
0.6853715528583512
0.6865029742419839
0.6721408512388793
0.6700128370250731
0.6647705810291574
0.6763835242399041
0.6871448665911036
0.6910208054202961
0.6974736971268981
0.7123476925187996
0.717475079656579
0.7270195236329587
0.7314762796952613
0.7326774169057503
0.7342213366069194
0.7317024915072643
0.7392599040807395
0.7374860495178011
0.7555202518533418
0.7649722441455629
0.725539485042766
0.7271766768365456
0.7263046458202337
