0.4522809851165543
0.2957370967186697
0.03121107940371024
0.0412500992543686
0.060908165504119885
0.056837552015929396
0.07834254321160153
0.07580942228792091
0.0913793616793373
0.10635991330121061
0.12107415349916151
0.1337944065541284
0.1498071965598097
0.16421252941812667
0.1976181512991504
0.2027259308196463
0.18802040693741795
0.23505170185494179
0.21500605552598565
0.22363272903232323
0.23921797641102538
0.27872973659637124
0.30143426400871454
0.32974082268494953
0.334097369293335
0.3947236323750543
0.36130057786261977
0.3630649525040393
0.36010209172952223
0.3790443879515082
0.3933496571351876
0.3985525726818245
0.4182127472577064
0.4229399826736493
0.43869579151062565
0.44509226554185377
0.45798034963045076
0.4646906586498097
0.4774836067122697
0.4884837532235911
0.5000164336850321
0.5147640284411921
0.5232354566355512
0.5342356031468719
0.5509170757601695
0.5583677041520709
0.5673180679435509
0.5848446720234707
0.5842913692367815
0.6007667286097311
0.6061406403250955
0.6163667670929385
0.6247796692857979
0.6248443531599381
0.6043429111254577
0.6238979205470471
0.6359051019607035
0.6440821540143398
0.6537993109641262
0.656888550076847
0.6787298960827325
0.692840906610194
0.6976314288533918
0.7014973335750464
0.7017530236737612
0.6604266303309607
0.6476504579683658
0.678226169147485
0.7078356624260702
0.7161647155501731
0.715962048697947
0.7200275908699781
0.71497707762447
0.726002598496623
0.7164091330474325
0.6796841132176262
0.6517143982034757
0.6954255824622313
0.7275149270468592
0.7422684751429891
0.7543434033899673
0.7684389202866778
0.7861493494479491
0.7951204389184724
0.7741178811475286
0.7275255311933966
0.7101565520285054
0.6901723513796317
0.6729830869961213
0.5725488377243348
0.6159244415204573
0.6689453730984298
0.6897803881713414
0.695664407159214
0.6930361621983991
0.6986633731274601
0.7078659680177966
0.7049036236688476
0.7150762934031142
0.7071371940446375
0.7119929200449324
0.7140093482065609
0.7056248729234161
0.7157990994055118
0.6984453681696924
0.7108957379421937
0.6923740186118353
0.7031740627278955
0.6910656623276246
0.6865847127449634
0.6642799191504094
0.6098645893087262
0.6451372321717691
0.679411578491687
0.7075181425932533
0.7284060006035441
0.7620085321270409
0.8152148448496398
0.7983151910686485
0.7798977707236384
0.7697122218766996
0.7528814898424812
0.7489213285267161
0.7474571449092153
0.7551068384435231
0.7327605919125587
0.7455802251757182
0.758488365671046
0.7710870737849587
0.7682408303029947
0.7599237765661156
0.7375614956451415
0.7399310836955351
0.7553227806114614
0.7318753749944833
0.7440810843448596
0.7310917894413285
0.7458382699848988
0.7452329521295564
0.7401743683553382
0.7473380053844769
0.7364406529724346
0.7472216314500106
0.7435518058611644
0.7349573397727348
0.7334040623455536
0.7417114400144912
0.7516529550226136
0.737388173428507
0.7497880146088413
0.7430290504336265
0.7575668282156565
0.7763972763689296
0.7663964483936594
0.7574870972335349
0.7557816847376627
0.7590287141272393
0.7487546061406637
0.7356463143415382
0.7436955155350763
0.7387523445094883
0.7338480969901399
0.7289294423816252
0.7477470861213521
0.7456799011670846
0.7250749605742154
0.7277371392889636
0.7398887815699575
0.7263039115387627
0.7303378705285974
0.721014184561656
0.7281792189895406
0.7305933186379594
0.7212339838322126
0.7186183126040383
0.7146434572404978
0.7214956460393662
0.7254989283126192
0.7251566664147757
0.7116275231547593
0.7268742973028303
0.7279825750582838
0.7187285286658568
0.7325963999255616
0.733638154450189
0.7341202967911907
0.7341229301590986
0.7209659500012076
0.7156681443691901
0.7300342825575066
0.7310794519195382
0.7427644472348727
0.7361459298774987
0.7327579152404958
0.7304948368140612
0.7391586453868312
0.7192266464090207
0.7383811866301755
0.7492523586811543
0.753040888093684
0.7625155819159635
0.7645604369873029
0.7478948263664684
0.7514590588950607
0.749785957874445
0.7438465441948008
0.7425785296229102
0.730860448787666
0.7352426029833942
0.7541275203441768
0.7514353736002978
0.7596454739892621
0.7776746921565737
0.7910018945176275
0.7910462169036482
0.7385396835672748
0.6999383204468573
0.6895647570387369
0.6622670919598876
0.6403768349092466
0.5745172649137633
0.6190211727925096
0.6374349469887903
0.666691297276077
0.677640907707606
0.6902678049013704
0.6974369210171413
0.6917530201991599
0.7013161022917876
0.7021721428381301
0.7079273303898306
0.7069191163090132
0.7037839789037272
0.7116435783098979
0.7236700665670627
0.7073150146635389
0.7013415695168456
0.7080722775440889
0.7115392453590141
0.703247017252699
0.7113945878659197
0.7085728588453414
0.7051694959224724
0.7136089513759146
0.7179256798341523
0.722481518458318
0.7154337390433475
0.7250375741789834
0.7228617196938009
0.729729404093723
0.7420512892772979
0.6913910931092282
0.7099985468132418
0.683098556080218
