0.48314443444818844
0.3236671881796643
0.042411597435944685
0.05444091965061712
0.07762228343099736
0.07483278988021472
0.10197894459661905
0.095627893050949
0.10873190591768418
0.13287006090728348
0.1442039403887967
0.16006183089521425
0.17607251257476522
0.19001413565092207
0.2216482647435603
0.22844227120770808
0.20994431182760673
0.25972093058235196
0.23807585179630752
0.24461857853802912
0.26589870565158497
0.3085760051563013
0.3295118523772215
0.3447279942327192
0.3592820614701789
0.4145376587103581
0.39028252797009577
0.39570907012722123
0.389678357255045
0.40696619780724824
0.42021132673919304
0.43282385804637624
0.4438289322061945
0.4578586486084597
0.46051752969185084
0.4753651881226542
0.49172516767467617
0.501189493803563
0.5132979180703412
0.5299148787910688
0.5380444812316368
0.5412976777330742
0.5602449016035591
0.5672121917916226
0.5743030449155372
0.5891234235769232
0.6036906015778067
0.6078185939272066
0.63218250465782
0.6330720834512834
0.6416184038769966
0.6501273545592857
0.6445203956468792
0.6513876221603021
0.6455001828179819
0.6342813373446722
0.6675154045653989
0.683609686633012
0.6859115228730572
0.7024428652109246
0.7153920183376091
0.7139127059618782
0.7221593604054525
0.724134787643057
0.7167174117707048
0.6841277016329982
0.6698730114464926
0.6954441805767775
0.7290412814011069
0.7264944465518228
0.7369806515301276
0.726537304780429
0.7333849095975735
0.7249300214642147
0.7315554926238894
0.7061054688706772
0.6903108527852023
0.7259025934316213
0.7467380103607792
0.7654022107647663
0.7776883213621743
0.7958699640855033
0.7953975394212299
0.80205997906366
0.7724082178699925
0.7342648054915712
0.716080687824997
0.7073568602977124
0.6958359642303455
0.6035353562657956
0.6442740294939417
0.6974056642127747
0.7070524250917409
0.7197580744302632
0.7335384677369664
0.726883429252685
0.7287880788725356
0.7301141847354741
0.73517515312161
0.740169937433103
0.7397788256017034
0.7392747185612963
0.7376494022310662
0.7351751531216101
0.7354073086597497
0.733164869275712
0.7266313757324824
0.7323208849493829
0.7207662885110769
0.7231887780332734
0.7012198215740423
0.6419672656053941
0.6787234253968567
0.704388795588906
0.7114620450113426
0.7396920392741477
0.7606770822413449
0.8091479225338721
0.8077875912582156
0.8023668684084901
0.7728430727573922
0.7776263606651905
0.757428110551178
0.7409090270770515
0.738526119512645
0.7382115233721318
0.7398937707121842
0.7294262896481017
0.7510045008930518
0.7484259647312956
0.7450403305536318
0.7505521326355057
0.7259370392391946
0.7329677830772621
0.7511741833378157
0.7511200599430352
0.7343487247648209
0.7363117688890546
0.7431179958913299
0.7366857131630326
0.7290452474293068
0.7310438859350024
0.7411384521905489
0.7534049025989674
0.7482418525433896
0.7437475308356352
0.7543078698752468
0.7319815268913605
0.7328084088886864
0.7468527888875898
0.7461427890016892
0.7349064301582335
0.7437113150369979
0.7365504973302288
0.7471513508869628
0.7505901041160425
0.7504063638010058
0.7464349431329484
0.7603239082375478
0.7452994343306173
0.7614210932243779
0.7520836743954932
0.763927459420424
0.7545189288683927
0.747315080535468
0.7612859251235121
0.7671091983859903
0.7609615224085381
0.7503720190935647
0.7622502169192716
0.7591889646521885
0.754328836045178
0.7545117958370343
0.7349467572872904
0.746037112176251
0.733855992901983
0.751098080562386
0.7441231323011815
0.7620189322356382
0.7525079533970483
0.7497353646748104
0.7528425572217476
0.7460936201829527
0.7521888449476946
0.753631201486064
0.744947494931231
0.7615704415430267
0.742567947137463
0.7412630656259408
0.7502799593047872
0.746579342998702
0.7478093322788752
0.7437021087660475
0.7518518646700773
0.7479058642013013
0.7376568617043611
0.752475657081399
0.7506810375689126
0.7448145128424352
0.7601620838993806
0.7463580933366741
0.7338807463077962
0.7473574641273064
0.7334624014377852
0.7212772461739149
0.7390710325322666
0.732884841662834
0.7359802009594262
0.7429720735870762
0.7478095891938666
0.7478346911102146
0.7681747994870022
0.7867261631066496
0.7977558836679756
0.7860885475020561
0.7230931169653474
0.7152193485531849
0.6943241681509021
0.6830166072529783
0.6618691941014315
0.6019278991184371
0.6485687946344089
0.6674996522750438
0.6724740135626937
0.6737851490920697
0.6834790877225162
0.6767602497755073
0.688058390086891
0.6793150103902623
0.6900663588478064
0.6964171688849665
0.7131039149594859
0.7052928196741508
0.6978804734889622
0.7285355211149428
0.7077151426126848
0.7346921607304958
0.7289567112337364
0.7420634942843242
0.7481209618841348
0.74731445843695
0.7395844967554304
0.7297608300690092
0.7523993607947489
0.7409521402915049
0.7384828188305533
0.7383637488327482
0.7370720543369885
0.7567228986576524
0.727059007257185
0.7231857307593158
0.7268312557593753
0.7189947889973007
0.7380278186387091
