0.5789160797769238
0.3860644871361036
0.038994948074424225
0.0457603064037845
0.05933092675691363
0.053527166411945167
0.07383425673963968
0.07107002769662732
0.08424878015438449
0.10777908149954411
0.1213932628814164
0.14714925151883948
0.1805196743849069
0.20793109530917187
0.2651396607628604
0.2877821231739903
0.279221778796326
0.37064543475658074
0.26637979059700373
0.3406707219098919
0.37014336651533136
0.4189436647288987
0.473841591689921
0.5008507045411867
0.5030918856492033
0.5662568054287251
0.5341472656596773
0.5554898785119994
0.550986269706547
0.5667705054532322
0.5832491202926078
0.5918189399795287
0.6010497842009233
0.6075413942582886
0.6234541205893308
0.6289375165658833
0.645197432443266
0.6514085620707181
0.6598881733800038
0.6729381026111673
0.6823023650654152
0.6903730053604313
0.7023529390428555
0.7091474705487854
0.7212761386103481
0.728517398295479
0.7414530948460126
0.7507477385301339
0.7588426586095388
0.7686100727706545
0.776933375127478
0.7798421421078298
0.7884119617947538
0.7853357095934927
0.7795824009138663
0.7862821422063825
0.795108254834877
0.8125449796038068
0.8164923352105978
0.8277756847890198
0.8395858491537256
0.8573874774757257
0.8622392236747835
0.8633531785878402
0.8585922459170283
0.8164135486883339
0.7950491807802603
0.8261942536407613
0.8509697543687551
0.855044928153758
0.8592618517705781
0.8705836519950606
0.8619255456783255
0.8326237022557187
0.8273667333580135
0.7835105164802837
0.7370178288700538
0.7759423676028352
0.8035691605236295
0.8080329776017582
0.7677500971625294
0.8293549238232807
0.8768151629549682
0.9107618967916787
0.9165476468225026
0.9006585961168082
0.8829135877382032
0.8658454059966789
0.8325720559205468
0.7461461844798729
0.7747626560081878
0.813727270677818
0.8376056136804958
0.840645655209134
0.8423083667900075
0.851998510931502
0.8562761395601312
0.8543528007958241
0.861662244533644
0.8554805337834996
0.8642356978741997
0.8639836443539961
0.8582531225057399
0.8623025002315471
0.8558651219170452
0.8553297069472421
0.8550049802741028
0.8450731801964014
0.8491817745251206
0.8393541471338535
0.8178186530025775
0.7715658840136317
0.8032116432270728
0.8374464560903037
0.8857326431921737
0.8968844719998245
0.9254553953274851
0.943105452474024
0.9013512021215095
0.8577144689425967
0.8313267288922024
0.7723634460996074
0.8129511672451942
0.8108024626214267
0.8181823881338652
0.8309359232029702
0.8643286246803411
0.8725664344612138
0.8866693473729014
0.8883234011910754
0.8820188483519621
0.8708832707207882
0.8707432058480961
0.8730640037288524
0.8734294702246017
0.8558442015465152
0.8750341486819906
0.8653841953283954
0.852612585346376
0.8432736507683464
0.8445285853641503
0.8347947072977758
0.83024147898866
0.8382497339389592
0.8310138366127823
0.8371668856908652
0.8262981006779971
0.8352228816488473
0.8459485356130501
0.8516090475542312
0.8597801588723354
0.8790328583586843
0.8826993327518667
0.8915448844492666
0.8854139205143886
0.8646561248076224
0.8801350137625031
0.8751944139655428
0.8730112396311259
0.8602063093982357
0.8699408846925473
0.8527852688104137
0.8673370417672885
0.8535515067231412
0.8599668621026583
0.8695838776914661
0.871679616390743
0.8740949033546437
0.8621197861849987
0.8539304147537826
0.8546417821748318
0.846824261056227
0.8487000268179231
0.8476792270154632
0.84307555453537
0.8409978835045058
0.8429427569909368
0.8457047779863369
0.8333752909500411
0.8355988838456758
0.8271575547431034
0.825526855249527
0.8300906581071433
0.8279227651417335
0.8244401071497558
0.8227950369008912
0.8263095147231115
0.8261475775667494
0.8287942033362168
0.8349362130330237
0.8255982977537302
0.8152090675673044
0.8223647221760956
0.8140668664489616
0.8230266767553951
0.8288233826782985
0.8317180616387387
0.8315558683632873
0.8354571350686976
0.830362174250156
0.8494099741916723
0.8492799211273658
0.8400867786229608
0.8334630798323795
0.8278866684858639
0.8125819601695522
0.8088052409643633
0.8036917324316503
0.8002771638217205
0.792409730538682
0.8023644855502542
0.8221759928858569
0.8594937066722675
0.8984078384465131
0.9342235549144701
0.9100877895456637
0.8859347536763794
0.8603124174571051
0.8441335902756293
0.8232243333949069
0.744883617786365
0.7795657884678433
0.8000353264925121
0.815778324112512
0.8246714262102491
0.8314265194893888
0.8451333119833317
0.8389643010438141
0.840732806682347
0.8351438817220226
0.8408695723963711
0.8374281218374571
0.8440322899190061
0.8444702128847702
0.841809857510084
0.8395490339013937
0.8415801628361965
0.8364873510582642
0.8351811431773897
0.829539766066298
0.8220912876919129
0.8138299392005672
0.824393799984763
0.845637857521949
0.8605718468850612
0.8639316799803438
0.8593153585580902
0.8668530741348626
0.8788704799547413
0.8934233180739111
0.8656002322231358
0.8564569876792382
0.8539835120149095
0.8410167782759745
