0.18024357067975502
0.12966713486235315
0.012427392524303105
0.01616158952143454
0.024434440859723936
0.021281149755002483
0.029000665270821437
0.028069300943365027
0.03432356247390513
0.037930910726541055
0.03988201148025423
0.04124998863859496
0.04240333124064605
0.04512636184860802
0.06373471813024695
0.07233841090803977
0.061179743664526595
0.11025369925859127
0.04945413333174295
0.09948440353751609
0.09744059754950793
0.19575629924892687
0.2339050459323847
0.2256293713420531
0.264450290702943
0.24545768039150218
0.25776513182837524
0.26049701884859616
0.25458115259656283
0.255151968753397
0.261662150423475
0.26058722722623395
0.26102576413150963
0.2582952462831906
0.26304219229313863
0.26056865561352494
0.2662138967326446
0.25931331566100824
0.26350308947833134
0.26637574187521135
0.26848730606297944
0.2667229314215549
0.2645545134143637
0.2587572824496825
0.263042192293144
0.26505862045477374
0.2650586204547749
0.2650586204547749
0.2648065669345708
0.26455451341436625
0.2640504063739589
0.2629470562670054
0.26420732386802337
0.2629470562670057
0.2637032168276165
0.2619388421861918
0.26244294922659844
0.2614347351457849
0.2629470562670059
0.26269500274680213
0.2624429492265979
0.26471143090843074
0.2644593773882267
0.2672319661104663
0.2674840196306706
0.26975250131250195
0.2689963407518913
0.2637032168276182
0.26225267717432055
0.26074035605309953
0.25928981639980336
0.2589426268534614
0.2613346714711438
0.2531404682402769
0.25396333791731396
0.24954500984099867
0.24619667731342074
0.238734521442437
0.23232977539854915
0.22558901549368346
0.2019670735253591
0.18568743830818307
0.18778122886674267
0.19086885045169494
0.205365386643609
0.20084285655833026
0.2042487609028864
0.25358165483145395
0.2540387633494404
0.2551618240503989
0.2492645294110749
0.2451797469168948
0.2510622586107141
0.24455207694063633
0.2517183554966845
0.24930281161778986
0.24817103460112458
0.24505125633254188
0.24555536337294898
0.24300640126120054
0.2504679431926686
0.24887413000951603
0.24292490919927043
0.2466723574441106
0.24926452941107527
0.2475422256435708
0.24671556729932592
0.2502863874560982
0.245816133208861
0.25074349597408313
0.2511289677271413
0.2508818418554384
0.25432417142785757
0.2575576573352883
0.2332507794778045
0.20230101104518877
0.21423120296831397
0.20436185129289441
0.18770057888675967
0.18066871601422851
0.165977848942799
0.18339566171547456
0.19873311939288676
0.19587859999655227
0.2000523400508562
0.21618403002845185
0.21469942867890118
0.22134611889819217
0.21238424699842703
0.2203781648437056
0.223023933730072
0.22562534705452617
0.22777696268781542
0.23080002164591193
0.23443490939219924
0.2337296167599479
0.23620474488290782
0.23551133513505623
0.23773062107060738
0.23431011857732265
0.23244471091642332
0.23433642900190568
0.23253333744331126
0.22422173496311792
0.2256760551246199
0.228773828518607
0.22105706793184163
0.2218059162320335
0.21877361591644615
0.21859196312314666
0.2203982212504344
0.2194458457888658
0.21572029271649645
0.2151673773513178
0.21603525404052681
0.22215441277693446
0.22824067246997737
0.22860643219542987
0.23421339110783607
0.2349105006251636
0.23162184123938578
0.23726602411594092
0.24011403827031488
0.23895876199243854
0.23804568393776446
0.24158314953632135
0.24384177592115022
0.24209976155964158
0.24824910971916822
0.23943216416054375
0.2369362672010146
0.24318681801647707
0.24157936086911727
0.24791291445112346
0.248858208082717
0.24853451779758587
0.24236280935814428
0.24513653706167807
0.2349259056691832
0.24039830736743714
0.2402413898733731
0.24035016986372057
0.23900954918206668
0.24079856206599762
0.2394530137358433
0.23416974510857094
0.23728952337715314
0.24005225680238754
0.2304260855309355
0.2381828908378222
0.23505545449609735
0.2273260178563582
0.22529533179100794
0.2306633479466345
0.2235571786764349
0.22477590860431285
0.22820670253865255
0.22464608492520616
0.21958065113081687
0.22390991940338573
0.21274400146202208
0.21172736958928023
0.21281054542838337
0.22083082346602956
0.21662695546145241
0.21596567544558617
0.2252383823484498
0.21445619445112885
0.21290902168725817
0.21104172244003333
0.20588265653544874
0.19591248462611122
0.19357102468434234
0.20503428600111806
0.22060149540926743
0.21187469241102622
0.2127784084697934
0.262166257463881
0.2583051015801921
0.25983599431412335
0.2577627123330706
0.25229788796922564
0.2539386996747999
0.2543859528957828
0.25029624275310103
0.2532246099881095
0.25319125542989596
0.2544515230309142
0.25147501829218827
0.24847501429225116
0.24825138768175875
0.2501294699620335
0.2503470299427277
0.2510414090354131
0.25157887063403445
0.24779427916377397
0.24726174521365435
0.25063243802114527
0.2485455120758835
0.2495499374894926
0.2490818346932092
0.2499380589284593
0.24375156754351376
0.2428187788948331
0.24300033463140425
0.24660072067918323
0.24970571600226082
0.24588663099249225
0.24549130394243282
0.22821705821484886
0.21290873545389316
0.29001191895491707
0.27079785861872435
0.26338331520968145
