0.40618724235639775
0.26315816491713806
0.014367050651598535
0.019156067535464772
0.0330190111466635
0.028482047783007756
0.04184088435378359
0.04007650971236538
0.0529312392427396
0.0630133800508823
0.06956677157617466
0.07838864478329817
0.09171905444437324
0.10942950997505374
0.13674044029212035
0.14444637767065252
0.117338305127498
0.16184467039526787
0.16082061512640378
0.15007084995322556
0.16611373905069618
0.21068606940079798
0.2232882978270166
0.25525805491506304
0.2611139714894485
0.30403633621728127
0.29652929828622615
0.2887451156583923
0.2814804492360066
0.3083251999257187
0.31218466644171133
0.32098046128963875
0.3287617248501731
0.3357507445426118
0.3399593723771224
0.3569081620093961
0.3740799392096224
0.3844706066523333
0.3988944503785153
0.42432582109238864
0.45266141515510766
0.4576305615236065
0.48989653954739376
0.5250959762982186
0.5414835554439945
0.536931114555481
0.5706473179370237
0.5980024727807328
0.611613819154733
0.6256950750497587
0.6547692473981028
0.6613494105175036
0.6636455393046491
0.6675412473181251
0.6705739534794914
0.6767323990290931
0.7109524776489634
0.7222205226740268
0.7204046731724977
0.7354995423826419
0.7495829964117866
0.752387960510878
0.7442295440111291
0.7387280806074215
0.6964481592797627
0.6181467376037652
0.6675665721760712
0.721973468382511
0.7845891199039174
0.7392342505524314
0.7285217434538187
0.7759829190810045
0.7576681562519312
0.773918510735197
0.7834032932963055
0.7694620900332886
0.760129519696306
0.8078714725752253
0.8369602184026951
0.8419197791558604
0.8618842415998037
0.8733131877438383
0.8850342919228479
0.8813812188524948
0.8479025123921559
0.8289228381255878
0.8118087988014921
0.6899919495588717
0.6103617061898294
0.571881616285742
0.6555170559031155
0.7274260385501106
0.7682108840759622
0.7676707776753244
0.7698021073100105
0.7818609558440058
0.7739254117563009
0.786801763773959
0.7874335497178552
0.7977847634794429
0.7917591855367062
0.788387955042038
0.7971477632479651
0.7900607083836516
0.7925213928870423
0.7737522984652208
0.7824245650792282
0.7777157455716045
0.7729616302673535
0.7580741463587959
0.7264891261297706
0.6557362653767349
0.5901161460249315
0.6398554003281649
0.7280607159175181
0.8068850532015824
0.8565356639036448
0.8696807061977181
0.8713275692252456
0.8691814533499357
0.8678330856974104
0.8617838012125235
0.8661556639671979
0.8626198787097173
0.86172173381993
0.8559655062289012
0.8698738772500427
0.868945792429677
0.8694002554564417
0.8757546115573596
0.8697359277343688
0.8671725040323943
0.872164922840991
0.8627850284488778
0.8626089247924871
0.8545901748227412
0.8506415409860547
0.8569406443832448
0.8554654583284438
0.8622078844343928
0.857994176645405
0.8643050595731794
0.8562911526957039
0.8607872609524683
0.8653824740318491
0.8542252934610478
0.862409102796222
0.8667837823176102
0.8609394639327749
0.8634133048432676
0.8621589469150386
0.8602191245430711
0.8729262743146501
0.8688726491548213
0.8638193275504739
0.8651310600262853
0.8629042701543597
0.8625918112764285
0.8450703943156616
0.8502967726621703
0.8520030242878815
0.8439856938219314
0.8504619228315137
0.8259093374096552
0.8390260587645156
0.8309687482737382
0.8233510651700503
0.8220289063989826
0.8246858736580563
0.8164736238632225
0.8352101526575854
0.8212242155766758
0.8250222835159657
0.8236226117910284
0.8232965368939777
0.8086978178451502
0.8139642369303969
0.8206399611674013
0.816962539918593
0.8077891360527389
0.8206191496546824
0.8132546047530873
0.8098630274259113
0.8088725475530885
0.8178191768039949
0.8110230285659983
0.8051289063092574
0.8106543107465514
0.8174992535041706
0.811874739612835
0.822847988418311
0.8297101049381064
0.8245270116152145
0.8223798091553552
0.8334894715883956
0.83332950538676
0.8344703112320864
0.8407545663645157
0.8427866997906269
0.8409400347525665
0.845259971336319
0.8416694405855409
0.8544038626464996
0.8502149679026154
0.8458200612192815
0.8468121644708448
0.8446098668636575
0.8400625468227194
0.8516614113588044
0.8429404934852164
0.8482523474468694
0.850988705026401
0.8535985569471733
0.8678394824768281
0.8537298887555997
0.8093852060402513
0.7894767208575577
0.7091762956448536
0.6042537484749622
0.6751051447052363
0.6308147895894859
0.6814165778591621
0.7126637776253546
0.7222267151090924
0.7467623476962637
0.7549911655929136
0.7499792184713647
0.7637755529353446
0.7446026000379677
0.7665982025944984
0.7700694747331039
0.763320431223394
0.7646512323048493
0.7686299962675397
0.7643002564597091
0.7596778539422407
0.7766743242326034
0.7849561389798754
0.7664438449216314
0.772767683432738
0.762949602851333
0.7707590326799902
0.7707961510991308
0.7981143414803532
0.795483928772833
0.8171140363633476
0.8096971466794508
0.8326303394887067
0.810460181380674
0.7559478984321454
0.881209089224476
0.7968989656476302
0.810636160032024
0.8037000030983876
