0.4436161906953547
0.2918578940784531
0.028425193963582278
0.03725199481920968
0.056760179549526585
0.05165240002902295
0.07384296510394961
0.06880189469987394
0.08147620747498338
0.10258692170416436
0.11034372701105227
0.12464899619473427
0.1416082188133056
0.15282706428661025
0.18855688268759474
0.1974553203081499
0.1796497287513458
0.2283676949155683
0.20649589247725844
0.21276880357262978
0.23265260475900273
0.2745416266165255
0.2918381834844465
0.3235450008591826
0.32859099891175403
0.38998441683238605
0.36299005192809664
0.3643356002582465
0.3588472766331915
0.37931174927340144
0.3884857396753708
0.3980736287401108
0.4120984174938752
0.4220334961049578
0.432691380718438
0.43638197514385313
0.45365503275055175
0.46673338889142874
0.4734486255592883
0.4839621784003482
0.49671085836502576
0.510462824762018
0.5304018964834676
0.5380647129045111
0.5454327909919177
0.5528769084509689
0.5657568094246409
0.5792713260178745
0.5909307345502621
0.6009423721768645
0.6104032636102714
0.6261831352429575
0.6161961304609539
0.6214264092768298
0.6138702314251941
0.6197238161033294
0.6330234291537276
0.6611885013961498
0.660497385929151
0.6596645743818041
0.6802663696828237
0.6907915902599867
0.7160801845284764
0.7066379478383279
0.7007335825808237
0.6630560143707989
0.6385459141669759
0.6865728431484927
0.717160389599894
0.7184302607518158
0.7167636718752501
0.7253098760942407
0.7241827314529312
0.7134861279871189
0.7270572117527497
0.6835456310292994
0.6640999996468516
0.6975627751124838
0.7268452394124028
0.7599511778733574
0.761788336170295
0.7868743175975683
0.7908261534593685
0.8118586907372739
0.7645120078809908
0.7282819461858556
0.7087579597303109
0.6815403950550122
0.6646464013027347
0.5700663605888294
0.612949361808525
0.6666434530304258
0.6941289452773471
0.6980444001444951
0.7047947798536782
0.7058616915386001
0.6986562969881662
0.708250855024374
0.7145613260388658
0.7040383290479753
0.7144108055830385
0.7172785303314174
0.704038329047975
0.71055689662532
0.7159409512148354
0.6982423983253968
0.7065583626463221
0.7085354350780598
0.6936643542748928
0.6888358213530729
0.670218142593135
0.6056683701211858
0.638513224804417
0.6780656662889526
0.6987260380924981
0.7245950369072833
0.773059626482016
0.8257598262238574
0.8061956153710906
0.7908203506386702
0.7608357481337084
0.7685493435853825
0.7533927778149518
0.7559653280856415
0.7707079544619767
0.7545464012815467
0.7792914243160265
0.7654918839498202
0.7779683500993295
0.7676852610764323
0.7678184845315842
0.7571971687769496
0.7716651883190054
0.761393270456753
0.749250857600202
0.7515765333280077
0.7452253774781237
0.7572468006672869
0.7463849111395902
0.7443351284197439
0.7485151358377965
0.7487004802415743
0.7607740229911872
0.7592715571669703
0.7500012835985621
0.7571864074802849
0.764992933575238
0.7493488248817605
0.7605863308655127
0.7574359377025768
0.7865032333772926
0.7718382097300184
0.7738371926148367
0.769360773247474
0.7759686547846669
0.7674106402962162
0.7509776822034222
0.7507944368865551
0.7509112910020508
0.7547382854137861
0.7410820208160455
0.7440501245509633
0.75222293684675
0.7435226555225001
0.7421309322354871
0.745616236431971
0.7242094099282371
0.731844857682129
0.7321301546248282
0.7367614829381836
0.7414870461720475
0.7260762376464578
0.7257693274972375
0.7221071599815334
0.7324747088680967
0.7298874645496315
0.7181834110755104
0.7164523909922996
0.7396746694092459
0.7238276123378996
0.7240178843901752
0.7300184092728378
0.7384989330454156
0.7293168484262476
0.734513770092916
0.7219361279057498
0.7258955782252756
0.7276863201728238
0.7306420578400474
0.7297369628668463
0.7400710589874885
0.733771538943747
0.7517772578498482
0.7475445983061875
0.747636234473302
0.7403945386441189
0.745365187100915
0.7512889198667303
0.7507027131757509
0.7619693205914896
0.7837176227893534
0.7808832525991881
0.7780673913263071
0.765702361452114
0.7657026663855604
0.773540416359462
0.7553660650921578
0.7499851271197546
0.7422093154897007
0.7513165967752461
0.757687809031858
0.7818019295848981
0.7822393275088775
0.7927697197397299
0.7941597122806601
0.7375900998129954
0.7061078476494811
0.6854639191467359
0.665006944723712
0.6367405921723134
0.5685477890969395
0.6153202088601792
0.6331754883462166
0.6361519168326092
0.6532315786287414
0.666470052138251
0.6682542022558438
0.6750045211891111
0.668611750232287
0.6880877303323255
0.6799247334102102
0.6861867309660242
0.6842896476423227
0.6928468816076007
0.7080945054018689
0.7067500153142767
0.7008509789659416
0.7019388445183148
0.7095671592408503
0.7147331952024626
0.7106977245613724
0.709054279487888
0.7173953504163098
0.7113727303277269
0.7177372452036969
0.7205298163461529
0.7176362363468439
0.7206585497184052
0.7294960571085501
0.7376519321977891
0.7631728360640873
0.7017052953124236
0.7045886802517538
0.720194047834989
