0.4314622365677933
0.2746792290512652
0.028905801742782435
0.03798958376711604
0.05524406976110469
0.0512347126990524
0.07085281640102288
0.06851762560275931
0.0826523333281708
0.09738135647162478
0.10586589542941205
0.11715637766765256
0.13018773528610678
0.14445586124436272
0.17546451085920217
0.18253186472190813
0.16702204277534752
0.21670729112776002
0.19575842204113456
0.20273442854490095
0.21961329808283656
0.25319554805193467
0.2748251522670318
0.3011584926368555
0.30566702909081006
0.3670495334718763
0.337812383370819
0.34470310914545127
0.3348013850925804
0.3501345789510822
0.3598793855098851
0.3706608330592163
0.3881241627181944
0.3910427553949314
0.4012867413456422
0.4148041675925759
0.4282849838148702
0.43770284462211934
0.4479971734594062
0.4594407926835027
0.46718123176053944
0.48363582229691965
0.4979808666403323
0.5079686519455149
0.5123319857725415
0.528431182843262
0.5317260140745653
0.5414936282691334
0.5670658542275392
0.5688952658033161
0.581991481127059
0.5894944776478226
0.5903791287927872
0.5910311480803673
0.5882977467806502
0.5878244169005726
0.6149934884782862
0.632668114985371
0.6122414329519817
0.6337848721503261
0.6494126387566825
0.6703458274578334
0.6606912869595805
0.6725685934466539
0.6740387756006191
0.6261741532545483
0.6107702368822758
0.6553327362654197
0.6884666911997076
0.6859287750222887
0.6879324515619853
0.6930615056069327
0.7038265854759223
0.6954781899007236
0.6936365284657835
0.6692596074044408
0.6406814764824684
0.6917813725898467
0.7121787516279297
0.7376429476100221
0.7406434240878887
0.7696505654617946
0.7755475666073689
0.791502359659756
0.7415925479243464
0.7139020341324183
0.6938488256478386
0.6607401591425422
0.6360988201125364
0.550925039142741
0.5814500462413739
0.6356613278436072
0.6606929113567868
0.6565808757359951
0.669297341394074
0.6794800600201045
0.6749976051930601
0.6858052928959397
0.6921046783892918
0.6739252899243738
0.6734873669586129
0.6751232510156852
0.6738301538982348
0.6908159838785622
0.6953548997539651
0.675663557376034
0.6741846670794821
0.6726286128637075
0.6649607691833636
0.6536638397007996
0.6387143969957644
0.5738220827223713
0.6107043981564497
0.6472905252591028
0.6799855422369723
0.7023752053131461
0.7529235817140781
0.7881680688522367
0.7831646513088811
0.7714668910428417
0.7560062566835536
0.7477551996332602
0.7407829817966958
0.7413724584639708
0.7451660288110298
0.7601979446074403
0.7498644835133257
0.7645809001307433
0.7567578204178819
0.7617742194846373
0.7495735917895003
0.7511456919324907
0.7398733083938942
0.7370151507236812
0.7395025131693849
0.7228074179524193
0.7425894832820717
0.7282312822679233
0.7247489094089836
0.7334138651220448
0.7273483033050363
0.7452798424096247
0.728850903934296
0.7286762938410261
0.7308096769489278
0.7496642946283228
0.7462071821103996
0.7378602016523409
0.7374053792559505
0.7371351247294079
0.746995693274901
0.7560761173781707
0.7663977259848738
0.777735641455989
0.7381659692086661
0.7623220945168558
0.7499898542597971
0.7389252695525861
0.7311408247176104
0.7349660962080394
0.7321933031538272
0.7313665965442544
0.7193130776290386
0.7182176432225681
0.7283205944760679
0.7205535416369635
0.7111338834564317
0.719646849323931
0.7298752287635771
0.7208497806961958
0.7114724963762495
0.7110352460919659
0.6826706448472241
0.7143008978085313
0.7138017184166258
0.7110881807376719
0.708491295008931
0.6916939175329265
0.7151267117969345
0.6964205932494176
0.7045421014727922
0.7103130138538928
0.7272362901551259
0.7135450469834915
0.7169707656296362
0.7181428163632675
0.7137031862496014
0.7282611589701512
0.7209205039741622
0.7296457828456802
0.7246025154340778
0.728706608455357
0.7287477440953547
0.722821391954991
0.7146055528070999
0.7336459917656515
0.7384622344406466
0.7417820186490526
0.7414592287998861
0.7676327734200642
0.7606710817015562
0.7579652020957434
0.747720545323977
0.7505949369951403
0.7530499769723842
0.7267808078927285
0.7502884943880933
0.7386994189696372
0.7481279170306664
0.7451650562561452
0.7473468613125527
0.760654715055724
0.7801962543442584
0.7843281950789596
0.7838837671344043
0.7124293959880311
0.6908413301584241
0.6555509477682683
0.639537666655286
0.6142862600144438
0.5480500408661105
0.5872048134839553
0.605054575024954
0.6164780908547368
0.6257355129005979
0.6438171098972215
0.6689933334843844
0.6600060075034319
0.6636456154648749
0.6717457991477516
0.6736531856933505
0.6662537918469282
0.6703977055949916
0.6812713795167621
0.6802815393441979
0.6716482660072753
0.6853678457572867
0.6858906895004174
0.6821716681652887
0.6959971308973433
0.6915275046544903
0.6853234385314637
0.6914770084130373
0.6983305087899205
0.6941608458036037
0.6860902699832985
0.6933811126135345
0.6949111631234497
0.6876739923139431
0.7003459037815012
0.7591171882636559
0.6818955405815893
0.6804094645524029
0.6584771060821757
