0.5089446666265113
0.3366937277296649
0.029150035266447997
0.0399982256882427
0.05860036379027917
0.05934926007306584
0.08525463696777277
0.07666550581269789
0.08255491807676867
0.11190494943587632
0.12412022897422244
0.14654123067439986
0.17758324300645378
0.19914215882994624
0.2557102190474774
0.2631503005169222
0.2624005901584594
0.3409784487514925
0.2649642031604411
0.3098358934431913
0.3370743648633637
0.35602844134801626
0.3934367632239941
0.41039871626720187
0.41956541521314655
0.4710681892041337
0.43963199696231653
0.4467327053832289
0.44096882897675815
0.45870771141714806
0.4726040095865608
0.47994691623067853
0.4950417005331838
0.5030789862699874
0.50982757749606
0.5202000540311233
0.5281471313902881
0.5393834902337451
0.547561852276545
0.5523858959007034
0.5668960408531079
0.5757963172394056
0.583816870129241
0.5949344144562889
0.6027705073537629
0.6135482151262184
0.6208612854074266
0.6257778962078743
0.635378140228972
0.6485683039418673
0.6600593726113305
0.6578794724027006
0.6578944219318699
0.6613160628398111
0.6595552655709216
0.6623421361034947
0.6635086446373867
0.6746840537173586
0.675286007936329
0.6757198027715525
0.695160964665805
0.6935790810905892
0.6996494310208207
0.7049051945964697
0.6888787252583837
0.6446072050353195
0.6397756043044408
0.6611670507354975
0.7078768234579891
0.6811735950095406
0.6824313107865233
0.6930030180154625
0.6732933163574788
0.6566812564643575
0.6666300359827145
0.6208111454468088
0.6073477048926901
0.6272987628122213
0.6698316959640025
0.6889126273180608
0.7337604171246455
0.7629976019322118
0.7998511622868809
0.8359920304466907
0.8131462604344587
0.8001950071485051
0.7730379476202911
0.7373676670341678
0.7070252453414464
0.6526166549499434
0.659149038052642
0.6950172313986829
0.712713090811967
0.7111833796949202
0.7203799609516237
0.7207912739876892
0.7281596668395782
0.7236177815811757
0.7263442718890014
0.7311236981405324
0.7239710635486927
0.7250410590974329
0.7325408832356153
0.7202186022197438
0.724939830650119
0.7288771993807504
0.7199520681244125
0.711241158394131
0.7134555827052625
0.7095540551779504
0.6977109168357795
0.6613500380529317
0.6785342764875074
0.709059600383273
0.7574331974611183
0.7810767319031966
0.8257324955460698
0.8551979933149741
0.8321783967004334
0.810393146957932
0.7605241932890054
0.7414325944885725
0.7259740612079301
0.7110369354578346
0.6977019780583272
0.6968098176964015
0.7063183020326821
0.7267274626968133
0.7351716527305465
0.7485095602120653
0.7442563568578998
0.7464407034360997
0.7304796973458292
0.7267294474816627
0.716032470499393
0.7120216517299167
0.7086131515993597
0.6961686359097241
0.6985543646191409
0.6936444702169604
0.70283256651344
0.6976362061434729
0.6889409514142363
0.6917062327502767
0.6969741852312648
0.7001089249394712
0.7019085321381942
0.7039902248513515
0.712511807818988
0.7083369184258276
0.722403041299957
0.7349124083154681
0.7336212421885735
0.7437537258832949
0.7483751672149244
0.7489694083453527
0.755979411149855
0.7584265330570369
0.7473031294416561
0.7403989351296627
0.7297785803047768
0.7388504348903029
0.7443410404923381
0.730814749994205
0.7469221596957686
0.747443589365219
0.74683101739428
0.739692205995706
0.7359501124463573
0.7375145090011217
0.7316584062222105
0.7291463224616433
0.7321884988786244
0.7167184439327869
0.7154118902391874
0.7169036399224373
0.7134700855335786
0.7300895974498931
0.7183188244155161
0.7174029614570316
0.7162682048437513
0.7160672969712956
0.7155174986468623
0.7109314718930119
0.703334223450048
0.7000111041686669
0.6944183142622532
0.6965706605357915
0.707435260524
0.6901941199704376
0.7066461619123785
0.723149326096531
0.688419593364575
0.7024582770086878
0.7139575783531623
0.7026070210047055
0.7090517872841193
0.7308536053175457
0.7151013522962512
0.7223939722255578
0.7129888355380105
0.7030785970524656
0.7202542434409828
0.7027778633804431
0.6979381985656705
0.6944620451495462
0.6873224973652978
0.6811487460363687
0.6797350953935892
0.70092167736753
0.7188621262344502
0.753390196932414
0.8002654952604144
0.8222911978993747
0.8432777361996819
0.7910548713581779
0.7642761501419022
0.7316222679514665
0.7034691908544406
0.6742529345142699
0.6434461359555108
0.6632427060560931
0.6832966101179926
0.6937754439685752
0.7089751436635324
0.7102461221485384
0.7112635045970653
0.7199402117224997
0.7244760143414203
0.7213850991266033
0.7185482635056069
0.7255317614988541
0.7241835087376141
0.7180450605607442
0.7277787031943147
0.7203947839188402
0.7243879438939459
0.7119802018989613
0.7184900169519219
0.7078490630981024
0.7117949326508687
0.7008862014766758
0.6911910805146947
0.7253177319867277
0.7293468701562814
0.730074766777234
0.7385649015145593
0.7427155003062588
0.7482725981034742
0.8046997937936763
0.8203549445358188
0.7658103817087746
0.7525679459196469
0.7439986163032898
