0.42947827984442505
0.279320610593526
0.024011793535768433
0.03214421529871077
0.052184933979149146
0.045693323921781735
0.0643835666235626
0.06287124550234138
0.07705787939867044
0.09023137156568559
0.09867762831675737
0.10781826416051334
0.12172934527542817
0.1394830106613237
0.16805147815476423
0.17609369154007082
0.1492228895716184
0.19771836810664054
0.18950066561457585
0.18261865615565467
0.20264080322338354
0.24590556140056183
0.25474054537111007
0.2793538762540156
0.284008416662473
0.34280041533865496
0.3183270344258284
0.31531674041843427
0.30664245445015287
0.33074727568593326
0.3401829956760512
0.3496438871094572
0.36363972391172755
0.36690901708262746
0.3801141012944503
0.3944957556625012
0.4097535114434733
0.41555477839776006
0.4317048433968385
0.44589622571261184
0.4515043109609197
0.46945368844398333
0.47586322749843585
0.48416059557712116
0.4990520178683148
0.5153282791711565
0.5319968901929972
0.5377241793709575
0.5522748984029535
0.5635588485528457
0.5622291408616826
0.5828205031829535
0.5804211463048524
0.5816781046813118
0.5651992930922267
0.5703433543452932
0.6042966590886055
0.5957416251246188
0.6130023784333479
0.6310780489359004
0.6287192131789506
0.657511064582915
0.6758443261169325
0.6592531611751651
0.6474075557123449
0.6383680397410972
0.6041654579968125
0.6460195723977702
0.6775808316714178
0.6783688527513672
0.6837103412738113
0.692689292370848
0.7042734795130547
0.6879441921979882
0.6937647332615491
0.6680783678645892
0.6343834418175262
0.6682343290860117
0.7078571133024727
0.7316729310351698
0.7363543898977711
0.75412129744796
0.767700971729666
0.7664669409630546
0.7282460975470473
0.6926439713139497
0.6840889217161192
0.6479513158708863
0.6159900668011246
0.522585611495004
0.5630754138018946
0.6025214346603202
0.6305449719845527
0.647723472953673
0.6749297595505745
0.6601692809580196
0.665578367252886
0.659684158780107
0.6713464960983795
0.6550427856091848
0.6671796367856709
0.6645639655574963
0.6578153743314246
0.6720201063544943
0.6666848035263837
0.6605471521458162
0.6733688316961178
0.6667306875743986
0.6432772430094259
0.6365381150798552
0.6090642584587714
0.5729143823619787
0.590068534719866
0.622691493038686
0.6652616293789515
0.6740727626055685
0.7249850751223114
0.7794371537411227
0.7749186693513667
0.7756752173334901
0.7611680501281235
0.7568448580779482
0.7551471925529515
0.7538799793086297
0.7540484365721905
0.7563930886883324
0.7632329799843953
0.7639108000612655
0.7735136594595678
0.7592040962222139
0.7563664257064677
0.753527862113792
0.748362517265393
0.7356612740175387
0.7299914149923599
0.7396618203904662
0.7564258433082598
0.751762616096899
0.7445531276856335
0.74825736607526
0.7420795910060197
0.7408952370292966
0.730932865181226
0.7391203883129003
0.7556625471336093
0.742177707333806
0.757279527610944
0.7566343515120237
0.7534970598732967
0.7624943950733822
0.7552791323618181
0.7728281343028607
0.766604985604332
0.7734753772528522
0.7618158783891366
0.7610544027585145
0.7456068092197433
0.7596108562507554
0.7420896072823012
0.7268950912721859
0.7292772758387215
0.7286910548875792
0.7283518892590266
0.7263246880429947
0.7157520480815012
0.7213117502929886
0.722003375165843
0.717669891674613
0.7086990159615567
0.6927543954638937
0.6992560467727215
0.7098723191131301
0.7051690191024501
0.7058223855637781
0.7045129222164789
0.7074993725835369
0.7033790078262216
0.7152895019675769
0.707007474970991
0.709821174898982
0.7111623206224176
0.7236354478056839
0.6894051855752136
0.7085745512621734
0.7139354200886453
0.7252181985766045
0.7222962533767155
0.7291111190087596
0.7155709833155207
0.7157660037872403
0.7222588544994042
0.7367823865010208
0.7432647960372115
0.7374033002647931
0.7430309984124687
0.7405256812823676
0.7448901270571133
0.7417602288584599
0.7543833050963583
0.7461358669993202
0.756567914221542
0.7728945392153527
0.7631803703470261
0.7633544377244047
0.7449791132287619
0.7402329094855256
0.7442136618424012
0.7575654717626448
0.7565423776795965
0.7567375773803758
0.7536490453438751
0.7510774986837256
0.7481988603957772
0.7644939527677624
0.7612884624579062
0.707294973416287
0.6653431787084715
0.6414967465147884
0.6079586609615251
0.5981161085453475
0.5244248885075425
0.5744791952024761
0.6101072413781974
0.6329170564083403
0.6229772331217771
0.637684559774886
0.6531990541991026
0.6561177004438007
0.6501442053603701
0.6636065349033754
0.6744913417535892
0.6812273554170134
0.6750599985693393
0.6759473801389448
0.672236775519887
0.6748858013062745
0.6820824633989002
0.6700829492632265
0.6735214901684392
0.67728403228812
0.6702840359905483
0.6791536811295219
0.6793069605067613
0.6775289567855237
0.6644422337951836
0.6893811709796237
0.6651805152520581
0.6847066430511134
0.6770269594929041
0.6771076249906324
0.7509544682967497
0.7030957758478233
0.6907732324781832
0.6849322616938334
