0.44132879015450094
0.28234505872253274
0.026694173880371253
0.035397411800148146
0.053017658953188905
0.049360419085982064
0.06985331863591088
0.06584888922236143
0.08016894135154827
0.09659563002000099
0.10454270737916734
0.11860577833964889
0.13160378139988937
0.14992826294261646
0.1781260416285
0.18862700874791463
0.17451087263523038
0.22241203575221172
0.20420240082960886
0.20914340755903738
0.22931754447232972
0.2643961936358508
0.28451347672972804
0.3156161233894137
0.3195204891283198
0.3842463176497282
0.3514126509068321
0.3530201080541895
0.352263947493577
0.36937515995771125
0.3802801704428928
0.3862058919919279
0.39732960143910256
0.41163487062278126
0.4266345188991466
0.43043283507234537
0.43832578903672964
0.44854900615087023
0.4616366925469661
0.4730835672374869
0.487109503131547
0.4995028104349566
0.5174172708798519
0.5255540952495134
0.5374456593200421
0.5496884697309059
0.561965872171608
0.563803355726586
0.5856910828527655
0.5837348528747162
0.6002729480699168
0.6081437737335671
0.6074827491990972
0.6028872983266498
0.5988841898845462
0.6098037205863531
0.6293016490382644
0.6412931017923156
0.6432397157214458
0.6486405696113763
0.6625645869265275
0.676277296867324
0.6875548487943545
0.6991818628983113
0.6881023173784335
0.6566201136486707
0.6299894669804027
0.6679590936920512
0.7077247615970849
0.7080381331299171
0.7129140829077094
0.7285551232792756
0.7058776772626909
0.7042428232895577
0.6996410216462486
0.6723392921803605
0.6472431049832018
0.6869100293136359
0.7237559804788186
0.7330728611417097
0.7526404688378833
0.7613911314765602
0.7810717657194324
0.7914123897463611
0.7634479055799076
0.7273497848612009
0.69452391796098
0.6739120371658746
0.6520529720829832
0.5565005708592612
0.5985131344598812
0.6550777088624316
0.6784704060431648
0.6859488039148486
0.6717171456431211
0.700293730967002
0.6951632757701353
0.6874804518812337
0.7024549941973766
0.7083495676664469
0.6909195925656852
0.6952045024091474
0.7033084972623745
0.7007524010238768
0.6825394451518011
0.6947543047558676
0.6958142466536305
0.6780670132241259
0.6882140301302553
0.6781232164968214
0.6470530088472717
0.5871635176785366
0.6275276178686436
0.6638746706904364
0.6941411831469484
0.7233969627235464
0.7670096335646366
0.8073062749043051
0.7889358657271086
0.7788358657360935
0.771463385041967
0.7680581986949678
0.762674866393055
0.7425685857364828
0.7430620177741182
0.7445163091400198
0.7625842010669718
0.7717199092622294
0.7866120912722053
0.7691246153176962
0.766854484397862
0.7497545748865394
0.7485415545639399
0.7427377146716163
0.737192691114185
0.7426709674784495
0.7344230769968512
0.747241547324195
0.751217549828029
0.7412157621005161
0.7407165827086113
0.738144121335651
0.7460586404553021
0.7452488815416896
0.7441110297362297
0.7382377026076926
0.7386094414988107
0.7537838014627927
0.7511452530719193
0.7651055182257855
0.7680089126173599
0.7561849716752929
0.7656042614736418
0.77691375003504
0.7739470252524963
0.7626676861878947
0.7551185134437803
0.7574645405912108
0.7460190572593609
0.7367084499503217
0.7412228869728853
0.7312803884707634
0.7567995754792541
0.7369623334400434
0.7293498933553628
0.7312219042530183
0.7281280058107413
0.7245841263360665
0.7231207038709443
0.7189259279531327
0.7167268858123699
0.7197127391815282
0.7296124036308117
0.7225215505069001
0.7236199729653516
0.7237964218243623
0.7215415660871851
0.7185885606096698
0.7220046604962335
0.7218324448754351
0.7242009902319095
0.7246279107603755
0.7294430115508221
0.7205255661735069
0.733531208931679
0.7198061277688388
0.7215371478520489
0.7174500376274932
0.7341232557985748
0.7289142238543541
0.7425782247531767
0.7245220310203813
0.7232369377888016
0.733415634642992
0.7437971515905785
0.7451936567468201
0.7490828511465922
0.75746960939203
0.7537839583117014
0.7503937723418794
0.7622157176422798
0.7567038947560124
0.7529143075439142
0.7640328719109153
0.756415603827763
0.7571476120933632
0.7426730966089677
0.7362635747071746
0.7493190551189522
0.7485011130904152
0.760422430440008
0.769627326045836
0.7778116739797042
0.7901670823281691
0.7959942487042275
0.7387396361216414
0.7090446812123443
0.6720778391542748
0.6474591139484404
0.6249547017159208
0.5643775108496739
0.6074626179706503
0.6313951864583731
0.6521180039022382
0.6620230965179357
0.6858288080626276
0.6861456663619832
0.6789482943679148
0.6896613777078026
0.6928943621654851
0.6919301069262941
0.6844721662739742
0.6756423705499252
0.7003122789664648
0.6992333370757047
0.6912419916187584
0.6945647247179924
0.6951951846449971
0.6988524245121994
0.7113731723163947
0.7033218188708414
0.7143623626404109
0.7069175903714725
0.7000092955389114
0.6956631829201262
0.6930276770225303
0.701308956075333
0.7231966549855127
0.7247976475509028
0.714726767166834
0.7668661266249976
0.6939172018842428
0.7005333061283919
0.6912587280247875
