0.4013089765256326
0.26054694511354365
0.017834018466529857
0.02492487159044412
0.04068068042742095
0.035292420477007445
0.05098644784605569
0.048970019684428046
0.06321350740018081
0.07547392151252019
0.08237450258415642
0.09220458987209694
0.10547321806524793
0.12195676055312257
0.15242680958804922
0.15936074521790197
0.133427659546627
0.18119919309795635
0.17565401565349628
0.16676543332994953
0.18416205387250031
0.22532281703732024
0.24128473911463766
0.26209094861090504
0.2667722437469978
0.32634557442707834
0.3012697853126134
0.29625766686003546
0.29221548028155764
0.3138489620615821
0.32320944400762525
0.33319846678443155
0.33944971738434254
0.3531146405387917
0.3661327081647608
0.3759346240243856
0.38315949667527394
0.40016378871919567
0.4081433289776764
0.4216740190147942
0.43521914078678114
0.44630092513930536
0.4560485112612705
0.4731999781867163
0.4891982297540572
0.496994817468164
0.5057229073879143
0.5282520355027148
0.5327395929359131
0.5486363234955302
0.5490333587355173
0.5598718200209786
0.5547128059550045
0.5612398812302739
0.5637244704207897
0.5663892119808198
0.587418772949642
0.6007516102909758
0.5961972549299543
0.6039668062192354
0.6218173538674155
0.6265352700121172
0.6345247778139929
0.6386844053414829
0.6177575236082447
0.5891479483928677
0.5855084863881588
0.6226061350160046
0.6739642190471793
0.6716251651053585
0.6706823914033883
0.689247098778032
0.679967428411705
0.6746733048303101
0.6857404201708621
0.6460373139914767
0.6365651985123028
0.6587073834498356
0.6905083148916454
0.7189336242672488
0.7445898734955432
0.7404278934931466
0.7635017422084314
0.7591222839536763
0.7281983134006776
0.6622218208284663
0.6370698044763338
0.6115353436729789
0.5876602182024688
0.5287530132378648
0.5496757073264913
0.5965948755263722
0.6152839259092018
0.625005697706766
0.6258905885116016
0.6352487674616918
0.6366283468878887
0.6345564458938469
0.6490778056074169
0.6589858701577272
0.6473760920820749
0.6442896683717062
0.6524609055421454
0.651774354958009
0.640924493015363
0.6345952066836856
0.6366311482030695
0.6297479342944574
0.6265906443085457
0.6115195028929065
0.5951481163812833
0.5447816723655184
0.560082446065425
0.588693202599216
0.6344863020197533
0.6615499570335038
0.7258214106821522
0.7581132119261982
0.7627820063821621
0.7554851367923838
0.7654530449198992
0.7647220558025756
0.7608461169733844
0.7604660979106106
0.7529612872966456
0.7575403187533466
0.7600295685300851
0.7606872278960108
0.7686460147244066
0.771446893490724
0.761976556297466
0.7549850657415872
0.7512628598891803
0.7437477395430362
0.7353576678730414
0.732950709768325
0.7293988973683163
0.7315011935761446
0.7311129913984451
0.7336437277102078
0.7299998748922187
0.7360307977374668
0.7454285166218784
0.7354691902641328
0.7295220777800163
0.7464649627346365
0.7406230989046305
0.7462950170924708
0.7411632132689767
0.7457006014853398
0.7472841594383157
0.7418033564873807
0.7566960830770426
0.7612128997026485
0.7521051891045608
0.7451647929468731
0.7387048843875667
0.7397350257366014
0.7393836001401866
0.7340842125869721
0.7198947206657487
0.7158861554416889
0.7144731708422901
0.7122265882969347
0.7095354015021303
0.7090887078956937
0.706435820306497
0.6994130108273617
0.713419560224233
0.7060319335428485
0.6924949551265779
0.6804515531406098
0.6888280245378874
0.6814670794818428
0.6859293298432143
0.6961629415931847
0.6839162419989058
0.6831130983223588
0.6809515772359267
0.6879583707140066
0.6864826610510202
0.6732322378534598
0.6734017277520986
0.6719377107182593
0.6851382101606146
0.6931719523285169
0.6834611157010378
0.6915900805305045
0.7035109400548987
0.7011114039477361
0.7069205598542603
0.7130078448621631
0.7087589590867507
0.6833315276531667
0.6921948496790092
0.7018605535840641
0.7006175902681793
0.716382505168535
0.7158714574455262
0.7261944276360693
0.7177606553457645
0.7181794816570339
0.7401240803636958
0.7142476259093167
0.7274938305755335
0.7299035536327363
0.7301605154306461
0.7255557962835629
0.722443310904606
0.7234983569241754
0.7299328436017314
0.733204905104933
0.7475508203028519
0.7515652464395326
0.7457444421201419
0.6922976289215007
0.6473877656451311
0.6102414604887699
0.5869741561332357
0.5563100025929273
0.5251734603313054
0.5617782560043808
0.5828607527155539
0.6022764599834963
0.6170507676278061
0.6096883437421295
0.6242431957409549
0.6315028373152539
0.6288866134035024
0.6357599336605378
0.6308850649799776
0.6408001625251539
0.6327493749414383
0.6530513522886889
0.6396358127759583
0.6393914173288961
0.6408470584618445
0.6363894476693345
0.6376493694576282
0.6249264067574455
0.6162759909035423
0.6169616482826127
0.635057642309108
0.651075728514849
0.6500717072508166
0.6692639139015788
0.6633174749396495
0.6718691659134928
0.6805138815683646
0.6967721083959841
0.7718674399519753
0.7041064801399622
0.6977870303262473
0.6855451669553879
