0.5053871041349973
0.33588752110630116
0.0543827407501202
0.06731941245937252
0.08865839783024489
0.08970938705582004
0.11387764113721106
0.10863898642044045
0.12574403376445079
0.14681249789064899
0.1637004019859857
0.18240421304711152
0.20962094088796965
0.2141181956364939
0.2583420432238897
0.25921756414708197
0.25223476593829497
0.30091338349424146
0.2820760785953778
0.28827682788402514
0.30945644845348974
0.34955161051732114
0.3516145040006003
0.3792775515125057
0.3881218657382757
0.45011452672544877
0.41675211469964574
0.4257309054008359
0.4171561580654111
0.43371133731821265
0.4474556456420607
0.4563491556141157
0.4678818360755545
0.4746637818598408
0.4886317167941801
0.49583248888973913
0.5030283333367915
0.515831136696253
0.5291998285640481
0.5420359864817227
0.5424979337504788
0.5558950525279845
0.5631526784429661
0.5792114087285051
0.5864307524367718
0.594421661749664
0.6054929199841302
0.6109490361912684
0.6257823463870213
0.6394131136556844
0.6393951433370934
0.6576272400827197
0.661155989365571
0.6532289892175264
0.6475667597700431
0.6541136403624872
0.6615668464345225
0.6835026152541644
0.6874519691473581
0.6835848208551027
0.6985587883606292
0.7290683918628268
0.7180759085834715
0.7259908853048996
0.7109178748991384
0.6751422343487619
0.6542137105603097
0.6948025276018552
0.7068530936636191
0.7159410457013325
0.7202318668177022
0.7306599031837839
0.7296679958099876
0.7269728030995974
0.728693303715307
0.6974919862440045
0.6751881450552155
0.7119553079556232
0.7407611498026456
0.7602830321656281
0.8008857654637127
0.8137605007430763
0.8399936677156573
0.8420587302287494
0.8180088357070586
0.7845389884569349
0.7645232920343371
0.7423610192955841
0.7223948592002406
0.6270421483521428
0.6600566544438227
0.7094335173959926
0.733542942938564
0.7385847666197035
0.7466447302275816
0.7445052286410265
0.7607292905653726
0.7562579440696392
0.7652667110195654
0.7480371895246912
0.7541450000110802
0.7525375428637195
0.7452646008024518
0.7639446619506212
0.7547789775066301
0.755845137655365
0.7518748182202929
0.7467559902627192
0.7395628816087287
0.7344950152301329
0.7156238781868743
0.6535533503237099
0.6836495860814914
0.731872874106393
0.7566942016617089
0.7774285254692659
0.8194072835172777
0.8595334081377464
0.845781769618274
0.8271041126381318
0.8112913610840062
0.7849522945901355
0.7650504583601594
0.7594702379918905
0.7548362668639015
0.7575995062089977
0.7536917270362159
0.7729773233065576
0.7789642042250098
0.7669134689546749
0.772957917360805
0.7591203837869809
0.7443001361882559
0.7548507681257083
0.7490593308846628
0.7433151176655599
0.7436556184835944
0.7563056645465932
0.7513051326005765
0.7440507565658443
0.7534494030252655
0.7536443904021771
0.7624400084754084
0.7694846450336776
0.7635397379324178
0.7452264567144969
0.7542173086176329
0.7495629138213453
0.7510373925541104
0.7480638867010304
0.7568637780007895
0.758377628507155
0.7903803551425499
0.7884584812303657
0.7723814970929631
0.7814784733805419
0.770926685506572
0.7700060740713836
0.7734055694920304
0.7850525320689937
0.7661430679362591
0.7821241192404058
0.7791682944405198
0.7639642576889007
0.7597568247221601
0.7908775585851774
0.7658285803586461
0.7539437827023586
0.7719116333078087
0.7668194707574282
0.7507794009823257
0.7564992514893988
0.7655613522138701
0.7619658938145937
0.7518503984482348
0.7579224002375571
0.7612087677696228
0.763032629598384
0.7625492913945457
0.7629046683543368
0.7629538641006202
0.7703530024656514
0.770457856168522
0.7585375956278904
0.7668121793014011
0.7584422382077637
0.7666746347476152
0.7687941820168578
0.7622533657541546
0.7646196027510452
0.7713797623526436
0.7673306774198069
0.7709359022183571
0.7680650591666116
0.7548718052561709
0.7702189888916049
0.7675090374406823
0.7845237401138819
0.7830324382028208
0.7730647683113746
0.7881979977051053
0.7802493979972638
0.7794743962635557
0.7608925717747814
0.7431452624928164
0.7505515015203209
0.7585078984245187
0.7378123063144455
0.7476717956708189
0.7453656628519689
0.7972788020298137
0.8037707820551947
0.833168105116742
0.8297956064961577
0.8374282369194184
0.7930968000278464
0.7694974633512486
0.7414128849788197
0.7220927278705751
0.6954200228823804
0.6325116617295393
0.6709712138500554
0.6917554725282518
0.713146251075213
0.7092370701225595
0.7147065830147388
0.7071306816356748
0.7080524108701122
0.7027712269493429
0.6982568667281432
0.7024873482830108
0.6947748110739046
0.7032811322904686
0.7040088659413688
0.7059947789592057
0.7028181468711986
0.7203808359339731
0.7183412944301873
0.730226092086471
0.745185349829993
0.7471016631675628
0.750112558469072
0.7608164866945047
0.758144908753748
0.7601612225680864
0.7503639640842337
0.7584348015286135
0.7671794609148096
0.7636884094619233
0.7820684943452505
0.7979959582706395
0.7383026738075709
0.7409479860875574
0.7450429544021252
