0.4191996438333545
0.2669837289388873
0.019565038549740964
0.02652740108930303
0.04294423446075121
0.037555974510338694
0.05463383241625604
0.05236535073442461
0.06739342592050095
0.07902124240808045
0.08683490153439202
0.09656985279619308
0.11137922902027864
0.12917989292859539
0.15905069889697476
0.16465765780938355
0.14090284544230566
0.18838404326671582
0.18214448672956907
0.17502520669594884
0.19292100663040532
0.23148519522154168
0.25029407321067
0.28123487472779013
0.2834781849663409
0.33774809498929026
0.31023414031462393
0.3111439629028744
0.30643256867499885
0.32278762057852284
0.34071677507119325
0.3430344524993088
0.3545691509555508
0.3692979948699436
0.38107014312994447
0.3895854936093624
0.40381956073856956
0.415835579403849
0.4278483426027044
0.4394867060127353
0.44598341754975623
0.46041576786459176
0.47430388291907855
0.48911527713796665
0.4999465912546349
0.5057880499748044
0.5234178677588138
0.5329440604312065
0.5388968444438592
0.5525162616129284
0.5778035380798474
0.5735318577441311
0.5754600955229227
0.5693971700316238
0.578605100321625
0.5853280182744134
0.5866351619156304
0.6119382077582928
0.6100358069513502
0.6171972560800191
0.6296452641713441
0.6461762359515302
0.6565337080221285
0.6562313336879165
0.643377129199313
0.6040494583410396
0.5969690311977159
0.6493265111102964
0.6861139451442292
0.6850305911674919
0.6868944774665686
0.6924424698439864
0.6921644265004033
0.6881475668268648
0.6947054498970363
0.6616072349680759
0.6441983803847267
0.6654125304733433
0.713637499684431
0.7251244934387168
0.7377041458853392
0.7535202369390992
0.768583646812465
0.7804948468727854
0.7490547462332662
0.7116544473310197
0.6800476599059369
0.6366035845240403
0.6057461270290997
0.5248439968212687
0.5535499350331438
0.6034834069757922
0.633054773165166
0.6382944109495564
0.643096193020678
0.657087263259134
0.6602100443784082
0.6777878235149907
0.6698022016362086
0.6724392499890478
0.6765880111750133
0.6770921182154206
0.6754638922314911
0.6680711815529975
0.6768015254110401
0.6575972828039339
0.6648027028744578
0.6528677445917432
0.6374761158608117
0.6234316627245942
0.6113698572548136
0.5522129086617529
0.5800378365601777
0.6123393003799887
0.6464036084977562
0.6844489584880952
0.7347926980120764
0.7823362748724758
0.7812813452528072
0.774553931089208
0.7695839724082817
0.7609933838847893
0.7651880853506144
0.754042459926578
0.7684466695121308
0.7553750562002214
0.7753596877452592
0.7689094988274
0.7742101350455463
0.7684151433131708
0.7570597760566531
0.7742579552839555
0.7593321222157623
0.7481897405713172
0.7414376716907296
0.7378187013742213
0.7430484619798234
0.7404063040742789
0.7390744900396607
0.7445196038094981
0.7401482646630082
0.7398605744496932
0.7551401127023574
0.7487072361599825
0.759196316430687
0.7416111184825767
0.745702136039795
0.7521980990163397
0.7542747253615477
0.7531587682579699
0.7706050764146838
0.7723985352299658
0.7608745422545703
0.7665232943215085
0.7699096186910191
0.7633799471310517
0.7576339501537092
0.7488262672275561
0.7558411306673676
0.7359695465092947
0.7397339280289953
0.7256586530112046
0.7194997577453065
0.727607532193157
0.7171749869083881
0.7218757403034888
0.7178129313811462
0.716665846377193
0.6955594693592154
0.7000162097901192
0.7112301276149297
0.7149751180425472
0.7141345157062589
0.7108503284541322
0.7093458446351137
0.7057918868894955
0.6976058445590589
0.7128535784593621
0.6972329377232511
0.683355894539441
0.6820784593810005
0.6938494590671074
0.7013851753597691
0.7000666580430367
0.6960152863735672
0.6878643684671486
0.6952246995836812
0.6998313723310502
0.7134256309207911
0.7180876013170528
0.6980471705443423
0.7082174724169509
0.7038144272080182
0.7146884980290512
0.7088583030747262
0.7143546503724177
0.7096539939242956
0.7091504507904524
0.7342758852699223
0.7282647238715275
0.7280221328289045
0.7396215224067717
0.7253734998619379
0.7357444633351455
0.7363370055119248
0.742034881291223
0.7427332963735105
0.7472754180529215
0.7358531008661717
0.7445982430762058
0.7436973841260552
0.7471650642654475
0.7606339863915463
0.7668160097239081
0.7684804709904168
0.7174525596708224
0.6527171495421455
0.6363246541697806
0.6008471903388874
0.5813366607975746
0.5396363794519295
0.5842157168816939
0.5945395654515676
0.6131054227774166
0.6074740700100602
0.6184289717910774
0.6392398832002
0.6323397724835548
0.6316496170163499
0.6546219939876906
0.6381700111895777
0.6518608949915752
0.6470488874408303
0.6563801411495908
0.6443154558647618
0.6511025148360291
0.6429075963600908
0.646440610228313
0.6455610605630002
0.6248117995674989
0.6224443182894563
0.6332271267365482
0.657765781388468
0.6671443629779928
0.6838905968132213
0.6975690372855908
0.6952633642468063
0.6775269891323578
0.683528959702787
0.6943848305352183
0.7683193513390744
0.714510984278694
0.7237199147496182
0.6826493266052915
