0.5445111889462271
0.35070949577837124
0.0369945070616704
0.04639962734816692
0.07389625224653402
0.07075383322221959
0.10161017783753437
0.09589968746019518
0.10889043215922091
0.1392240879120732
0.14964644967292126
0.17456097752580713
0.20740442926629638
0.22175999958304032
0.27071390803664325
0.2734250628131667
0.26938826877735356
0.32336600430764106
0.29862060369423193
0.312863453903852
0.3330709453753549
0.3633164314867067
0.3750408453553099
0.41031469421960726
0.41863413256840015
0.47736260277583703
0.4532272463042238
0.4544022331761027
0.45591455429732525
0.47595527297776385
0.4853479623417234
0.48957109071725624
0.5019167855587318
0.5085368862004516
0.5237268065290938
0.5344464726104998
0.5476199647775118
0.5579257321961479
0.5631521470039954
0.5819659526416285
0.5818002299341277
0.6028442350468772
0.6132117839334389
0.6191708600406882
0.6267275379982961
0.6474971374699242
0.6485053515507403
0.6665914235374754
0.6747189176519168
0.6849547204877005
0.6941823092426702
0.7045305267977401
0.7073031155199792
0.6997415099138689
0.6939442789491852
0.7024238902584723
0.7154678209531767
0.7300580908668262
0.7270087124238819
0.7401461976390985
0.7517304953487577
0.7718186852968971
0.7831260924349709
0.7720043560174145
0.763926522261162
0.7250934445580905
0.7134943853864607
0.7450282061438369
0.7603133963421643
0.759819208723993
0.7703841211583441
0.7804095321498236
0.7685497873511331
0.7678659842672881
0.7504891788085496
0.7080668665367723
0.7092703985889929
0.7521698550067172
0.7583322597822783
0.7904122331647884
0.8102151687595718
0.8383537169327027
0.8598290173776304
0.8652713575653023
0.8425126082678598
0.8106835150288968
0.7943157058111938
0.778554025412229
0.7620446276364937
0.6688871116204743
0.7067403713423444
0.7495739336702809
0.7772344204572794
0.7823146967956962
0.7790129817930214
0.793518079018348
0.7928055131725432
0.7997690737004057
0.792611133135615
0.7938871303730023
0.8001884683780915
0.7994323078174803
0.7971638261356491
0.7898385444133758
0.7934677356953157
0.796984919296475
0.7870888721114391
0.7781963181550222
0.7805503221542704
0.7693812814118413
0.7563793787157768
0.7005886385708986
0.724216126445385
0.7691180838171092
0.7840816252153787
0.8041660753866365
0.8361108150352006
0.8731261182206985
0.873892651872611
0.8540815456937288
0.8221392377769273
0.7987692988174758
0.7648035932296456
0.7560042749611071
0.765932850733185
0.7885678514501573
0.7712381062425564
0.772883982224308
0.7996971565755511
0.7894592636141917
0.781818865494117
0.7874132106330007
0.7825499095012486
0.7841765292567541
0.7864334925997988
0.7697209980324968
0.7608994541193257
0.7706091483896649
0.7758605894176711
0.7594395848658808
0.7556100635089755
0.7799795364396543
0.7555364190704773
0.7579185340391527
0.7591971502832116
0.7619728756996285
0.7687505055369974
0.7803759395380195
0.7566485681109593
0.7702700773637584
0.7704716986876616
0.7819375956299176
0.7988174512796437
0.807269717688037
0.7927393628406677
0.8030464358242626
0.8071387159751897
0.7917583132621308
0.7949013749629488
0.8046979624695476
0.7981173241025387
0.8154840836364778
0.7954263766276738
0.8016211005624286
0.8073346548867196
0.8164555745502984
0.7990990394591979
0.7991160277875562
0.8006325433230501
0.8030775985565234
0.8008907059933513
0.7986174666528564
0.8145240973907135
0.8083178954117591
0.805293253169316
0.8051533240036136
0.8047754013339181
0.8138323397328882
0.7997791240694079
0.7981898143237539
0.8054375849417365
0.8057279206686521
0.8017694523393593
0.7918108744670599
0.7875673323068993
0.7947202639889207
0.8011642615843569
0.8094522536676175
0.80390011702293
0.8108261945461811
0.7954372740816148
0.7982639653942455
0.7901616427230906
0.8012149570295376
0.8046249245334229
0.8112328755975522
0.8055903046153612
0.7984708458747577
0.8063963024706475
0.8029109508740677
0.8164805293939491
0.8041643550041138
0.7952043928306253
0.7781555495901102
0.7725588655209028
0.7600768579083736
0.7528669890085118
0.7549861016632821
0.7611864360744434
0.7570627249866914
0.7915946829521805
0.8239532213915516
0.8527972416664062
0.8582418785608632
0.8550242881297393
0.8176568071936507
0.7971415160599696
0.7763632605398734
0.7512045382851361
0.7268832598060951
0.6629692104105582
0.7040187972051871
0.7184888347420435
0.7310390595395189
0.7323729259507162
0.73213025097182
0.7291185767228109
0.7336830998782815
0.744693410709838
0.7521338262846792
0.7591492713746789
0.7678475816459525
0.7610370856929236
0.7709338820972919
0.774037799250866
0.7656248970580081
0.778659586395222
0.7867215367650997
0.7746563223535409
0.7906230136546994
0.7892465281156943
0.8048817391184623
0.7974364350357914
0.7951055357085282
0.8001745639505595
0.7972859393029492
0.7917204314124262
0.8052293447168056
0.8011766454229731
0.8042230461556731
0.8203322651070732
0.7749038869421228
0.7662426214059379
0.7782765857441036
