0.5248302260042581
0.3578611356192984
0.036565623166801405
0.04739480757760353
0.06707695607118042
0.06751833880908284
0.09514476301326366
0.09002951479941385
0.10269156812770222
0.13255153049942636
0.14825808599623658
0.16996297020039275
0.1992366091276452
0.22517097334592512
0.27552606593741824
0.2722113088059004
0.28375878662219595
0.334009290152157
0.28989761512993223
0.32006854465587314
0.3451268344791712
0.3709931241879563
0.38733408577256123
0.4119883322300899
0.42496556645375905
0.4849270163337967
0.45825959718106996
0.46014920694041883
0.459606817693298
0.47984766372301596
0.4937155349827149
0.4977248920447603
0.5104609862877949
0.5199488116778935
0.5315197743460471
0.538083021168344
0.5450552390049065
0.5556179875922462
0.5677881933269483
0.5780371069261594
0.5886063664463499
0.6031019076823075
0.6102310430129363
0.6141119094906309
0.6247932933653225
0.6407711455284419
0.6419045947271838
0.6526811146280136
0.6701187478019213
0.6821774512806317
0.6916986312289459
0.6962048246797677
0.7004897345232285
0.7008275938143522
0.6960897906715655
0.695567824448286
0.7062404793618782
0.7225381685437808
0.7208707516322218
0.730937109556814
0.7525424554393821
0.7611705939821908
0.7689182233271074
0.7708579939931346
0.7606906455148343
0.7189350724879313
0.703510770108311
0.7278958362748287
0.7484769024877128
0.7526819727384547
0.7566123816753612
0.7667784585253186
0.7498658022035214
0.7435694290254574
0.7367149944551554
0.7279794559672078
0.6830985006586873
0.7414368804471
0.745202608681236
0.7743067074921338
0.799479742245824
0.8366168501318128
0.8650067824042122
0.8667175105262387
0.8467806096592371
0.8202090779772848
0.797366432079056
0.7711187943093841
0.7649098409592369
0.6677781547173263
0.7030995656396054
0.7468531088754927
0.7608570641552193
0.7800770300552541
0.7795076941742616
0.7874532904817887
0.7886049692171178
0.7745680621896072
0.783069231955699
0.7937030378719157
0.8001328664613583
0.7933274214158604
0.7959715195537479
0.7797925361930531
0.7839558239050669
0.7864048480293965
0.7965885621170155
0.7882898381289658
0.7860645330722148
0.7674947897187847
0.748208512502649
0.6962990482426087
0.7258970640732317
0.7682409809247236
0.8002573144284993
0.8279351441735663
0.8630377519544525
0.8808715911919257
0.8737071494098835
0.8532957419218891
0.8215728987604595
0.7860168144656758
0.765955028887056
0.7477038146805514
0.7413686610663985
0.749402390159089
0.7530781094509816
0.776610116216506
0.7888638875316563
0.7824597794404156
0.790027185152232
0.7716110414344157
0.7710676613319841
0.7739754231639605
0.7654861235303759
0.7690909714819849
0.7557907410346799
0.7473533991991653
0.7531858075231848
0.7447002573216712
0.7555146373543051
0.7496265734872751
0.7593476192433913
0.7664250709106666
0.7583410910686694
0.7625219111066925
0.7587738226599088
0.7497934708882158
0.7572203935512832
0.7647064326021465
0.7596190383607756
0.76911280099717
0.7991716538006985
0.8046098160337916
0.7926616657677024
0.7913048508377686
0.8014828224135679
0.795196073763001
0.8072113999253755
0.8020219753161906
0.8020895446143063
0.8014761901356503
0.8073253391122569
0.7963884628693009
0.8056862162405747
0.7985635355173963
0.7992673863460489
0.7878895150525425
0.8030480780133824
0.7996272899950913
0.804795178801441
0.8077565346898877
0.7980700459401342
0.7989546970850989
0.7971903224436714
0.790075445016762
0.7910968835695504
0.7926206432721198
0.7893723744191878
0.7802360274735991
0.7934713011085397
0.801575207064044
0.7992473493305947
0.801902449905777
0.8149123463498745
0.7993333737934168
0.7978658458117573
0.7985506946157692
0.7978241589531716
0.7974767693733785
0.7944377485508636
0.8071196985947207
0.8153548255592157
0.7839943817681178
0.8014834134983415
0.7972055396295108
0.7906786660089083
0.7914823720183369
0.8090285889712908
0.8031229424936983
0.8083755265738141
0.7998724946273115
0.7858419505280672
0.7766321302144473
0.760378960740128
0.7369702458216111
0.7434471800424917
0.7380207224763173
0.753940697373885
0.7517165097806332
0.7858400240662096
0.8180190338359193
0.8526515561143598
0.8739045497598569
0.862810690648478
0.8163565810261515
0.7919338832264662
0.7751741882329587
0.7534032336627042
0.7307240182735214
0.6598398240086462
0.7039552965213032
0.7113253033203359
0.7328155141531838
0.7255994547154033
0.7361606623858856
0.734547352595901
0.7295951617943957
0.7363922419230827
0.7366175290083203
0.7420946341775277
0.7475305065898796
0.7470967327411717
0.7450644633914741
0.7650239015894428
0.7699414090576642
0.771344155586368
0.7790846844385886
0.7789769626908066
0.7836003539239037
0.782270464979934
0.7820674960702877
0.7784673427934065
0.7885557041696182
0.7908013314848809
0.7901269730559884
0.8058817078760386
0.7907959826984671
0.807767597703691
0.8142434422146437
0.8236701240301834
0.7573210748095774
0.7687837524855587
0.7668775979796352
