0.24896420708434422
0.19526689640760117
0.01209856896977124
0.014871157692010596
0.026213566101172512
0.02243276329812076
0.03049847594463322
0.029238208343616102
0.036799813949723245
0.044865526596238325
0.049906597000310166
0.055955881485196854
0.06698445490623008
0.08224874242444327
0.10838908847634272
0.11379284380210081
0.08919526377593644
0.1322456367001245
0.13129796661561272
0.11965387422951129
0.13838881973952705
0.17032755451387374
0.18322989548823262
0.19087397541864726
0.19987432128885194
0.20730856214119434
0.21478878494380618
0.21787474302121398
0.217574148717983
0.2221229855501584
0.22720787552503155
0.22977766529915944
0.23106098297158
0.23656158580457753
0.24159443734457464
0.2432334796980372
0.25353821624517303
0.26473597942222005
0.27456528040768985
0.2885955876829567
0.29878002712804624
0.31263120529870125
0.32734844870674207
0.34171703871484393
0.3707721812456475
0.38287997755557174
0.3708289536919791
0.3778758788048666
0.389847535067274
0.37987918112183766
0.39142639856260625
0.40836900094594025
0.40043632115654487
0.4058073003584728
0.4150597307446147
0.40732975474548794
0.40350133948049915
0.4108588773708557
0.40541277736423037
0.4036099734517372
0.40464858682033117
0.4147775551339336
0.39450134885187516
0.39756151010258883
0.38309732808517055
0.346370070960884
0.3802575726727652
0.39498440147787384
0.3991385465745197
0.3996134794419627
0.3896577078366358
0.3881927147890075
0.39316303530298835
0.413477385664223
0.4385724414667604
0.4422193898929075
0.4363937320185129
0.44265678781688905
0.43866714134884693
0.44050315275520147
0.4397617751400948
0.4398951933729502
0.4369095457670641
0.4292075744352256
0.40929657301493627
0.38518488830817876
0.3500138403412981
0.32786749454985076
0.3097594095369496
0.3747581917416267
0.40099047541361316
0.4034017985472443
0.4014976413861935
0.4060340645838394
0.40258034075753824
0.4077663831182548
0.4085180521744171
0.4081512409317991
0.40152233507664314
0.42174074008771195
0.4074959816903852
0.40644904925880315
0.4226088390483654
0.4045791847370057
0.4081167392332914
0.41077931192716005
0.4084600512146986
0.40537537049842476
0.4072533069994261
0.3965397042551832
0.39581416845511
0.386811165156604
0.32013090001857797
0.3211291344184667
0.33364436873725273
0.3624485711725573
0.390696967587354
0.4145629340525831
0.42081613995186806
0.429051964355696
0.42324980574251186
0.41965927499173483
0.4196160651365175
0.4243334452554587
0.41093139882945096
0.41447871972501066
0.41586255026188285
0.4175454328413756
0.40926102123286795
0.42179698812662214
0.4207319202263833
0.42275327603651364
0.4272333855807534
0.4265439341365698
0.42810439276150886
0.42268391723417637
0.42493268832200365
0.4273285216068922
0.43300711728422453
0.42317324132907863
0.4295363608020942
0.42771892100845027
0.42765713954052575
0.4233722296970647
0.4250463959608521
0.4210813877353169
0.42193268432206604
0.4170189655210513
0.42044272348076117
0.421536218290712
0.4236144279202676
0.4150013983781288
0.4109548980906624
0.4099849662165608
0.41883526633339996
0.42303868411493106
0.4216499259295598
0.41345079505019167
0.4171982432950316
0.42138801711235313
0.421730279010195
0.42358486202925794
0.42711853896060853
0.42246786795809477
0.4188117670721874
0.4168237658202705
0.41462805988466134
0.41384726108154435
0.4199052618821367
0.4185881404616947
0.4181223156280028
0.4212951590488029
0.41117966368244574
0.4144032942928743
0.41421794988909705
0.41516931015048747
0.41895996825054405
0.4098712585777098
0.4253553033004776
0.41505939117884405
0.41029501253748224
0.41517916544749023
0.4213224469772207
0.41864992192962064
0.41843008398633597
0.41921959910516016
0.41130208763700227
0.41855971355198274
0.41440822194137666
0.4122966577536086
0.4175996369748879
0.4102950125374849
0.41841757900342363
0.4141375968084637
0.4169386124404156
0.41202603262069615
0.41280569244251897
0.4132059471410787
0.4095623512380858
0.41107960000780613
0.40235779047532105
0.40764105910259457
0.41006645827849236
0.40638571915008004
0.41759849799359383
0.41567227820960373
0.42356250174934434
0.4175848540293856
0.41664827671350074
0.419520929110381
0.42539472448849414
0.42126673213909666
0.421634690522007
0.4224409384877993
0.41378601821231015
0.3931792196711622
0.35891939718743926
0.3479600551854982
0.32668369067933056
0.38048642418108575
0.3842642050368793
0.4003925844536144
0.3968519061911809
0.38829127809396224
0.4000011822574326
0.40285932838295246
0.39075713021588415
0.3939867732019267
0.40083075064373286
0.3971822189332386
0.3908549342534834
0.3976845895564311
0.398158225596133
0.40233197227092826
0.4005745693689992
0.39417387868550935
0.40135615156249077
0.404082985959332
0.40549136584097745
0.4078004240101134
0.4037838450189768
0.4057071812454606
0.4123299152550946
0.4127121068791335
0.4093637990141535
0.4070426801651574
0.4033067675583952
0.40332409497408256
0.39159387981921134
0.35055492548973083
0.46939074950238385
0.4515366538247378
0.44012753629914675
0.4261596013648076
