0.5125977998735725
0.3316870501909456
0.0340077952260196
0.0445471919128841
0.06290565727525167
0.06345741605993559
0.0907658146086545
0.08452806467022302
0.09345051715199339
0.12414590813701372
0.13959961979707433
0.16478915342549666
0.1939534292899974
0.2111550501652185
0.2690223322780295
0.27327443340945023
0.27138476291938646
0.3284403292704656
0.27857263800897897
0.31466312190324114
0.3327263862542119
0.35147717438589465
0.38112066213330714
0.39979339146494075
0.407087102362777
0.46573521948957913
0.4297052100646659
0.43409018358276896
0.43166478440687184
0.4484905887925875
0.46071764834671375
0.47051930872494285
0.47735810832865383
0.48665566166647567
0.4968996476171855
0.5047800158599254
0.5109419497410945
0.5252363053852085
0.5344972486983937
0.5426442741777804
0.5534216649331166
0.5570885808682631
0.5706012514482699
0.5794240160587009
0.5828709195119461
0.5893566891206669
0.5966758381063665
0.602616933304886
0.6121101681079326
0.6153974859864971
0.6198581828069514
0.6226582604252232
0.6169228109284638
0.6162456368503474
0.623003678364996
0.6262753264457895
0.6180633941125485
0.6316444779250359
0.6263417851724181
0.631502074763522
0.6389202092699294
0.6498918554672252
0.6574855416003362
0.6495670299016242
0.6400427934447469
0.5903641905161672
0.5988097685791328
0.6118428220598728
0.6240206049409578
0.6247950720408321
0.6326674732313139
0.6352697055550517
0.6231348131796391
0.611683718466043
0.6020256934922589
0.5876866045490534
0.5691208162611869
0.5958982232287835
0.6383054023316385
0.6609465253875845
0.7026762323207031
0.7323380314365175
0.7796507261071935
0.7882632174721275
0.7661906545461061
0.753535525773946
0.7276129940687772
0.6903687162523914
0.654523557004469
0.6014715090811105
0.6355830775421757
0.658182805287478
0.6715323422203464
0.6744980343284002
0.682434743224276
0.684628670545835
0.6919031463328726
0.6824826884685067
0.6905377309335434
0.6945144671197534
0.6961293700163884
0.6986499052184246
0.6967211673336604
0.6918404254318703
0.6875237588725784
0.6967273093939115
0.6910155019779898
0.6826815114791708
0.6761426708388573
0.6709779502510709
0.6501245442742201
0.6355837533724907
0.6297846784368732
0.6694506183854073
0.7139237765415948
0.7459837135283621
0.7690197397774894
0.8040686164069949
0.7958821893386435
0.7597387565711514
0.7206394836036529
0.7016308739879086
0.6757726192591522
0.6711846164483446
0.6586190899950651
0.6552689984012969
0.6602211845095202
0.6698371720422371
0.6743569662727249
0.6866525877880127
0.698079751241218
0.6897832860489924
0.6814716107985349
0.6919965554586403
0.6771392809328584
0.6812221772531977
0.665672020576704
0.6617052687035834
0.6571184047659708
0.658609981073608
0.671758475770643
0.6564030457956553
0.6497514098659034
0.6478272432084229
0.6536113009964997
0.6574245419495894
0.6620628249855796
0.6574685645905746
0.6605049197247101
0.6600782410681769
0.6683139733261189
0.6758331056302499
0.6830183207066396
0.6840644847383508
0.6982141305955419
0.708450796126834
0.7005242881989762
0.7092371498995194
0.6979510524000452
0.7098900858281222
0.701537236260731
0.7223887232707945
0.725777085791351
0.6958683045734468
0.7068809429786038
0.7146797184287532
0.705685742753972
0.7007699074678274
0.7111896061405395
0.703762133663046
0.6955590042252603
0.7007845556918476
0.7007801624310592
0.7022142469567745
0.7020041658201639
0.6972131196631988
0.6896404185729065
0.6948170386059092
0.6955810892893022
0.6965730764581808
0.6940337336123951
0.6960715333383116
0.6846304228531972
0.6815430267993641
0.6765550009847554
0.6900247673098787
0.6932867912627433
0.6712205159147552
0.6853972435412558
0.6694763963747392
0.6692451043017618
0.667291789542427
0.6754131287915804
0.6772877863202461
0.6748342141873225
0.6764426033990784
0.6714627169078353
0.6689621908235838
0.6766183784506582
0.6691522836468055
0.6711470702677825
0.6631288956804402
0.6639316881463581
0.6574641891301896
0.6529660010008254
0.6504308487993318
0.6468857358153479
0.639988339538094
0.6529041043745264
0.6669168760489492
0.7001214887966422
0.7291463838743867
0.7686299183772304
0.7850458166901906
0.7914993243067786
0.7486791739361188
0.724349054315995
0.6916048539512947
0.6584646392099456
0.626106654792001
0.6189550859112718
0.6460386727725376
0.6672506641395543
0.6773866101230258
0.6826963882989883
0.6877315984112955
0.69456548044656
0.6982438244994146
0.6970013013975069
0.6967978377365706
0.6967584280682836
0.6987506240353016
0.7014030984382136
0.6996194962198035
0.6967674638861111
0.6965138270815606
0.6974908624168222
0.6878118263709628
0.6883157523327359
0.6899259293108417
0.6819903400867289
0.6694171595162025
0.6781625759784059
0.6876512872704508
0.6999189361723475
0.6949348656556296
0.697992338714072
0.6857080955058789
0.6840401131846499
0.7584171011523347
0.7955332500843971
0.7519695301958972
0.7429473652948312
0.7390652645958479
