0.3439082605917705
0.249893999005391
0.016383478813227593
0.021928656257705192
0.03604365338910727
0.031758743545655624
0.04511758011643168
0.0433532054750128
0.056459988525592086
0.06755034341454987
0.07404195347191682
0.08327279769331061
0.09641293530211158
0.11308182219376399
0.1409460552975179
0.1486979329559042
0.12199883142702679
0.1665368790709318
0.165438456612488
0.15503262551922725
0.17098363405698289
0.20978472517210403
0.22777293070805232
0.24985965160012574
0.25121214557358323
0.301840508201641
0.2812134350678917
0.27745409399334775
0.27671173582161135
0.28998057633863605
0.3017454763001361
0.3170292949507414
0.32364308179565215
0.33329445909119326
0.343400165347215
0.3484573709962023
0.3607686477056396
0.36368890391663533
0.36875644688997006
0.38097465478878423
0.37651047648546254
0.3827998447296338
0.39040795771551184
0.3899859715721176
0.3895328975432108
0.3992425623896414
0.40362857261411256
0.4157613878559271
0.42486886446640726
0.4338457026998636
0.4515762910177739
0.4554729172306188
0.4580931061796469
0.4537947265616895
0.45746675712830226
0.4665296230159227
0.49127256746351206
0.5167946209725138
0.504280307364866
0.5313356509195354
0.5223715234524824
0.5349354837907292
0.5208655972838456
0.5118285727855387
0.4972356697026501
0.45805851982076184
0.48452742495364565
0.5314165616442729
0.5540633686628472
0.5491127008680367
0.5588448076932725
0.55271935025008
0.5387297120763744
0.5292315382252873
0.5044632334716271
0.5015624054384483
0.5548794952195804
0.5807438954659974
0.5832247847483236
0.5876718661762803
0.5957914118527986
0.5932213418171554
0.591818947826576
0.590236128921721
0.56341460343829
0.5426575911219008
0.5207886020435801
0.5013379822768871
0.4580174894879245
0.3894616948952404
0.4606762642500152
0.505978139717221
0.5244482735072964
0.5230198745694886
0.5265932939433112
0.5429425514064096
0.5451901466615167
0.5334929238614071
0.5551718913445032
0.535903520225471
0.5370385962221121
0.5381370186805642
0.5318706639022132
0.5522677088927375
0.5367109143934933
0.5436637892403655
0.5394856776748255
0.5292359673803183
0.5281370069495892
0.5074365340888537
0.499849445051223
0.4364973705341509
0.4483344716441556
0.4714379670386499
0.49724127237101284
0.5265455262298638
0.5562963816472263
0.5781239159877385
0.5817428736482272
0.5809150763226878
0.5831786303560201
0.5788270113961309
0.5778472242250308
0.576144631051531
0.5836111006315018
0.5747892274243751
0.576677165001653
0.5720401379633493
0.5702139818540004
0.569386184528459
0.5781413486191602
0.5808707274861832
0.5810276449802478
0.582169277293914
0.5842103436980505
0.5841398459144168
0.5745667397951786
0.5822371253916382
0.5901130021299277
0.585405041163935
0.5824896150558911
0.5772146266002723
0.591571821954876
0.5774765354174789
0.5748991463960175
0.5831130602208909
0.5743813953914025
0.5807619474958333
0.5786318116953555
0.57416648509662
0.5789073644767718
0.5740899206831905
0.5610597020460328
0.5640362067847599
0.5783229043557296
0.5733337601225805
0.5714890324005211
0.5835110369568628
0.5784218290490747
0.5733671146807936
0.5860747820141159
0.5808969408540344
0.5738928546868771
0.5685186666857236
0.5689177824029892
0.5753413749117735
0.5631644443716148
0.5825296583424148
0.5668220371652972
0.5722270577323123
0.5628303935068496
0.5586217171484915
0.5573921625787759
0.5667121667676792
0.5717093064878572
0.5664087104448984
0.5483031154920561
0.5610714171530089
0.5643453824910154
0.5572061418223051
0.5730405969142902
0.572938915311755
0.5613246803752043
0.5639222161347228
0.5655041627514715
0.5656718078306435
0.5642968714049408
0.5607431366332628
0.5617919272013793
0.5681186868393521
0.5729592826478204
0.5582734693595839
0.5619307092267881
0.5697962945240225
0.5652729751245659
0.5640744889914729
0.5637595150220485
0.5578770033282294
0.5585281725656983
0.5555850223851881
0.560031777371212
0.5558840744278102
0.5481469797149302
0.5697148024620938
0.5727208730918258
0.5752611188878675
0.572916072792605
0.5708662900727622
0.5793398347522503
0.5789975728544079
0.5839200079711288
0.5780954890780267
0.5865171075865929
0.5765399581015875
0.5723304736902607
0.5358772271883625
0.522630992442667
0.49921743092202214
0.4691206794183443
0.437551813962167
0.5049987635463421
0.5179696528180482
0.5238366592541761
0.5392866609396041
0.530871164014848
0.5464335517374675
0.5463347558518814
0.5325213531212887
0.5335267477736243
0.5504195985494387
0.5530032131921574
0.5323165223494101
0.5427522102652715
0.5376902658088997
0.5345967437107189
0.5552935592771251
0.5401578121110527
0.5323920498914638
0.5274624470998321
0.5273662956336767
0.5181115788085537
0.5257943140160546
0.5449575131492883
0.5439632876516483
0.5610871680097521
0.5372077204648404
0.5554189864941036
0.5531326722973768
0.542604224039143
0.5224782290247487
0.6204404804722378
0.5977528443315444
0.5830433458276377
0.5727191038530219
