0.2789231100595204
0.20927743785708908
0.013958079637335311
0.017990935960592355
0.029585397889957
0.025552541566701503
0.03487852181423121
0.03412236125362189
0.041179859819320395
0.04823735838502046
0.05227021470827764
0.05705923159214574
0.06663726535988206
0.07930665048648912
0.10193954113389
0.10849293265918326
0.0844428569166996
0.12557246274718045
0.12713072414825874
0.11426173671415518
0.12939920583009176
0.16864000522052622
0.18300597483343858
0.20481503691053718
0.2076639543342078
0.24648974597716336
0.23300840228629635
0.2291716174682817
0.23141607676108442
0.2418709508271128
0.2514172307881166
0.25940570177340105
0.26456519190213296
0.27955666760606124
0.2820369455232407
0.2874869093654368
0.290887379874139
0.3003639991812808
0.3027366876147712
0.30083027998083545
0.3153908741989
0.31360055648077834
0.31945393546774586
0.3340629919503099
0.33731339853306713
0.34467040933808185
0.3662013357405117
0.37286325878174376
0.38326396728754647
0.39036697896905276
0.4088103670241427
0.426342684307726
0.4271275626580853
0.42728665977640196
0.4346403715398951
0.44290423376116356
0.44224518389451484
0.4453049347427243
0.4529352124637463
0.45228307074908575
0.45054119345814236
0.4398884011053093
0.43834405281663186
0.43045022594520055
0.39899425545328354
0.37931171075874104
0.4309247790214016
0.4616463627378958
0.4758446800970347
0.4688027764892757
0.45448382222294453
0.45204850332050156
0.4483169899330591
0.4465679164113423
0.45364034798840835
0.47291770572149594
0.4977740871538382
0.49723125503726257
0.4986636938654508
0.5004878387054009
0.5032653550761429
0.5031182928790799
0.5038558818269823
0.5008569360696116
0.471682181375992
0.44387075679398025
0.4263270291995841
0.38666670062773073
0.37551695183371253
0.3408920859197181
0.42959982212515924
0.43887831297460717
0.44902340493988563
0.4547560304607686
0.45562865606999514
0.45722395305493374
0.4627885270582711
0.4711709356240738
0.46771023566615955
0.46161950383946393
0.4560534478562922
0.4604475515961614
0.459279910434486
0.4693124623946817
0.4669784603455028
0.4633334328574273
0.4591398034733242
0.4581109993966447
0.45905666594848116
0.44007211542203645
0.44335066497340325
0.3930793417820797
0.36288259738758843
0.3759306607470406
0.39584795275205753
0.4394619923743601
0.4599437916349598
0.4902577566866908
0.49380929280091096
0.49309907252015756
0.4975075452994719
0.4878961569735205
0.48808150137729733
0.4872203494935451
0.48337283757406335
0.4789495818492488
0.48373367108461585
0.4725618241337283
0.4759905097419368
0.4804990461958904
0.4789916527231702
0.49344891175241223
0.4867003205263392
0.4933439204292696
0.4904291971584699
0.4847578070922296
0.48732041316818436
0.493510693220337
0.48886873853353136
0.4928940175223769
0.49279774251494207
0.48962489909414075
0.4969393788285475
0.49484752523478376
0.4926506803178787
0.48267466981417223
0.4836582456524813
0.4882236359258579
0.4867916678852717
0.48370031652640283
0.48080416486831223
0.4690046479411657
0.4752404158111222
0.4813700533766454
0.4741457820198778
0.4839709416593162
0.49280759781194416
0.4751490684521901
0.4811835699915719
0.4867287474360509
0.4868807372816148
0.48685723802040354
0.4817740967424103
0.48799508166686456
0.47805621438857715
0.48111913883773477
0.4742288492071541
0.48669767084042803
0.47951404020609867
0.4808377614571179
0.47685639516073053
0.47521691654990894
0.47447650012063924
0.4763355499815553
0.4728944646061604
0.46694236023840835
0.46633025659802796
0.47592279845908037
0.4712258480893854
0.4662265013129114
0.4699376786204384
0.47453149580352744
0.4636921443512068
0.46906201864337116
0.46859232440374077
0.46631891507340717
0.46799264519314215
0.4612402652998632
0.4701140646779129
0.4666137423047743
0.4684262544499185
0.47126934095578893
0.47115563331694277
0.47191179387755255
0.45953274447786385
0.45794385894321293
0.4613293346962078
0.4685289678104694
0.46557596233295256
0.4570357085370391
0.4548525075843434
0.4530017132324862
0.461267553228281
0.4608115836915933
0.4702944814331905
0.4749883622909201
0.4798391606427141
0.4782885573147764
0.47876916509397266
0.48979773851500674
0.48546090250062185
0.4892466329521772
0.49154846919222334
0.4918880006654217
0.476867583552486
0.44399573309319584
0.42838156346972767
0.40277327199823876
0.39042885758150825
0.38782368479220247
0.4233610616264061
0.4442716635936185
0.44754502730489804
0.4427193561773347
0.45383601437712284
0.451888820431308
0.4541460829360361
0.4590520145909901
0.4591622571373655
0.4584707597802329
0.46764280171433575
0.4662580725533283
0.4660974302388405
0.47119388927894984
0.4590078700344906
0.457243930103519
0.4609288233224954
0.459175541449696
0.4564463848541182
0.45499069528087543
0.448340316318306
0.44198949788230946
0.4514380813134567
0.4652389394926325
0.4613407109557033
0.47063740727817066
0.4733396648004425
0.46753836415653444
0.44463119984297733
0.40437431241351623
0.5371291437177174
0.5147559646636669
0.4916386775698623
0.47351432337641336
