0.5888368116918644
0.30952614151550306
0.009578033767735316
0.015123211212213671
0.025457405540562132
0.021928656257714698
0.033775171707276105
0.03175874354565291
0.04360525899521521
0.05387767185563623
0.059613121352392266
0.06812115957138652
0.08196737218518893
0.1051597951738728
0.14694127489639133
0.15556958381874358
0.11446752682528041
0.1839274313647988
0.18446968172518866
0.16496662203685852
0.19010999519581187
0.25015761918327895
0.26197653215491423
0.3087995177715953
0.2912396355805416
0.4366099123379545
0.3615464493488457
0.3438615512768849
0.35059088962751883
0.4070846356247854
0.4249709728837898
0.45473346456557256
0.4810741328163673
0.5100829070069804
0.5468238454634619
0.5613165776521355
0.5979330083610388
0.6007543956865704
0.6240546584758556
0.6651795243281441
0.6840051972209275
0.7022140103384511
0.7299582979645041
0.7487185297118423
0.7640324742811183
0.7732370969756592
0.7940179976296189
0.8021788813617987
0.8171764268770517
0.8270203513311457
0.8562390868901174
0.8705596786170539
0.860422792315615
0.8767463564785455
0.8654449758063861
0.8696218584316361
0.8926542067492326
0.9160095967826446
0.9141167121948001
0.9280467395307542
0.935915106280853
0.9342876739216613
0.9333363572774933
0.9431727903734334
0.9244805567326436
0.8888008380890686
0.8717253849220161
0.9240588937051292
0.9646769897544666
0.9728109272062384
0.9698103392255726
0.9784389513987793
0.9922767142586142
1.0027421215835872
1.0026623144016682
0.970383898279217
0.9486480804313464
0.9879408938960319
1.0089495731574676
1.0251001992625781
1.036128879154526
1.0405994424171363
1.050718041382867
1.068321404900796
1.0172267139806095
0.9552866475436417
0.8937591540939491
0.8189430141006226
0.8255933964924501
0.7914372423841499
0.8541283478251213
0.8986670291135488
0.9356504805565528
0.9492081568468667
0.9578285368520348
0.9531928830560511
0.9682980658812028
0.9712408477287534
0.9526962310729974
0.9674926443201592
0.9681049981501337
0.9703499805707553
0.96866270354354
0.9597569851051211
0.9705180417263565
0.9682887356259824
0.9499412815462961
0.9582523623638622
0.9537001396829105
0.9297756269358768
0.90703380363849
0.8534733363746223
0.8586072738966136
0.8198771726047521
0.8450843640918356
0.9264786676981599
0.9784175336664606
1.0537259080098487
1.0493860751265052
1.0451108189978557
1.0464643630548782
1.0466497074586558
1.0466497074586556
1.040825909154396
1.0451799142749427
1.045682175302124
1.0581545415001117
1.05613405654449
1.0592212607780358
1.052885787691555
1.0550462153697886
1.042304875717406
1.0286322528810308
1.0348013197935595
1.0489355278474557
1.0365043684819069
1.0384337548345912
1.0397825841435988
1.0366245236683034
1.034056989943844
1.0342499924207649
1.0370816548402568
1.0378866852613637
1.0396904277140728
1.0406217315687345
1.0426980280446867
1.0440068692934752
1.0357803945348192
1.0384797632077838
1.0520766177816436
1.0508964167456505
1.042748183395261
1.0552973636741845
1.0634411336871483
1.0490539431289936
1.0500400428819598
1.039031616198983
1.0312669304323672
1.0423562022909
1.0195858206731825
1.026081508328936
1.0233710993260092
1.025693072510745
1.0079706722473611
1.0076872475201966
1.001513917799228
0.9983662710268731
1.0104813032832245
1.0164214203562538
1.0043430343483137
0.9989826762658288
0.999887494953242
0.9871148795833048
0.9862870822577633
0.9945381393080559
0.991081026790134
0.9796230328750772
1.0025423898434593
0.9976546356543041
1.0006568687319217
1.0047673477111712
0.9981930013948487
0.9905689989477038
0.9796313327772405
0.9883217154149847
1.0071339213464368
0.9833458447524884
1.0011828283206614
1.0013113306491395
0.9985543830815165
0.9996225436768919
0.9923852088456387
1.006213306795182
0.9984203529594969
1.016029147036218
1.0183653723693995
1.0248504273564154
1.0336821716560638
1.013391809003151
1.0288044850877793
1.041100963378582
1.0243085135510794
1.0314485832256681
1.0219873251751455
1.0323153523916353
1.0327398415773754
1.0345597436688685
1.0314689447137875
1.0406647621948892
1.0303846912613248
1.0372852723329617
1.04895537965485
1.0479105555493962
1.04898565598396
1.0253597940529382
0.9776627192889926
0.8992263879898873
0.8344399859787348
0.835663830628123
0.8705794925354943
0.8229405573313305
0.8699451482611258
0.9035619020304388
0.908643054334155
0.9108142794154072
0.9381200797368904
0.918718130110764
0.9341285591413603
0.9421488330723324
0.934591242651434
0.9637329914687481
0.9490519961268888
0.9541602164456251
0.9261153873575424
0.957368154610437
0.9541823019693351
0.9381186859263295
0.9468879157199366
0.9454333192726442
0.9479184404466121
0.9515602040603932
0.9445025329910329
0.9697261307042575
0.9601151089954251
0.9772494998514938
0.9757891010443893
0.9803559901907791
0.9744993136475454
0.9923162322340134
0.9452033959319557
1.0366056488237705
0.9984421805208884
0.9732784956595215
0.9836420708160926
