0.42772906459805426
0.2817091248925965
0.02465424645753025
0.03332412981909289
0.05199087325966367
0.04584152510013926
0.06428464193021517
0.06207794171631012
0.07721593587402778
0.08985689409092332
0.09871704950476472
0.10852363753149427
0.12138822235888035
0.13995490212481032
0.1662499602879161
0.17611832978257488
0.1523104522632827
0.20189942560825644
0.18866907962182772
0.18803155434857732
0.20502413152536114
0.24778302158232138
0.2661260747377579
0.2900296214839657
0.2945589267744936
0.35591029013919795
0.32227830306402455
0.3298480917850575
0.32317439279033566
0.34034853386269115
0.3528402326586643
0.36454241633581314
0.37494006431416554
0.3822622021217149
0.3925963964500632
0.40509742550125655
0.4182647525481476
0.43076287194564145
0.44462290590314
0.44906764289436896
0.46629097971300476
0.4791025882859039
0.49139546529755684
0.4998827138755923
0.5099019692330439
0.5205684231164679
0.5350275055049699
0.547269888452867
0.5625251634767057
0.5678588902576941
0.5761711948743969
0.5870447607702903
0.5890533724341097
0.5887755241146617
0.5859001602451345
0.5929989774985271
0.6020322301266253
0.6185851873799958
0.6282500766554834
0.6305678913049354
0.6410115605385299
0.6578848419830742
0.6628340544131184
0.6684796991240065
0.6554606010251038
0.6291828173875802
0.6068404986022861
0.6449911887596642
0.6897708175297499
0.6851951522645362
0.6995057636503784
0.7010006666376926
0.6958294732768495
0.7102901674203923
0.6965085384567186
0.6658476761590827
0.6414979860252406
0.6725482323479252
0.7089256073326322
0.7358815906355143
0.7417064911123377
0.7541538479790776
0.7630936517071739
0.7793746969504621
0.7510348578971332
0.715196736109557
0.6827738705175526
0.6476979124979161
0.6237802099997302
0.5376134899199625
0.5797573702300376
0.6279178482176792
0.6492127458538971
0.6741048601820562
0.663040062204667
0.6539533435510001
0.6713190272088565
0.6724793516046269
0.6726336890905317
0.6817632072003013
0.671699638004866
0.6727078520856801
0.6783580208533021
0.6717463075209272
0.667718761630471
0.6657787774128784
0.6577746017766214
0.6603992826072754
0.6678729617180345
0.6463833033122339
0.6285256410162667
0.5777621964946216
0.6074387127566317
0.6302305505670434
0.6790747423719435
0.7121587720182312
0.7449532354878079
0.7817822903202133
0.7787474469680449
0.7668624908870944
0.7538526063760493
0.752492275100394
0.7548558928083653
0.7605945074402197
0.756129704635257
0.7676986205130056
0.7572069720836379
0.7670214736649086
0.7718020311480638
0.766795750224601
0.7604397435694977
0.7576983557821301
0.7537212678817902
0.7457243804609825
0.7489299131952617
0.7366507417267725
0.7416129534368264
0.753137258857666
0.7522192531544905
0.7491995385605467
0.736431761941376
0.742446365498695
0.7532122526833623
0.7450124402412638
0.7571315988185444
0.7451648430272313
0.7530732923669562
0.7434638312885017
0.7557059500739212
0.7686985742465845
0.760049366964067
0.7647244134802057
0.7542859044636554
0.7768020889207823
0.7676919187859312
0.7639008313733279
0.7437452757464276
0.7383943339747215
0.7506812477492768
0.7452746059734672
0.7428728498831113
0.7254756507277331
0.731267608231193
0.7245452456355722
0.7257574299870537
0.7084806893149248
0.7219191485666543
0.7120136440055775
0.7060685982388027
0.7286645591699594
0.7095840059643489
0.7203675375711105
0.7219317848632533
0.7125724500575067
0.7082875402140448
0.7093247062463536
0.7173002262466291
0.7060114161904663
0.7041489958692018
0.7268188474269606
0.7081838752602577
0.7184398248340982
0.7288775937849041
0.7155293249409584
0.7093341496680048
0.7264565381183382
0.7080729084755932
0.7287531355407075
0.7329226531631564
0.7220787685975971
0.717548742177511
0.7356464666182042
0.7234300074682355
0.7387267712207412
0.7446685275488231
0.754396601260659
0.7316925292373077
0.7445256301654104
0.7557032648043317
0.7629713694004768
0.7607457432471593
0.7674609799150206
0.7506207469104993
0.7607033225770443
0.7520945084603089
0.7573252196672349
0.7491752845341427
0.7531013983424646
0.7400814793053558
0.7588952849429924
0.7501576342224344
0.7629252861187206
0.7656595926342457
0.7802329452682938
0.7572677937993217
0.7223812639678051
0.6675027342449769
0.6621569168586019
0.6175796412982181
0.6069558880391317
0.5452207387944755
0.5987056863310092
0.6096573482085292
0.6356406711457441
0.6580621197725031
0.6491568653436168
0.6668178643859882
0.6649077578220249
0.683893844507312
0.673310506312461
0.6633630607464202
0.6785912632817763
0.6751192442612765
0.6765335197026565
0.668479626888385
0.6758148754593611
0.6802406544616127
0.6864946276087838
0.6780100886509984
0.6815523220397928
0.6856071112343322
0.6915552819610145
0.6813813743371482
0.6879194564415584
0.6784373062495924
0.6927007932916639
0.7048945048782415
0.6856696081018114
0.6929987221087054
0.6900247701934825
0.7629487948929784
0.6923383291945678
0.684446358736223
0.6913953303408868
