0.4901773283594034
0.3238773661331121
0.04981961133117929
0.0637272577506117
0.08213782135004716
0.08415952297289948
0.10676222419718523
0.10190209559017045
0.11828908535122454
0.13955073118340158
0.1519841354433086
0.17359808082835626
0.19460760284091963
0.2007752859464093
0.24245813215039744
0.2411455109154847
0.23307908675065553
0.2814482719251924
0.26021399476014356
0.2698439546987865
0.2875074117070433
0.32786281040600324
0.3354009167509117
0.36270911664333244
0.36937515756490624
0.42926118201281394
0.39271721025050077
0.4037457836715328
0.39797205196806074
0.4165152324727796
0.4304164582906922
0.4379545646355897
0.4523883244036211
0.45835232815937155
0.46753124620984127
0.47554503268543474
0.4873396219640788
0.49402643172222616
0.5087789541268908
0.521111005004158
0.5251574971326244
0.54142234065851
0.5445853287823079
0.5630568725220988
0.568321569536663
0.5780801089574057
0.5856718136553021
0.5934948030368359
0.6072739588719163
0.6168844555389651
0.6221340918886409
0.6341501313583134
0.6365471036244986
0.6334896526700172
0.6254137181093802
0.634402730724689
0.6415099847220058
0.6660631872832291
0.6660797485278048
0.6675835260448777
0.6798258966551277
0.7076711582246511
0.6963701134183915
0.7072244516531278
0.6948112067421709
0.6546699016520539
0.6409141659188995
0.6738979348138556
0.6965796982966652
0.6986888235282565
0.7051413107474435
0.7150964509909377
0.7242298898625759
0.7081243369376272
0.71175981339152
0.6824650732035411
0.6668195675742453
0.6933850641538573
0.7150295361385136
0.743717352763013
0.7787850779590251
0.7967135596954368
0.8103314649361916
0.8154671099715837
0.7939711052101416
0.7589555822805846
0.744585126977109
0.7178241094067633
0.6995219144654796
0.6063350771543932
0.6416885627115383
0.6947794222936067
0.7136966584410467
0.7219643099564764
0.7220744657805481
0.7247699213577179
0.7316680030345287
0.7394521430026336
0.7462542097386541
0.7352768305025896
0.7385994665450939
0.7365830383834654
0.7440987037097164
0.74332470352235
0.7383821474538934
0.7336844311961583
0.7313784227278716
0.7190993021053169
0.7171293527927486
0.7145043989601968
0.6936142907187252
0.6347416955473205
0.6617150700737533
0.711463956566968
0.7359506802975851
0.7605893698440483
0.8062412089473314
0.8397188060163673
0.8257719677961158
0.8009214633952348
0.7908725882475762
0.7746988579597656
0.7544301567534714
0.7443136571682666
0.7478313058927379
0.7523764993780245
0.740990036354653
0.752820903958266
0.76628755117457
0.7605397397763534
0.7575559630417306
0.7461576416277278
0.7328057928651679
0.7494254198815141
0.7336519073565348
0.7286665045847278
0.7354334814690511
0.7388881770304356
0.7402921061389625
0.7307002627348669
0.7292438414947181
0.7508945603591015
0.7387601882784336
0.7495273779240426
0.7471026911779871
0.7318061386479684
0.7522836259063931
0.7461270027775443
0.7433204017899513
0.7412375255583071
0.7440852920369072
0.7482585568274441
0.7697608439678845
0.7730918698841671
0.7549887119902559
0.770891197285254
0.7595996985803435
0.7547162843024782
0.7566462337466681
0.7614489440296349
0.7638760179604317
0.7558982601422948
0.7600097892051092
0.74591403020895
0.7424294032446052
0.7562869347979216
0.7447996509161053
0.7500544926336655
0.7510554625474012
0.7523931285864656
0.7357253888351022
0.7391100485439192
0.7415854031848793
0.7446100454273248
0.738465624916298
0.7444424906794808
0.7386265045745064
0.7424952214746072
0.7439949568741857
0.7457341643708459
0.7502585420128705
0.7447204005430184
0.742338073602066
0.7323420148506254
0.7524476185983647
0.7492293793102811
0.7584052988093247
0.7409045369937431
0.7440544038950624
0.7440980358153344
0.7499702888055458
0.7615184230335474
0.7446641028403868
0.7502236753516455
0.740586539391206
0.7613394963471981
0.7610762379505248
0.7643224287678206
0.7700620965344369
0.7578126468096699
0.7717067232516787
0.767206924855889
0.7636130289365625
0.7490904474479647
0.7318381820755254
0.743701992571898
0.7456551110047916
0.7345928147484271
0.7266655014664888
0.7460764636210506
0.7676072689951269
0.7747871171803448
0.8030269667401544
0.8158066622491758
0.8122253748476228
0.7717365222270324
0.7534636640329242
0.7221866123844204
0.7045023393332472
0.6770494494814475
0.6128238847358356
0.6547986533107156
0.6731949033608282
0.6947028937690587
0.6928490452832617
0.700996535913324
0.6897581212058296
0.6963587919303245
0.6876864240848811
0.6850851728842456
0.6875466979619115
0.6847773647060962
0.6832583989339427
0.6803130515295698
0.6897955332191664
0.6764700512065882
0.6908707118978016
0.6964069450061138
0.7061801784746288
0.7113760580466364
0.7236948581133279
0.7351361689778438
0.7385814130457292
0.7447882163187989
0.7371984152684122
0.7408677151031342
0.7453764487064501
0.7466420527910315
0.7409744002160291
0.7652834621148158
0.7806860501632272
0.7225856191310738
0.7347340729474494
0.7328265679114938
