0.47600074969908934
0.308002435186872
0.03654999229693177
0.04867863955410101
0.06791020061504556
0.06416566202390578
0.0899888968168595
0.08522796102997923
0.10074341040949591
0.12413035329138004
0.13159356740492453
0.14456094633159272
0.16369782688124548
0.17641879236605185
0.21042357514128995
0.22750143304721007
0.19842665313051014
0.2508380330425215
0.23532653075486776
0.23931793830270948
0.26079335544837356
0.29992175220678585
0.3222906257108622
0.3521379324180319
0.3558334544919462
0.4171639519633508
0.38207544750283606
0.39574433039454915
0.39249606154161315
0.40860398757343347
0.41799174928889204
0.43399961164607165
0.438726847062013
0.459243245873145
0.4669666966218197
0.4773391731568818
0.4860473387251595
0.4960726257138781
0.5114577457433012
0.524636165558817
0.5297679693823083
0.5357270454895573
0.550199087464304
0.5579274658614797
0.5702545890902435
0.5751070596241175
0.5989335087561104
0.604074642834823
0.609634603224806
0.6211104298668234
0.6412096745487608
0.6429297810924086
0.648979065577294
0.6397974171021793
0.6356978516624947
0.6435782199052348
0.6542120802157192
0.6802704010049068
0.6826759661606627
0.6946434857139809
0.6976377199419285
0.711807679308426
0.7169730754832022
0.7203059898677473
0.7182078645678023
0.6789533309009885
0.6617602219981877
0.7098103836567945
0.7324634413245629
0.727194448822726
0.730974951720367
0.7461377762423189
0.7253762729796146
0.735879732421335
0.7223742553025608
0.6938499343303367
0.6729906778922583
0.707110455936105
0.7389500334020908
0.7578072227260905
0.7767033197614904
0.7849102772894007
0.7967506915807658
0.7983987515848378
0.778292650157324
0.7372226412163013
0.729080676874272
0.7107175015006097
0.7002502083827226
0.6081366121282171
0.6457040419967185
0.7030126855821647
0.7026193051503917
0.7323310744147412
0.722474314659513
0.7290741451370355
0.70428485016347
0.7198505609214737
0.7142157019907168
0.7439659377607862
0.7264782171816999
0.7214371467776279
0.7439659377607866
0.7171452082070205
0.7357299326942992
0.7153695649740852
0.7288665452530954
0.7257051246181251
0.7293064321722984
0.7079545960938047
0.6847696961013656
0.6376700117263389
0.6816186943092004
0.7008298657960853
0.7227864045132896
0.7365486570955809
0.7721420645261733
0.8165592796588699
0.8039990257332419
0.7963914798472796
0.7802238806736621
0.7688321876204888
0.7561476737356548
0.7487381468728425
0.7390703562780042
0.751838200990513
0.7598465347758233
0.7597035293727555
0.776349262815923
0.7614810147776051
0.7603238870885937
0.7508566567039138
0.7509499485664022
0.7408772715023321
0.7470971631856977
0.7460726524019671
0.7358526907542476
0.7484755256257996
0.7508691535278276
0.750813446848699
0.7449945761929364
0.7407624633749051
0.750305823462562
0.7601120656765699
0.7379150800001296
0.7380266793128495
0.7464880648221454
0.7464446426430599
0.7476139894366017
0.7550282201277351
0.7563635519416777
0.7543702636716316
0.7537192818222197
0.7682884778179033
0.7760195866397235
0.7714131837349887
0.7629517982256924
0.7523503758787065
0.7550283993567941
0.7482705474024365
0.7412704398212508
0.7423082124034323
0.7585970802323093
0.7292894094035366
0.7346054312949096
0.7493032894674908
0.7531306886548446
0.7417593282941869
0.7326870529445398
0.7521026582422153
0.7462354626946816
0.7292961433139198
0.7392371870116758
0.7412109303598744
0.7428801689751616
0.7428036934594612
0.749161170714452
0.7365731887520428
0.7428127452892099
0.7499185708863684
0.7370638413559838
0.7346039404815768
0.7481006186963373
0.738238323990474
0.7444218923069725
0.7425509638624486
0.7439588187023107
0.7569195769940101
0.7432049402989814
0.7473433003417715
0.7628852276069925
0.7574615742991668
0.7510109768731549
0.7443262898030586
0.746769136395445
0.7368630097358576
0.7559305566244182
0.7555507113927955
0.7547331791389003
0.7647052593275485
0.7618679794836842
0.7502384908140268
0.7625144003017104
0.7409533108739785
0.744869694135221
0.7538371157819964
0.7487179880114792
0.7424557470975801
0.7592160590340983
0.7501292007723996
0.752858826961816
0.7744355316968365
0.7920011304133143
0.8008518860449995
0.8009536146542322
0.7584357601315193
0.727399978873241
0.7090757203080436
0.6887268845459146
0.660870690184398
0.599593475048014
0.6450667794523353
0.6784938889091927
0.6926116265279546
0.7031954605799471
0.7116343528160117
0.7193250168167455
0.7183986564061041
0.7264055201824727
0.7292233386043034
0.7213345265094948
0.7276440684339036
0.717608545974157
0.7295534737206806
0.7271701032537768
0.7356447869145606
0.7245608526271213
0.7340233557857873
0.733267195225177
0.7375512342141332
0.7407475109424897
0.7302830427119905
0.7392905454319225
0.7361417944074519
0.7389305773779726
0.732536356895996
0.7364329575220848
0.736110549857837
0.7366293821912505
0.7373580982483516
0.7229177178453641
0.712877095339556
0.7134897508255833
0.7232166708395177
