0.42623934677834596
0.2711016639044225
0.02392651280663163
0.03196379854343512
0.05011657964659655
0.045137290710451784
0.06300959138369393
0.0604890561816597
0.07574568562672691
0.08898588691016905
0.09793625070164821
0.10714359566183171
0.11978948152722682
0.13587883594633582
0.16631174175584196
0.17297012460428052
0.15085005731298567
0.19551280687403041
0.18836509993070302
0.1865525877855684
0.20160037356565186
0.24329313747981068
0.2572200597827915
0.2826501855539403
0.2901532651585533
0.3500214453079906
0.31952718601559643
0.32013020959034827
0.31288569443879277
0.33387073740599127
0.3430316170445346
0.3530580511735492
0.3630051904644943
0.3734816082391325
0.3826108055015412
0.39705098587109355
0.4056764219058181
0.4155219142377751
0.4302551607588886
0.4414616759919515
0.4516055079366937
0.46512679094417103
0.48343727006457465
0.4961493400046155
0.5000566153972221
0.5122373667878816
0.5223862375168469
0.5257460713212
0.5480176365110778
0.554887365329754
0.568571296630002
0.5711527571260053
0.5833059745323447
0.5694163066377589
0.5743002351939107
0.579583817072769
0.5997618828833655
0.6002404048093857
0.6075544560426168
0.6234177096965832
0.630685862475757
0.6431881391929051
0.673902074100197
0.6521865892320782
0.6523506695979587
0.6233645566756891
0.5977676478804047
0.6445728595396731
0.678200268173475
0.6930064244368784
0.6788876173730034
0.7001713764928853
0.7037429866095393
0.6800446548752753
0.6957594833622746
0.6599779900792793
0.6392752935785968
0.6666041206485991
0.7082176956709303
0.7273217012221171
0.7350228393755502
0.7503891938253908
0.7738037303136289
0.7718345542643209
0.7496734077864547
0.6981368292745195
0.6654718637074138
0.6464444018763279
0.6148849465130422
0.5284701035997482
0.5636890481748134
0.6093712137937799
0.6416246726849759
0.655808664967836
0.6649683494440235
0.672845154428953
0.663558138263584
0.6598074793886815
0.6612974587063571
0.6692184789315271
0.66958424009058
0.6675344573707375
0.6712349070931561
0.6608600607823779
0.6678081551008483
0.6574962680570531
0.6748456989181375
0.6652643078252327
0.6426302451523191
0.6244560813596354
0.6119128636451094
0.5543484709152128
0.5913496639695669
0.6158009212664479
0.651473606834499
0.6628581949445568
0.7334535698030914
0.7756706683337825
0.7678787849700772
0.7738906093802153
0.7660435067979594
0.7623911945792582
0.7495031104906614
0.7491226552838346
0.7490163937489503
0.7502770399028119
0.7550070407419279
0.7632848702081791
0.7532338731774805
0.7605483084381767
0.7473203336546937
0.7410235880791106
0.7488265162424756
0.7375021278445739
0.7436574392204394
0.7390224561368296
0.7316259511397099
0.7360459333559267
0.7320699308520924
0.7309567254481352
0.7342733755995718
0.7311083118269585
0.7469379968991273
0.7393149865049264
0.7346467132345373
0.7333733903278883
0.731746836526036
0.7501303192611878
0.7505016220082562
0.7545416016472746
0.7547307405321431
0.7592051419047077
0.7682730411321854
0.7632603073064961
0.7509382228619538
0.7395430382317576
0.7444594608391336
0.7486365697526791
0.7356227753552311
0.7225432166162682
0.7329361401183904
0.7156391588531303
0.7123577347029627
0.7327318059965704
0.7060084317666725
0.7018090999051683
0.7132003530161413
0.7059974725944513
0.7176558228842752
0.7168599187007002
0.7062988422954388
0.6998427585592597
0.6956979917541072
0.6900527506349886
0.6907755566373862
0.6947881691658581
0.6916277675828828
0.7016530545715998
0.695947704166634
0.7016720173905251
0.7160040413018398
0.7115919672433789
0.7127336760492217
0.6902219637257544
0.70702614293257
0.7130660514850993
0.7217532622623509
0.7177098590166426
0.7183508766633546
0.7280469221863275
0.7239497386216199
0.7205167004567219
0.7249730752902797
0.7418263708898325
0.7132574905705514
0.7262493424835542
0.7340110677754762
0.7543783063201824
0.7492444694902307
0.7565130908900727
0.764248990022365
0.760125925321469
0.7638226429759747
0.7611117537763691
0.7473645324322823
0.7459574626546356
0.7540621491333149
0.7391519963129903
0.7419725447434866
0.7384104409024229
0.7539091782393652
0.7542963966530337
0.760065200708005
0.7600597787241884
0.7689604881384694
0.6958995636918184
0.6633001344278875
0.6296707066384579
0.6131911242977898
0.5843881289739689
0.5399923124056849
0.5616086970714466
0.5901939129894141
0.6006087514006467
0.6081331878186451
0.6212165342203195
0.642711009266728
0.6317009661732995
0.6446898831691665
0.6468700160434954
0.6673995294037657
0.6538868723806691
0.6493301973103434
0.660981146442018
0.6704808659024795
0.6643153307421599
0.6735579593576292
0.663446578947037
0.6666095670708362
0.6738880212979107
0.6705967337488039
0.6652510805709095
0.6733255308040108
0.6657673265773308
0.6720214751983521
0.6779444618464684
0.6774998871778052
0.67368275817648
0.6730991347979829
0.6782372926174168
0.7562554054505279
0.6836285020571639
0.6762573414344634
0.6787318506050314
