0.5030515000322638
0.29227433181640283
0.04258278756882623
0.052695027468760536
0.07178332764524287
0.06929121935291169
0.09069719695752018
0.08669276754396904
0.10050378498424957
0.11607424941745102
0.12906342106195315
0.13941556147916484
0.15351525801292246
0.16945641125366917
0.19428614681797088
0.20181439786586158
0.1779978040308782
0.21942971737040262
0.21949149883832691
0.21161605824408386
0.22573105537548716
0.263696000900089
0.2723150163332937
0.2964131317061809
0.29860513371581215
0.3826716961296648
0.3423506845536089
0.3303478585511523
0.32463433642339856
0.3480451214190121
0.361658586720771
0.3740310557132272
0.3808711991856951
0.39145164770214064
0.4025637707741399
0.4149917262636196
0.43000739850991626
0.4487103912434563
0.4593408738543404
0.4786734992730618
0.5017944096823315
0.519120326833203
0.5443559441994443
0.5683022105276215
0.581054776336815
0.5892507578255484
0.6057443181409026
0.6343207310232135
0.6516288341030925
0.6645446796847218
0.6788036904324278
0.6838153295251662
0.6924076733145794
0.6886923846921379
0.6931026089575004
0.701050997511075
0.7143243177167129
0.739417003681161
0.7298448381705933
0.742562922813257
0.7501906175038872
0.7630910639043877
0.7716796787044077
0.7565099893544034
0.724182572339344
0.6397504928932571
0.6745487321648365
0.7273780198601689
0.774798790431778
0.7573706936212696
0.7566862869963106
0.7770754978204689
0.7818779670339284
0.774964958191225
0.7966006120013761
0.7743116663573326
0.7593888177808842
0.7918122013731497
0.8434839712655454
0.8698634549885051
0.8982180249599995
0.9168054858703218
0.9260154785084633
0.9603042903045551
0.929154768288559
0.8921139793093729
0.847396266188119
0.7797444178818178
0.6955144774837932
0.6362873739258889
0.7114602802475463
0.7545299872472886
0.7820830598288596
0.7987869278580156
0.800924903432017
0.8103974536115989
0.817122313647297
0.8210589759098036
0.8188368442824732
0.8231179958188646
0.8188757707888356
0.8220573305253436
0.8203454070966248
0.8159410384371056
0.8201174709454156
0.8155128385051348
0.810119081507812
0.8012527061789411
0.8029607929520689
0.7730383181812841
0.755864017627691
0.7038293953786984
0.6942641565083947
0.7077623770480576
0.8018002404001395
0.8747720341402437
0.925264230858586
0.966059721474024
0.962424727778907
0.9512379169376074
0.9287712740394891
0.9147781676618577
0.9073583715959762
0.895090562883102
0.8893800917084825
0.9095006628213118
0.9091888982325886
0.9136868983450193
0.9253459905501611
0.9136491781456045
0.907923575445521
0.8949665054860658
0.8877473411810617
0.8869512052735401
0.8734274992170227
0.8758083398542843
0.8803534863328754
0.8792463739834375
0.8868859553057488
0.8798466617356401
0.8702218168335374
0.8796872460279984
0.8840223757433985
0.8827614816494694
0.8764127104115018
0.883119053523277
0.8798830056244445
0.8762540470717594
0.8870479219180685
0.890169845801809
0.8977788223613437
0.897506866194268
0.9016468432534402
0.9128412698884907
0.9125513931017536
0.9135154279825165
0.8960053589732083
0.8883854663623588
0.8786495816487925
0.887472966208674
0.8770787963129388
0.8747626999703
0.8722648451117314
0.8608622320686888
0.8521455227790891
0.8409834852971819
0.8610337089451119
0.858733365658085
0.8634458656997177
0.8685593894192749
0.8701628105770357
0.8590131524515567
0.8528959421830112
0.8514242878804221
0.8550250197409252
0.8473405562099434
0.8408966729468361
0.8397182378225633
0.8440049309838251
0.8419813593918264
0.8430399858861529
0.8282069519761888
0.8310455168204598
0.8241438856652558
0.8362530650934249
0.8455475931787275
0.8434704417917377
0.8305900838696189
0.8368570833764604
0.8323654809966878
0.834353665419387
0.8466804237468809
0.8349032723119441
0.8347475470443538
0.8475389724362189
0.8559306758783174
0.8459857376338568
0.83841317300263
0.8593211629333716
0.8634968271889157
0.8690366946063144
0.873621451510547
0.8718772456780656
0.8613820156257117
0.8619042042350731
0.8720750699235142
0.8672528878612238
0.8759059241013332
0.880443324025026
0.9038935481593623
0.9104960450996121
0.9312455048210929
0.9297306198588953
0.9420305744036207
0.9458410658134737
0.9045923964824852
0.8469203779248696
0.7842947780493827
0.7140904264055962
0.715513148561862
0.6860672915739005
0.7347719107057963
0.7638497838134052
0.7722349941446551
0.7800083240162032
0.7873580094768348
0.8095526636428465
0.7915685030391365
0.8080117851101892
0.8172804873065395
0.8053750712945178
0.8120494169075839
0.814158047192972
0.814270742329459
0.8113693000169463
0.8141756171620029
0.8204372231648871
0.8249365424059552
0.8219496573284447
0.815241909638293
0.8115051654089499
0.7924247724775825
0.7870233396157889
0.8118708290108543
0.8241280474837936
0.8362332666937361
0.8436711458557438
0.8330086771925422
0.8430337015885885
0.8354753541840088
0.9503793872077014
0.8726888263587629
0.8390171200571814
0.8546214468016301
