0097 0.0099 0.19058529147578396
0099 0.0099 0.19360253931334245
0100 0.0099 0.21432417796055642
0102 0.0099 0.22990401634749272
0103 0.0099 0.20830748872995763
0105 0.0099 0.22392639179095863
0106 0.0099 0.2215830927651437
0108 0.0099 0.2014116884046601
0110 0.0099 0.22832663148868443
0111 0.0099 0.24737649417814878
0113 0.0099 0.2794488483079552
0115 0.0099 0.2675895452524321
0117 0.0099 0.24899021686979741
0119 0.0099 0.23821228854169363
0121 0.0099 0.2279425943017777
0123 0.0099 0.2665733498779534
0126 0.0099 0.28668277402212106
0128 0.0099 0.2684475818172543
0130 0.0099 0.2588975599247863
0133 0.0099 0.22261057092810235
0136 0.0099 0.24234863345421082
0138 0.0099 0.2536664178562782
0141 0.0099 0.1978185363455064
0144 0.0099 0.2215909928017696
0147 0.0099 0.1654094401304625
0150 0.0099 0.18132229367709596
0154 0.0099 0.1828711489872374
0157 0.0099 0.21775175241292366
0161 0.0099 0.21670701600484596
0165 0.0099 0.21458998263850307
0169 0.0099 0.20433277994897636
0173 0.0099 0.20295964277377487
0177 0.0099 0.16495158165511994
0182 0.0099 0.14885274936930815
0187 0.0099 0.14226463309941545
0192 0.0099 0.127703095780117
0198 0.0099 0.11677752694956346
0204 0.0099 0.1646849537600704
0210 0.0099 0.15812921345930414
0216 0.0099 0.17886302707992674
0223 0.0099 0.14541129595660887
0231 0.0099 0.1154073107960942
0239 0.0099 0.12199540653481482
0247 0.0099 0.1381845958325665
0256 0.0099 0.13951615679365126
0266 0.0099 0.13221525917296467
0277 0.0099 0.11902170688038832
0289 0.0099 0.12385786665857511
0301 0.0099 0.10397360721715124
0315 0.0099 0.11912191002271039
0330 0.0099 0.08546900448791271
0346 0.0099 0.0718234583388356
0365 0.0099 0.0754691188736556
0385 0.0099 0.10651363744475073
0408 0.0099 0.08167873889188551
0433 0.0099 0.06589574810872215
0462 0.0099 0.055130127460665104
0495 0.0099 0.014959574101455566
0533 0.0099 0.02207422593506319
0578 0.0099 0.05999826580201014
0630 0.0099 0.03455868599166631
0693 0.0099 0.016604135212377583
0770 0.0099 0.007267188354008389
0867 0.0099 0.01710637936171855
0991 0.0099 0.00497703448622143
1156 0.0099 0.01548105624501395
1387 0.0099 0.0035821006933944096
1734 0.0099 0.0034696647796963694
2312 0.0099 0.010593137961359977
3469 0.0099 0.006415473802100709
6938 0.0099 0.012234611882789433
