92.99999999999999 1.4592032169905216
92.99999999999999 1.5017555124517779
92.99999999999999 1.4973226348301782
92.99999999999999 1.496254255236293
92.99999999999999 1.5011592245210146
92.99999999999999 1.4826389588339
92.99999999999999 1.4982787122689054
92.99999999999999 1.4963029059674648
92.99999999999999 1.4994708216646908
92.99999999999999 1.5072317181274526
92.99999999999999 1.498530952735618
92.99999999999999 1.4811517830306666
92.99999999999999 1.504913044429786
92.99999999999999 1.5085499477565956
92.99999999999999 1.5047823097696267
92.99999999999999 1.5114610085603093
92.99999999999999 1.501222545619572
92.99999999999999 1.498406370644529
92.99999999999999 1.502539237106443
92.99999999999999 1.4942071067995237
92.99999999999999 1.5043592269121155
92.99999999999999 1.5031754688785341
92.99999999999999 1.5124780166661351
92.99999999999999 1.5115396858793275
92.99999999999999 1.5150936529879593
92.99999999999999 1.5125952635735298
92.99999999999999 1.51137345791533
92.99999999999999 1.5096128606344885
92.99999999999999 1.505374696875676
92.99999999999999 1.5080377761118358
92.99999999999999 1.5092341444067798
92.99999999999999 1.5071842752131197
92.99999999999999 1.5077037820415709
92.99999999999999 1.495143569118629
92.99999999999999 1.5034330096251236
92.99999999999999 1.5071113949355244
92.99999999999999 1.502696591744483
92.99999999999999 1.5001299364792609
92.99999999999999 1.4999486826202328
92.99999999999999 1.5030409972829752
92.99999999999999 1.500425360961151
92.99999999999999 1.5076042817860975
92.99999999999999 1.508447371216586
92.99999999999999 1.5052320126050212
92.99999999999999 1.5047838479118958
92.99999999999999 1.5026371992196506
92.99999999999999 1.5004615401180672
92.99999999999999 1.5045641883538072
92.99999999999999 1.5025897563053143
92.99999999999999 1.5030618202194306
92.99999999999999 1.5036229729207933
92.99999999999999 1.5044602653098587
92.99999999999999 1.5030826431558846
92.99999999999999 1.5097613419465665
92.99999999999999 1.5082159536863282
92.99999999999999 1.509757413372842
92.99999999999999 1.507637054333046
92.99999999999999 1.515438058526452
92.99999999999999 1.509831145939626
92.99999999999999 1.5125462825169278
92.99999999999999 1.5138749236142932
92.99999999999999 1.509693076095775
92.99999999999999 1.508956822104455
92.99999999999999 1.509685740912083
92.99999999999999 1.508219029970864
92.99999999999999 1.502337846164035
92.99999999999999 1.5105126218329197
92.99999999999999 1.5077083964683713
92.99999999999999 1.5125493588014611
92.99999999999999 1.514591892811428
92.99999999999999 1.5163347434403478
92.99999999999999 1.514672108272716
92.99999999999999 1.5164431170217842
92.99999999999999 1.511918402107039
92.99999999999999 1.5198311864918483
92.99999999999999 1.517905213536201
92.99999999999999 1.518281869657885
92.99999999999999 1.515212438037622
92.99999999999999 1.5153802041438902
92.99999999999999 1.511049875313292
92.99999999999999 1.514780481854151
92.99999999999999 1.5170428393115238
92.99999999999999 1.5095164366635492
92.99999999999999 1.5025095408440303
92.99999999999999 1.508432700849199
92.99999999999999 1.5056315517691883
92.99999999999999 1.5060046096425814
92.99999999999999 1.513698284182069
92.99999999999999 1.5160184960220064
92.99999999999999 1.515328146802753
92.99999999999999 1.5175326498775614
92.99999999999999 1.5066560354307497
92.99999999999999 1.5084915714102771
92.99999999999999 1.519401620739837
92.99999999999999 1.5255800974962535
92.99999999999999 1.524504382718673
92.99999999999999 1.5241464894274175
92.99999999999999 1.5265330986504444
92.99999999999999 1.5244088110369238
92.99999999999999 1.5205640338732058
92.99999999999999 1.5186861896849688
92.99999999999999 1.5183892270608115
92.99999999999999 1.5165557495023778
92.99999999999999 1.5133878338051499
92.99999999999999 1.514394430442748
92.99999999999999 1.515132222576337
92.99999999999999 1.5115338888379042
92.99999999999999 1.5105808876837128
92.99999999999999 1.5129901883108967
92.99999999999999 1.5147908933223806
92.99999999999999 1.5181339103095675
92.99999999999999 1.5202686093913163
92.99999999999999 1.5256973444036483
92.99999999999999 1.5262569589627446
92.99999999999999 1.519506918036736
92.99999999999999 1.5178191559766727
92.99999999999999 1.5199419505047473
92.99999999999999 1.5170605859634478
92.99999999999999 1.5196496023073913
92.99999999999999 1.520210755008753
92.99999999999999 1.5197491025628636
92.99999999999999 1.532368708010637
92.99999999999999 1.5273333595933989
92.99999999999999 1.5301954393405093
92.99999999999999 1.525641028163351
92.99999999999999 1.5192338546335675
92.99999999999999 1.5187498411089566
92.99999999999999 1.5186341323438286
92.99999999999999 1.5168349654746127
92.99999999999999 1.5164832247524271
92.99999999999999 1.516717718567217
92.99999999999999 1.51462312721611
92.99999999999999 1.5172595864743916
92.99999999999999 1.5178890050265474
92.99999999999999 1.515322349761326
92.99999999999999 1.5187054744791568
92.99999999999999 1.514872646925932
92.99999999999999 1.5075599151562955
92.99999999999999 1.5060258253439707
92.99999999999999 1.508783725422513
92.99999999999999 1.5116256983820437
92.99999999999999 1.5143200120228884
92.99999999999999 1.520776166609276
92.99999999999999 1.517225275785179
92.99999999999999 1.518758714434922
92.99999999999999 1.5177077511675234
92.99999999999999 1.5189607912304068
92.99999999999999 1.5221479917218235
92.99999999999999 1.5235522338536756
92.99999999999999 1.5208667935387923
92.99999999999999 1.5253321159287039
92.99999999999999 1.5215660160840034
92.99999999999999 1.5207302618372074
92.99999999999999 1.515890837646387
92.99999999999999 1.5142177910105266
92.99999999999999 1.5137249041599548
92.99999999999999 1.5120503193818255
92.99999999999999 1.5135675495219159
92.99999999999999 1.512347282005982
92.99999999999999 1.5105585266049946
92.99999999999999 1.5054445008687392
92.99999999999999 1.5067789390075328
92.99999999999999 1.507782459360594
92.99999999999999 1.5152335912995143
92.99999999999999 1.5141418344483948
92.99999999999999 1.5090116002024867
92.99999999999999 1.5060338116902496
92.99999999999999 1.502794553857695
92.99999999999999 1.499806353877227
92.99999999999999 1.4976685785109447
92.99999999999999 1.4945079979974112
92.99999999999999 1.4814934678122733
92.99999999999999 1.4720271076943443
92.99999999999999 1.4788037685982283
92.99999999999999 1.4777338508620745
92.99999999999999 1.4844912269717747
92.99999999999999 1.4937925669425391
92.99999999999999 1.501305481837752
92.99999999999999 1.5008052598034891
92.99999999999999 1.4963947155116042
92.99999999999999 1.4826546731288068
92.99999999999999 1.483258654317705
92.99999999999999 1.4794690415229528
92.99999999999999 1.4777150628294335
92.99999999999999 1.4835313873954343
92.99999999999999 1.4815072858904652
92.99999999999999 1.4913709611772208
92.99999999999999 1.4861146066979545
92.99999999999999 1.484655230940427
92.99999999999999 1.4722434993295652
92.99999999999999 1.4815852773564047
92.99999999999999 1.4883353182824124
92.99999999999999 1.4910014738031088
92.99999999999999 1.4791790530137587
92.99999999999999 1.4836532487296339
92.99999999999999 1.4742346618514726
92.99999999999999 1.4902092338969244
92.99999999999999 1.4808836643797378
92.99999999999999 1.4824869070225355
92.99999999999999 1.480005933934594
92.99999999999999 1.4784798304685474
92.99999999999999 1.4859927453637558
92.99999999999999 1.4809299246794476
92.99999999999999 1.4782364633277962
92.99999999999999 1.4740610987037785
92.99999999999999 1.4901254453895605
92.99999999999999 1.4684334233577288
92.99999999999999 1.4669166684396473
92.99999999999999 1.4458188383215225
92.99999999999999 1.4543452589661092
92.99999999999999 1.455240599922853
92.99999999999999 1.4617595813930448
92.99999999999999 1.4583358547298186
92.99999999999999 1.4639540310740653
92.99999999999999 1.4657275941439094
92.99999999999999 1.4639277414216159
92.99999999999999 1.463721927690735
92.99999999999999 1.4612112583403798
92.99999999999999 1.470600643170872
92.99999999999999 1.467393827559838
92.99999999999999 1.4692057963287364
92.99999999999999 1.4625567938004758
92.99999999999999 1.4707517065527338
92.99999999999999 1.462693847465813
92.99999999999999 1.4678880886633543
92.99999999999999 1.4666396630272742
92.99999999999999 1.4734741783137242
92.99999999999999 1.4668132261749625
92.99999999999999 1.4688306783493181
92.99999999999999 1.467700515799143
92.99999999999999 1.4700011125194585
92.99999999999999 1.4729473363015806
92.99999999999999 1.4692286793712173
92.99999999999999 1.4692730460010188
92.99999999999999 1.4627162085445375
92.99999999999999 1.4647193206769349
92.99999999999999 1.4645539450021283
92.99999999999999 1.4697362365891764
92.99999999999999 1.472204929741189
92.99999999999999 1.463757446196785
92.99999999999999 1.4731154327332783
92.99999999999999 1.4689895711296268
92.99999999999999 1.451650864682964
92.99999999999999 1.4722924803861668
92.99999999999999 1.4623158170911799
92.99999999999999 1.4688235070549451
92.99999999999999 1.4622362874829697
92.99999999999999 1.4716422388975576
92.99999999999999 1.4616191488667447
92.99999999999999 1.4562467300947068
92.99999999999999 1.4549655319116754
92.99999999999999 1.4446620180917915
92.99999999999999 1.442510780174958
92.99999999999999 1.4430924280341408
