14.0 2.2292771820701063
14.0 2.2452027730589568
14.0 2.2510754138652582
14.0 2.2512520532974856
14.0 2.2510071480144664
14.0 2.2470628705952724
14.0 2.249017853960259
14.0 2.251606870304205
14.0 2.247099902041381
14.0 2.2532695054718372
14.0 2.2524723208134176
14.0 2.2572627639476353
14.0 2.2464720216314937
14.0 2.2495716714779306
14.0 2.2532486825353826
14.0 2.251232768503296
14.0 2.252542124806476
14.0 2.2562978131829476
14.0 2.2553656349652123
14.0 2.25258223253712
14.0 2.255423489347775
14.0 2.251755351616284
14.0 2.2507711160574075
14.0 2.2581980184499053
14.0 2.2493148165844183
14.0 2.2493341013786057
14.0 2.2481940493239585
14.0 2.2493356395208712
14.0 2.249071449443666
14.0 2.2493356395208735
14.0 2.2498863807540084
14.0 2.251912706254321
14.0 2.2486572399121143
14.0 2.254106797860903
14.0 2.249019392102528
14.0 2.2545283425761484
14.0 2.254460076725355
14.0 2.25662447206952
14.0 2.254834178526263
14.0 2.256801111501748
14.0 2.256781826707558
14.0 2.255776768212229
14.0 2.249758722378386
14.0 2.2562013892120074
14.0 2.2470123513964015
14.0 2.2490402150389825
14.0 2.2490105187765654
14.0 2.2458827108099824
14.0 2.2481450682673554
14.0 2.247634434764862
14.0 2.2501818052358957
14.0 2.250475691575518
14.0 2.2506538691500126
14.0 2.2482317666231446
14.0 2.2507726541996744
14.0 2.244543658244389
14.0 2.248183637855731
14.0 2.2489036833374008
14.0 2.2413475844270114
14.0 2.239517183153113
14.0 2.2367441921932487
14.0 2.243739138402273
14.0 2.2421150728230153
14.0 2.244288341493141
14.0 2.2472499214957256
14.0 2.2413981036258823
14.0 2.250693976880655
14.0 2.247634434764863
14.0 2.246111407583348
14.0 2.2465834714974644
14.0 2.2459999577173804
14.0 2.2447411206130687
14.0 2.2497853423562653
14.0 2.249204904860715
14.0 2.2459470480870483
14.0 2.2465834714974626
14.0 2.252825599677869
14.0 2.249798830109027
14.0 2.251019097624961
14.0 2.244929187692032
14.0 2.254164652243464
14.0 2.256683864594351
14.0 2.246817965312255
14.0 2.2427876753903497
14.0 2.252316504317646
14.0 2.2532413473516906
14.0 2.249828526371442
14.0 2.2552171536531334
14.0 2.2480648528060674
14.0 2.255325527234567
14.0 2.25875917115127
14.0 2.2499353618106133
14.0 2.2460064406118825
14.0 2.2515995351205125
14.0 2.247615149970677
14.0 2.2381356324254145
14.0 2.2464824330997217
14.0 2.246443863511347
14.0 2.2473108521628267
14.0 2.244978690712396
14.0 2.2476224851543685
14.0 2.2490193921025283
14.0 2.2487671516358185
14.0 2.2492673736700817
14.0 2.2480366946859203
14.0 2.2507236731430713
14.0 2.251687085765492
14.0 2.248914094805629
14.0 2.2569584661397863
14.0 2.252316504317646
14.0 2.254549165512604
14.0 2.246060888384479
14.0 2.2530631697771963
14.0 2.254921729171242
14.0 2.25214873821138
14.0 2.248819539302389
14.0 2.2511837874466933
14.0 2.2548727481146393
14.0 2.2530037772523657
14.0 2.2545194692501878
14.0 2.2469263388936906
14.0 2.252797441557723
14.0 2.252123986701199
14.0 2.2494786541169582
14.0 2.2496815832016335
14.0 2.2495138170953664
14.0 2.2517256553538676
14.0 2.2541557789175055
14.0 2.250425172376648
14.0 2.2517360668220943
14.0 2.2558778066099703
14.0 2.2508690781706164
14.0 2.2510873634757553
14.0 2.2502990521432933
14.0 2.2529220236488112
14.0 2.2583449616197173
14.0 2.253171543358631
14.0 2.252396719778932
14.0 2.2496977917112857
14.0 2.2548044822638484
14.0 2.2568396810901223
14.0 2.2544407919311666
14.0 2.2566437568637077
14.0 2.253083992713653
14.0 2.2570178586646175
14.0 2.2541750637116937
14.0 2.254077101598486
14.0 2.253397163847461
14.0 2.252061187566401
14.0 2.2520226179780245
14.0 2.2500927164486515
14.0 2.2564640411469483
14.0 2.254970710227849
14.0 2.2526208021254965
14.0 2.252257111792818
14.0 2.2480559794801103
14.0 2.249147050478154
14.0 2.2448109246061323
14.0 2.2480872138847925
14.0 2.245597697796322
14.0 2.2447202976766176
14.0 2.2452043112012277
14.0 2.2516678009713056
14.0 2.2501729319099386
14.0 2.25231496617538
14.0 2.2513500154106922
14.0 2.243847511983708
14.0 2.245872299341756
14.0 2.2503673179940833
14.0 2.239686487401647
14.0 2.2428736878930606
14.0 2.2430977702396238
14.0 2.2446535699680887
14.0 2.2453215581086203
14.0 2.248055979480108
14.0 2.246020780653835
14.0 2.2442096641741256
14.0 2.2457951601650046
14.0 2.2436500496150265
14.0 2.2368302046959605
14.0 2.229171884773204
14.0 2.221760668926601
14.0 2.222111557359596
14.0 2.2176092035235757
14.0 2.2165788993033124
14.0 2.222488571555723
14.0 2.228952061325801
14.0 2.2272701413639804
14.0 2.2252735121260816
14.0 2.2239953902275835
14.0 2.2236910924197355
14.0 2.227091111500295
14.0 2.231334741975103
14.0 2.2290145301351667
14.0 2.2284742003702585
14.0 2.2255481136715143
14.0 2.2253224931826825
14.0 2.224241833652867
14.0 2.2276947623637584
14.0 2.2229725850803295
14.0 2.2246633783681125
14.0 2.220766543863255
14.0 2.22391825105083
14.0 2.2179822891459744
14.0 2.2185666552152474
14.0 2.2164928868005997
14.0 2.2129013662821047
14.0 2.210135710505935
14.0 2.204196672316545
14.0 2.2102036182822875
14.0 2.2078163509551874
14.0 2.205834061759242
14.0 2.212122450239363
14.0 2.211069948829697
14.0 2.2101940868522547
14.0 2.2031871910327343
14.0 2.209575079768328
14.0 2.2134229332165813
14.0 2.211760298048948
14.0 2.2095662064423682
14.0 2.208034305934892
14.0 2.2124683939201217
14.0 2.2124001280693295
14.0 2.213847554216361
14.0 2.2103857521795103
14.0 2.2143107448045156
14.0 2.214448814648366
14.0 2.2171327168209833
14.0 2.2151746571714614
14.0 2.2146416625902456
14.0 2.2092009779674195
14.0 2.2085611479470373
14.0 2.2139289522922714
14.0 2.212554406422835
14.0 2.212286287771903
14.0 2.2101852135262954
14.0 2.212123988381629
14.0 2.2155946637444393
14.0 2.216296962574187
14.0 2.211655000752048
14.0 2.209408851804329
14.0 2.2060257270864985
14.0 2.2085329898268875
14.0 2.213351591081255
14.0 2.2133234329611056
14.0 2.2115123164813952
14.0 2.213053090314829
14.0 2.2059883401127456
14.0 2.2094612394709
14.0 2.2136173193007305
14.0 2.214915742171923
14.0 2.215703037325876
14.0 2.215092903567909
14.0 2.2084573887924046
