192.0 1.034067735642718
192.0 1.0695991293939129
192.0 1.0743040819891767
192.0 1.073239630969014
192.0 1.078996563010186
192.0 1.074370943291219
192.0 1.078701138528297
192.0 1.073526182124945
192.0 1.081515775361071
192.0 1.0793023989603032
192.0 1.077861455707773
192.0 1.0596263946726492
192.0 1.0726736974047353
192.0 1.079774462874417
192.0 1.08353784196223
192.0 1.082575611954432
192.0 1.0844252980225206
192.0 1.0861831745464698
192.0 1.0807602365755624
192.0 1.0797968239531455
192.0 1.0841479757201937
192.0 1.0853562936256327
192.0 1.0841433612933913
192.0 1.082102365425692
192.0 1.08057780010191
192.0 1.0870470869134152
192.0 1.0822284856590472
192.0 1.0769347442060315
192.0 1.0856902876958991
192.0 1.0839296904150557
192.0 1.0804366539735262
192.0 1.0860331550921247
192.0 1.080214109769229
192.0 1.0796336722736788
192.0 1.0809519019028184
192.0 1.0913774157440133
192.0 1.084560647109478
192.0 1.0843585703139949
192.0 1.080118868412913
192.0 1.075138653621351
192.0 1.087069447992137
192.0 1.0926941072308842
192.0 1.0850905654061613
192.0 1.092456537131559
192.0 1.0932166903438716
192.0 1.0985073555123526
192.0 1.0966175617136196
192.0 1.0849975480451843
192.0 1.0871866948995323
192.0 1.084906590790239
192.0 1.081993991844258
192.0 1.0943760271927043
192.0 1.0910434216737463
192.0 1.087057498381642
192.0 1.0898439770942678
192.0 1.0876498854876873
192.0 1.0802680355780656
192.0 1.0884960512027118
192.0 1.0900666851878829
192.0 1.0821039035679594
192.0 1.0884683872973142
192.0 1.0812457882424382
192.0 1.0882600192456526
192.0 1.093129139698891
192.0 1.086116446837942
192.0 1.0868542389715337
192.0 1.090099293845512
192.0 1.0927550378979818
192.0 1.0915837514386526
192.0 1.088604424784147
192.0 1.0813452884979153
192.0 1.082752606914303
192.0 1.0906307502844623
192.0 1.078670259651259
192.0 1.0903497802823325
192.0 1.0818944915887825
192.0 1.0914426053102664
192.0 1.0882391963092
192.0 1.0899909202640792
192.0 1.0895490468271325
192.0 1.0897606853484474
192.0 1.0885597026267022
192.0 1.0910476805729044
192.0 1.0920839734729175
192.0 1.0896434384410516
192.0 1.0911502571129135
192.0 1.0897840626056798
192.0 1.090746459049589
192.0 1.0914560930630302
192.0 1.0938252859595685
192.0 1.0946031858238023
192.0 1.0918055794940713
192.0 1.0899615587217866
192.0 1.0919073340406875
192.0 1.094732382341691
192.0 1.097003613125024
192.0 1.0975424047476654
192.0 1.095459763007054
192.0 1.0939456091514979
192.0 1.0919786761760149
192.0 1.0904541108522325
192.0 1.0892145585421107
192.0 1.0896569261938123
192.0 1.088525747465126
192.0 1.0891551660172798
192.0 1.0868631122974923
192.0 1.0877582590691208
192.0 1.0861550164263192
192.0 1.0857126487746194
192.0 1.0859189844692612
192.0 1.0877092780125164
192.0 1.090403591653362
192.0 1.088614836252373
192.0 1.0913195613614457
192.0 1.094258780285309
192.0 1.089939771157636
192.0 1.0925239506931583
192.0 1.0895381411441485
192.0 1.0962064284666027
192.0 1.0965998150616993
192.0 1.0948986103056906
192.0 1.0991768817951484
192.0 1.0962746943173913
192.0 1.0966784923807167
192.0 1.0982817350235181
192.0 1.1010651374516094
192.0 1.1010458526574214
192.0 1.1012105424791538
192.0 1.0980144686617772
192.0 1.0978323625135586
192.0 1.1006389783095623
192.0 1.0955650603039508
192.0 1.0953483131410802
192.0 1.0956421994807037
192.0 1.0917453649758477
192.0 1.091647402862641
192.0 1.0923971446067253
192.0 1.0922309166427282
192.0 1.0843503550921048
192.0 1.084452767742797
192.0 1.091757314586344
192.0 1.0909794147221097
192.0 1.0929286010456725
192.0 1.0956333261547455
192.0 1.0956437376229733
192.0 1.096470618543809
192.0 1.0992925905602766
192.0 1.1040325144956238
192.0 1.1012402387415727
192.0 1.1028627661785626
192.0 1.1002768261191527
192.0 1.1028924624409777
192.0 1.1028924624409777
192.0 1.1005899972529627
192.0 1.1023224364136561
192.0 1.1041914072759302
192.0 1.1044764202895931
192.0 1.102981551228225
192.0 1.1024115252009037
192.0 1.104289369389138
192.0 1.1020671196624099
192.0 1.0988502229085781
192.0 1.1030112474906408
192.0 1.0975528162158923
192.0 1.1035322924613598
192.0 1.09884868476631
192.0 1.0944620396954154
192.0 1.0891713745269347
192.0 1.091580675154118
192.0 1.0867501242892583
192.0 1.0807878727319538
192.0 1.0735446146299412
192.0 1.0702321461943596
192.0 1.084931672625853
192.0 1.0886414562302564
192.0 1.0831606638767854
192.0 1.0838197786913542
192.0 1.0775298520689676
192.0 1.0723683834183735
192.0 1.067337293900299
192.0 1.0729266327653117
192.0 1.0543227052894495
192.0 1.061597758476542
192.0 1.0610833804462099
192.0 1.066857345089729
192.0 1.0706402031568487
192.0 1.068208541450942
192.0 1.0668220459710085
192.0 1.072504559592319
192.0 1.0718573943882441
192.0 1.0693381820373573
192.0 1.0706475383405387
192.0 1.0639005736990659
192.0 1.0654637086112235
192.0 1.061393310958673
192.0 1.0690531690236955
192.0 1.0691584663205944
192.0 1.063055946126309
192.0 1.0659550573195253
192.0 1.0668042993190878
192.0 1.0683213378208505
192.0 1.0652836348200228
192.0 1.0619979780006485
192.0 1.0582817115017427
192.0 1.0543405103670853
192.0 1.0671961477719132
192.0 1.0563295113331443
192.0 1.053781057435038
192.0 1.050919358483722
192.0 1.0533721252434232
192.0 1.0539128130827713
192.0 1.0605377499539324
192.0 1.054953720409586
192.0 1.0641504237343171
192.0 1.0530427455999596
192.0 1.0506731946289825
192.0 1.056128055404445
192.0 1.0563977121976433
192.0 1.0582431419133678
192.0 1.051165259486164
192.0 1.0506099038262275
192.0 1.053837212048286
192.0 1.0474049566828898
192.0 1.053858034984746
192.0 1.0510954554931056
192.0 1.0505639990541586
192.0 1.0625244896873638
192.0 1.0591487001532234
192.0 1.052680951483991
192.0 1.0503842833374006
192.0 1.0504066444161209
192.0 1.0552148342022591
192.0 1.0558442527544143
192.0 1.0427838177972095
192.0 1.0498069221263837
192.0 1.053197382027906
192.0 1.0463154238271168
192.0 1.045902752437831
192.0 1.0587495165167047
192.0 1.0530920847310061
192.0 1.0477524385059231
192.0 1.0502388783098517
192.0 1.0553617773720712
192.0 1.0419866331387884
192.0 1.0551820616553111
192.0 1.0422627728264922
192.0 1.0446763323528276
192.0 1.0488701294818437
192.0 1.0514159618106136
192.0 1.0475445646690136
192.0 1.0447773707505754
192.0 1.043972850908459
192.0 1.0437904144348098
192.0 1.052189602775687
