2.0 2.39387905680481
2.0 2.418609858193208
2.0 2.419250540502782
2.0 2.4207083781180416
2.0 2.4175315890948514
2.0 2.4142482949579325
2.0 2.417972418604285
2.0 2.415561579834837
2.0 2.4177220466052733
2.0 2.424398876928256
2.0 2.4160930362737836
2.0 2.41414384995022
2.0 2.4125525569179134
2.0 2.4211314609755528
2.0 2.4221928357111815
2.0 2.4197002433381756
2.0 2.4167239929682056
2.0 2.4232676981995693
2.0 2.4182678430861753
2.0 2.41882745764527
2.0 2.4183955014617977
2.0 2.4178536335546217
2.0 2.417853633554623
2.0 2.4270353361865347
2.0 2.4209548215433254
2.0 2.4240899646936036
2.0 2.4194657495233844
2.0 2.4162014098552156
2.0 2.4241508953607034
2.0 2.4167432777623934
2.0 2.4237679202338342
2.0 2.420089371034113
2.0 2.4248589912318774
2.0 2.427387076908722
2.0 2.423205229390204
2.0 2.4222907978243873
2.0 2.4224095828740504
2.0 2.422106823208469
2.0 2.4159580427144656
2.0 2.4267873546189844
2.0 2.418723698490637
2.0 2.424907972288481
2.0 2.4252539159692392
2.0 2.4215722904849857
2.0 2.4244864275732363
2.0 2.4212575812089083
2.0 2.418883773885566
2.0 2.422979608901372
2.0 2.4221631394487635
2.0 2.416554688719673
2.0 2.4155214721041944
2.0 2.4288626611759025
2.0 2.421612398215631
2.0 2.424142022034743
2.0 2.4243348699766223
2.0 2.429443098671453
2.0 2.425114307983122
2.0 2.4263627336192033
2.0 2.4200106937150956
2.0 2.419339629290032
2.0 2.421002264457664
2.0 2.424937668550894
2.0 2.4267784812930233
2.0 2.4209532834010594
2.0 2.4243556929130774
2.0 2.425913030783809
2.0 2.418398577746332
2.0 2.426395506166154
2.0 2.424997061075726
2.0 2.4295098263799773
2.0 2.42677540500849
2.0 2.4246734784736894
2.0 2.4245531552817594
2.0 2.4144689706945264
2.0 2.4268259242073604
2.0 2.4215425942225712
2.0 2.420637035982713
2.0 2.4124040756058354
2.0 2.419008711504299
2.0 2.421260657493443
2.0 2.4208537831455836
2.0 2.4191838127942593
2.0 2.419900781991392
2.0 2.414509078425169
2.0 2.4161242706784645
2.0 2.4177082285270806
2.0 2.4169168409100856
2.0 2.425556675634823
2.0 2.422218603399871
2.0 2.417973956746553
2.0 2.425173700507954
2.0 2.421147669485206
2.0 2.420205079799242
2.0 2.4232750333832622
2.0 2.418532033163381
2.0 2.4180229378031557
2.0 2.413949463866073
2.0 2.41392284388819
2.0 2.422148799406809
2.0 2.419170325041497
2.0 2.414059375589775
2.0 2.4176785322646634
2.0 2.41882745764527
2.0 2.422672234808988
2.0 2.421390184336766
2.0 2.4189863504255755
2.0 2.42515133942923
2.0 2.4209043023444523
2.0 2.4266805191798135
2.0 2.4292383011190744
2.0 2.4249426133031284
2.0 2.4268173812068303
2.0 2.425889131562819
2.0 2.421414577772505
2.0 2.4139953686381403
2.0 2.4162978338261563
2.0 2.4204885546706336
2.0 2.423647597041902
2.0 2.425446763911116
2.0 2.4297177002168824
2.0 2.428075887985704
2.0 2.4275637163409467
2.0 2.418543982773872
2.0 2.4279867991984587
2.0 2.424743282466749
2.0 2.422173550916993
2.0 2.4178031143557512
2.0 2.4174216773711508
2.0 2.4217569509539825
2.0 2.424007028475426
2.0 2.4244254969061374
2.0 2.417825475434475
2.0 2.4212398345569883
2.0 2.428988781409257
2.0 2.427643931802234
2.0 2.4214461702516306
2.0 2.4272964499792082
2.0 2.431825779320753
2.0 2.422430405810505
2.0 2.4208287013099694
2.0 2.4259650881249475
2.0 2.434037617579255
2.0 2.430605511804821
2.0 2.4363593675614585
2.0 2.4306456195354653
2.0 2.433840155210573
2.0 2.4293331869477486
2.0 2.4318998422129714
2.0 2.4332894139774384
2.0 2.4298854663231517
2.0 2.427762716851899
2.0 2.432011292078943
2.0 2.430253771082637
2.0 2.4234724957519465
2.0 2.4195147305799907
2.0 2.421138796159248
2.0 2.4268629556534704
2.0 2.4239920025803983
2.0 2.4230062288792573
2.0 2.424826218684929
2.0 2.4189196227170533
2.0 2.421633221152085
2.0 2.4291611619423263
2.0 2.425469124989844
2.0 2.4235224929870585
2.0 2.427574127809178
2.0 2.420588054926112
2.0 2.42525391596924
2.0 2.423463622425983
2.0 2.4130939028613323
2.0 2.407219723912765
2.0 2.413393255916947
2.0 2.4223116207608446
2.0 2.4249584914873528
2.0 2.420842519388167
2.0 2.42001802889879
2.0 2.422596633774507
2.0 2.415797611791895
2.0 2.4238288509009327
2.0 2.413719914803517
2.0 2.4150026511288183
2.0 2.413651648952726
2.0 2.4027503090598095
2.0 2.408459798186643
2.0 2.413190848796029
2.0 2.4146263253325655
2.0 2.422405654300326
2.0 2.416125808820737
2.0 2.4203817192314703
2.0 2.4183777548098804
2.0 2.4131241210875034
2.0 2.409795774467704
2.0 2.412888089130448
2.0 2.4165369420677503
2.0 2.407851202570944
2.0 2.409668116092081
2.0 2.4112536120829606
2.0 2.413548742087285
2.0 2.416666138585642
2.0 2.4157204726151416
2.0 2.412791665159506
2.0 2.410263579482662
2.0 2.4151238266099395
2.0 2.411942423159949
2.0 2.4072572773226315
2.0 2.4042844335626286
2.0 2.4039898613699284
2.0 2.3998022168099826
2.0 2.395990212193216
2.0 2.4051657622560616
2.0 2.4057118890623945
2.0 2.404459204527154
2.0 2.4010595157720256
2.0 2.403968186144282
2.0 2.408418152313732
2.0 2.4099338443115537
2.0 2.410866022529288
2.0 2.409304425759398
2.0 2.4076378620180385
2.0 2.407449272975317
2.0 2.4139834190276446
2.0 2.413346665291799
2.0 2.406675301684811
2.0 2.4009646299433527
2.0 2.4051707070082946
2.0 2.407849664428677
2.0 2.408348348320674
2.0 2.4086695404912533
2.0 2.4075503113730616
2.0 2.406895125132217
2.0 2.4072989231955417
2.0 2.40862756429291
2.0 2.4079549617255767
2.0 2.4078778225488247
2.0 2.4061622777508616
2.0 2.406853479259306
2.0 2.4084597981866414
2.0 2.406475118559238
2.0 2.4086483872293636
2.0 2.4081435507682984
2.0 2.403826709690463
2.0 2.405015742801716
2.0 2.4050068694757565
2.0 2.4047803966977335
2.0 2.4083128550168333
2.0 2.4033843420387653
2.0 2.404015298733187
2.0 2.406090605290105
2.0 2.4120484063099235
2.0 2.4066398083809704
2.0 2.4054665177611194
2.0 2.408076357041521
2.0 2.402860548562151
2.0 2.398396600425187
