69.0 1.4758936671101879
69.0 1.5088047689282675
69.0 1.514502308444609
69.0 1.512998566057281
69.0 1.5112156076977177
69.0 1.505475570019276
69.0 1.516441083299943
69.0 1.5131040272435012
69.0 1.520030543712415
69.0 1.5195094987416957
69.0 1.5187049788995828
69.0 1.5154672592092948
69.0 1.5220078881561259
69.0 1.5189113145942237
69.0 1.5170512170579098
69.0 1.5226299715245868
69.0 1.5219010527169583
69.0 1.5236631881400673
69.0 1.5246057778260302
69.0 1.5272036674959348
69.0 1.5274292879847653
69.0 1.5200810629112866
69.0 1.525708798434568
69.0 1.515243176862733
69.0 1.5264658753623481
69.0 1.5291112079465878
69.0 1.5246370122307147
69.0 1.5314908123113538
69.0 1.5292195815280216
69.0 1.5241931064367444
69.0 1.5298104304918005
69.0 1.518577320523959
69.0 1.5255306208600756
69.0 1.5224726168865492
69.0 1.5274396994529924
69.0 1.519381840366073
69.0 1.5252664307828683
69.0 1.5300657472430463
69.0 1.5282650422315636
69.0 1.5308332356390537
69.0 1.5258260453419636
69.0 1.5250674302719196
69.0 1.5242436256356167
69.0 1.5226477181765055
69.0 1.5173659263339876
69.0 1.5233855103100975
69.0 1.5213206152214092
69.0 1.5196178723231317
69.0 1.5290028343651523
69.0 1.5287579290821338
69.0 1.5334399986349163
69.0 1.5273714336022004
69.0 1.527301629609143
69.0 1.5241248405859542
69.0 1.5254816398034727
69.0 1.5297510379669685
69.0 1.528993961039191
69.0 1.5290236573016074
69.0 1.5289627266345096
69.0 1.5288558911953418
69.0 1.532259838849628
69.0 1.5309713054829024
69.0 1.5349140447598286
69.0 1.5327511875579314
69.0 1.5309223244262993
69.0 1.5310663552008945
69.0 1.5279622825659809
69.0 1.530528937831203
69.0 1.5331549856212543
69.0 1.5283927006071862
69.0 1.534303911001863
69.0 1.5300167661864428
69.0 1.5333910175783125
69.0 1.5297124683785923
69.0 1.5341272715696361
69.0 1.5386905560727562
69.0 1.5355627481061722
69.0 1.53593684990708
69.0 1.5334384604926496
69.0 1.535180273688046
69.0 1.5368809777353127
69.0 1.5350922223343222
69.0 1.534765563447749
69.0 1.5335364226058572
69.0 1.536221862920742
69.0 1.5376187698689008
69.0 1.5311865145035026
69.0 1.5325730099834356
69.0 1.5359457232330382
69.0 1.5363391098281363
69.0 1.5376870357196932
69.0 1.5317109660841937
69.0 1.5308589755787356
69.0 1.534629031746165
69.0 1.5356028558368136
69.0 1.535214413993952
69.0 1.5343143224700877
69.0 1.534983848752886
69.0 1.535268861766547
69.0 1.5373441683234654
69.0 1.5351412033909249
69.0 1.5369997627849723
69.0 1.5356518368934164
69.0 1.5340975753072184
69.0 1.5355434633119822
69.0 1.5353074313549238
69.0 1.5347566901217882
69.0 1.5334562071445692
69.0 1.5354246782623193
69.0 1.5351886463052609
69.0 1.5362307362467007
69.0 1.5396836649575887
69.0 1.5409914831185025
69.0 1.5396346839009867
69.0 1.5378355170317697
69.0 1.532996092840947
69.0 1.529317543641227
69.0 1.5327110798272852
69.0 1.533920935874992
69.0 1.5347671015900155
69.0 1.5350521146036773
69.0 1.5346691394768082
69.0 1.5289311406493802
69.0 1.5281076875935247
69.0 1.533269156244116
69.0 1.5340188979882
69.0 1.5358982803187025
69.0 1.5281551305078591
69.0 1.526689084164706
69.0 1.5271112804900258
69.0 1.5338094860090232
69.0 1.5344597274976322
69.0 1.5315976477505224
69.0 1.5327778075358123
69.0 1.535129253780431
69.0 1.538384720122638
69.0 1.5352079310994486
69.0 1.533338960237173
69.0 1.5285396437769954
69.0 1.5287756757340518
69.0 1.5307827164401786
69.0 1.5305659692773093
69.0 1.5292284548539812
69.0 1.5293457017613763
69.0 1.5275376615662006
69.0 1.5309786406665953
69.0 1.5313913120558795
69.0 1.5291289545985085
69.0 1.5283140232881667
69.0 1.526258001525436
69.0 1.5287459794716387
69.0 1.5224132243617177
69.0 1.5241144291177273
69.0 1.5217645210153758
69.0 1.521439400271072
69.0 1.5242806570817262
69.0 1.5245062775705565
69.0 1.5262356404467141
69.0 1.5244943279600598
69.0 1.52781806015306
69.0 1.527712762856161
69.0 1.5246948666132778
69.0 1.526915578197739
69.0 1.5284906627203936
69.0 1.5303195258520264
69.0 1.5279873644015942
69.0 1.5322424225231397
69.0 1.5287548527975985
69.0 1.5236601118555313
69.0 1.519427881278455
69.0 1.515967791998911
69.0 1.514520753937593
69.0 1.5190609785209273
69.0 1.5176447867785785
69.0 1.521461405822149
69.0 1.5135238699271598
69.0 1.5161529940017466
69.0 1.5188160732379068
69.0 1.5150187389885228
69.0 1.5048797763032637
69.0 1.4851148772836356
69.0 1.4721582972881229
69.0 1.4679520690479597
69.0 1.4774387830897973
69.0 1.4802356732706505
69.0 1.4868565176787687
69.0 1.4874697277212718
69.0 1.492342254784478
69.0 1.4952067249630443
69.0 1.487633895579245
69.0 1.487163369807395
69.0 1.4893671870291305
69.0 1.4841814888321139
69.0 1.4780014739334313
69.0 1.4865699665228445
69.0 1.480848361349398
69.0 1.4801793570303572
69.0 1.4848807113773252
69.0 1.4893059260365973
69.0 1.4894602043901015
69.0 1.4852967893765816
69.0 1.4824876192597969
69.0 1.4883795448602852
69.0 1.4876567786217296
69.0 1.492307613769827
69.0 1.4821223907848498
69.0 1.467707743359129
69.0 1.4692673641650027
69.0 1.4719301113908023
69.0 1.46635242210665
69.0 1.4652739891189726
69.0 1.4637992571409841
69.0 1.4598908285532775
69.0 1.470677478406374
69.0 1.4796755367477998
69.0 1.4712299216710982
69.0 1.4624957230814422
69.0 1.4583186564258397
69.0 1.4612901259328968
69.0 1.4582962953471201
69.0 1.4558603747420529
69.0 1.4637817021273944
69.0 1.4748350963784704
69.0 1.471168496789245
69.0 1.4710585850655415
69.0 1.4697106591739835
69.0 1.4705167171583653
69.0 1.4690218480970016
69.0 1.4716207539454156
69.0 1.4734921152391507
69.0 1.461743427016581
69.0 1.4660855138193494
69.0 1.4641037465871598
69.0 1.4645773486435445
69.0 1.4700550647124804
69.0 1.4740513994728113
69.0 1.475086154230559
69.0 1.4793451409258265
69.0 1.471309642917629
69.0 1.479276875075035
69.0 1.4723235747389218
69.0 1.4723324480648798
69.0 1.480112629321831
69.0 1.4745562359338755
69.0 1.473601696637419
69.0 1.474063349083305
69.0 1.4686747218016145
69.0 1.4748531985580358
69.0 1.4754899522938842
69.0 1.4842320080309876
69.0 1.4716571247406611
69.0 1.4768436752268637
69.0 1.4710840224288018
69.0 1.4687544152991447
