245.99999999999997 0.6770229034493505
245.99999999999997 0.7151076026263471
245.99999999999997 0.715610048655955
245.99999999999997 0.7171994732205628
245.99999999999997 0.7213485481921301
245.99999999999997 0.7136516309319952
245.99999999999997 0.7218695931628497
245.99999999999997 0.7283627791953428
245.99999999999997 0.7243398244571316
245.99999999999997 0.7294449768674255
245.99999999999997 0.7298665215826724
245.99999999999997 0.7307929027589815
245.99999999999997 0.7298503130730183
245.99999999999997 0.7218888779570375
245.99999999999997 0.726044105497675
245.99999999999997 0.7261270417158534
245.99999999999997 0.7280021651471961
245.99999999999997 0.72721231567247
245.99999999999997 0.7207723695957384
245.99999999999997 0.7278937915657636
245.99999999999997 0.7298888826613945
245.99999999999997 0.7281028480172962
245.99999999999997 0.726591770446277
245.99999999999997 0.7262874726384272
245.99999999999997 0.7236540896646805
245.99999999999997 0.7284044250682562
245.99999999999997 0.7214391751216447
245.99999999999997 0.7349450540150857
245.99999999999997 0.7297434776338522
245.99999999999997 0.733242311116809
245.99999999999997 0.7321720630552206
245.99999999999997 0.7342072618814951
245.99999999999997 0.7351722126461817
245.99999999999997 0.7317979612543141
245.99999999999997 0.7313178763034287
245.99999999999997 0.727194569020549
245.99999999999997 0.729378249158904
245.99999999999997 0.7285810645004827
245.99999999999997 0.731631733290316
245.99999999999997 0.737866526287028
245.99999999999997 0.7372668039972885
245.99999999999997 0.7364206382822643
245.99999999999997 0.7358209159925263
245.99999999999997 0.7295251923287152
245.99999999999997 0.7299586866544509
245.99999999999997 0.7302348263421558
245.99999999999997 0.7327332157565851
245.99999999999997 0.7305584089441919
245.99999999999997 0.7345516674199893
245.99999999999997 0.7329885325078297
245.99999999999997 0.7321037972044299
245.99999999999997 0.7329692477136429
245.99999999999997 0.7251015158117112
245.99999999999997 0.7287206724865962
245.99999999999997 0.7328905703946226
245.99999999999997 0.7291927364007167
245.99999999999997 0.7279427726223675
245.99999999999997 0.730766282781103
245.99999999999997 0.7298117434846422
245.99999999999997 0.7317890879283538
245.99999999999997 0.7363677286519359
245.99999999999997 0.7350638390647483
245.99999999999997 0.7321037972044312
245.99999999999997 0.7324971837995271
245.99999999999997 0.7347001487320676
245.99999999999997 0.7343260469311584
245.99999999999997 0.733519988946777
245.99999999999997 0.7365884043885316
245.99999999999997 0.7357229538793194
245.99999999999997 0.7357229538793186
245.99999999999997 0.7350148580081444
245.99999999999997 0.7355655992412801
245.99999999999997 0.7398141744683241
245.99999999999997 0.7380045961308789
245.99999999999997 0.7330969060892659
245.99999999999997 0.7361950177934352
245.99999999999997 0.7324185064805088
245.99999999999997 0.7359589858363748
245.99999999999997 0.7385553373640134
245.99999999999997 0.7367678205231544
245.99999999999997 0.7392040407103565
245.99999999999997 0.7404435930204781
245.99999999999997 0.7416237528057683
245.99999999999997 0.7442201043334045
245.99999999999997 0.7436693631002692
245.99999999999997 0.7370604683026463
245.99999999999997 0.7275321638859049
245.99999999999997 0.7387126920020517
245.99999999999997 0.7383979827259759
245.99999999999997 0.7348575033701077
245.99999999999997 0.7373751775787254
245.99999999999997 0.738887333767754
245.99999999999997 0.7394132610512084
245.99999999999997 0.7429998368174714
245.99999999999997 0.7383193054069574
245.99999999999997 0.7332527225850374
245.99999999999997 0.7304083894898478
245.99999999999997 0.731846942310917
245.99999999999997 0.7320251198854105
245.99999999999997 0.7334413116277576
245.99999999999997 0.733126602351681
245.99999999999997 0.7331266023516814
245.99999999999997 0.7335986662657971
245.99999999999997 0.7334413116277583
245.99999999999997 0.7321037972044302
245.99999999999997 0.7323398291614883
245.99999999999997 0.7320251198854107
245.99999999999997 0.7313957013332559
245.99999999999997 0.733126602351681
245.99999999999997 0.7339133755418739
245.99999999999997 0.7343854394559897
245.99999999999997 0.7322611518424686
245.99999999999997 0.7296648003148316
245.99999999999997 0.7324185064805077
245.99999999999997 0.7337456094356074
245.99999999999997 0.7353929898325974
245.99999999999997 0.7341913836972748
245.99999999999997 0.7341285845624771
245.99999999999997 0.7354957952482223
245.99999999999997 0.7358891818433183
245.99999999999997 0.7376304943299714
245.99999999999997 0.7368140248773621
245.99999999999997 0.7351958122850362
245.99999999999997 0.7354082446032415
245.99999999999997 0.7366670817075504
245.99999999999997 0.736037663155396
245.99999999999997 0.7383979827259748
245.99999999999997 0.7362088358716289
245.99999999999997 0.7383167792826799
245.99999999999997 0.7372360638073583
245.99999999999997 0.7393390342696725
245.99999999999997 0.7375591521946446
245.99999999999997 0.7400768264032631
245.99999999999997 0.7369891261673217
245.99999999999997 0.7359366247576544
245.99999999999997 0.7347668764405925
245.99999999999997 0.7357407005312401
245.99999999999997 0.7322981832885775
245.99999999999997 0.7257513497743703
245.99999999999997 0.7305283546073383
245.99999999999997 0.7246768948119316
245.99999999999997 0.7292297678468241
245.99999999999997 0.7310987387091005
245.99999999999997 0.7305391241500061
245.99999999999997 0.7304500353627589
245.99999999999997 0.7261717638733003
245.99999999999997 0.7278833800975372
245.99999999999997 0.7304797316251744
245.99999999999997 0.7319746006865411
245.99999999999997 0.7304500353627589
245.99999999999997 0.7326233040328836
245.99999999999997 0.7352003707663318
245.99999999999997 0.7351513897097285
245.99999999999997 0.7367249360901146
245.99999999999997 0.7401080608079448
245.99999999999997 0.7398230477942835
245.99999999999997 0.7391639329797143
245.99999999999997 0.7415242525502939
245.99999999999997 0.7414648600254626
245.99999999999997 0.7420452975210137
245.99999999999997 0.7417305882449355
245.99999999999997 0.7400679530773034
245.99999999999997 0.7410803467563252
245.99999999999997 0.7377951841517021
245.99999999999997 0.7402060229211528
245.99999999999997 0.7390451479300509
245.99999999999997 0.7456154731392962
245.99999999999997 0.7392306606882372
245.99999999999997 0.7339191725832996
245.99999999999997 0.7326838791723371
245.99999999999997 0.7262449532213126
245.99999999999997 0.7297373250647838
245.99999999999997 0.7311924167209362
245.99999999999997 0.7347549268300955
245.99999999999997 0.7297967175896117
245.99999999999997 0.7290589254560231
245.99999999999997 0.7279470315215252
245.99999999999997 0.7369266573579522
245.99999999999997 0.7321851952803389
245.99999999999997 0.7256727244536583
245.99999999999997 0.71274223035972
245.99999999999997 0.7029616642212548
245.99999999999997 0.7136485289977585
245.99999999999997 0.7115848699224013
245.99999999999997 0.7015824389387197
245.99999999999997 0.7123789782962837
245.99999999999997 0.7132995624311691
245.99999999999997 0.7141754244086097
245.99999999999997 0.717096896680552
245.99999999999997 0.7149429128046172
245.99999999999997 0.7134480437432494
245.99999999999997 0.7128452451689767
245.99999999999997 0.7096402980256413
245.99999999999997 0.7189924875207099
245.99999999999997 0.7164331674391803
245.99999999999997 0.7069934272991316
245.99999999999997 0.7162017499089264
245.99999999999997 0.7161527688523194
245.99999999999997 0.7124059538018103
245.99999999999997 0.7211777058013302
245.99999999999997 0.7136856138425768
245.99999999999997 0.7187668670318804
245.99999999999997 0.7177961192257667
245.99999999999997 0.7182192020832815
245.99999999999997 0.7149043432162403
245.99999999999997 0.7143462667994126
245.99999999999997 0.707195625026418
245.99999999999997 0.7011755645908623
245.99999999999997 0.6841740771798094
245.99999999999997 0.6947000949144879
245.99999999999997 0.6958582794445013
245.99999999999997 0.7073509650627404
245.99999999999997 0.7026245288801584
245.99999999999997 0.7060446850440998
245.99999999999997 0.699254891915092
245.99999999999997 0.7025415926619799
245.99999999999997 0.7035674740937686
245.99999999999997 0.7096553239206705
245.99999999999997 0.706245579224961
245.99999999999997 0.7045116019220018
245.99999999999997 0.7148256658972224
245.99999999999997 0.707265308087676
245.99999999999997 0.7091728485383259
245.99999999999997 0.7099017673459568
245.99999999999997 0.7114367441379646
245.99999999999997 0.7089800005964468
245.99999999999997 0.7112423580538177
245.99999999999997 0.7104555848636274
245.99999999999997 0.7175261321071377
245.99999999999997 0.7123126061154096
245.99999999999997 0.7060970979128826
245.99999999999997 0.7117915611446883
245.99999999999997 0.7086830379722926
245.99999999999997 0.7078754418456414
245.99999999999997 0.7065483388905427
245.99999999999997 0.7033877583770066
245.99999999999997 0.7053354065583005
245.99999999999997 0.7068688452080442
245.99999999999997 0.6999020571191688
245.99999999999997 0.6925657816561831
245.99999999999997 0.6960098370411143
245.99999999999997 0.7002746207778072
245.99999999999997 0.7038093030922524
245.99999999999997 0.7041953545036566
245.99999999999997 0.7035242900785912
245.99999999999997 0.69651467350218
245.99999999999997 0.7018527815849975
245.99999999999997 0.705448039038897
245.99999999999997 0.7034367394336124
245.99999999999997 0.7038478726806262
245.99999999999997 0.692901313868712
245.99999999999997 0.7020918898265865
245.99999999999997 0.7118478773849861
245.99999999999997 0.7021721052878751
