210.99999999999997 0.8555555549802255
210.99999999999997 0.8931260843984439
210.99999999999997 0.899786050654495
210.99999999999997 0.8972834023409076
210.99999999999997 0.9026141752400325
210.99999999999997 0.874277155216743
210.99999999999997 0.9002644310269984
210.99999999999997 0.9004617295063648
210.99999999999997 0.9069914250212069
210.99999999999997 0.8988079676646908
210.99999999999997 0.8916749516118131
210.99999999999997 0.8971364591710974
210.99999999999997 0.9078693471046722
210.99999999999997 0.9061113041446104
210.99999999999997 0.9095801110397204
210.99999999999997 0.9023233651849483
210.99999999999997 0.908664993620826
210.99999999999997 0.9094667927060482
210.99999999999997 0.9000371085065815
210.99999999999997 0.9059399372432558
210.99999999999997 0.9072831125676973
210.99999999999997 0.898738163671631
210.99999999999997 0.9058356864206656
210.99999999999997 0.9002688815644833
210.99999999999997 0.9116921187173127
210.99999999999997 0.9050920972456499
210.99999999999997 0.9056397621942494
210.99999999999997 0.9100383568756375
210.99999999999997 0.9020071177666015
210.99999999999997 0.8954606917783439
210.99999999999997 0.9018867945746691
210.99999999999997 0.9044179565360486
210.99999999999997 0.9157848774485844
210.99999999999997 0.9137539375214677
210.99999999999997 0.9153330867581596
210.99999999999997 0.9250954210707427
210.99999999999997 0.916846252184208
210.99999999999997 0.915878225134988
210.99999999999997 0.9119131247793393
210.99999999999997 0.9148006418897099
210.99999999999997 0.9188321144262378
210.99999999999997 0.9165924735752321
210.99999999999997 0.9184761148048926
210.99999999999997 0.9099180336837107
210.99999999999997 0.9050624009832331
210.99999999999997 0.9082391900064248
210.99999999999997 0.9110877820007734
210.99999999999997 0.910789278687551
210.99999999999997 0.9062352255848314
210.99999999999997 0.9076024362705756
210.99999999999997 0.9040426721205187
210.99999999999997 0.9106426935921806
210.99999999999997 0.9128842281130968
210.99999999999997 0.9144176667628409
210.99999999999997 0.9161011248669292
210.99999999999997 0.9010440606718216
210.99999999999997 0.9190522934012856
210.99999999999997 0.9171817843967426
210.99999999999997 0.9040739065252014
210.99999999999997 0.9163475682922162
210.99999999999997 0.9130120806738392
210.99999999999997 0.9161990869801343
210.99999999999997 0.9288661353422448
210.99999999999997 0.9183723556502611
210.99999999999997 0.9164945114620208
210.99999999999997 0.9237176047316493
210.99999999999997 0.9239005909180664
210.99999999999997 0.9195139458471723
210.99999999999997 0.9226120575513415
210.99999999999997 0.9241262114068954
210.99999999999997 0.9222973482752638
210.99999999999997 0.9189230968833939
210.99999999999997 0.9192867872160752
210.99999999999997 0.9183025516571998
210.99999999999997 0.9199649540020222
210.99999999999997 0.916258479504967
210.99999999999997 0.9120484738662998
210.99999999999997 0.9189632046140406
210.99999999999997 0.9100518446284045
210.99999999999997 0.9167453776757873
210.99999999999997 0.907327834725142
210.99999999999997 0.9183738937925295
210.99999999999997 0.9072209992859737
210.99999999999997 0.9134854885451031
210.99999999999997 0.9187479955934355
210.99999999999997 0.9173792467654274
210.99999999999997 0.9152716896253168
210.99999999999997 0.9174949555305549
210.99999999999997 0.9194144455917009
210.99999999999997 0.9207608333409887
210.99999999999997 0.9196489394064913
210.99999999999997 0.9116477525350056
210.99999999999997 0.9180937977820964
210.99999999999997 0.9272925889618587
210.99999999999997 0.9300968143264057
210.99999999999997 0.9254456513996671
210.99999999999997 0.9212953660644708
210.99999999999997 0.9153810793852591
210.99999999999997 0.9187479955934357
210.99999999999997 0.9192690405641551
210.99999999999997 0.9204492003494449
210.99999999999997 0.9209598338519365
210.99999999999997 0.9210682074333707
210.99999999999997 0.9216382334606944
210.99999999999997 0.9242642812507478
210.99999999999997 0.9231034062596453
210.99999999999997 0.9241069266127099
210.99999999999997 0.9237521096059894
210.99999999999997 0.9242835660449367
210.99999999999997 0.9256611881989093
210.99999999999997 0.928208558669943
210.99999999999997 0.9319850699828698
210.99999999999997 0.9326931658540435
210.99999999999997 0.9324274376345698
210.99999999999997 0.9302777126577892
210.99999999999997 0.9329120598117381
210.99999999999997 0.9309339150771441
210.99999999999997 0.9255763583108187
210.99999999999997 0.9229294875843107
210.99999999999997 0.9211006244526776
210.99999999999997 0.9218503661967615
210.99999999999997 0.9193951607975075
210.99999999999997 0.9148337447620892
210.99999999999997 0.917416278211531
210.99999999999997 0.9175543480553818
210.99999999999997 0.9186766534581083
210.99999999999997 0.9210088149085385
210.99999999999997 0.9154998644349195
210.99999999999997 0.909900287031786
210.99999999999997 0.9085137915518533
210.99999999999997 0.9119890813414642
210.99999999999997 0.9107985100879462
210.99999999999997 0.9129733169003384
210.99999999999997 0.9108787255492325
210.99999999999997 0.9147531989753674
210.99999999999997 0.9129629054321113
210.99999999999997 0.916494511462018
210.99999999999997 0.9183040897994642
210.99999999999997 0.9154342673427115
210.99999999999997 0.9150451890982844
210.99999999999997 0.9124179612404021
210.99999999999997 0.914653698719895
210.99999999999997 0.9162168336320524
210.99999999999997 0.9185563302661774
210.99999999999997 0.9219988475088376
210.99999999999997 0.9240949770022097
210.99999999999997 0.9245967371787422
210.99999999999997 0.9259921059846337
210.99999999999997 0.9260426251835046
210.99999999999997 0.9243904014840982
210.99999999999997 0.9253730989007061
210.99999999999997 0.9262979419347492
210.99999999999997 0.9234551469818278
210.99999999999997 0.9239272108959437
210.99999999999997 0.9208973650425667
210.99999999999997 0.920199680639622
210.99999999999997 0.9208587954541919
210.99999999999997 0.9183395831033073
210.99999999999997 0.9159094595396692
210.99999999999997 0.916921853218692
210.99999999999997 0.9139618113583747
210.99999999999997 0.9164112197162013
210.99999999999997 0.9118568085390433
210.99999999999997 0.9114144408873427
210.99999999999997 0.9122798913965547
210.99999999999997 0.9111174782631853
210.99999999999997 0.9092974884575146
210.99999999999997 0.9141843555626725
210.99999999999997 0.9097487294351759
210.99999999999997 0.9096862606258107
210.99999999999997 0.9063684958575481
210.99999999999997 0.9002918235467571
210.99999999999997 0.909777217880756
210.99999999999997 0.9123315932100494
210.99999999999997 0.9124280171809902
210.99999999999997 0.9102385400012125
210.99999999999997 0.9149561028578368
210.99999999999997 0.9179963601794413
210.99999999999997 0.9120539153800821
210.99999999999997 0.9103585076654985
210.99999999999997 0.9047280821286195
210.99999999999997 0.8923748912008942
210.99999999999997 0.8968078736457062
210.99999999999997 0.9058173926027768
210.99999999999997 0.9129929068177562
210.99999999999997 0.913970329156696
210.99999999999997 0.910400153538412
210.99999999999997 0.9070612290142696
210.99999999999997 0.9104581718102936
210.99999999999997 0.9082674868136805
210.99999999999997 0.9124983153888039
210.99999999999997 0.9038871607479705
210.99999999999997 0.9103006532829349
210.99999999999997 0.905146519816034
210.99999999999997 0.9080263462150705
210.99999999999997 0.9110932235145549
210.99999999999997 0.9104460583104816
210.99999999999997 0.9142761651068125
210.99999999999997 0.9083857776485929
210.99999999999997 0.9080028025217243
210.99999999999997 0.9068311605347493
210.99999999999997 0.8991728406119966
210.99999999999997 0.9010302173914215
210.99999999999997 0.90566141221769
210.99999999999997 0.9041105824436706
210.99999999999997 0.8980401237410437
210.99999999999997 0.8884429028411838
210.99999999999997 0.8788382714037146
210.99999999999997 0.8737657100803561
210.99999999999997 0.8707019793482128
210.99999999999997 0.8853730753789352
210.99999999999997 0.8807350169283078
210.99999999999997 0.8879366543596228
210.99999999999997 0.8774101021206863
210.99999999999997 0.8822406529855478
210.99999999999997 0.8793727761970137
210.99999999999997 0.8793400036500654
210.99999999999997 0.8769661963267236
210.99999999999997 0.8852570110861634
210.99999999999997 0.8803361888194356
210.99999999999997 0.891545399566286
210.99999999999997 0.8861108675125251
210.99999999999997 0.8950191512136291
210.99999999999997 0.8898754292149568
210.99999999999997 0.8894450111737563
210.99999999999997 0.8828584774548538
210.99999999999997 0.893233472097178
210.99999999999997 0.8959115772283659
210.99999999999997 0.8859222784698038
210.99999999999997 0.8886894723882451
210.99999999999997 0.8825526415047368
210.99999999999997 0.875106454318052
210.99999999999997 0.8848562893073806
210.99999999999997 0.8872524577094394
210.99999999999997 0.8830081413815547
210.99999999999997 0.8808229231009386
210.99999999999997 0.8888645736782028
210.99999999999997 0.8919167806103022
210.99999999999997 0.8874572552618167
210.99999999999997 0.8877692437810057
210.99999999999997 0.8897998281804725
210.99999999999997 0.8845789670050507
210.99999999999997 0.8932527568913633
210.99999999999997 0.8933626686150649
210.99999999999997 0.8785713326394345
210.99999999999997 0.8846738528337221
210.99999999999997 0.8891912325647736
210.99999999999997 0.8842241499983311
210.99999999999997 0.8878136104107985
210.99999999999997 0.8922002554816955
210.99999999999997 0.8882039207213648
210.99999999999997 0.879654712926142
210.99999999999997 0.8823061980794514
210.99999999999997 0.8792867636943028
