167.0 1.1038304083999901
167.0 1.134900084876183
167.0 1.1366043659167293
167.0 1.1324761138816164
167.0 1.1387470860352467
167.0 1.1190818235412532
167.0 1.1433366601908144
167.0 1.1410118339240771
167.0 1.1500668943588759
167.0 1.1402339340598469
167.0 1.146373841227886
167.0 1.1328565069387044
167.0 1.143311908680634
167.0 1.1420955697384274
167.0 1.145542701407891
167.0 1.1501757899040688
167.0 1.1401054233950305
167.0 1.136889378930391
167.0 1.1505988727615821
167.0 1.1471918488227637
167.0 1.1390807497800823
167.0 1.1511704369311724
167.0 1.1353030306503198
167.0 1.1363239673298713
167.0 1.1469380702137826
167.0 1.1450602260255496
167.0 1.1531462432326154
167.0 1.1492806431324412
167.0 1.1571900209072834
167.0 1.1502158976347134
167.0 1.1432506476881028
167.0 1.144673322324953
167.0 1.1505113221166015
167.0 1.1384008120290554
167.0 1.1424565393142168
167.0 1.1393302694899
167.0 1.140339586884388
167.0 1.1411383096850762
167.0 1.1495047254790063
167.0 1.14753045731983
167.0 1.1434496481990533
167.0 1.1521442610218202
167.0 1.1484553003538733
167.0 1.150355505620831
167.0 1.1559207723347469
167.0 1.1518368869294364
167.0 1.1550242513101694
167.0 1.1450667089200497
167.0 1.1515711587099617
167.0 1.1546233656420613
167.0 1.147098501136354
167.0 1.1567684761920385
167.0 1.1536985226080179
167.0 1.155165233549235
167.0 1.1511407406687555
167.0 1.150438441839008
167.0 1.1559207723347453
167.0 1.1598665878962064
167.0 1.1539555413908489
167.0 1.1559149752933235
167.0 1.1526089897522438
167.0 1.1523151034126213
167.0 1.1550005437275057
167.0 1.1527782940007798
167.0 1.1603802976832356
167.0 1.141670451977102
167.0 1.1519128434915638
167.0 1.1531419843334603
167.0 1.1509478927268784
167.0 1.157233204922461
167.0 1.1390483327607746
167.0 1.1546680877995064
167.0 1.1533676048222858
167.0 1.1486855352695062
167.0 1.1559263405005595
167.0 1.1458041707282094
167.0 1.1575359645880452
167.0 1.1380031665348027
167.0 1.1553538225919582
167.0 1.147043723038329
167.0 1.1573311670356696
167.0 1.1548921701460746
167.0 1.1505633794577443
167.0 1.1513011715913333
167.0 1.1540460044310494
167.0 1.1551177906349048
167.0 1.1441589241380539
167.0 1.1502903160545768
167.0 1.1578136424180152
167.0 1.1596930247485182
167.0 1.1607409117313818
167.0 1.1594370221441952
167.0 1.1554121754209976
167.0 1.1539480423178365
167.0 1.1510651396342713
167.0 1.1557958321692194
167.0 1.157691781083815
167.0 1.1555794430807875
167.0 1.158745820635748
167.0 1.1592579922805073
167.0 1.1580867058211772
167.0 1.159433093570467
167.0 1.1595518786201309
167.0 1.1610185895613485
167.0 1.1606444877604412
167.0 1.1593767773301724
167.0 1.161656881439465
167.0 1.162562439679321
167.0 1.161863217134108
167.0 1.163534725627701
167.0 1.1643214988178945
167.0 1.1623946735730566
167.0 1.1611535831206683
167.0 1.1650697024197134
167.0 1.1664650712256048
167.0 1.1607748148946475
167.0 1.1647607901850605
167.0 1.1650785757456712
167.0 1.1692396003277348
167.0 1.1697309490360392
167.0 1.1698184996810184
167.0 1.163610326662185
167.0 1.1596739345869418
167.0 1.1658206267784184
167.0 1.165330816212381
167.0 1.1656142910837746
167.0 1.1651645882483832
167.0 1.1650072336103443
167.0 1.162933959410446
167.0 1.1642120813089425
167.0 1.162666198833952
167.0 1.1643184225333576
167.0 1.1687540486608559
167.0 1.1662957669770684
167.0 1.165718405766052
167.0 1.166309254729831
167.0 1.1604099939456503
167.0 1.1621642722213066
167.0 1.1637339485202702
167.0 1.163887124453955
167.0 1.1654303164678568
167.0 1.1611921527090434
167.0 1.1622446541187084
167.0 1.1598650497539391
167.0 1.1603000822219474
167.0 1.1639281122227954
167.0 1.164046897272458
167.0 1.163594118152532
167.0 1.164508549718348
167.0 1.166052399836319
167.0 1.16765564247912
167.0 1.16830588396773
167.0 1.1692411384700003
167.0 1.1708146848503873
167.0 1.1657095324400915
167.0 1.1699685191353635
167.0 1.1698111644973248
167.0 1.1688863214632816
167.0 1.1685523273930165
167.0 1.166634375474136
167.0 1.1672637940262902
167.0 1.1638791311661922
167.0 1.1676764654155734
167.0 1.1647461198176725
167.0 1.1662587355309597
167.0 1.1685226311305985
167.0 1.1631991934151655
167.0 1.159363289577407
167.0 1.1584874275999668
167.0 1.1463349135650702
167.0 1.1359370358802714
167.0 1.1441615954434363
167.0 1.1442360658616033
167.0 1.1414989237332256
167.0 1.14538688491212
167.0 1.143850369977845
167.0 1.147292887220503
167.0 1.1419382151003903
167.0 1.1326350066619228
167.0 1.1374327849798342
167.0 1.1392351398864708
167.0 1.1293885156426704
167.0 1.134427989314333
167.0 1.136461159682324
167.0 1.1475833417479517
167.0 1.140143307130333
167.0 1.1450817096128705
167.0 1.1418405833126186
167.0 1.1407568474982661
167.0 1.1423006976162369
167.0 1.1417851193615094
167.0 1.144736287895867
167.0 1.145499161865071
167.0 1.1359302252071293
167.0 1.1494152811641156
167.0 1.1475894943170202
167.0 1.1429386591689195
167.0 1.1398864522368197
167.0 1.135519091960116
167.0 1.1410323013328925
167.0 1.1360548072982217
167.0 1.1379623477488696
167.0 1.1403955475970449
167.0 1.138213405600959
167.0 1.139800439734108
167.0 1.132694043659112
167.0 1.1250223998729125
167.0 1.1202095956599756
167.0 1.1107384269301208
167.0 1.1279337910020617
167.0 1.110926002341129
167.0 1.116339217243679
167.0 1.1182762875206302
167.0 1.1249790519684162
167.0 1.1256084705205698
167.0 1.1183781782075626
167.0 1.1277022095824856
167.0 1.1211165281527782
167.0 1.1127408835052433
167.0 1.1154710459775747
167.0 1.111281863275364
167.0 1.1195503169560836
167.0 1.1176740109101144
167.0 1.1190605063900472
167.0 1.1192757154106514
167.0 1.1217845162933078
167.0 1.1210081545713402
167.0 1.1165220092449726
167.0 1.1223618775043227
167.0 1.1151949062898732
167.0 1.117486960009662
167.0 1.1121561871105383
167.0 1.1185957776596247
167.0 1.1156550205934932
167.0 1.1149261017858658
167.0 1.1213421486416069
167.0 1.115350722785647
167.0 1.117985643901659
167.0 1.1125866051517417
167.0 1.1085428274770766
167.0 1.1196691020057479
167.0 1.11956380470885
167.0 1.1148578359350774
167.0 1.1164626167201444
167.0 1.1122259911036003
167.0 1.1112656547657167
167.0 1.1193485956882459
167.0 1.1195830895030372
167.0 1.1203937619142195
167.0 1.122573513478846
167.0 1.121472031012579
167.0 1.1257279414233126
167.0 1.123435035414335
167.0 1.1239342412700908
