60.0 1.638925096435943
60.0 1.6759934239086796
60.0 1.6745579473721455
60.0 1.6767056122428994
60.0 1.6828132688277475
60.0 1.669982713258529
60.0 1.6824183440903813
60.0 1.6790248079043235
60.0 1.6831680858344689
60.0 1.682694483778084
60.0 1.6858238298869366
60.0 1.6738587248269303
60.0 1.691254103041536
60.0 1.6845368346624787
60.0 1.6826381675377873
60.0 1.681781590354535
60.0 1.6815158621350614
60.0 1.688778074705829
60.0 1.688518143527779
60.0 1.6930563461952874
60.0 1.6919621989127085
60.0 1.6820666033681964
60.0 1.6894341132358626
60.0 1.687349933352985
60.0 1.6832957442100902
60.0 1.6885983589890665
60.0 1.685694633369046
60.0 1.6899254619441677
60.0 1.6929375611456245
60.0 1.6915880971118018
60.0 1.6868956160907922
60.0 1.685960361588518
60.0 1.689946284880624
60.0 1.690309975213306
60.0 1.6849564831610166
60.0 1.6874374839979664
60.0 1.6887156058964599
60.0 1.692414978032636
60.0 1.691067052141081
60.0 1.695869444885796
60.0 1.6909706281701422
60.0 1.6941979363922015
60.0 1.701278895103939
60.0 1.69393954335642
60.0 1.6906825388719462
60.0 1.6929850040599597
60.0 1.6933575677186001
60.0 1.6912749259779911
60.0 1.6938593278951348
60.0 1.6983543465474622
60.0 1.6827480792614893
60.0 1.6848692905904759
60.0 1.6844863154636045
60.0 1.6831711621190013
60.0 1.6860243685401535
60.0 1.6899077152922484
60.0 1.6869654200838506
60.0 1.6962628314808923
60.0 1.6923852817702227
60.0 1.6920825221046416
60.0 1.6931053272518912
60.0 1.6951212412839782
60.0 1.6922013071543025
60.0 1.6931053272518901
60.0 1.695544324141489
60.0 1.6943626262139315
60.0 1.6928604219688734
60.0 1.6975394152371206
60.0 1.6957907675667756
60.0 1.6940895628107657
60.0 1.6927713331816259
60.0 1.6902640704412342
60.0 1.6898988419662864
60.0 1.692210180480262
60.0 1.6928034198754986
60.0 1.699389101305209
60.0 1.6905371338444033
60.0 1.6867085651903369
60.0 1.6902505826884704
60.0 1.6830172140909292
60.0 1.69208985728833
60.0 1.6864235521766722
60.0 1.6806457971990438
60.0 1.6779827179628852
60.0 1.6833447252666915
60.0 1.67766647054454
60.0 1.678962502984277
60.0 1.6815633050493966
60.0 1.681465673261622
60.0 1.6863448748576535
60.0 1.6901406709647688
60.0 1.6898021184132084
60.0 1.6750156712443076
60.0 1.697147566784291
60.0 1.7003644635381217
60.0 1.6989467336535062
60.0 1.6974399149816422
60.0 1.7011793948484604
60.0 1.7028613148102822
60.0 1.7033823597810025
60.0 1.7029592769234914
60.0 1.7029399921293042
60.0 1.7016811550249957
60.0 1.6987315246329044
60.0 1.7001774126376674
60.0 1.699025410972526
60.0 1.6964853756851856
60.0 1.699053569092674
60.0 1.6979239285062564
60.0 1.7004712989772885
60.0 1.7009449010336715
60.0 1.6949044941211047
60.0 1.6961930274878287
60.0 1.6935878026342308
60.0 1.6903307981497568
60.0 1.6847513123256892
60.0 1.687533907968902
60.0 1.6874671802603787
60.0 1.6852256457394608
60.0 1.6879720167214431
60.0 1.6876276111829507
60.0 1.6911858371907422
60.0 1.6898480231852786
60.0 1.6877178825848256
60.0 1.6894680683974355
60.0 1.6864872036006613
60.0 1.6846166945961198
60.0 1.6937968590857644
60.0 1.6875130850324482
60.0 1.6730646164530418
60.0 1.6673477921425153
60.0 1.6714166516527964
60.0 1.682016084169326
60.0 1.6808077662638845
60.0 1.6794108593157229
60.0 1.6819374068503024
60.0 1.6833937063232929
60.0 1.682075476694155
60.0 1.6730352505160582
60.0 1.6727830100493475
60.0 1.6783953893521666
60.0 1.6819181220561166
60.0 1.685065214816888
60.0 1.6908680516301298
60.0 1.6923035281666643
60.0 1.691723090671114
60.0 1.6879674022946425
60.0 1.686088019964139
60.0 1.6824110089066857
60.0 1.6839949667552998
60.0 1.6847327588888892
60.0 1.6856070827240617
60.0 1.689060011434952
60.0 1.6895825945479404
60.0 1.691764736544026
60.0 1.6862187546242997
60.0 1.6868080654458106
60.0 1.6800445367670425
60.0 1.676456614496837
60.0 1.679571620563735
60.0 1.679945036511567
60.0 1.6789044847123948
60.0 1.6809292720704418
60.0 1.6768781592120827
60.0 1.681769640744039
60.0 1.6849271449730387
60.0 1.6915880971117991
60.0 1.692088319146063
60.0 1.6908233294726855
60.0 1.677878081316856
60.0 1.6733690529480059
60.0 1.6720359613131575
60.0 1.6830371595359868
60.0 1.680328011638438
60.0 1.674355870576662
60.0 1.6736967557620928
60.0 1.67546776451116
60.0 1.670217537398755
60.0 1.664304788861809
60.0 1.653269141262651
60.0 1.6545562248608414
60.0 1.6516819871703692
60.0 1.6475504272294115
60.0 1.6414026841689304
60.0 1.6352813759420035
60.0 1.6333472155134703
60.0 1.645165377403665
60.0 1.6452266383961953
60.0 1.6413371390750295
60.0 1.635916947063226
60.0 1.6371588898048055
60.0 1.6371460879051172
60.0 1.64004333063064
60.0 1.6378202286147197
60.0 1.6477122259109394
60.0 1.6529093795036967
60.0 1.6473203774581073
60.0 1.6448165213276873
60.0 1.6397902101257293
60.0 1.6392649088026505
60.0 1.6328975126780783
60.0 1.635375931445242
60.0 1.6230848533517401
60.0 1.6285818542148633
60.0 1.6292672586818844
60.0 1.617646037196614
60.0 1.6124326532618538
60.0 1.598032510344742
60.0 1.6005067173576177
60.0 1.6008445261855113
60.0 1.6154229074316875
60.0 1.610116200189665
60.0 1.5963198415665691
60.0 1.5947851925531986
60.0 1.6046126861362364
60.0 1.6086016080648617
60.0 1.6030289502217532
60.0 1.6121287353607914
60.0 1.6107838857537706
60.0 1.6139236433308508
60.0 1.621822965165107
60.0 1.6263341923270842
60.0 1.6321802131555063
60.0 1.6308515720581387
60.0 1.644403355723649
60.0 1.6393174881075423
60.0 1.6288592017193988
60.0 1.6246507342230025
60.0 1.6216089387591266
60.0 1.6257283174682786
60.0 1.616368792789515
60.0 1.6174671989712541
60.0 1.619965588385684
60.0 1.626184172872745
60.0 1.6251019752006584
60.0 1.6182585865882464
60.0 1.626861034339234
60.0 1.6244339870601294
60.0 1.6245362080724948
60.0 1.6139533395932673
60.0 1.608811155736863
60.0 1.6260831344750013
60.0 1.6155299622581796
60.0 1.6103831639749802
60.0 1.609980904053919
60.0 1.619658214293296
60.0 1.6171123819645343
60.0 1.6206559376049343
60.0 1.6199270187973047
60.0 1.615207065509228
60.0 1.6238944792886092
60.0 1.6271898894721428
60.0 1.6088457967515104
60.0 1.6131110469539465
