143.0 1.0495237328435547
143.0 1.088318982414489
143.0 1.0993481471191469
143.0 1.0894999944889703
143.0 1.0986480722847414
143.0 1.0878646651522939
143.0 1.1020975943856643
143.0 1.0958861786461833
143.0 1.0991063181206646
143.0 1.096542739139978
143.0 1.0965115047352925
143.0 1.1050117314739145
143.0 1.10515133946003
143.0 1.0987796592340904
143.0 1.1074060062060644
143.0 1.1045412057020656
143.0 1.0949884775537768
143.0 1.1051305165235754
143.0 1.102281924529228
143.0 1.1039117871499116
143.0 1.1026899814917108
143.0 1.1065467082659224
143.0 1.1112912466280729
143.0 1.1022121205361666
143.0 1.1033834069954982
143.0 1.1024169180885435
143.0 1.0987977614136542
143.0 1.1046511174257692
143.0 1.103775255448329
143.0 1.113051843908914
143.0 1.1131549146636746
143.0 1.1038346479731616
143.0 1.1084276287386925
143.0 1.1141582711274185
143.0 1.1088804078586239
143.0 1.1074345198538624
143.0 1.1069848170184664
143.0 1.1021839624160215
143.0 1.1036356474622093
143.0 1.10842183169727
143.0 1.1009845178365436
143.0 1.1155992143799471
143.0 1.1077982101865407
143.0 1.1189156113892527
143.0 1.1176344132062221
143.0 1.1103455806575717
143.0 1.1124169586407662
143.0 1.1156586069047798
143.0 1.1144502889993408
143.0 1.1109988984307195
143.0 1.112394267236611
143.0 1.1235664465373516
143.0 1.1129049007391023
143.0 1.1130953582495242
143.0 1.1173895079232037
143.0 1.115663551657013
143.0 1.1106217203452748
143.0 1.114447212714805
143.0 1.1148510107781309
143.0 1.1163265950453087
143.0 1.1098070916113603
143.0 1.1202396380598187
143.0 1.1218116462979386
143.0 1.1206256894712203
143.0 1.119858201075215
143.0 1.1190313201543787
143.0 1.1200259671814827
143.0 1.117733913461696
143.0 1.1182653699006433
143.0 1.1191886747924202
143.0 1.1167408045768599
143.0 1.1251014233293646
143.0 1.112079557960533
143.0 1.1181778192556646
143.0 1.1136426928726915
143.0 1.1197988085503905
143.0 1.1124922293498172
143.0 1.1117232028115451
143.0 1.1122338363140356
143.0 1.114312963500867
143.0 1.1210472341864677
143.0 1.123094382623239
143.0 1.1155591066493018
143.0 1.113523907823029
143.0 1.1141799463530644
143.0 1.1109942840039135
143.0 1.1118464106496824
143.0 1.1137391168436286
143.0 1.1150172387421267
143.0 1.1099907636508501
143.0 1.1242047384154632
143.0 1.1168265650820064
143.0 1.120495630222947
143.0 1.1245877135423343
143.0 1.122948977595691
143.0 1.120195271430014
143.0 1.1180397494118124
143.0 1.1177755593346066
143.0 1.1206272276134903
143.0 1.124225561351923
143.0 1.1252869360875495
143.0 1.1254041829949448
143.0 1.1251384547754713
143.0 1.1262785068301175
143.0 1.1258064429160028
143.0 1.1264269881421969
143.0 1.1276264327216747
143.0 1.126033601547101
143.0 1.125365613406572
143.0 1.1266244505108798
143.0 1.1263884185538218
143.0 1.125699607476836
143.0 1.125680322682648
143.0 1.1219038113697208
143.0 1.1215786906254162
143.0 1.1139969879156553
143.0 1.1149153480551983
143.0 1.1171727607603348
143.0 1.1197482893515167
143.0 1.1243516815852794
143.0 1.126012778610646
143.0 1.12313449035388
143.0 1.1201086875120363
143.0 1.1184438778005727
143.0 1.1198254285282694
143.0 1.114160661558878
143.0 1.1150365235363202
143.0 1.1183058079567225
143.0 1.113200276216977
143.0 1.1270698944471167
143.0 1.1211853040303212
143.0 1.1189021236364944
143.0 1.1194736878060838
143.0 1.1194455296859323
143.0 1.1210175379240517
143.0 1.1178496222268235
143.0 1.1201682959244923
143.0 1.114269035140313
143.0 1.1113187748406537
143.0 1.1125545065208622
143.0 1.1191782633241916
143.0 1.1214035893354566
143.0 1.1240786181821119
143.0 1.1218355455189282
143.0 1.1214807285122066
143.0 1.1249899734633904
143.0 1.1223727989992973
143.0 1.1253625371220313
143.0 1.125836139178415
143.0 1.1264269881421956
143.0 1.1298398091224413
143.0 1.1311684502198096
143.0 1.1305687279300707
143.0 1.1315707101408665
143.0 1.1318364383603399
143.0 1.1324272873241181
143.0 1.132021951118527
143.0 1.129308352683494
143.0 1.1271632421335165
143.0 1.12554804988022
143.0 1.1270934381404591
143.0 1.1236493827555294
143.0 1.1263259497444547
143.0 1.1245534028531197
143.0 1.1214522148644142
143.0 1.1224468618915182
143.0 1.1223192035158955
143.0 1.124973409426097
143.0 1.1348111505880454
143.0 1.1286514089130522
143.0 1.125202222769693
143.0 1.1304398617376121
143.0 1.1271316522011914
143.0 1.1293716485798424
143.0 1.1246807057010977
143.0 1.1311322458606823
143.0 1.1295810605590189
143.0 1.1240528252912114
143.0 1.1228383548167045
143.0 1.1157944275510778
143.0 1.1099613725116604
143.0 1.0892399558146038
143.0 1.084805268665102
143.0 1.0935703643925165
143.0 1.0981628509433008
143.0 1.0875617138483893
143.0 1.0947450852108205
143.0 1.0866541232515141
143.0 1.0990137975212386
143.0 1.0966367474772523
143.0 1.0973680567163375
143.0 1.1003280985766541
143.0 1.0916993611732193
143.0 1.099319633471359
143.0 1.09544362190296
143.0 1.0986516453308257
143.0 1.0974313778148928
143.0 1.0948677988342086
143.0 1.0868010664213281
143.0 1.0862858184920348
143.0 1.092903586615617
143.0 1.0950263360868702
143.0 1.092937897304833
143.0 1.0932302455021872
143.0 1.0942267609969898
143.0 1.088686245793257
143.0 1.0826733367974657
143.0 1.088240618113096
143.0 1.0896952160019924
143.0 1.088505045780432
143.0 1.088755005858799
143.0 1.086450316675435
143.0 1.094960624556851
143.0 1.0852921876434414
143.0 1.0803865577078537
143.0 1.0866703317611717
143.0 1.0861878563788276
143.0 1.0962940465171367
143.0 1.0807679946924549
143.0 1.0826431181238003
143.0 1.084448082034443
143.0 1.0845178860275022
143.0 1.0894626075152205
143.0 1.0832902833278757
143.0 1.088918018851157
143.0 1.0758498931826148
143.0 1.080469493926032
143.0 1.0808867797421189
143.0 1.0846486206876595
143.0 1.0798817212467884
143.0 1.0912706477103975
143.0 1.0949137036062755
143.0 1.0807058814107335
143.0 1.086364495811053
143.0 1.0842564167071846
143.0 1.0803865577078526
143.0 1.0846247214666689
143.0 1.0814390591175203
143.0 1.0889966961701751
143.0 1.0853509195174065
143.0 1.0781747194493543
143.0 1.0813340921460532
143.0 1.0837515802461204
143.0 1.0749622454840029
143.0 1.059604290091017
143.0 1.0727968036655262
143.0 1.0721400792824158
143.0 1.0722854565609539
143.0 1.0801345617727625
143.0 1.073141017565693
143.0 1.0694326359632431
143.0 1.071559255963415
143.0 1.0720091504371356
143.0 1.0752970892966618
