135.0 1.1505138079842268
135.0 1.196526712752789
135.0 1.1986213041038938
135.0 1.2029357547502701
135.0 1.2076024680825899
135.0 1.1948031469180562
135.0 1.2050134517386477
135.0 1.207494094501156
135.0 1.2072194929557212
135.0 1.2110955045241245
135.0 1.2167321133733655
135.0 1.201771473149201
135.0 1.2095813506685675
135.0 1.2127581396917568
135.0 1.2086476343085646
135.0 1.2087247734853168
135.0 1.2024113031695833
135.0 1.2086757924287137
135.0 1.211716049750317
135.0 1.2140362615902536
135.0 1.2110970426663903
135.0 1.2125710887913004
135.0 1.216328315310041
135.0 1.2148913006312378
135.0 1.2103785353269894
135.0 1.2129154943297966
135.0 1.215541542119848
135.0 1.2138002296331944
135.0 1.2128175322165877
135.0 1.2123855760331161
135.0 1.2134380774427818
135.0 1.2057157505683942
135.0 1.2143420975403703
135.0 1.2172828546065013
135.0 1.2129467287344775
135.0 1.2123365949765126
135.0 1.2145098636466365
135.0 1.214126888519768
135.0 1.2171062151742758
135.0 1.2205190361545208
135.0 1.2205977134735395
135.0 1.2206169982677264
135.0 1.2202043268784437
135.0 1.2174787788329149
135.0 1.2170676455858984
135.0 1.2176079753508051
135.0 1.2188251665822047
135.0 1.2216991959398105
135.0 1.213202045485725
135.0 1.2058954662851546
135.0 1.213614716875009
135.0 1.2197916554891592
135.0 1.2147354841354683
135.0 1.2112528591621627
135.0 1.2230070141007234
135.0 1.2156692004954701
135.0 1.214165458108144
135.0 1.2187777236678685
135.0 1.213834870647848
135.0 1.2162511761332908
135.0 1.212394449359077
135.0 1.2148141614544852
135.0 1.2203913777788968
135.0 1.2213948981319593
135.0 1.2216101071525634
135.0 1.223094564745701
135.0 1.2171150885002338
135.0 1.2194754080708141
135.0 1.2236661289152928
135.0 1.2237833758226881
135.0 1.2242955474674473
135.0 1.224786896175752
135.0 1.2217585884646411
135.0 1.218945489774134
135.0 1.2094151227045704
135.0 1.2124345570897204
135.0 1.2176376716132211
135.0 1.2065827392198762
135.0 1.2087070268333946
135.0 1.219616884524633
135.0 1.219435300340171
135.0 1.2148720158370505
135.0 1.2134454126264747
135.0 1.2140451349162145
135.0 1.2199000290705933
135.0 1.2203705548424415
135.0 1.2191398758582799
135.0 1.220980688600407
135.0 1.221463163982752
135.0 1.2195452120638732
135.0 1.2188267047244719
135.0 1.215830706088855
135.0 1.207526675409782
135.0 1.2243445285240513
135.0 1.2270596651013506
135.0 1.2236942870354401
135.0 1.2192764075598632
135.0 1.2207134222386662
135.0 1.221374075195504
135.0 1.2239125723405773
135.0 1.2264302465491947
135.0 1.2232534575260074
135.0 1.2217778732588287
135.0 1.2202725927292344
135.0 1.2220139052158874
135.0 1.2220925825349065
135.0 1.2227324125552888
135.0 1.2241678890918246
135.0 1.2237640910285004
135.0 1.2249442508137898
135.0 1.2261244105990787
135.0 1.2241277813611806
135.0 1.2249442508137898
135.0 1.2220925825349067
135.0 1.223449381752423
135.0 1.2173690309985314
135.0 1.217820108086872
135.0 1.2186500652922427
135.0 1.2222692219671318
135.0 1.2236244830423797
135.0 1.2217659236483316
135.0 1.2234968246667572
135.0 1.2164783070153797
135.0 1.2226861522555768
135.0 1.2223374878179247
135.0 1.2234004006958188
135.0 1.22684291793848
135.0 1.229600030714123
135.0 1.2229419459137607
135.0 1.2329677992114922
135.0 1.2298696875073234
135.0 1.227144139461797
135.0 1.2190388374605414
135.0 1.2142202362061734
135.0 1.2096866479654667
135.0 1.202032586941868
135.0 1.206489036005822
135.0 1.2061936115239316
135.0 1.2038969993228505
135.0 1.2143449821865786
135.0 1.2205174980122508
135.0 1.2246769844520482
135.0 1.226802810207835
135.0 1.2214230562521056
135.0 1.2242554397368017
135.0 1.2230648684832852
135.0 1.2197797058786621
135.0 1.2252485486216373
135.0 1.2264094236127383
135.0 1.2239985848432886
135.0 1.2245493260764235
135.0 1.228640546665428
135.0 1.2267418795407365
135.0 1.224893731614916
135.0 1.224391971438385
135.0 1.227273335979683
135.0 1.2240089963115164
135.0 1.2273327285045161
135.0 1.2296143707560756
135.0 1.2256508085426945
135.0 1.2217659236483325
135.0 1.2214111066416136
135.0 1.2237417299497775
135.0 1.224657699657859
135.0 1.229436193181582
135.0 1.215499896246936
135.0 1.221292321591951
135.0 1.2184109570506532
135.0 1.2189898564039343
135.0 1.205089683128194
135.0 1.1967737695098515
135.0 1.2010106900293187
135.0 1.207652109790061
135.0 1.212345112774829
135.0 1.2119131565913588
135.0 1.2048321978796193
135.0 1.2115390547904492
135.0 1.204842609347849
135.0 1.2044685075469386
135.0 1.1963335092832676
135.0 1.1886948044801318
135.0 1.1807861645566762
135.0 1.1698679709081743
135.0 1.1758014497761182
135.0 1.1828187570638655
135.0 1.1764547675492623
135.0 1.1764370208973425
135.0 1.1827474149285404
135.0 1.1777745353206714
135.0 1.1897527726057922
135.0 1.1789338721695026
135.0 1.1827658474335387
135.0 1.1811842800163803
135.0 1.180848747803846
135.0 1.1763656787620154
135.0 1.1850008990599519
135.0 1.1731815545551298
135.0 1.1810091787264227
135.0 1.1793658283529755
135.0 1.1774077687034519
135.0 1.1823629016594026
135.0 1.174455062026828
135.0 1.1769654010517525
135.0 1.1838222774169305
135.0 1.1771836863568912
135.0 1.1714861468405535
135.0 1.1572920749638818
135.0 1.1632864007343753
135.0 1.1630739542725943
135.0 1.1730379599504832
135.0 1.1616098360902263
135.0 1.1633688952288
135.0 1.1666972418486012
135.0 1.1616931278360516
135.0 1.169259638214666
135.0 1.1731429849667623
135.0 1.1786592706240744
135.0 1.1732185860012443
135.0 1.167760154726498
135.0 1.1732764403838116
135.0 1.16377576957666
135.0 1.1739178085464599
135.0 1.1745931318706806
135.0 1.1669629700680748
135.0 1.1670609321812846
135.0 1.1680821991862664
135.0 1.1586038894578423
135.0 1.161347184155291
135.0 1.1605931835120458
135.0 1.1667894069203848
135.0 1.1638590613224793
135.0 1.164400929229652
135.0 1.165266379738867
135.0 1.176034760976285
135.0 1.1655660631199107
135.0 1.1627753255081321
135.0 1.165300334900443
135.0 1.1664658243183446
135.0 1.1681223069169093
135.0 1.1675434075636244
135.0 1.1622141728067654
135.0 1.1562258232353415
135.0 1.1629785849182424
135.0 1.1669421471316217
135.0 1.1614154500060794
135.0 1.1640503711220942
135.0 1.1653508540993134
135.0 1.174634777743593
135.0 1.1590165608471312
135.0 1.1695801445321667
135.0 1.1587911042476153
135.0 1.1646400097222454
135.0 1.1603240209335983
135.0 1.161252298326618
