214.00000000000003 0.8335616631918619
214.00000000000003 0.8692341791947655
214.00000000000003 0.8740917016179544
214.00000000000003 0.8742907021289011
214.00000000000003 0.88039852260307
214.00000000000003 0.8523283614155709
214.00000000000003 0.8756577463785304
214.00000000000003 0.8737865515209132
214.00000000000003 0.8834981724495051
214.00000000000003 0.8742374621731407
214.00000000000003 0.8684156708911441
214.00000000000003 0.8632832126498915
214.00000000000003 0.8833665855001563
214.00000000000003 0.8805445857346844
214.00000000000003 0.8832722216352432
214.00000000000003 0.874854931114801
214.00000000000003 0.8797877029920266
214.00000000000003 0.8856760555464327
214.00000000000003 0.8776270697854714
214.00000000000003 0.8818772889992921
214.00000000000003 0.8836224242151605
214.00000000000003 0.8774832029001961
214.00000000000003 0.8803654197306862
214.00000000000003 0.8791161418054153
214.00000000000003 0.8841762417328294
214.00000000000003 0.8789033232162693
214.00000000000003 0.8830315752513787
214.00000000000003 0.8871852646497501
214.00000000000003 0.8811788128987624
214.00000000000003 0.868976137739429
214.00000000000003 0.8814452269713092
214.00000000000003 0.8825267387903138
214.00000000000003 0.8868528087217539
214.00000000000003 0.8900041603816833
214.00000000000003 0.891341344479581
214.00000000000003 0.8844685899301825
214.00000000000003 0.8840485833572052
214.00000000000003 0.8859545856655903
214.00000000000003 0.879575570255955
214.00000000000003 0.8830762974088271
214.00000000000003 0.8851084199505668
214.00000000000003 0.8822791127504056
214.00000000000003 0.8921419357479689
214.00000000000003 0.8915406753159624
214.00000000000003 0.8771353907517342
214.00000000000003 0.8790429312023883
214.00000000000003 0.8914292254499926
214.00000000000003 0.8924450231921851
214.00000000000003 0.8843440078390948
214.00000000000003 0.8899732815046443
214.00000000000003 0.8858165158217389
214.00000000000003 0.8929229118967361
214.00000000000003 0.8929348615072309
214.00000000000003 0.8956854913883731
214.00000000000003 0.8885258553576136
214.00000000000003 0.8744661589465037
214.00000000000003 0.8905209464532461
214.00000000000003 0.8819242957436848
214.00000000000003 0.8770817952683302
214.00000000000003 0.8876619429906725
214.00000000000003 0.8781247652479639
214.00000000000003 0.8882300753480827
214.00000000000003 0.8899258385903078
214.00000000000003 0.8852063820637731
214.00000000000003 0.8784578792800307
214.00000000000003 0.892618422450561
214.00000000000003 0.8953171866288896
214.00000000000003 0.8901750027724846
214.00000000000003 0.8984584823482368
214.00000000000003 0.8933741528743956
214.00000000000003 0.890589212304037
214.00000000000003 0.8889042160576802
214.00000000000003 0.8866449348848449
214.00000000000003 0.880868718049484
214.00000000000003 0.8891062928531679
214.00000000000003 0.8850077370804732
214.00000000000003 0.8803434141796098
214.00000000000003 0.893426210215539
214.00000000000003 0.8689367410640798
214.00000000000003 0.8934142606050427
214.00000000000003 0.883640526394726
214.00000000000003 0.8848696672366206
214.00000000000003 0.8861373776668903
214.00000000000003 0.8959141881617392
214.00000000000003 0.8959454225664217
214.00000000000003 0.8960032769489886
214.00000000000003 0.8906704439438381
214.00000000000003 0.8955370100763
214.00000000000003 0.8943807495119995
214.00000000000003 0.8908105738937138
214.00000000000003 0.8897862306041947
214.00000000000003 0.8863108545732749
214.00000000000003 0.8897817800667108
214.00000000000003 0.8846440467477897
214.00000000000003 0.8863853592344401
214.00000000000003 0.8903704327841485
214.00000000000003 0.8981067416260525
214.00000000000003 0.8976450891801642
214.00000000000003 0.8999163199634975
214.00000000000003 0.8992676166171548
214.00000000000003 0.9006437006288596
214.00000000000003 0.8978483485902722
214.00000000000003 0.895332212523921
214.00000000000003 0.8956766180624155
214.00000000000003 0.8937883624059523
214.00000000000003 0.8912112956725023
214.00000000000003 0.8910049599778603
214.00000000000003 0.88815175355671
214.00000000000003 0.885810718780318
214.00000000000003 0.8842090142797844
214.00000000000003 0.88357959572763
214.00000000000003 0.8807472122429327
214.00000000000003 0.8782399495025418
214.00000000000003 0.8790668304233772
214.00000000000003 0.8836478615784165
214.00000000000003 0.8908257597308624
214.00000000000003 0.8949511058647533
214.00000000000003 0.8975529241083828
214.00000000000003 0.9025319562853222
214.00000000000003 0.9056003717270751
214.00000000000003 0.9088766610057374
214.00000000000003 0.9143929466630489
214.00000000000003 0.9136729011813803
214.00000000000003 0.9173707351752874
214.00000000000003 0.9207064169787809
214.00000000000003 0.919360029229492
214.00000000000003 0.91635987963853
214.00000000000003 0.9154751443351298
214.00000000000003 0.9061777329380871
214.00000000000003 0.9088053188704063
214.00000000000003 0.9084150085598435
214.00000000000003 0.9127719573683225
214.00000000000003 0.9103032642163073
214.00000000000003 0.9114344429449932
214.00000000000003 0.9108050243928403
214.00000000000003 0.9074218996750093
214.00000000000003 0.9087401293041505
214.00000000000003 0.9110217715557117
214.00000000000003 0.9030720424135943
214.00000000000003 0.9033711171420858
214.00000000000003 0.8988310460068772
214.00000000000003 0.8983605202350293
214.00000000000003 0.9003571494729264
214.00000000000003 0.8996980346583549
214.00000000000003 0.8985668559296675
214.00000000000003 0.9013398468895315
214.00000000000003 0.9028925703334624
214.00000000000003 0.9008870677696039
214.00000000000003 0.8998048700975224
214.00000000000003 0.8964024605855024
214.00000000000003 0.8968448282372031
214.00000000000003 0.8981052034837785
214.00000000000003 0.8950576109784796
214.00000000000003 0.8953619087863289
214.00000000000003 0.8943375654968115
214.00000000000003 0.8962169478273144
214.00000000000003 0.8941994956529622
214.00000000000003 0.8920366384510631
214.00000000000003 0.8924597213085761
214.00000000000003 0.893540380838391
214.00000000000003 0.893482526455827
214.00000000000003 0.8939248941075274
214.00000000000003 0.8967364546557681
214.00000000000003 0.8943865465534168
214.00000000000003 0.8940421410149247
214.00000000000003 0.8959793777279913
214.00000000000003 0.8958902889407444
214.00000000000003 0.8961737638121392
214.00000000000003 0.8959481433233076
214.00000000000003 0.8879660491601915
214.00000000000003 0.8884121299454846
214.00000000000003 0.8889928110776665
214.00000000000003 0.8917200355050784
214.00000000000003 0.8938014946310636
214.00000000000003 0.8869920611802242
214.00000000000003 0.8883399870717809
214.00000000000003 0.8833787015467622
214.00000000000003 0.8836548412344645
214.00000000000003 0.8775623769807603
214.00000000000003 0.8854046715194359
214.00000000000003 0.8751082185033141
214.00000000000003 0.8677670885014419
214.00000000000003 0.8773063309962672
214.00000000000003 0.8734812123323457
214.00000000000003 0.8689341363388773
214.00000000000003 0.8720812290996512
214.00000000000003 0.872669001778895
214.00000000000003 0.8703221699610768
214.00000000000003 0.8752298600026904
214.00000000000003 0.8793715997905648
214.00000000000003 0.8749004803592257
214.00000000000003 0.8802015569959363
214.00000000000003 0.8841504488419323
214.00000000000003 0.8919232949151875
214.00000000000003 0.8831218466532545
214.00000000000003 0.8824403707599635
214.00000000000003 0.8838164547716664
214.00000000000003 0.8943757795575519
214.00000000000003 0.8893003234096699
214.00000000000003 0.8872093025578521
214.00000000000003 0.8858470366243403
214.00000000000003 0.8856437772142353
214.00000000000003 0.8869106353553169
214.00000000000003 0.882464764195703
214.00000000000003 0.8826304979449501
214.00000000000003 0.8825101747530195
214.00000000000003 0.873867350092657
214.00000000000003 0.8660913466145579
214.00000000000003 0.8681801317815556
214.00000000000003 0.8659213184417465
214.00000000000003 0.8775014463136664
214.00000000000003 0.8704945504941435
214.00000000000003 0.8720356798552237
214.00000000000003 0.877488314088547
214.00000000000003 0.879847095516859
214.00000000000003 0.8757886474748036
214.00000000000003 0.8789581013142997
214.00000000000003 0.8789669746402631
214.00000000000003 0.8812960598061601
214.00000000000003 0.8833817778313034
214.00000000000003 0.8714718063969703
214.00000000000003 0.8730229916986322
214.00000000000003 0.8700702850220075
214.00000000000003 0.8759116914236257
214.00000000000003 0.8793958545391994
214.00000000000003 0.8691990374713714
214.00000000000003 0.8828352954973255
214.00000000000003 0.8693340310306853
214.00000000000003 0.8805922228341412
214.00000000000003 0.8689213596414035
214.00000000000003 0.876170084459407
214.00000000000003 0.8706433873338698
214.00000000000003 0.8760142679636379
214.00000000000003 0.8661394953555763
214.00000000000003 0.8731016690176492
214.00000000000003 0.8785466125396376
214.00000000000003 0.8672618007583027
214.00000000000003 0.8771246237558662
214.00000000000003 0.8740442587036196
214.00000000000003 0.8740650816400742
214.00000000000003 0.8716303436496299
214.00000000000003 0.8718783252171877
214.00000000000003 0.8792192151069717
214.00000000000003 0.8721100982750889
214.00000000000003 0.8708408497025492
214.00000000000003 0.8753551531490652
214.00000000000003 0.8736211758461068
214.00000000000003 0.8748830892349542
214.00000000000003 0.8766776416773627
214.00000000000003 0.8690416828333328
214.00000000000003 0.8718324204451189
214.00000000000003 0.8734518715975721
214.00000000000003 0.8653184114761707
214.00000000000003 0.8635458645848352
