195.0 0.9573037529611891
195.0 0.9950291156604858
195.0 0.996005330182593
195.0 1.0022329518849333
195.0 1.000988976786333
195.0 0.9906936478925389
195.0 0.9997343985811823
195.0 1.0000521841417942
195.0 1.0082288282783778
195.0 1.0043072422633397
195.0 1.0084648602354336
195.0 0.9992969756817177
195.0 1.0102077108643546
195.0 1.0068943901395833
195.0 1.0100831287732666
195.0 1.009648096305259
195.0 1.0134438924123736
195.0 0.9985380302862397
195.0 1.009018677753104
195.0 1.006450484345618
195.0 1.0065411112751304
195.0 1.002357725614344
195.0 1.0043632281782042
195.0 1.0074821628188286
195.0 1.008567436775444
195.0 1.0082349808474478
195.0 1.0119891310816513
195.0 1.009616861900578
195.0 1.0122267011809774
195.0 1.007969252627974
195.0 1.0091582857392234
195.0 1.0126651402589522
195.0 1.01959574919091
195.0 1.0100414829003588
195.0 1.0124989122949524
195.0 1.006028939630372
195.0 1.0141654760363101
195.0 1.0170364291093812
195.0 1.013305822568525
195.0 1.0147621220415146
195.0 1.0094521720788456
195.0 1.0145974322197848
195.0 1.0153930787359373
195.0 1.0137215702423419
195.0 1.0156202373670324
195.0 1.0138195323555508
195.0 1.0151096038645429
195.0 1.0185497306757478
195.0 1.0137632161152523
195.0 1.014717755411712
195.0 1.0139710899521623
195.0 1.015789541615569
195.0 1.0135464689523828
195.0 1.0191726663333962
195.0 1.0209629598766552
195.0 1.0142545648235586
195.0 1.007930683039595
195.0 1.0226730379586233
195.0 1.015360470078305
195.0 1.0076441318836658
195.0 1.0199964709697003
195.0 1.0128487845494363
195.0 1.018139449717918
195.0 1.015551971516245
195.0 1.0124330368756178
195.0 1.0050774766184438
195.0 1.0166060110681754
195.0 1.0163595676428911
195.0 1.01363555773963
195.0 1.0160151621043951
195.0 1.0054797365395005
195.0 1.0190538812837358
195.0 1.0207566241820105
195.0 1.0146568247446122
195.0 1.0205238349456032
195.0 1.002038757439106
195.0 1.0145989703620528
195.0 1.0090722732365096
195.0 1.015247673708395
195.0 1.019618440595068
195.0 1.0262150554567588
195.0 1.0235593114042916
195.0 1.0269914171787276
195.0 1.01591719999119
195.0 1.0228126459447417
195.0 1.0213474731457928
195.0 1.016929235595776
195.0 1.0188074378584508
195.0 1.0234405263546293
195.0 1.0240120905242212
195.0 1.0221238348677577
195.0 1.019253462250746
195.0 1.0208639668239192
195.0 1.0308273210164849
195.0 1.0282710772194907
195.0 1.0309950871227498
195.0 1.033980896671758
195.0 1.0364326954610437
195.0 1.0340145215079006
195.0 1.0343292307839778
195.0 1.0348799720171122
195.0 1.0347226173790736
195.0 1.035588067888286
195.0 1.0357454225263243
195.0 1.0366108730355368
195.0 1.0362961637594603
195.0 1.036689550354557
195.0 1.035902777164364
195.0 1.0341718761459393
195.0 1.0343292307839778
195.0 1.033463780274766
195.0 1.0303953648330133
195.0 1.0262254669249897
195.0 1.0272482720722405
195.0 1.0248968258276203
195.0 1.0204567621506284
195.0 1.0213894493441356
195.0 1.0242554576649723
195.0 1.0243757808569005
195.0 1.022398436413191
195.0 1.0246415090763756
195.0 1.0247363949050485
195.0 1.0210755923572477
195.0 1.025505421443319
195.0 1.0264302644773653
195.0 1.0256835990178157
195.0 1.0251432692529077
195.0 1.0228215192707037
195.0 1.019530204097013
195.0 1.0170422261508096
195.0 1.017655436193309
195.0 1.0167232579755718
195.0 1.0203231298562725
195.0 1.0210802067840514
195.0 1.0221624044561342
195.0 1.0174521767832028
195.0 1.0194977870777038
195.0 1.0193508439078944
195.0 1.0199207342423988
195.0 1.0213616215494226
195.0 1.0185772029428195
195.0 1.0183812787164046
195.0 1.0151956163672557
195.0 1.0206243513795878
195.0 1.0215596058818592
195.0 1.023358772751075
195.0 1.0256107187402197
195.0 1.0198078819269791
195.0 1.0211052886196645
195.0 1.0210860038254788
195.0 1.0238991025159851
195.0 1.0244097360184765
195.0 1.0234567348642853
195.0 1.0245775021247434
195.0 1.0248729266066328
195.0 1.026476169249435
195.0 1.0252751865276908
195.0 1.0237714441403631
195.0 1.0211839659386865
195.0 1.0209583454498559
195.0 1.0186959879924833
195.0 1.0250391545706303
195.0 1.0199548250967916
195.0 1.0221385052351426
195.0 1.025943174668217
195.0 1.023239987701413
195.0 1.0206717942939252
195.0 1.0205233129818467
195.0 1.014200969340154
195.0 1.0086969636187715
195.0 1.0000700946830363
195.0 0.9947174826689458
195.0 1.0080059285464391
195.0 1.008009004830976
195.0 1.0059128753376043
195.0 1.008708227376189
195.0 1.0074285673354246
195.0 1.0111328842238354
195.0 1.0115822567337938
195.0 1.0112972437201342
195.0 1.0045896861952084
195.0 0.9899875479148594
195.0 0.9903690534675197
195.0 0.9998809836765598
195.0 1.0053610901769505
195.0 1.0066105597405477
195.0 1.00434666414091
195.0 1.0064293058815161
195.0 1.0106690077826008
195.0 0.9945208725894537
195.0 1.0031827128652724
195.0 1.0015127425139456
195.0 1.0021436992083685
195.0 0.995349291652558
195.0 1.0061014643803226
195.0 1.0106319763364893
195.0 1.0033912725552585
195.0 1.0030171707543487
195.0 1.013891535141744
195.0 1.0102015582952872
195.0 0.9978951239813276
195.0 1.0029111876043713
195.0 1.0073942566462035
195.0 0.9882606422294835
195.0 0.989314681781417
195.0 0.9960438997709707
195.0 0.9816602181485347
195.0 0.981299924379631
195.0 0.9904896131959743
195.0 0.9925598727957106
195.0 0.987984502541784
195.0 0.985697063248796
195.0 0.9969093502801852
195.0 0.9820956532258315
195.0 0.9931937696343532
195.0 0.9912935643673942
195.0 0.9910428620429513
195.0 0.9882683329408208
195.0 0.9894824478876827
195.0 0.9888086627057292
195.0 0.9929696872877899
195.0 0.9919036981253643
195.0 0.9895568663075464
195.0 0.982701528084638
195.0 0.9923001610049956
195.0 0.9955868617518832
195.0 0.9968055911255459
195.0 0.9990189675263166
195.0 0.9840108843878151
195.0 0.9905885447807528
195.0 0.9933838968193441
195.0 0.9934016434712619
195.0 0.9867125332123547
195.0 0.9858277979089548
195.0 0.9876211677367458
195.0 0.9860163869516767
195.0 0.9920031983808386
195.0 0.9929816368982876
195.0 0.9784945987305057
195.0 0.9876805602615778
195.0 0.989721556129279
195.0 0.9857876901783116
195.0 0.9868297801197492
195.0 0.9794638083943545
195.0 0.9905291522559221
195.0 0.9809810385344427
195.0 0.9890327450522944
195.0 0.9928671107477848
195.0 0.9828558064381393
195.0 0.9856897280651037
195.0 0.9835534908410885
195.0 0.9903999557380394
195.0 0.9810936710150362
195.0 0.9829611037350402
