79.0 1.6260996215260648
79.0 1.6464409169991667
79.0 1.6564464242673829
79.0 1.6534670976128758
79.0 1.6543221366538605
79.0 1.6457551822067173
79.0 1.6533483125632131
79.0 1.6512730060062935
79.0 1.6528079827983062
79.0 1.657184216400972
79.0 1.6532221923298585
79.0 1.6517361965944508
79.0 1.6546295107462452
79.0 1.6594658586525322
79.0 1.6597524098084595
79.0 1.6599498721771435
79.0 1.66004783429035
79.0 1.6534670976128756
79.0 1.6597034287518584
79.0 1.6566246018418778
79.0 1.6587994086542688
79.0 1.6544231750516036
79.0 1.6606861261684651
79.0 1.6607366453673347
79.0 1.6610987975577498
79.0 1.6587978705120012
79.0 1.656713690629122
79.0 1.6633626931573882
79.0 1.6616302539966965
79.0 1.6607559301615233
79.0 1.6583956105909439
79.0 1.6563291773599864
79.0 1.6586894969305659
79.0 1.6581491671656596
79.0 1.6537521106265365
79.0 1.6548535930928066
79.0 1.6579220085345596
79.0 1.657026861762933
79.0 1.6561124301971177
79.0 1.6605881640552587
79.0 1.6596633210212142
79.0 1.661689646521529
79.0 1.6612873866004716
79.0 1.6596737324894415
79.0 1.664296409517393
79.0 1.6622106914922474
79.0 1.66080337307586
79.0 1.6655745314158903
79.0 1.6640410927661466
79.0 1.660972677324394
79.0 1.6630969649379164
79.0 1.6613957601819054
79.0 1.6609044114736018
79.0 1.6614150449760936
79.0 1.666588463237181
79.0 1.657441071294484
79.0 1.6564687853461066
79.0 1.6642088588724142
79.0 1.657607299258484
79.0 1.6642370169925627
79.0 1.6575671915278398
79.0 1.6550228973413412
79.0 1.6592105419012855
79.0 1.6597998527227966
79.0 1.6632439081077255
79.0 1.6606965376366918
79.0 1.6609726773243922
79.0 1.6648872584811705
79.0 1.665340037601099
79.0 1.6600671190845375
79.0 1.664925828069547
79.0 1.6645235681484893
79.0 1.6649258280695471
79.0 1.6612191207496787
79.0 1.6649658928426707
79.0 1.662044463528248
79.0 1.6630479838813101
79.0 1.6610498165011454
79.0 1.662722863137007
79.0 1.6654533559347686
79.0 1.6626040780873437
79.0 1.661392683897371
79.0 1.6656636202031359
79.0 1.6633329968949733
79.0 1.6643261057798076
79.0 1.6614536145644694
79.0 1.6630850153274195
79.0 1.6635763640357237
79.0 1.6646897961124896
79.0 1.6646793846442631
79.0 1.6592818840366126
79.0 1.6626322362074915
79.0 1.656716411386014
79.0 1.664857562218756
79.0 1.6680536360361313
79.0 1.6669610268958222
79.0 1.6567082239131306
79.0 1.660825734154583
79.0 1.6622820336275745
79.0 1.662075697932932
79.0 1.6610810509058294
79.0 1.6669506154275944
79.0 1.6660361838617785
79.0 1.667286147640127
79.0 1.6668734762508435
79.0 1.667002672768733
79.0 1.6689591942759883
79.0 1.666263342492877
79.0 1.6671095082079013
79.0 1.6672876857823955
79.0 1.6674346289522064
79.0 1.665397891983664
79.0 1.6656636202031376
79.0 1.6668541914566541
79.0 1.6644938718860756
79.0 1.6606427544621605
79.0 1.6624332356965443
79.0 1.6627540975416897
79.0 1.6628134900665195
79.0 1.6668453181306926
79.0 1.6668260333365057
79.0 1.6668453181306928
79.0 1.6593204536249848
79.0 1.6629099140374586
79.0 1.665261360282078
79.0 1.6645146948225287
79.0 1.668959194275987
79.0 1.6683891682486622
79.0 1.670592133181203
79.0 1.6680254779159802
79.0 1.6654291263883434
79.0 1.6680061931217938
79.0 1.6653994301259296
79.0 1.6664800896557437
79.0 1.6614848489691505
79.0 1.660147334545821
79.0 1.6564657090615678
79.0 1.648260906804836
79.0 1.639176592324068
79.0 1.6443003931269862
79.0 1.6540236358874334
79.0 1.657558318201877
79.0 1.6561791579056382
79.0 1.6590115413903346
79.0 1.6565162282604395
79.0 1.6536437370450996
79.0 1.6543013137174027
79.0 1.6522502367069083
79.0 1.6526876596063729
79.0 1.6518800634797237
79.0 1.6471594243385654
79.0 1.651887398663418
79.0 1.6471266517916154
79.0 1.6471964557846723
79.0 1.6461840621056505
79.0 1.646126207723088
79.0 1.6514153347493024
79.0 1.655037567708726
79.0 1.6523432540678802
79.0 1.650406017354814
79.0 1.6527736721090873
79.0 1.6508171506018325
79.0 1.6527960331878122
79.0 1.6464247084895145
79.0 1.6527293054792878
79.0 1.6462465309150183
79.0 1.6492690415847053
79.0 1.6482462364374544
79.0 1.6421271522058651
79.0 1.6417845873860686
79.0 1.636742540634197
79.0 1.634202282517745
79.0 1.6317132324475268
79.0 1.634100171995988
79.0 1.634337742095311
79.0 1.6386441717049183
79.0 1.637217568494343
79.0 1.6299649151026119
79.0 1.6323515243256397
79.0 1.6375812588270235
79.0 1.6283824953962667
79.0 1.6117661758587132
79.0 1.6101448923211712
79.0 1.6175816719373368
79.0 1.610930800941366
79.0 1.6162195976421494
79.0 1.6143763944685667
79.0 1.6128407318234759
79.0 1.6150035890253738
79.0 1.61339147305661
79.0 1.606918257671383
79.0 1.6156394904720293
79.0 1.6071092371455606
79.0 1.6137343404528361
79.0 1.5976498566836774
79.0 1.6031958386034064
79.0 1.5867314559919157
79.0 1.5952840703971065
79.0 1.600724755019934
79.0 1.5938327156763532
79.0 1.6009543040824896
79.0 1.6022747577069762
79.0 1.5996961528312574
79.0 1.6058592733672103
79.0 1.5993869102711746
79.0 1.600606986148786
79.0 1.5945194123867372
79.0 1.5862490287714865
79.0 1.582353168777221
79.0 1.5863054607391884
79.0 1.5887697311027271
79.0 1.5939979274618414
79.0 1.591435886623422
79.0 1.583768693374708
79.0 1.5808263981663102
79.0 1.597527498587937
79.0 1.5873438137452263
79.0 1.5918635839077346
79.0 1.5937429662382394
79.0 1.5890817196219094
79.0 1.5956906144195333
79.0 1.5923429830055427
79.0 1.5864171022434843
79.0 1.5878752701841745
79.0 1.593388149231518
79.0 1.5922555962498832
79.0 1.5942344788358633
79.0 1.5922502934232112
79.0 1.5848694874411096
79.0 1.584225042993923
79.0 1.5941759386002203
79.0 1.5866090978961744
79.0 1.5870989084622105
79.0 1.5985794780338474
79.0 1.5901376276415458
79.0 1.5875347932194064
79.0 1.5915577479576197
79.0 1.5822383310094996
79.0 1.5932249975520547
79.0 1.5914283850036168
79.0 1.584744219496943
79.0 1.6015941315560798
79.0 1.5905956792923435
79.0 1.5885633928612872
79.0 1.5902166327392058
79.0 1.589803961349921
79.0 1.5918584449703796
79.0 1.591016702043836
79.0 1.5884415315270917
79.0 1.5976611178943032
79.0 1.5972846256619382
79.0 1.5915430775902317
79.0 1.5968352809009851
79.0 1.590574692466577
