149.0 1.095421834464868
149.0 1.1214349859076236
149.0 1.123951121973974
149.0 1.1259654978637932
149.0 1.1248083572612975
149.0 1.1166672341775628
149.0 1.1306699284953
149.0 1.134171838262791
149.0 1.130995049239603
149.0 1.1229506779054483
149.0 1.1228438424662788
149.0 1.130558478629329
149.0 1.134909630396382
149.0 1.1215908024033956
149.0 1.1382838817882517
149.0 1.1347152443122333
149.0 1.1305542197301712
149.0 1.1308970871263975
149.0 1.1318041835085213
149.0 1.1330005518034636
149.0 1.1282131849537782
149.0 1.128900457888499
149.0 1.128431470258918
149.0 1.1305630930561308
149.0 1.1323356399474673
149.0 1.1366524810253016
149.0 1.1294245791437534
149.0 1.136523284507412
149.0 1.135404055389221
149.0 1.137332418776328
149.0 1.1387813553166168
149.0 1.134203072667474
149.0 1.132639937755318
149.0 1.1393869023967904
149.0 1.1329106107270261
149.0 1.1314181320971168
149.0 1.1396630420844915
149.0 1.1335751922575885
149.0 1.1364669682671151
149.0 1.136290328834889
149.0 1.1396734535527189
149.0 1.1404394038064571
149.0 1.1383849201859937
149.0 1.1412959809897096
149.0 1.141089645295067
149.0 1.1262863597089403
149.0 1.1353936439209917
149.0 1.1314123350556915
149.0 1.1342832881287601
149.0 1.1294943831368125
149.0 1.1324737097913185
149.0 1.1395546685030558
149.0 1.1359949043530002
149.0 1.1330911787329785
149.0 1.1373517035705158
149.0 1.1359023812067772
149.0 1.1403117454308334
149.0 1.1424063367819401
149.0 1.1422979632005057
149.0 1.1401736755869831
149.0 1.1416463474589453
149.0 1.1440689719495734
149.0 1.1464188800519253
149.0 1.1414622089537076
149.0 1.1436073195036855
149.0 1.1408728981321965
149.0 1.1340873639023488
149.0 1.1420040768608821
149.0 1.1417680449038254
149.0 1.1405092077995165
149.0 1.140460226742913
149.0 1.142131735236507
149.0 1.1427017612638302
149.0 1.1427121727320577
149.0 1.140359188345171
149.0 1.1350878079708766
149.0 1.1339774521786465
149.0 1.1415408862727259
149.0 1.1376575395206325
149.0 1.1406551347908194
149.0 1.1458889617552446
149.0 1.1419061147476752
149.0 1.1416700827906179
149.0 1.1400965364102327
149.0 1.1404112456863096
149.0 1.1389163766249422
149.0 1.1386552350832644
149.0 1.1365352341179078
149.0 1.1393884405390577
149.0 1.139781827134154
149.0 1.1442753076442154
149.0 1.1337131264086202
149.0 1.1339497882732485
149.0 1.1392102629645622
149.0 1.1417977411662394
149.0 1.142327659462918
149.0 1.144992276841347
149.0 1.145180865884068
149.0 1.1450620808344065
149.0 1.1435271040423973
149.0 1.1439605983681373
149.0 1.1426616535331846
149.0 1.1415497595986859
149.0 1.1434291419291898
149.0 1.1447265486218743
149.0 1.1445988902462512
149.0 1.1455534295427108
149.0 1.142200001087296
149.0 1.1428398311076777
149.0 1.1436266042978704
149.0 1.1429779009515273
149.0 1.143794370404137
149.0 1.1442664343182516
149.0 1.1435583384470782
149.0 1.1475219006604591
149.0 1.1415637415661968
149.0 1.1408119674650936
149.0 1.1421020389740866
149.0 1.1450130997778023
149.0 1.1446301246509338
149.0 1.1469904442215144
149.0 1.1421375322779286
149.0 1.147583791560564
149.0 1.1482462050412898
149.0 1.1508039869805502
149.0 1.1515032095257633
149.0 1.148179477332764
149.0 1.1447562448842905
149.0 1.1414549322623184
149.0 1.1402909224943796
149.0 1.139756389770897
149.0 1.1434854581694873
149.0 1.1436339394815653
149.0 1.1425918495401264
149.0 1.1420499816329517
149.0 1.141362708698233
149.0 1.142887274022016
149.0 1.1453697852522249
149.0 1.1402270794320644
149.0 1.1394392900633605
149.0 1.1358047771680069
149.0 1.1358552963668793
149.0 1.1400845867997351
149.0 1.1412261769966483
149.0 1.1406145050964143
149.0 1.1383625591072706
149.0 1.1393066869355024
149.0 1.1400548905373191
149.0 1.143625066155604
149.0 1.1432806606171109
149.0 1.140890644784116
149.0 1.1408015559968687
149.0 1.1418525192642692
149.0 1.1453143213011183
149.0 1.1456394420454223
149.0 1.1490730859621252
149.0 1.1471952417738893
149.0 1.1495436117339726
149.0 1.1444103012035298
149.0 1.1467794941000697
149.0 1.1481289581338923
149.0 1.1471358492490569
149.0 1.1449016499118334
149.0 1.1457181193644417
149.0 1.1446953142171907
149.0 1.1439872183460162
149.0 1.147882514708606
149.0 1.140179472628406
149.0 1.1345397874946306
149.0 1.1314575262256785
149.0 1.1229363815947735
149.0 1.1256730724659223
149.0 1.11946615926223
149.0 1.1231046007313086
149.0 1.1240992477584077
149.0 1.1257514714578136
149.0 1.1245905964667127
149.0 1.1211970602806536
149.0 1.1214643266423974
149.0 1.1204222367009573
149.0 1.1103616937101035
149.0 1.1040015605158973
149.0 1.101812549354372
149.0 1.0958231861512295
149.0 1.1065407178643416
149.0 1.096326154144593
149.0 1.1093896653863369
149.0 1.1010514077125542
149.0 1.1076186566372628
149.0 1.1072935358929603
149.0 1.111367009830046
149.0 1.1029782329573918
149.0 1.1066834021349947
149.0 1.1050905709604222
149.0 1.0969972185696601
149.0 1.1028178020348192
149.0 1.1037411069265992
149.0 1.1075858840903159
149.0 1.101971636319798
149.0 1.1028964793538392
149.0 1.0958853246351643
149.0 1.1084335879476097
149.0 1.1056814199241989
149.0 1.101845516086443
149.0 1.0975552949864888
149.0 1.1002615582378301
149.0 1.0974148347111818
149.0 1.08954962938102
149.0 1.0889533414502557
149.0 1.0831320721320181
149.0 1.0878656796089767
149.0 1.089132701639372
149.0 1.0978758013039915
149.0 1.0857536971335942
149.0 1.098305036730573
149.0 1.1003120774367
149.0 1.0928554787817881
149.0 1.0988661894319391
149.0 1.0969868071014344
149.0 1.0854524756102824
149.0 1.0958656817665393
149.0 1.092081835269917
149.0 1.0923781120409999
149.0 1.0876332433534157
149.0 1.094403421362801
149.0 1.086965091323565
149.0 1.0860699445519393
149.0 1.0892957146317312
149.0 1.0934656125397546
149.0 1.090395658955734
149.0 1.0866519201897584
149.0 1.0853707220067255
149.0 1.0880769852580652
149.0 1.094705164849874
149.0 1.0963678000175077
149.0 1.0936333786460182
149.0 1.0884480107744396
149.0 1.077072572063589
149.0 1.0896786897585993
149.0 1.090631690912792
149.0 1.0876404146477905
149.0 1.0811888744882066
149.0 1.0918222621663085
149.0 1.0791448023359713
149.0 1.0884370773424548
149.0 1.08909926844156
149.0 1.0851882577840644
149.0 1.0867891099954123
149.0 1.0912672342850092
149.0 1.093653321544277
149.0 1.0849534058948374
149.0 1.0888427413266828
149.0 1.0759988896430277
149.0 1.0800829414844522
