216.0 0.8504018559370495
216.0 0.8821148011872861
216.0 0.8884250243876819
216.0 0.8933878480549653
216.0 0.9019015625463475
216.0 0.8701451891968013
216.0 0.8914495951633893
216.0 0.8970991698016365
216.0 0.8982431504300086
216.0 0.8990338521939254
216.0 0.8968651979506042
216.0 0.870961902286042
216.0 0.8997426339181759
216.0 0.897518324085424
216.0 0.9027305035732109
216.0 0.8967240518222211
216.0 0.901027760674935
216.0 0.9013216470145574
216.0 0.895731628790458
216.0 0.8957500617429476
216.0 0.9045057712214374
216.0 0.8986023876784114
216.0 0.9028462123383384
216.0 0.9131857136768193
216.0 0.9081623148700784
216.0 0.9038423975077093
216.0 0.9101736144753615
216.0 0.9070642390137733
216.0 0.9002140119792154
216.0 0.886307055779341
216.0 0.8927222503458905
216.0 0.8930100093186577
216.0 0.9025731489351732
216.0 0.9004923756622609
216.0 0.9094557929890364
216.0 0.9043398987850805
216.0 0.9027158332058224
216.0 0.9047421587061393
216.0 0.9060573120507408
216.0 0.9108419581435354
216.0 0.9059400651433522
216.0 0.9093513479813246
216.0 0.9165541680272612
216.0 0.9121972192187828
216.0 0.9024960097584196
216.0 0.9106147995124381
216.0 0.9120900282519719
216.0 0.9121526609506546
216.0 0.9101115011936357
216.0 0.9154630970292172
216.0 0.9104007731064568
216.0 0.9078491437362644
216.0 0.9087280819982405
216.0 0.9212763453106882
216.0 0.9212748071684194
216.0 0.9127433460251148
216.0 0.9090501264580082
216.0 0.9122269154811975
216.0 0.9026726491906438
216.0 0.9060723379457716
216.0 0.9096179562389957
216.0 0.9092576447672754
216.0 0.9158001673840167
216.0 0.9034594223808355
216.0 0.89956258787598
216.0 0.9083812885750843
216.0 0.9033718717358579
216.0 0.9009729825769026
216.0 0.9118616870062513
216.0 0.9116063702550044
216.0 0.910464780058092
216.0 0.9122712821110011
216.0 0.911211445517641
216.0 0.9095279874135511
216.0 0.9219458715934861
216.0 0.9242764949016502
216.0 0.9185048924930903
216.0 0.925940668211549
216.0 0.9175221950764854
216.0 0.9218840886371961
216.0 0.9195662672287177
216.0 0.9219057638628435
216.0 0.9228691764852637
216.0 0.9211189906726498
216.0 0.9265878334156261
216.0 0.9196642293419274
216.0 0.9124884432938181
216.0 0.9157569833688414
216.0 0.9150519637822007
216.0 0.9111670788878392
216.0 0.9082159103534799
216.0 0.9038623681549706
216.0 0.9104901896723424
216.0 0.9160466108093046
216.0 0.9202357935115163
216.0 0.9202733469213833
216.0 0.9225976512243655
216.0 0.9127494985941886
216.0 0.9110571671641401
216.0 0.9091496267134893
216.0 0.9121393648362242
216.0 0.9105449955193832
216.0 0.9090516646002836
216.0 0.9126411250127566
216.0 0.9126114287503414
216.0 0.9110378823699552
216.0 0.9138895506488378
216.0 0.9124347893181153
216.0 0.9116376046596933
216.0 0.909985380960288
216.0 0.9105955147182538
216.0 0.910812261881122
216.0 0.9105168373992328
216.0 0.9121304915102608
216.0 0.9153531853055181
216.0 0.9282364588667397
216.0 0.9292375887883454
216.0 0.926403503272064
216.0 0.9262804593232419
216.0 0.9227102837049571
216.0 0.9178635243304413
216.0 0.9211872565234396
216.0 0.9149004061855867
216.0 0.915256761334575
216.0 0.9138004618615835
216.0 0.9121200800420297
216.0 0.9145486654634007
216.0 0.910957666908661
216.0 0.9047568290735206
216.0 0.9049558295844706
216.0 0.9093752472023132
216.0 0.9068768577878815
216.0 0.9106444957748497
216.0 0.9136639301599994
216.0 0.9123753967932747
216.0 0.9153354386535927
216.0 0.9209408130981528
216.0 0.9196032986748232
216.0 0.9153840121842469
216.0 0.9209991616954689
216.0 0.9255395909051114
216.0 0.9247215833102358
216.0 0.9191250821916362
216.0 0.920443311820777
216.0 0.9203557611757974
216.0 0.9175827702159354
216.0 0.9201494254811586
216.0 0.9196877730352688
216.0 0.9225008717257767
216.0 0.9224518906691732
216.0 0.9214884780467529
216.0 0.923387145171445
216.0 0.9248780856590874
216.0 0.9233397022571094
216.0 0.9241368869155296
216.0 0.9232313286756745
216.0 0.923045815917487
216.0 0.9229166193995967
216.0 0.9223762896346893
216.0 0.9206156923538474
216.0 0.9215405353878919
216.0 0.921696351883664
216.0 0.9228973346054082
216.0 0.924185867972132
216.0 0.9264748454073872
216.0 0.9269187512013529
216.0 0.92494294489991
216.0 0.9280009488734353
216.0 0.9219042257205727
216.0 0.9215632267920479
216.0 0.9131123955774688
216.0 0.9192807045022942
216.0 0.9197085959717268
216.0 0.9178573717613714
216.0 0.9125458836564359
216.0 0.9184154481782012
216.0 0.9192407909567699
216.0 0.9206376979049308
216.0 0.9183857519157846
216.0 0.9211734132430349
216.0 0.9040806867501973
216.0 0.8944817903303207
216.0 0.891275118133363
216.0 0.8987088701367321
216.0 0.8913635574584691
216.0 0.8982332357233297
216.0 0.901785664689691
216.0 0.9092407252023403
216.0 0.9070732535736383
216.0 0.9019314252448841
216.0 0.9052177704641295
216.0 0.900728548853223
216.0 0.9061410753559037
216.0 0.9080370217237033
216.0 0.9062987855215866
216.0 0.9034054713697932
216.0 0.9034602494678242
216.0 0.9032126234279136
216.0 0.9027613824502541
216.0 0.898739610326667
216.0 0.9035000016708231
216.0 0.8893473131009526
216.0 0.8972701786285543
216.0 0.8980504437220352
216.0 0.8966882029907395
216.0 0.8882115199454632
216.0 0.8834251727988367
216.0 0.8833473316158644
216.0 0.8778051170790894
216.0 0.8914997007898129
216.0 0.8974082484724052
216.0 0.8985124516955673
216.0 0.894126162152317
216.0 0.9081365219791798
216.0 0.9038763526692876
216.0 0.9005302593975671
216.0 0.8978938001392828
216.0 0.8917315318925212
216.0 0.8927215644928199
216.0 0.9001619546380832
216.0 0.8932040398751625
216.0 0.8959207145947343
216.0 0.89119853731131
216.0 0.890226251362925
216.0 0.8996586563192817
216.0 0.8888278062724956
216.0 0.892221342458556
216.0 0.8903018523974128
216.0 0.8835429381454423
216.0 0.882647791373819
216.0 0.8884760655503136
216.0 0.8827488297715587
216.0 0.895200669113064
216.0 0.8902945172137188
216.0 0.8872052788355065
216.0 0.8932337361375791
216.0 0.901466696514461
216.0 0.8960232911347414
216.0 0.8888991484078248
216.0 0.889255503556816
216.0 0.901658361841717
216.0 0.8955007080217574
216.0 0.888306761301778
216.0 0.8954085429499734
216.0 0.8837893815707341
216.0 0.8883275842382367
216.0 0.8827353420187927
216.0 0.8849575917455267
216.0 0.8877498674995757
216.0 0.893267691299153
216.0 0.8846563702222084
216.0 0.8816620176726693
216.0 0.8927080767400575
216.0 0.8946811622846111
