153.0 1.0930458706854473
153.0 1.1429034724229221
153.0 1.138808323260193
153.0 1.1462495656946432
153.0 1.1473599214868748
153.0 1.137200135865155
153.0 1.1456513815471712
153.0 1.1529282644853236
153.0 1.1466236674955517
153.0 1.1548492926887381
153.0 1.1506184641136155
153.0 1.1619896439253061
153.0 1.1530084799466105
153.0 1.1510295973606337
153.0 1.155272375546249
153.0 1.1545716148587672
153.0 1.1516235226089466
153.0 1.1518001620411726
153.0 1.1494383043283258
153.0 1.156195680438027
153.0 1.1501583498099959
153.0 1.1490360444072694
153.0 1.1545048871502468
153.0 1.1553109451346266
153.0 1.1511113509641873
153.0 1.1558038319851995
153.0 1.1537285254282785
153.0 1.158832139696307
153.0 1.1573476821031692
153.0 1.1573773783655854
153.0 1.1569438840398425
153.0 1.1520153710617744
153.0 1.15782128415955
153.0 1.156580193707163
153.0 1.1512855999649576
153.0 1.1516443455454026
153.0 1.1503839702988252
153.0 1.153462797208806
153.0 1.1551551286388564
153.0 1.1568771563313198
153.0 1.1593234884046122
153.0 1.1590504250014455
153.0 1.1584788608318535
153.0 1.155562333312148
153.0 1.1575941255284559
153.0 1.1583022213996264
153.0 1.1608094841400172
153.0 1.1583913101868752
153.0 1.1596798435535984
153.0 1.158293348073668
153.0 1.1582532403430243
153.0 1.1620104668617637
153.0 1.1582621136689852
153.0 1.1582324174065695
153.0 1.1571220616143383
153.0 1.1564421238633127
153.0 1.1548492926887381
153.0 1.1567984790122998
153.0 1.1572481818476943
153.0 1.160819895608247
153.0 1.16035670502009
153.0 1.1586555002640802
153.0 1.1593740076034822
153.0 1.1627779552577673
153.0 1.163622582830526
153.0 1.161655649855043
153.0 1.1601310845312593
153.0 1.1647151919708363
153.0 1.162286606549465
153.0 1.1598564829858273
153.0 1.1630614301291624
153.0 1.163624120972792
153.0 1.1595714699721649
153.0 1.15569699654603
153.0 1.1595218590079905
153.0 1.1646662109142312
153.0 1.1612429784657567
153.0 1.1541130386974159
153.0 1.1576446447273234
153.0 1.1605577378880592
153.0 1.1616363650608532
153.0 1.1602691543751107
153.0 1.161508706685232
153.0 1.159975268035489
153.0 1.1649319391337054
153.0 1.1604176356871894
153.0 1.1602669581287737
153.0 1.1630332720090162
153.0 1.1630733797396586
153.0 1.1630911263915795
153.0 1.1642223051202667
153.0 1.1565456888328287
153.0 1.1554114056231086
153.0 1.1564614086575034
153.0 1.1596902550218309
153.0 1.1597585208726215
153.0 1.1573758402233199
153.0 1.1551551286388577
153.0 1.152321207011896
153.0 1.1502964196538472
153.0 1.1505501982628252
153.0 1.1513473829212444
153.0 1.155221856347379
153.0 1.1562951806935016
153.0 1.1624809926336128
153.0 1.162993164278372
153.0 1.164232716588493
153.0 1.1624231382510493
153.0 1.1655702310118223
153.0 1.1649111161972523
153.0 1.1639075958441896
153.0 1.1633078735544506
153.0 1.1653045027923485
153.0 1.1633672660792813
153.0 1.1628936640228982
153.0 1.1619522049532494
153.0 1.1628045752356513
153.0 1.1616645231810043
153.0 1.1644984448079672
153.0 1.1632885887602606
153.0 1.1636329942987544
153.0 1.1629337717535386
153.0 1.1560260761181194
153.0 1.1579265814564492
153.0 1.1543564058381666
153.0 1.1565416241187865
153.0 1.1574961634152465
153.0 1.1590785831215946
153.0 1.15587652062447
153.0 1.1583146652248766
153.0 1.160503648189904
153.0 1.1611315285997903
153.0 1.16053180631005
153.0 1.1634725633761813
153.0 1.1625967013987404
153.0 1.1660480919673621
153.0 1.1668734347459304
153.0 1.1679170628296371
153.0 1.1630636848678007
153.0 1.164959053326337
153.0 1.161189382982351
153.0 1.1632068351567035
153.0 1.1620178020454546
153.0 1.1642207669779947
153.0 1.1644567989350527
153.0 1.1626279358034215
153.0 1.1656666549827586
153.0 1.1617030927693772
153.0 1.1592937921421926
153.0 1.161536864805378
153.0 1.1634636900502169
153.0 1.163246942887347
153.0 1.1618604474074146
153.0 1.1600894386583471
153.0 1.162135048952849
153.0 1.164021766467047
153.0 1.1644849570552014
153.0 1.1613972568192605
153.0 1.1638732851549678
153.0 1.163343366858288
153.0 1.16140613014522
153.0 1.1634428671137622
153.0 1.160757426798877
153.0 1.1630004994620613
153.0 1.1628327333557955
153.0 1.1639430891480267
153.0 1.1634339937878027
153.0 1.1564969019613407
153.0 1.1604323060545725
153.0 1.1556374123828728
153.0 1.1420878834560029
153.0 1.1388039009192088
153.0 1.143745023711143
153.0 1.1393406319883295
153.0 1.1411814447304556
153.0 1.149755734361293
153.0 1.1455962479214987
153.0 1.1384558966849294
153.0 1.1399958182291767
153.0 1.1453972474105507
153.0 1.1276534584134683
153.0 1.1249529121834412
153.0 1.109152221318581
153.0 1.1188174458071474
153.0 1.1197881936132572
153.0 1.1196072952818732
153.0 1.1305436065148762
153.0 1.1239836927738551
153.0 1.1172485138535595
153.0 1.115935228976655
153.0 1.1252616507830346
153.0 1.1140404904256866
153.0 1.1186735789218674
153.0 1.1228315272193974
153.0 1.1153008656722665
153.0 1.1196177067501007
153.0 1.1214569813499597
153.0 1.1215564816054338
153.0 1.1257263795134576
153.0 1.1206702081597673
153.0 1.1188814527587791
153.0 1.1272212485748268
153.0 1.122951850411327
153.0 1.1178987553421686
153.0 1.1219795644629433
153.0 1.1215491464217404
153.0 1.1098577906179814
153.0 1.1079842053289057
153.0 1.1040672337406716
153.0 1.100994203872112
153.0 1.0997867382558661
153.0 1.119909532983697
153.0 1.1060732582682826
153.0 1.1108829861966905
153.0 1.1059887839078386
153.0 1.1007336120432
153.0 1.1124715584721054
153.0 1.1115050695651498
153.0 1.111681708997381
153.0 1.1111398410902027
153.0 1.103756122712881
153.0 1.0982116789354217
153.0 1.120740012152826
153.0 1.1197885491409039
153.0 1.1104911377438618
153.0 1.1113878226577578
153.0 1.108691970874647
153.0 1.1113774111895294
153.0 1.1072476210121502
153.0 1.1052405803060257
153.0 1.1100622578449233
153.0 1.113562629470149
153.0 1.1073737412455031
153.0 1.1118406017776856
153.0 1.1140435667102262
153.0 1.1116832471396454
153.0 1.1118213169834965
153.0 1.1106604419923964
153.0 1.1089873953565357
153.0 1.1128425839884797
153.0 1.1077582545146418
153.0 1.1057512138085166
153.0 1.1077181467839992
153.0 1.1085747239672503
153.0 1.1089769838883041
153.0 1.1058611255322153
153.0 1.108337153867925
153.0 1.113757015554296
153.0 1.099381427252489
153.0 1.1090838193274708
153.0 1.103764996038846
153.0 1.1034606982309951
153.0 1.1045027881724316
153.0 1.1021424686018535
