249.00000000000003 0.6704133538386076
249.00000000000003 0.7145619451292127
249.00000000000003 0.7154617063276439
249.00000000000003 0.7165261573478052
249.00000000000003 0.7175370128845607
249.00000000000003 0.7132713491096678
249.00000000000003 0.7216104868216453
249.00000000000003 0.727481589485677
249.00000000000003 0.7247976873130604
249.00000000000003 0.7321740705066874
249.00000000000003 0.7279656030102885
249.00000000000003 0.73002008663075
249.00000000000003 0.7287820724628972
249.00000000000003 0.7241563191504111
249.00000000000003 0.7241312373147966
249.00000000000003 0.7246372563904874
249.00000000000003 0.7256959103692217
249.00000000000003 0.7242959271365291
249.00000000000003 0.7163136690840936
249.00000000000003 0.7289810729738462
249.00000000000003 0.7319900958907686
249.00000000000003 0.7255991308706398
249.00000000000003 0.7223081712245918
249.00000000000003 0.7213061890137955
249.00000000000003 0.7234914072944156
249.00000000000003 0.7314185317211783
249.00000000000003 0.720657485667452
249.00000000000003 0.7352054545023321
249.00000000000003 0.7288534145982245
249.00000000000003 0.732086519861708
249.00000000000003 0.7295664552216318
249.00000000000003 0.7334166991013431
249.00000000000003 0.7346755362056521
249.00000000000003 0.7357072146788642
249.00000000000003 0.7309899821476744
249.00000000000003 0.7285564519740663
249.00000000000003 0.7291962819944507
249.00000000000003 0.7295495608589031
249.00000000000003 0.7312924114878243
249.00000000000003 0.7359536581041499
249.00000000000003 0.7394154601409987
249.00000000000003 0.7370150328397771
249.00000000000003 0.7356092525656577
249.00000000000003 0.7323923558118262
249.00000000000003 0.7291071932072001
249.00000000000003 0.7300424477094745
249.00000000000003 0.7285371671798783
249.00000000000003 0.7322068430536371
249.00000000000003 0.7354414864593907
249.00000000000003 0.7323537862234482
249.00000000000003 0.7335146612145504
249.00000000000003 0.7337803894340243
249.00000000000003 0.7261783857515669
249.00000000000003 0.7311053605873647
249.00000000000003 0.734518181567614
249.00000000000003 0.7310652528567252
249.00000000000003 0.7327086032301696
249.00000000000003 0.7323152166350734
249.00000000000003 0.7326017677910022
249.00000000000003 0.7329446351872277
249.00000000000003 0.7364178648708141
249.00000000000003 0.7344098079861779
249.00000000000003 0.7304759420352144
249.00000000000003 0.7301122517025342
249.00000000000003 0.7331019898252671
249.00000000000003 0.7301612327591367
249.00000000000003 0.729954897064495
249.00000000000003 0.7316071207639013
249.00000000000003 0.7311350568497866
249.00000000000003 0.7314497661258622
249.00000000000003 0.7294041558313603
249.00000000000003 0.7311350568497846
249.00000000000003 0.7318431527209602
249.00000000000003 0.7298762197454766
249.00000000000003 0.7281195510383617
249.00000000000003 0.7342034722915385
249.00000000000003 0.7325512485921332
249.00000000000003 0.7364064372240777
249.00000000000003 0.7373505650523082
249.00000000000003 0.7302497995826265
249.00000000000003 0.7352158659705608
249.00000000000003 0.7367998238191749
249.00000000000003 0.729876219745476
249.00000000000003 0.7304269609786106
249.00000000000003 0.7320791846780156
249.00000000000003 0.7309777022117453
249.00000000000003 0.7239831140771595
249.00000000000003 0.7335740537393823
249.00000000000003 0.7367211465001554
249.00000000000003 0.733023312506249
249.00000000000003 0.7368785011381948
249.00000000000003 0.7372544714068024
249.00000000000003 0.7338923703045415
249.00000000000003 0.7348417641696526
249.00000000000003 0.73168579808292
249.00000000000003 0.7332400596691174
249.00000000000003 0.7320093806849549
249.00000000000003 0.7329238122507716
249.00000000000003 0.7342034722915369
249.00000000000003 0.7345181815676143
249.00000000000003 0.7355409867148655
249.00000000000003 0.7364851145430972
249.00000000000003 0.738137338242503
249.00000000000003 0.7384520475185793
249.00000000000003 0.7379799836044637
249.00000000000003 0.7369571784572124
249.00000000000003 0.7371932104142704
249.00000000000003 0.7357770186719225
249.00000000000003 0.7357770186719226
249.00000000000003 0.7360130506289808
249.00000000000003 0.7369571784572131
249.00000000000003 0.7372718877332911
249.00000000000003 0.7372718877332902
249.00000000000003 0.7398682392609279
249.00000000000003 0.738509901901145
249.00000000000003 0.7372638666965223
249.00000000000003 0.7363470446992468
249.00000000000003 0.7384119397879362
249.00000000000003 0.7359729428983374
249.00000000000003 0.7334062876331162
249.00000000000003 0.7300825554401182
249.00000000000003 0.7283026733650896
249.00000000000003 0.727714135085455
249.00000000000003 0.7287539143427485
249.00000000000003 0.7332593444633051
249.00000000000003 0.7392388207087733
249.00000000000003 0.7370358557762315
249.00000000000003 0.7354479693538929
249.00000000000003 0.7349712112656613
249.00000000000003 0.7342266579104442
249.00000000000003 0.7369244059102606
249.00000000000003 0.7388423578291409
249.00000000000003 0.7377512868310984
249.00000000000003 0.7377320020369093
249.00000000000003 0.7364048990818096
249.00000000000003 0.7396009728991876
249.00000000000003 0.7418930266189754
249.00000000000003 0.7380956923695936
249.00000000000003 0.7324345023934832
249.00000000000003 0.7341024338937984
249.00000000000003 0.7304639924247192
249.00000000000003 0.73515647344573
249.00000000000003 0.7331598442078334
249.00000000000003 0.7376251665977456
249.00000000000003 0.7354414864593926
249.00000000000003 0.740349176501005
249.00000000000003 0.7386969528016014
249.00000000000003 0.7400641634873444
249.00000000000003 0.7366810387695143
249.00000000000003 0.738401528319711
249.00000000000003 0.7342316304116868
249.00000000000003 0.7284881861232763
249.00000000000003 0.7311142339133297
249.00000000000003 0.7299533589222292
249.00000000000003 0.7282417426979917
249.00000000000003 0.7293239403700739
249.00000000000003 0.7301195868862274
249.00000000000003 0.7304342961623043
249.00000000000003 0.7273955769829666
249.00000000000003 0.7288310535195027
249.00000000000003 0.7305129734813229
249.00000000000003 0.7325377608393694
249.00000000000003 0.7335412811924326
249.00000000000003 0.7373370772995486
249.00000000000003 0.7375152548740415
249.00000000000003 0.7384400979080847
249.00000000000003 0.7402199799831135
249.00000000000003 0.7388141997089932
249.00000000000003 0.7419211847391213
249.00000000000003 0.7348074534804335
249.00000000000003 0.7275115081297144
249.00000000000003 0.7265720532205839
249.00000000000003 0.7286957044325406
249.00000000000003 0.7316187148467513
249.00000000000003 0.7330260332631375
249.00000000000003 0.7347287761614143
249.00000000000003 0.7310710498981502
249.00000000000003 0.7319260889391346
249.00000000000003 0.7350450235797585
249.00000000000003 0.7272440193863526
249.00000000000003 0.7204670931433272
249.00000000000003 0.7095698392194576
249.00000000000003 0.7141848012867733
249.00000000000003 0.7152299332697473
249.00000000000003 0.7096615902712944
249.00000000000003 0.717720987500482
249.00000000000003 0.7215584294805064
249.00000000000003 0.7242334583271637
249.00000000000003 0.7204064278153653
249.00000000000003 0.7139845839181979
249.00000000000003 0.7176423101814611
249.00000000000003 0.7225662087327264
249.00000000000003 0.7118973277507835
249.00000000000003 0.7111001430923652
249.00000000000003 0.7161636496297474
249.00000000000003 0.7178366962656092
249.00000000000003 0.7057026424847146
249.00000000000003 0.711309555071542
249.00000000000003 0.7119004040353202
249.00000000000003 0.7166819738435783
249.00000000000003 0.7130909752888392
249.00000000000003 0.7177834563098466
249.00000000000003 0.7134932352098946
249.00000000000003 0.7153903641923164
249.00000000000003 0.7105019589448939
249.00000000000003 0.7157243582625826
249.00000000000003 0.7023357822220453
249.00000000000003 0.7064043634051985
249.00000000000003 0.6943482173957362
249.00000000000003 0.7019655227535564
249.00000000000003 0.7060216106599497
249.00000000000003 0.6962270535131814
249.00000000000003 0.7082307281615615
249.00000000000003 0.7053462873357256
249.00000000000003 0.701868276789223
249.00000000000003 0.6966339278610364
249.00000000000003 0.6981214617387153
249.00000000000003 0.696069698875142
249.00000000000003 0.7000482869835537
249.00000000000003 0.7046663495846986
249.00000000000003 0.7085304115426082
249.00000000000003 0.6966651622657206
249.00000000000003 0.704038469174816
249.00000000000003 0.702659308878573
249.00000000000003 0.7034564935369976
249.00000000000003 0.6918716428469699
249.00000000000003 0.6980219614832384
249.00000000000003 0.6961232943585475
249.00000000000003 0.7005662556697374
249.00000000000003 0.6964083073722074
249.00000000000003 0.7078404178509997
249.00000000000003 0.6944830202696369
249.00000000000003 0.699383019599914
249.00000000000003 0.6938327787810271
249.00000000000003 0.7012967126196351
249.00000000000003 0.7024174798800938
249.00000000000003 0.7017124602934545
249.00000000000003 0.7084667601186178
249.00000000000003 0.7143054457633474
249.00000000000003 0.7007891554016751
249.00000000000003 0.7097464201593859
249.00000000000003 0.7059699088464573
249.00000000000003 0.6996236659837713
249.00000000000003 0.6995970460058929
249.00000000000003 0.7095489577907007
249.00000000000003 0.700915275635033
249.00000000000003 0.7059876554983799
249.00000000000003 0.7051414897833531
249.00000000000003 0.6961174973171216
249.00000000000003 0.7064539223710659
249.00000000000003 0.7026519736948825
249.00000000000003 0.7020078847753433
249.00000000000003 0.6986988229497312
249.00000000000003 0.6998195902101865
