201.0 0.8989874850781457
201.0 0.940437808056988
201.0 0.9491491206098734
201.0 0.9539457163131589
201.0 0.9560491809902256
201.0 0.9304578738448518
201.0 0.9576138540446515
201.0 0.9481694994777998
201.0 0.9526829506351245
201.0 0.9551347494244088
201.0 0.9580504246549258
201.0 0.9467548458777171
201.0 0.9561324727360463
201.0 0.9549314900143006
201.0 0.9568004608765766
201.0 0.9540081851225264
201.0 0.9616221384154785
201.0 0.9546256540641846
201.0 0.9488818542481321
201.0 0.9550190406592836
201.0 0.9584823808383977
201.0 0.9575961073927332
201.0 0.9510184469997898
201.0 0.9616117269472492
201.0 0.959310799901503
201.0 0.964267470999719
201.0 0.9583473872790818
201.0 0.9663531890248634
201.0 0.9643565597869664
201.0 0.963894907341078
201.0 0.9599105221912426
201.0 0.9728834065034674
201.0 0.9671191392786012
201.0 0.9703850170890389
201.0 0.9650484193994805
201.0 0.9669039302579984
201.0 0.9663042079682617
201.0 0.9657935744657693
201.0 0.9650943519205571
201.0 0.966540239925318
201.0 0.9480406584875525
201.0 0.9721664373063326
201.0 0.9633738623703598
201.0 0.9670420001018496
201.0 0.9677500959730228
201.0 0.970278181649871
201.0 0.9594234323820962
201.0 0.9716646771298
201.0 0.9754099540380458
201.0 0.9720773485190876
201.0 0.9699040798489612
201.0 0.9737889647433241
201.0 0.9691277181269954
201.0 0.9719392786752349
201.0 0.9756579356055982
201.0 0.9706225871883621
201.0 0.9677886655613991
201.0 0.9716453923356118
201.0 0.9719793864058778
201.0 0.9684581918441988
201.0 0.9745549149970619
201.0 0.9705038021387002
201.0 0.9678480580862323
201.0 0.9668356644072097
201.0 0.9683987993193675
201.0 0.9706681338859914
201.0 0.9731595461911693
201.0 0.9712415942722901
201.0 0.9736910026301172
201.0 0.9741630665442317
201.0 0.9732976160350195
201.0 0.9741630665442327
201.0 0.9753432263295233
201.0 0.9724321655258089
201.0 0.9679414057726373
201.0 0.9699337761113789
201.0 0.9662224543647084
201.0 0.9723623615327474
201.0 0.9639928694542856
201.0 0.9664943074042447
201.0 0.9712697523924377
201.0 0.9722435764830859
201.0 0.9724306273835409
201.0 0.9707976884783228
201.0 0.9713781259738725
201.0 0.9728047291844475
201.0 0.9692167791652352
201.0 0.9739833508274711
201.0 0.9704933906704726
201.0 0.9642481862055319
201.0 0.9585433115054975
201.0 0.9603967622579921
201.0 0.9607779773084657
201.0 0.9691944458355206
201.0 0.9692048573037478
201.0 0.9657157494359379
201.0 0.9666544105481791
201.0 0.9702959283017912
201.0 0.9726963556030138
201.0 0.9737102874243048
201.0 0.9727661595960727
201.0 0.9714182337045174
201.0 0.9702573587134155
201.0 0.9721753106322949
201.0 0.972490019908372
201.0 0.9670508734278114
201.0 0.9690475026657103
201.0 0.9654283459908223
201.0 0.9638740844046232
201.0 0.9628616907256005
201.0 0.9650646556581413
201.0 0.9664511511380737
201.0 0.9661958343868263
201.0 0.9693919082042014
201.0 0.9712801638606646
201.0 0.9719732338368099
201.0 0.9714771042655929
201.0 0.9684786592530129
201.0 0.9677840511345996
201.0 0.9700568200601992
201.0 0.9726442982618759
201.0 0.9743439648756158
201.0 0.9733701407849662
201.0 0.9709238087116734
201.0 0.9707085996910716
201.0 0.9709060620597543
201.0 0.9711525054850401
201.0 0.9704933906704711
201.0 0.9631212663760017
201.0 0.9637691174331535
201.0 0.9675719183985264
201.0 0.9711806636051868
201.0 0.9723920577951578
201.0 0.9712994486548497
201.0 0.9725390009649704
201.0 0.9675823298667541
201.0 0.9622426836416688
201.0 0.9636252505478756
201.0 0.9607108698229944
201.0 0.9612633928350313
201.0 0.9645197114664267
201.0 0.9631123930500405
201.0 0.96281696856815
201.0 0.9622083729524504
201.0 0.9598970344384737
201.0 0.9621593918958482
201.0 0.9624548163777354
201.0 0.9664777711159497
201.0 0.9675198610573879
201.0 0.9678658047381477
201.0 0.9661156189255352
201.0 0.9722628612772694
201.0 0.971750689632511
201.0 0.971121271080356
201.0 0.9692033191614766
201.0 0.9712874990443564
201.0 0.9717506896325111
201.0 0.9713083219808105
201.0 0.9703240864219354
201.0 0.9747789973436215
201.0 0.9721143799651926
201.0 0.9710514670872976
201.0 0.969988554209404
201.0 0.9644915533462798
201.0 0.9670863667316494
201.0 0.9661407007611517
201.0 0.96586456107345
201.0 0.9654414782159377
201.0 0.9723963166943224
201.0 0.9677913863182913
201.0 0.9626194784504658
201.0 0.9612218831024328
201.0 0.9629978668995377
201.0 0.965993757591342
201.0 0.9661407007611519
201.0 0.9639450710123041
201.0 0.9584866397375562
201.0 0.9536961966033396
201.0 0.9646130591528344
201.0 0.9583038477362604
201.0 0.9526450139486099
201.0 0.9453356001033559
201.0 0.9480437976507983
201.0 0.9451561924595089
201.0 0.950714976278921
201.0 0.9460656792730896
201.0 0.9530710369503436
201.0 0.954272019672089
201.0 0.9613826746462404
201.0 0.9506736859336544
201.0 0.9562910099887107
201.0 0.9465971357120373
201.0 0.9568074405326276
201.0 0.9530829865608401
201.0 0.955523521592705
201.0 0.9527817650375255
201.0 0.9531794105317792
201.0 0.9604578316122008
201.0 0.9541547727646964
201.0 0.9484734417580072
201.0 0.9531212006215722
201.0 0.9498495257697118
201.0 0.9428665291711826
201.0 0.9380610601419317
201.0 0.9369152110458598
201.0 0.931440215733815
201.0 0.9330456364449974
201.0 0.9203832685832464
201.0 0.912890421532706
201.0 0.9286705707923177
201.0 0.9361985721741599
201.0 0.9210903029271087
201.0 0.931231159282283
201.0 0.9315072989699833
201.0 0.9374335352596906
201.0 0.9363231794674605
201.0 0.9434396314830414
201.0 0.9345432973924341
201.0 0.9377513208203062
201.0 0.935664064652891
201.0 0.940708286396087
201.0 0.9454809828783814
201.0 0.940513900311937
201.0 0.935987647254932
201.0 0.9375033392527518
201.0 0.9408968754388078
201.0 0.9422343898621383
201.0 0.93345956157808
201.0 0.9383938715975785
201.0 0.9328552248615426
201.0 0.9319052999918831
201.0 0.9425356113854518
201.0 0.9376842375841385
201.0 0.9368426862959105
201.0 0.941544040642881
201.0 0.9340577457255529
201.0 0.9341676574492561
201.0 0.935527532951308
201.0 0.9383093972371326
201.0 0.9347600445553036
201.0 0.9369942438925263
201.0 0.9311721222850986
201.0 0.9379754031668674
201.0 0.9333037450823125
201.0 0.9333037450823124
201.0 0.9382395932440736
201.0 0.929166264193592
201.0 0.9270331032541101
201.0 0.9372299203219417
201.0 0.9264364572489074
201.0 0.9325331804017702
201.0 0.9344125627322771
201.0 0.9329547251170147
201.0 0.9256346581636866
