76.0 1.6552529274591192
76.0 1.6878371722583092
76.0 1.685894138503818
76.0 1.6877631093660939
76.0 1.6887161105202844
76.0 1.6847733712433597
76.0 1.6886775409319101
76.0 1.6935169651227304
76.0 1.693163686258277
76.0 1.691403088977437
76.0 1.6843205921234328
76.0 1.6862281325740816
76.0 1.6889135728889668
76.0 1.6946392705254572
76.0 1.6928177425775175
76.0 1.691018575708301
76.0 1.6888260222439884
76.0 1.6917177982535136
76.0 1.6941375103489245
76.0 1.6923086472172935
76.0 1.6896706498167446
76.0 1.6905954928507885
76.0 1.6894658522643695
76.0 1.6900358782916924
76.0 1.6925134447696666
76.0 1.6935956424417495
76.0 1.6916969753170592
76.0 1.6876354509904703
76.0 1.688845307038176
76.0 1.6914030889774367
76.0 1.6984558895690272
76.0 1.6921007733803834
76.0 1.6920622037920074
76.0 1.697078267415056
76.0 1.6926916223441624
76.0 1.6974597043996567
76.0 1.6955922716796474
76.0 1.699448998453862
76.0 1.696006481211201
76.0 1.692298235749066
76.0 1.6947461059646247
76.0 1.6961059814666757
76.0 1.6996167645601288
76.0 1.6906178539295116
76.0 1.6960836203879537
76.0 1.6898978084478429
76.0 1.6884534585853457
76.0 1.694567928390131
76.0 1.6977759518180011
76.0 1.694824783283644
76.0 1.6888067374498017
76.0 1.6970100015642642
76.0 1.6958001455165583
76.0 1.6909487717152427
76.0 1.689002661676213
76.0 1.6820968042544335
76.0 1.6855763529432028
76.0 1.692563963968537
76.0 1.6901195003629454
76.0 1.6898978084478413
76.0 1.690626727255471
76.0 1.6949227453968494
76.0 1.6975769513070513
76.0 1.6989665230715187
76.0 1.6950696885666607
76.0 1.6937144274914109
76.0 1.6964280259264433
76.0 1.6935941042994815
76.0 1.6991223395672885
76.0 1.6982584272003443
76.0 1.6977477936978531
76.0 1.694668966787871
76.0 1.6948367328941387
76.0 1.6951202077655323
76.0 1.6977061478249416
76.0 1.6950133723263638
76.0 1.6980328067115127
76.0 1.6955818602114197
76.0 1.6977566670238124
76.0 1.6944042547469071
76.0 1.6953161319919468
76.0 1.6991535739719732
76.0 1.6945694665323972
76.0 1.6971079636774713
76.0 1.6990066308021612
76.0 1.7005713038565882
76.0 1.7005119113317573
76.0 1.7004718036011126
76.0 1.6923279320114817
76.0 1.6997147266733357
76.0 1.702351185931616
76.0 1.692768761520915
76.0 1.688938654724583
76.0 1.694207314341986
76.0 1.6988195799017078
76.0 1.693518503264996
76.0 1.6984350666325687
76.0 1.7008073358136437
76.0 1.7000502588858664
76.0 1.6991743969084265
76.0 1.6998929042478281
76.0 1.7010819373590782
76.0 1.7008459054020202
76.0 1.7030488703345614
76.0 1.7026836418596132
76.0 1.7023095400587052
76.0 1.7045036316652855
76.0 1.705988089258425
76.0 1.7045823089843049
76.0 1.7040508525453575
76.0 1.7048673219979675
76.0 1.7028602812918419
76.0 1.702092792895837
76.0 1.7022115779454992
76.0 1.7029790663415036
76.0 1.6986815100578552
76.0 1.6994000173972568
76.0 1.696961020507659
76.0 1.6965973301749775
76.0 1.6956917719351232
76.0 1.698160465087138
76.0 1.6942161876679451
76.0 1.6945976246525452
76.0 1.6935466613851449
76.0 1.6954750247722516
76.0 1.6996360493543154
76.0 1.6969610205076588
76.0 1.7004332340127362
76.0 1.697501350272565
76.0 1.6995469605670663
76.0 1.6977759518179996
76.0 1.6974226729535464
76.0 1.6937634085480144
76.0 1.6962914942248604
76.0 1.696753146670748
76.0 1.6953963474532312
76.0 1.688785914513342
76.0 1.685165219696188
76.0 1.6802974457468955
76.0 1.6893009708043125
76.0 1.6855940995951222
76.0 1.683688097286737
76.0 1.6864506767783745
76.0 1.6886817998310648
76.0 1.6907721322830112
76.0 1.691716260111244
76.0 1.690467834475163
76.0 1.6896587002062462
76.0 1.6914594052177314
76.0 1.6906637587015771
76.0 1.6922565898761517
76.0 1.6927776348468706
76.0 1.691784525962035
76.0 1.6895904343554549
76.0 1.686903455898305
76.0 1.6909545687566665
76.0 1.6902183147653442
76.0 1.6896883964686642
76.0 1.6879887298549214
76.0 1.6863260946872884
76.0 1.69147869001192
76.0 1.6865189426291687
76.0 1.6866971202036622
76.0 1.6879397487983179
76.0 1.6824797793813016
76.0 1.6858910622192802
76.0 1.6840502494771536
76.0 1.6817909683043153
76.0 1.6818117912407713
76.0 1.6771846359263303
76.0 1.6772114822330295
76.0 1.6755797749464552
76.0 1.6723530966319666
76.0 1.6704375351445442
76.0 1.6674631532422728
76.0 1.6688061343815923
76.0 1.6702866634010078
76.0 1.6671805306600684
76.0 1.6687259189203112
76.0 1.657688733178882
76.0 1.6448942789887293
76.0 1.6353812564484334
76.0 1.6312829804471478
76.0 1.6324805650497012
76.0 1.6440481910515632
76.0 1.6365079703253944
76.0 1.6402459120499462
76.0 1.6408456343396853
76.0 1.633262915451414
76.0 1.635607356837774
76.0 1.6279107976520757
76.0 1.626965653645333
76.0 1.6241841196849438
76.0 1.624599867358763
76.0 1.6305334388321593
76.0 1.6402153634983387
76.0 1.6394383159232964
76.0 1.635195893265323
76.0 1.6463561229555712
76.0 1.6406022671989315
76.0 1.6436097519735846
76.0 1.6441412084125313
76.0 1.6427835569058262
76.0 1.6398066206827788
76.0 1.6371539529148456
76.0 1.6421372439909423
76.0 1.6297096341958588
76.0 1.6246162957032424
76.0 1.625243159934618
76.0 1.629040107913063
76.0 1.628947612515845
76.0 1.627360578382697
76.0 1.6263319761940216
76.0 1.6299495947266442
76.0 1.6308775140452227
76.0 1.6229785477386092
76.0 1.621141305495765
76.0 1.624607558070098
76.0 1.6308196596626567
76.0 1.6330018016587426
76.0 1.6351588618192148
76.0 1.6273281613633928
76.0 1.63175524449036
76.0 1.6303549309322358
76.0 1.6176477748394835
76.0 1.6185695415889916
76.0 1.6228566864044087
76.0 1.6192760993178956
76.0 1.6215207101233495
76.0 1.6246188218275186
76.0 1.6296765313234778
76.0 1.6229785477386087
76.0 1.6166427163441535
76.0 1.6187268962270305
76.0 1.627510597837046
76.0 1.617179969824527
76.0 1.6212534437616093
76.0 1.61862159893013
76.0 1.6214732672090106
76.0 1.6225909581849356
76.0 1.6140671877529695
76.0 1.6239646517651845
76.0 1.6228983322773216
76.0 1.6202733006657792
76.0 1.624140438908218
76.0 1.6182654076704621
76.0 1.6250152847071513
76.0 1.622055242846833
76.0 1.6269736746821042
76.0 1.6154610184165978
76.0 1.619116354248401
76.0 1.6240487958001972
76.0 1.6206216347779976
76.0 1.6193774932432916
