58.0 1.7474012729628656
58.0 1.7770995149921447
58.0 1.7665354093433454
58.0 1.7741853779038965
58.0 1.7815054448572267
58.0 1.7650661440813495
58.0 1.7821853826082508
58.0 1.7797166894562373
58.0 1.7796677083996348
58.0 1.7774527938565994
58.0 1.7770713568719971
58.0 1.7719735396453944
58.0 1.7755556648741764
58.0 1.7825787692033495
58.0 1.779479119356912
58.0 1.7841314926472789
58.0 1.7789476629179657
58.0 1.7831399219047106
58.0 1.7830211368550488
58.0 1.7824110030970828
58.0 1.785224101787589
58.0 1.7794420879108033
58.0 1.7782114089266412
58.0 1.7830315483232761
58.0 1.7804440701215998
58.0 1.7853043172488754
58.0 1.7870055220048837
58.0 1.785047462355364
58.0 1.7875666747062504
58.0 1.7905282547088344
58.0 1.789906171340372
58.0 1.7879585231590773
58.0 1.7801100760513342
58.0 1.7848426648029871
58.0 1.7835447361465449
58.0 1.78256989587739
58.0 1.7861593562898608
58.0 1.783442681570294
58.0 1.7801012027253758
58.0 1.7854111526880452
58.0 1.784625917640118
58.0 1.7849791965045712
58.0 1.7869758257424706
58.0 1.793743613320397
58.0 1.7872415539619428
58.0 1.7814267675382072
58.0 1.7791096319828041
58.0 1.7832636517066083
58.0 1.7823026295156479
58.0 1.781433250432709
58.0 1.7832467573438788
58.0 1.7882257895208202
58.0 1.7864057997151477
58.0 1.7848218418665327
58.0 1.7944517091915724
58.0 1.792425383691259
58.0 1.7913937052180473
58.0 1.7910284767430984
58.0 1.7896820889938094
58.0 1.7910196034171382
58.0 1.7902995579354688
58.0 1.7939202527526243
58.0 1.791659433437519
58.0 1.794117715121306
58.0 1.791559933182045
58.0 1.7873989085999824
58.0 1.7880788463510089
58.0 1.7907033559987928
58.0 1.7894148226320694
58.0 1.790979495686495
58.0 1.7858832166021616
58.0 1.793911379426664
58.0 1.7830242131395828
58.0 1.7916594334375204
58.0 1.7910878692679286
58.0 1.7911665465869493
58.0 1.7913832937498186
58.0 1.7886889801089731
58.0 1.7848129685405725
58.0 1.7865704895368797
58.0 1.7846837720226825
58.0 1.7842606891651696
58.0 1.7805539818453031
58.0 1.7790471631734417
58.0 1.776272634071311
58.0 1.7719750777876655
58.0 1.7745224482586979
58.0 1.7825594844091621
58.0 1.7909289764876244
58.0 1.7921180095988736
58.0 1.7911561351187213
58.0 1.7894245482472209
58.0 1.7846069631713652
58.0 1.790418342985133
58.0 1.7870545030614884
58.0 1.794874792049084
58.0 1.7920007626914773
58.0 1.7956912615016922
58.0 1.7970495988614763
58.0 1.7937258666684768
58.0 1.791699541168164
58.0 1.792054358174884
58.0 1.7921611936140516
58.0 1.7904495773898152
58.0 1.790881533573288
58.0 1.7889041891295772
58.0 1.7887275496973507
58.0 1.7887067267608954
58.0 1.7868971484234504
58.0 1.7856239712771884
58.0 1.7844774363280387
58.0 1.7834041119819175
58.0 1.7822046674024403
58.0 1.784379474214833
58.0 1.781791996013155
58.0 1.773451963054474
58.0 1.7822015911179068
58.0 1.7881737321796805
58.0 1.786039033097931
58.0 1.7843644483198018
58.0 1.7877298263857122
58.0 1.7769791918002116
58.0 1.782929987961779
58.0 1.7890688789513096
58.0 1.7861578181475946
58.0 1.7891772525327447
58.0 1.7851053167379285
58.0 1.7796333977104175
58.0 1.7760403390496522
58.0 1.7667156218216535
58.0 1.7646577315912249
58.0 1.7689807252381278
58.0 1.7757990320149264
58.0 1.778771023485738
58.0 1.7780733390827923
58.0 1.7806191714115587
58.0 1.7813272672827325
58.0 1.7792176500365964
58.0 1.7738443789753708
58.0 1.771740914298304
58.0 1.774700625833188
58.0 1.7799022022144246
58.0 1.7744961586062487
58.0 1.7762325263406649
58.0 1.7798011638166829
58.0 1.7818097426650747
58.0 1.7793707457754753
58.0 1.779683916909286
58.0 1.7801351578869458
58.0 1.7791435871443784
58.0 1.781591457359937
58.0 1.778147401975008
58.0 1.7816419765588098
58.0 1.7769020526234627
58.0 1.78184985039572
58.0 1.7822150788706683
58.0 1.779698942804317
58.0 1.7814163560699818
58.0 1.7771766541689007
58.0 1.7780837505510223
58.0 1.778555814465138
58.0 1.7797641323705757
58.0 1.777531471175619
58.0 1.7728671482747578
58.0 1.776991141410713
58.0 1.7731135917000418
58.0 1.775963721836659
58.0 1.7744005869245003
58.0 1.7677604577221944
58.0 1.7650881496324295
58.0 1.7600596144351282
58.0 1.7573291216373654
58.0 1.7643175849518906
58.0 1.7511429793718238
58.0 1.763980870124734
58.0 1.7674959121173455
58.0 1.7592540784145025
58.0 1.74534286331547
58.0 1.7521403471558152
58.0 1.7489947925373108
58.0 1.74164069264455
58.0 1.73521646538726
58.0 1.730625016269994
58.0 1.7339099005474896
58.0 1.7423515870504709
58.0 1.7366023457206365
58.0 1.7351436558161872
58.0 1.734589838298514
58.0 1.7283862797064855
58.0 1.7373490111801848
58.0 1.736084707359884
58.0 1.7370650143450341
58.0 1.7370610857713091
58.0 1.7384030507321189
58.0 1.7334815148633091
58.0 1.724516065179511
58.0 1.7328212199809074
58.0 1.7419836378186324
58.0 1.7497252494872064
58.0 1.73902667224285
58.0 1.7400286544536432
58.0 1.7330579377910427
58.0 1.7407217244297906
58.0 1.732749025556388
58.0 1.7288248852205723
58.0 1.7215046518311323
58.0 1.7188963808589557
58.0 1.707737665464802
58.0 1.7118787824608073
58.0 1.7136780160893466
58.0 1.711313798240839
58.0 1.7238963722425076
58.0 1.7160598747452598
58.0 1.7255532103687161
58.0 1.7110260644702917
58.0 1.7164636728085836
58.0 1.7050546092615948
58.0 1.7100878975728053
58.0 1.6916598247064794
58.0 1.6835633960311807
58.0 1.6821444583297371
58.0 1.6962377795769819
58.0 1.7087046448135212
58.0 1.701845899980647
58.0 1.6968965640661244
58.0 1.7048653343657965
58.0 1.7103592589443817
58.0 1.7207269184030107
58.0 1.7103044808463532
58.0 1.707923338339323
58.0 1.7133223770892343
58.0 1.7194696194409682
58.0 1.703566389530841
58.0 1.7083078516084564
58.0 1.7048044036986967
58.0 1.7034684274176348
58.0 1.704984119415458
58.0 1.7087413459342
58.0 1.7073251541918484
58.0 1.717150945743302
58.0 1.7120546666589693
58.0 1.7173885158426316
58.0 1.7180877383878455
58.0 1.7100433670536843
58.0 1.7229271625786624
58.0 1.7173811806589354
58.0 1.7124156362347605
58.0 1.7245246081800383
58.0 1.7244548041869776
58.0 1.7193689365708744
58.0 1.711022988185756
58.0 1.7126721356006251
58.0 1.7059526406794323
58.0 1.7171063849283799
