161.0 1.1765873748045617
161.0 1.2174721336297394
161.0 1.2156565943615505
161.0 1.2105306190147984
161.0 1.2235763836046196
161.0 1.2055886182839697
161.0 1.2211655448351693
161.0 1.2249435942903628
161.0 1.2227703256202376
161.0 1.2216896660904237
161.0 1.226529090281246
161.0 1.2181252875135657
161.0 1.2237071182647765
161.0 1.2235200673643207
161.0 1.229910676856808
161.0 1.2241464096319437
161.0 1.2183227498822473
161.0 1.2217386471470268
161.0 1.226361324174979
161.0 1.2190887001359851
161.0 1.2313476915356123
161.0 1.2161752489008122
161.0 1.2264103052315822
161.0 1.2271376858969436
161.0 1.2234903711019067
161.0 1.2302076394809647
161.0 1.2224378696922396
161.0 1.2272074898900043
161.0 1.222259692117746
161.0 1.2187088012936502
161.0 1.2247773663263668
161.0 1.2217980396718595
161.0 1.2231058578327707
161.0 1.2235081177538287
161.0 1.2164489981570532
161.0 1.225604247247201
161.0 1.225625070183655
161.0 1.2294891321415626
161.0 1.2327060288953955
161.0 1.2237753841155703
161.0 1.2279051742929497
161.0 1.2253963734102922
161.0 1.2342795752757802
161.0 1.236708160697152
161.0 1.2301497850984024
161.0 1.2332077890719264
161.0 1.2304243866438347
161.0 1.2292996908096505
161.0 1.2288612517316742
161.0 1.2251827025319564
161.0 1.2309261468203645
161.0 1.2303441711825465
161.0 1.2340435433187216
161.0 1.231534742436064
161.0 1.2369249078600217
161.0 1.2291134921983866
161.0 1.239835968663737
161.0 1.2347620506581247
161.0 1.2394787612255571
161.0 1.2368952115976057
161.0 1.2264415396362651
161.0 1.23397527746793
161.0 1.2335313716739624
161.0 1.234919405296163
161.0 1.226432666310301
161.0 1.225674051240259
161.0 1.2246913538236495
161.0 1.2314086222027087
161.0 1.232578370519771
161.0 1.2330801306963022
161.0 1.2346937848073323
161.0 1.234143043574197
161.0 1.234515607232838
161.0 1.2381451753759556
161.0 1.2341351864267456
161.0 1.2333057511851324
161.0 1.2380946561770823
161.0 1.2356452478192583
161.0 1.2342602904815927
161.0 1.2355225341958678
161.0 1.2378081050211547
161.0 1.237279724866742
161.0 1.2334511562126753
161.0 1.2344843728281543
161.0 1.2349934681883794
161.0 1.2409166281935504
161.0 1.239411347663955
161.0 1.2400824120890224
161.0 1.2348808357077874
161.0 1.2376048456110482
161.0 1.2389705181545247
161.0 1.2358571863702057
161.0 1.2293812527748786
161.0 1.2320557874067835
161.0 1.236059457350807
161.0 1.2338302027658192
161.0 1.2303090082041368
161.0 1.2300175122959722
161.0 1.2350632721814367
161.0 1.234739689579399
161.0 1.2311398176986978
161.0 1.2336871881697324
161.0 1.233363605567696
161.0 1.2322725345696517
161.0 1.2360698688190361
161.0 1.2389913410909776
161.0 1.2368863382716446
161.0 1.2357061784863557
161.0 1.2345661264317096
161.0 1.2340153851985753
161.0 1.2318509898544105
161.0 1.227936408697633
161.0 1.2285866501862428
161.0 1.2269328883445692
161.0 1.226024253820178
161.0 1.2249517644554329
161.0 1.2272641364557317
161.0 1.2251572651686975
161.0 1.2307641777555256
161.0 1.229889853920352
161.0 1.2283579534128783
161.0 1.225259841708709
161.0 1.2281711808395503
161.0 1.2274122874423796
161.0 1.2320453759385575
161.0 1.2346729618708776
161.0 1.2352919689548036
161.0 1.2367066225548844
161.0 1.2330369466811262
161.0 1.231953210866775
161.0 1.2327561925666213
161.0 1.2324831291634537
161.0 1.23449016986958
161.0 1.2332833901064073
161.0 1.2368358190727715
161.0 1.2437401383522824
161.0 1.240060051010298
161.0 1.2354735531392638
161.0 1.2304568036631396
161.0 1.2265549966570422
161.0 1.2301968724850916
161.0 1.229267770551889
161.0 1.2316697359953777
161.0 1.2307240700248803
161.0 1.233684111885198
161.0 1.23591369679562
161.0 1.235315512648148
161.0 1.2363101596752506
161.0 1.2357906528467992
161.0 1.2331943013191613
161.0 1.2351122532380403
161.0 1.2419483066667587
161.0 1.2420462687799665
161.0 1.2433733717350675
161.0 1.2443487339679833
161.0 1.2417820787027627
161.0 1.2397156454718048
161.0 1.2378956556661331
161.0 1.2373850221636413
161.0 1.2356942288758583
161.0 1.2314352421805885
161.0 1.2323971166607421
161.0 1.2299091387145393
161.0 1.2298601576579375
161.0 1.2310804251738685
161.0 1.2321892428238317
161.0 1.2310684755633723
161.0 1.2295038025089473
161.0 1.230024847479667
161.0 1.2233623853951383
161.0 1.2182801467706212
161.0 1.2120103824338246
161.0 1.210196269416891
161.0 1.215004814730673
161.0 1.2177080016974793
161.0 1.207390861437723
161.0 1.210665612574117
161.0 1.2134073691293006
161.0 1.2074278928838298
161.0 1.2143588321412222
161.0 1.1845433770888716
161.0 1.178017863678623
161.0 1.1814914708296078
161.0 1.1849616199969375
161.0 1.192269765088778
161.0 1.192608373585846
161.0 1.1982890187394544
161.0 1.1921072992623911
161.0 1.2016142890747197
161.0 1.202867659463034
161.0 1.207764085747234
161.0 1.191714434631048
161.0 1.1991768303273902
161.0 1.2118063252796327
161.0 1.1911833085175334
161.0 1.2032852756045576
161.0 1.1890381979675573
161.0 1.1925762868919674
161.0 1.1941017045049411
161.0 1.1887659868535843
161.0 1.1925394218819751
161.0 1.1800058289369175
161.0 1.190072952725304
161.0 1.1987923170582533
161.0 1.201919272735645
161.0 1.1877713398264786
161.0 1.1830242445967638
161.0 1.1877587018161142
161.0 1.1770884465812246
161.0 1.191671222866865
161.0 1.1784474723408764
161.0 1.1714368143837415
161.0 1.1876020355779444
161.0 1.1884500949628831
161.0 1.1849778814578078
161.0 1.193593816961556
161.0 1.193660544670078
161.0 1.1843646714153035
161.0 1.191041832063718
161.0 1.193442259364941
161.0 1.194230570697402
161.0 1.1918050615605653
161.0 1.1896020966280256
161.0 1.1882364240845498
161.0 1.186073566882652
161.0 1.1849778814578058
161.0 1.1866123585052926
161.0 1.1899538373502077
161.0 1.1916966879791318
161.0 1.1873678972908006
161.0 1.1840337536295744
161.0 1.1889888865855218
161.0 1.1851441094218047
161.0 1.1847908305573485
161.0 1.1863435540012823
161.0 1.1871600234538913
161.0 1.1930935949272874
161.0 1.1960312757088845
161.0 1.1859339588965299
161.0 1.1885881648067338
161.0 1.195347079058703
161.0 1.1925131574317376
161.0 1.1767125040616229
161.0 1.1896823120893123
161.0 1.1945290714638246
161.0 1.1851294390544176
161.0 1.1904096927546701
161.0 1.1945379447897824
161.0 1.1833673036313077
161.0 1.178606556759509
161.0 1.1941580459474461
161.0 1.1845949063309364
161.0 1.1886683802680182
161.0 1.185099742792002
