165.0 1.1114894161692022
165.0 1.1538781046253377
165.0 1.156337594125959
165.0 1.1561787013456526
165.0 1.157617254166723
165.0 1.1454099645805922
165.0 1.162955362249542
165.0 1.1569566012098857
165.0 1.157187166450951
165.0 1.162208696789993
165.0 1.1581367609951767
165.0 1.155519586531083
165.0 1.157776146947027
165.0 1.1567710884516968
165.0 1.1628620145631363
165.0 1.1696965298495887
165.0 1.1589266104699019
165.0 1.166193081939828
165.0 1.1623097351877332
165.0 1.1595945986104368
165.0 1.162634855932038
165.0 1.1631246664980754
165.0 1.1638030661068317
165.0 1.1612186641896918
165.0 1.1659022718847412
165.0 1.1695704096162325
165.0 1.1667661842516877
165.0 1.163421629122233
165.0 1.1675633689101075
165.0 1.1691562000846816
165.0 1.162683836988643
165.0 1.169334377659174
165.0 1.1708203733945823
165.0 1.1635033827257875
165.0 1.1590172373994163
165.0 1.1644074028233729
165.0 1.1658235945657212
165.0 1.1622831152098516
165.0 1.1710267090892241
165.0 1.1691280419645356
165.0 1.163875946384428
165.0 1.1691874344893656
165.0 1.1705442337068805
165.0 1.1698241882252112
165.0 1.1743608527504508
165.0 1.1675737803783353
165.0 1.1646492318218578
165.0 1.163567720002852
165.0 1.1686366932562289
165.0 1.1752455880538515
165.0 1.1715165196552606
165.0 1.1766899379163474
165.0 1.177772135588429
165.0 1.1763366590518942
165.0 1.1730916041779142
165.0 1.1721652230016035
165.0 1.174547903650905
165.0 1.1760427727122722
165.0 1.177213015244085
165.0 1.1818263247313268
165.0 1.1736527568792785
165.0 1.177006185334692
165.0 1.180527379896372
165.0 1.1752070184654761
165.0 1.1747542393455472
165.0 1.1675135355643127
165.0 1.171017835763264
165.0 1.175079360089852
165.0 1.17369286460992
165.0 1.1785604469208892
165.0 1.1796530560611995
165.0 1.1763470705201202
165.0 1.17651329848412
165.0 1.1765414566042698
165.0 1.1752280078380422
165.0 1.17414410558758
165.0 1.18054666469056
165.0 1.1760323612440429
165.0 1.1773313060789947
165.0 1.1797703029685933
165.0 1.1841079669828836
165.0 1.1848754553788914
165.0 1.1771056855901678
165.0 1.181590292774267
165.0 1.1812266024415865
165.0 1.1854261966120263
165.0 1.178856887581288
165.0 1.1796218216565149
165.0 1.176465855569782
165.0 1.1791512958846677
165.0 1.175443050422532
165.0 1.1685871624868627
165.0 1.173035618263049
165.0 1.175019967565019
165.0 1.1762298236127247
165.0 1.1786000326877746
165.0 1.1791601692106275
165.0 1.1788261751403608
165.0 1.1779711360993783
165.0 1.1780602248866259
165.0 1.177116097058393
165.0 1.1816793815615143
165.0 1.1801058351811298
165.0 1.1794764166289753
165.0 1.1801845125001493
165.0 1.181364672285439
165.0 1.1819940908375934
165.0 1.1795550939479937
165.0 1.1781389022056463
165.0 1.1778241929295692
165.0 1.176958742420357
165.0 1.1792403846719162
165.0 1.1797124485860324
165.0 1.1787683207578015
165.0 1.180439829251394
165.0 1.173293909849013
165.0 1.1763752286402707
165.0 1.175658259443136
165.0 1.1790413841609668
165.0 1.1809890323422607
165.0 1.181127102186112
165.0 1.1773224327530358
165.0 1.173517077466885
165.0 1.1777246926740925
165.0 1.1796916256495755
165.0 1.1784135037510786
165.0 1.1797510181744062
165.0 1.1812428109512392
165.0 1.1775837104350266
165.0 1.1773620185199216
165.0 1.1793248590323584
165.0 1.1801725628896518
165.0 1.179523859543308
165.0 1.1829559653177437
165.0 1.1800344930458007
165.0 1.1786584090340941
165.0 1.1803997215207467
165.0 1.1836971640612988
165.0 1.1760646985160372
165.0 1.182014886025039
165.0 1.1762934750367133
165.0 1.17765027425423
165.0 1.1802585753923618
165.0 1.1763142979731673
165.0 1.1780556104598214
165.0 1.1768472925543818
165.0 1.1796588531026235
165.0 1.1808390128879125
165.0 1.1760501078959624
165.0 1.179639568308435
165.0 1.1796098720460195
165.0 1.1813704693268605
165.0 1.1804664492292727
165.0 1.1825610405803808
165.0 1.182935142381289
165.0 1.1846363471372983
165.0 1.1814699695823367
165.0 1.1824349203470235
165.0 1.183162301012385
165.0 1.184223675748012
165.0 1.1780274523396743
165.0 1.1784891047855621
165.0 1.180083474102404
165.0 1.1779472368783885
165.0 1.1790190230822415
165.0 1.174553700692328
165.0 1.173994086133232
165.0 1.1719365262282344
165.0 1.170471353429282
165.0 1.1640208016992053
165.0 1.1495457716342234
165.0 1.1529929033036899
165.0 1.1585105072684414
165.0 1.1645956363384522
165.0 1.1654730364581585
165.0 1.1656215177702398
165.0 1.1585093246538167
165.0 1.160335111500914
165.0 1.159717642559258
165.0 1.1641798886646326
165.0 1.1433145875424577
165.0 1.1485727433631838
165.0 1.1401056477700322
165.0 1.144135579617499
165.0 1.1497653752468038
165.0 1.1609945566409205
165.0 1.1539248616865996
165.0 1.1533934052476542
165.0 1.1467428645771218
165.0 1.1458789522101773
165.0 1.151456168534588
165.0 1.1491521652043049
165.0 1.1546210079472778
165.0 1.1511237126065914
165.0 1.1549002239195143
165.0 1.1538789569145298
165.0 1.1536695449353538
165.0 1.148093866753213
165.0 1.1527793429159598
165.0 1.1435379174337836
165.0 1.148491512247468
165.0 1.1469893080024072
165.0 1.146892884031464
165.0 1.1465380670247416
165.0 1.1442652980991448
165.0 1.1417908079057058
165.0 1.1338488214732318
165.0 1.1333663183418832
165.0 1.1261327833082293
165.0 1.1231234326126676
165.0 1.127658203467994
165.0 1.1391614921927922
165.0 1.1366107151117923
165.0 1.134287096661889
165.0 1.1472285801333177
165.0 1.1371746137722607
165.0 1.1381484378629048
165.0 1.1322990104245205
165.0 1.1377157958263568
165.0 1.1339215378615082
165.0 1.1318566427728218
165.0 1.139034025455494
165.0 1.138731265789913
165.0 1.1299386908539417
165.0 1.1395446589579887
165.0 1.1382353026548062
165.0 1.1218094896316937
165.0 1.1331108654503235
165.0 1.1267171796733082
165.0 1.1304431717873624
165.0 1.1268270913970104
165.0 1.1281557324943783
165.0 1.1268864839218415
165.0 1.133896100498252
165.0 1.1265647697875036
165.0 1.1325986938055648
165.0 1.132598693805565
165.0 1.132512681302854
165.0 1.137065554337744
165.0 1.1417908079057086
165.0 1.1318180731844438
165.0 1.1356034578233307
165.0 1.1349636278029478
165.0 1.1351819131080854
165.0 1.1302348011889078
165.0 1.1353022363000167
165.0 1.1324980109354683
165.0 1.1319843011484434
165.0 1.127991042672645
165.0 1.1380127584505109
165.0 1.129652139698008
165.0 1.1412875095869073
165.0 1.1353080333414385
165.0 1.1328674983095748
