75.0 1.6384095324578403
75.0 1.664191870628209
75.0 1.6651687710033924
75.0 1.664300244209644
75.0 1.6633665278496415
75.0 1.6627980399645845
75.0 1.6663979118452847
75.0 1.6660045252501874
75.0 1.6665151587526816
75.0 1.6632091732116019
75.0 1.6670940581059652
75.0 1.664595668691534
75.0 1.667756249205069
75.0 1.6699769607895296
75.0 1.6679521734314833
75.0 1.6717286847444104
75.0 1.6691620294791878
75.0 1.6636530790055706
75.0 1.6693000993230398
75.0 1.6711779435112768
75.0 1.6670377418656668
75.0 1.6649312009040669
75.0 1.6712373360361068
75.0 1.6658471706121512
75.0 1.6656096005128256
75.0 1.6579586157737627
75.0 1.6518692278045939
75.0 1.6630830529782468
75.0 1.6593659341901497
75.0 1.6653839800239933
75.0 1.668817623940696
75.0 1.6602819038982335
75.0 1.6589517246585983
75.0 1.6660446329808325
75.0 1.6611442781229127
75.0 1.6726832240408682
75.0 1.670950784880178
75.0 1.6739316496769494
75.0 1.6733022311247974
75.0 1.6665359816891359
75.0 1.6650010048971267
75.0 1.667578071630575
75.0 1.6721606409278833
75.0 1.6609556890801895
75.0 1.6670955962482317
75.0 1.665600727186864
75.0 1.6634764395733412
75.0 1.6702684566976942
75.0 1.6701655498322536
75.0 1.6699488026693832
75.0 1.6652385749964518
75.0 1.6742775933577116
75.0 1.6715817415745997
75.0 1.6710695699298395
75.0 1.6706063793416843
75.0 1.6700467647825898
75.0 1.6680204392822757
75.0 1.6705886326897657
75.0 1.666829868028758
75.0 1.6644695484581788
75.0 1.6731063068983831
75.0 1.6747569924555203
75.0 1.6686201615720138
75.0 1.6687775162100535
75.0 1.6691500798686942
75.0 1.6693980614362456
75.0 1.6661811646824134
75.0 1.6623645456388434
75.0 1.6714035640001053
75.0 1.6702442271512727
75.0 1.674356270676732
75.0 1.6760470639645126
75.0 1.6704698476401028
75.0 1.6706673100087837
75.0 1.6744334098534854
75.0 1.66811993953775
75.0 1.6739420611451783
75.0 1.663831256580063
75.0 1.6713842792059164
75.0 1.6666115827236214
75.0 1.6682772941757888
75.0 1.675524480851525
75.0 1.6690625292237136
75.0 1.6701937079524
75.0 1.6725821856431269
75.0 1.6711779435112764
75.0 1.6674993943115552
75.0 1.6676760337437837
75.0 1.6660727911009816
75.0 1.668983851904696
75.0 1.6706553603982894
75.0 1.66469516894701
75.0 1.662959653501781
75.0 1.670183296484174
75.0 1.6723476918283375
75.0 1.6711779435112737
75.0 1.6717093999502202
75.0 1.6734314276426843
75.0 1.6757130698942457
75.0 1.677512236763462
75.0 1.6770297613811191
75.0 1.6770000651187036
75.0 1.6797448979584197
75.0 1.682823724868401
75.0 1.6829914909746673
75.0 1.6834145738321795
75.0 1.6827554590176095
75.0 1.6821943063162466
75.0 1.6815159067074883
75.0 1.682470446003948
75.0 1.682106755671267
75.0 1.6796187777250646
75.0 1.6810542542616005
75.0 1.681585710700547
75.0 1.6819092933025859
75.0 1.6795489737320048
75.0 1.6775820407565216
75.0 1.6784282064715466
75.0 1.6802763543973682
75.0 1.680680152460692
75.0 1.6725659771334762
75.0 1.672555565665248
75.0 1.6687655665995582
75.0 1.6724159576791282
75.0 1.6747585305977868
75.0 1.6770698691117631
75.0 1.6798532715398553
75.0 1.678811181598416
75.0 1.6731448764867551
75.0 1.674667903668271
75.0 1.6731240535503014
75.0 1.6730156799688656
75.0 1.6727781098695411
75.0 1.6748549545687272
75.0 1.675965310360958
75.0 1.6760069562338686
75.0 1.6741483968398216
75.0 1.6671711972827163
75.0 1.6553875684633605
75.0 1.649105770821558
75.0 1.6554525356479997
75.0 1.6454798009267346
75.0 1.661026675687875
75.0 1.6695106939168378
75.0 1.6711822024104341
75.0 1.6647514851873046
75.0 1.6614454996462253
75.0 1.6603767897269064
75.0 1.6614559111144538
75.0 1.662725159686989
75.0 1.6644961684360586
75.0 1.664011302622257
75.0 1.6648648035209734
75.0 1.6655961127600614
75.0 1.6642700259834695
75.0 1.6664576346955486
75.0 1.6629314953816325
75.0 1.6587407745371534
75.0 1.6588972768859995
75.0 1.6569426238464433
75.0 1.6587303630689234
75.0 1.6577580771205436
75.0 1.6551296388990302
75.0 1.6553695994298152
75.0 1.653853907431992
75.0 1.6523991461012697
75.0 1.6539815658076154
75.0 1.6509462532382444
75.0 1.6507349727913703
75.0 1.6461517176409852
75.0 1.6446259419535745
75.0 1.648592945019924
75.0 1.6503400480540074
75.0 1.646296270379338
75.0 1.648992122162451
75.0 1.6449884522184235
75.0 1.6450824857579056
75.0 1.63716816323083
75.0 1.633491152173378
75.0 1.6247711019873532
75.0 1.6117815492185648
75.0 1.60345135177743
75.0 1.6028186401552986
75.0 1.607145844384765
75.0 1.6086811515022068
75.0 1.6082765011496933
75.0 1.597231980224572
75.0 1.5993031943184453
75.0 1.5966107491453028
75.0 1.6074857993857763
75.0 1.6086683496025238
75.0 1.6037179975094902
75.0 1.601699693045944
75.0 1.6092863405079396
75.0 1.6121098506666776
75.0 1.6155955519245129
75.0 1.6101772283804074
75.0 1.616321394447605
75.0 1.616306724080221
75.0 1.6244050212232182
75.0 1.6208749533355775
75.0 1.6240660824007151
75.0 1.6235851451606382
75.0 1.6230656383321878
75.0 1.625580236256272
75.0 1.616581325625656
75.0 1.6001365581337874
75.0 1.5923975567314945
75.0 1.6022346120403657
75.0 1.6018596020047606
75.0 1.5981156993494694
75.0 1.599061365319963
75.0 1.601393526770395
75.0 1.6035995679874728
75.0 1.6069634079111124
75.0 1.6077740803222984
75.0 1.6059406027638614
75.0 1.606090622218206
75.0 1.594042580940023
75.0 1.6044071641141169
75.0 1.5988951373559683
75.0 1.6024668511165205
75.0 1.608220706873153
75.0 1.6034541629599262
75.0 1.6007999570497247
75.0 1.5996860030092028
75.0 1.5972871138502471
75.0 1.599124850307841
75.0 1.5915668829297511
75.0 1.6042813742061939
75.0 1.5884672330833154
75.0 1.5952751283918867
75.0 1.5962393933034968
75.0 1.5907111580356899
75.0 1.58975508059696
75.0 1.5900921509517618
75.0 1.5854918350025347
75.0 1.5924212361176604
75.0 1.5973763690736094
75.0 1.5973466728111936
75.0 1.5920752924368984
75.0 1.5965837988419935
75.0 1.5922951158843033
75.0 1.5976733316977658
75.0 1.5939353899732152
75.0 1.5961383549057544
75.0 1.5956323358300681
75.0 1.5951274993690012
75.0 1.5897238461922831
75.0 1.592626033670034
75.0 1.5897508216978093
75.0 1.5947622708940543
75.0 1.588758895427594
75.0 1.5932481170385002
