127.0 1.1010587014338165
127.0 1.140719009644015
127.0 1.149427110219546
127.0 1.1495042493962953
127.0 1.1582123499718262
127.0 1.1461284598621613
127.0 1.1548276871117291
127.0 1.1530983242355721
127.0 1.1536610150792013
127.0 1.162452051872909
127.0 1.1522402089100532
127.0 1.145304655225859
127.0 1.1558921381318898
127.0 1.1535912110861428
127.0 1.1601511248271628
127.0 1.1605934924788615
127.0 1.1533432295185893
127.0 1.1591788388787825
127.0 1.1549183140412447
127.0 1.162345216433743
127.0 1.1657684488822144
127.0 1.163189844006499
127.0 1.165216169506812
127.0 1.1688680987286517
127.0 1.16515831512425
127.0 1.1677160970635112
127.0 1.163556610623714
127.0 1.166338474909539
127.0 1.1615792661800046
127.0 1.167174229156334
127.0 1.1615005888609853
127.0 1.1636233383322396
127.0 1.1653364926987422
127.0 1.163909889488168
127.0 1.1544983074682649
127.0 1.159906219544142
127.0 1.1672737294118092
127.0 1.1667526844410905
127.0 1.1661425506831253
127.0 1.170854316498323
127.0 1.1698997772018636
127.0 1.1673034256742267
127.0 1.1710799369871534
127.0 1.17441408064838
127.0 1.1721324383968206
127.0 1.1719854952270083
127.0 1.1725643945802915
127.0 1.1714277491356149
127.0 1.1737653773020376
127.0 1.1743843843859636
127.0 1.1720329381413443
127.0 1.1736955733089778
127.0 1.1739420167342638
127.0 1.1703035752651865
127.0 1.1748564483000798
127.0 1.1700868281023171
127.0 1.1735871997275438
127.0 1.177945686678289
127.0 1.1729345678074767
127.0 1.1722215271840675
127.0 1.1712669878876079
127.0 1.1733006485716158
127.0 1.1725242868496504
127.0 1.1732235093948638
127.0 1.172071507729721
127.0 1.181820160104422
127.0 1.1740014092590945
127.0 1.1737653773020362
127.0 1.1735887378698109
127.0 1.1717984443265552
127.0 1.1763320325672584
127.0 1.1732042246006733
127.0 1.1754368857956303
127.0 1.1770015588500558
127.0 1.1778935213933373
127.0 1.1718177291207403
127.0 1.179577087441238
127.0 1.1697972006618538
127.0 1.1615167973706357
127.0 1.1695225991164195
127.0 1.1707042970439774
127.0 1.171452500645794
127.0 1.1698299732088047
127.0 1.1671252480997307
127.0 1.1722793815666304
127.0 1.1731537054018024
127.0 1.1707339933063923
127.0 1.1708319554195978
127.0 1.170940329001034
127.0 1.1715593360849603
127.0 1.1732620789832373
127.0 1.1716671877026372
127.0 1.1671030231613193
127.0 1.1710398292565072
127.0 1.1717583365959077
127.0 1.173085439551007
127.0 1.1705607604841293
127.0 1.1748267520376598
127.0 1.177660673664623
127.0 1.1776606736646238
127.0 1.1784474468548172
127.0 1.1798532271289361
127.0 1.1778461864228105
127.0 1.1762518171059682
127.0 1.1751592079656583
127.0 1.1743323270448218
127.0 1.1748741949519972
127.0 1.1740488521734274
127.0 1.1740102825850516
127.0 1.1741884601595454
127.0 1.1717598747381743
127.0 1.1707370695909227
127.0 1.1750643221369863
127.0 1.1752216767750259
127.0 1.174356226265813
127.0 1.1639955439164404
127.0 1.1668475702697612
127.0 1.1718964064397583
127.0 1.1716499630144748
127.0 1.1704505184349976
127.0 1.1724085780845204
127.0 1.170480214697413
127.0 1.1624336753134172
127.0 1.1659153920520242
127.0 1.1662524624068227
127.0 1.169684568181258
127.0 1.171130456186022
127.0 1.171415469199684
127.0 1.1680790495448066
127.0 1.1671638176881063
127.0 1.1730468699626342
127.0 1.1746693973996234
127.0 1.1704281573562745
127.0 1.167298811247424
127.0 1.1686748952591293
127.0 1.173483085045265
127.0 1.169708111874606
127.0 1.1705865281728232
127.0 1.1678903118212813
127.0 1.1712230877235517
127.0 1.179187959745301
127.0 1.1802967773952646
127.0 1.1740130033419478
127.0 1.1780776039530714
127.0 1.174330788902558
127.0 1.1706256197249578
127.0 1.1708022591571834
127.0 1.1774319768912611
127.0 1.1805405000636573
127.0 1.1810912412967927
127.0 1.1789862384774599
127.0 1.1772063564024318
127.0 1.1755718793549468
127.0 1.1731907368479126
127.0 1.1759429048713217
127.0 1.1739447374911565
127.0 1.1713291011693299
127.0 1.174407928079311
127.0 1.1743589470227072
127.0 1.1739551489593836
127.0 1.1763451647923786
127.0 1.1737889209953847
127.0 1.1735103908762239
127.0 1.1754372161210629
127.0 1.17007913739098
127.0 1.1665698924397931
127.0 1.1640610915571368
127.0 1.1631273751971334
127.0 1.161094044838557
127.0 1.1580693080742275
127.0 1.1549640336689806
127.0 1.1614556291134095
127.0 1.1612032707091842
127.0 1.1583161091264575
127.0 1.1617200567807437
127.0 1.1569400251147526
127.0 1.1536147547794882
127.0 1.155393098712252
127.0 1.146023492890693
127.0 1.154358343954503
127.0 1.1500824628965065
127.0 1.1320711014615483
127.0 1.1229701497835827
127.0 1.142464581029829
127.0 1.1450578562729323
127.0 1.142050371498279
127.0 1.138943386468149
127.0 1.1334567970732496
127.0 1.1454469839688683
127.0 1.136771655940291
127.0 1.1422686568034146
127.0 1.1369587068407458
127.0 1.145905560130222
127.0 1.1455835156704532
127.0 1.137971100519769
127.0 1.1462530419532517
127.0 1.1456965036786897
127.0 1.1381315314423386
127.0 1.1446721603891719
127.0 1.1462441686272908
127.0 1.1397629322052907
127.0 1.1445857923588127
127.0 1.1403314200903456
127.0 1.1349605394605742
127.0 1.1303764320210006
127.0 1.1263594382135316
127.0 1.131343965302963
127.0 1.1218393594280995
127.0 1.1149252091364161
127.0 1.119547092367481
127.0 1.123028537272959
127.0 1.127651047864797
127.0 1.1300523274552046
127.0 1.1234038468906984
127.0 1.1256969167889992
127.0 1.1212123096048956
127.0 1.1201459901170345
127.0 1.1240991408621852
127.0 1.1269340786676607
127.0 1.1295224091585276
127.0 1.1207699419531956
127.0 1.1133623243548838
127.0 1.1238433021471845
127.0 1.123243579857448
127.0 1.123897749919783
127.0 1.1260684642691277
127.0 1.1347036845670673
127.0 1.1205388547483734
127.0 1.1208134562938104
127.0 1.1143035397879029
127.0 1.1203413923796954
127.0 1.1154350765910277
127.0 1.1235373023077537
127.0 1.1080972629857786
127.0 1.1166568822492282
127.0 1.116928407510128
127.0 1.1238639611943224
127.0 1.1261159071834714
127.0 1.1143247207988014
127.0 1.1084343333405762
127.0 1.1167741291566278
127.0 1.1204511402140818
127.0 1.1202640893136173
127.0 1.1289394173421992
127.0 1.1200623680457844
127.0 1.1385129684269404
127.0 1.12741946644522
127.0 1.1198456208829133
127.0 1.1245527722713033
127.0 1.1299429376952637
127.0 1.1205760778328109
127.0 1.134369690496799
127.0 1.1245396400461938
127.0 1.1218823578514572
