163.0 1.1605790226742898
163.0 1.2010311949609316
163.0 1.1918749296922784
163.0 1.1935032541706905
163.0 1.201564189542147
163.0 1.1897876735248634
163.0 1.2010535560396551
163.0 1.2007685430259933
163.0 1.2060815692731992
163.0 1.203522249191671
163.0 1.1976407350594105
163.0 1.1896839143702325
163.0 1.2002594476657686
163.0 1.1984884389166996
163.0 1.2041427944178638
163.0 1.2059539108975763
163.0 1.2052057072957583
163.0 1.204172490680279
163.0 1.2030220271574068
163.0 1.2073612293139653
163.0 1.2038874776666182
163.0 1.202901703965476
163.0 1.207064266689807
163.0 1.2014068349041094
163.0 1.207064266689807
163.0 1.2117181781224422
163.0 1.209081718864161
163.0 1.210055542954808
163.0 1.2105468916631108
163.0 1.2062285124430092
163.0 1.2064942406624837
163.0 1.2032892935191453
163.0 1.2095537827782754
163.0 1.2056110435013507
163.0 1.197935307252109
163.0 1.2057668599971214
163.0 1.2121605457741393
163.0 1.2090119148711012
163.0 1.208817528786955
163.0 1.2055813472389356
163.0 1.2019309561593634
163.0 1.2134000980842627
163.0 1.208767009588082
163.0 1.2072127480018857
163.0 1.205600632033124
163.0 1.2148845556774024
163.0 1.2093651937355552
163.0 1.2126286811145308
163.0 1.214608415989701
163.0 1.2146469855780768
163.0 1.2132620282404107
163.0 1.2159756266754445
163.0 1.2128879264395023
163.0 1.218012363643987
163.0 1.2165471908450345
163.0 1.2062389239112363
163.0 1.2111466139528508
163.0 1.2167342417454892
163.0 1.208257392264101
163.0 1.2161152346615625
163.0 1.2129770152267498
163.0 1.2062389239112359
163.0 1.216704545483072
163.0 1.20439811116911
163.0 1.214136352075582
163.0 1.2118442983557962
163.0 1.2090311996652885
163.0 1.2148340364785288
163.0 1.2121011532493084
163.0 1.210094112543182
163.0 1.209720010742275
163.0 1.2075764383345649
163.0 1.2059539108975752
163.0 1.2113247915273437
163.0 1.209188554303327
163.0 1.2075571535403773
163.0 1.2172063056596039
163.0 1.217195894191378
163.0 1.2167623998656372
163.0 1.2153985957898594
163.0 1.217863882331905
163.0 1.215608860058229
163.0 1.2083319771200751
163.0 1.2129754770844816
163.0 1.2143025800395821
163.0 1.214065009940259
163.0 1.2174095650697119
163.0 1.2178727556578692
163.0 1.2185141238205175
163.0 1.21694945076609
163.0 1.2128092491204825
163.0 1.2090284511593945
163.0 1.2130348696093152
163.0 1.212830072056939
163.0 1.2151205876344593
163.0 1.2141976130681167
163.0 1.2122361468086276
163.0 1.2164299439376391
163.0 1.2177481735667812
163.0 1.214709454387444
163.0 1.2149454863445017
163.0 1.217541837872139
163.0 1.2165977100439072
163.0 1.2147287391816302
163.0 1.2141186054236648
163.0 1.2137148073603403
163.0 1.21475689730178
163.0 1.2166451529582432
163.0 1.2161835005123545
163.0 1.216115234661563
163.0 1.2166362796322823
163.0 1.2195087708476218
163.0 1.2190262954652782
163.0 1.2184948390263304
163.0 1.2177080658361372
163.0 1.216971824832802
163.0 1.221026331313143
163.0 1.2209515825678492
163.0 1.222839838224313
163.0 1.2284571622793667
163.0 1.224336245427949
163.0 1.2194092705921462
163.0 1.218267544702413
163.0 1.2248468789304392
163.0 1.222309919927633
163.0 1.22063841143404
163.0 1.2213569187734423
163.0 1.2239532703010787
163.0 1.2208585652068773
163.0 1.2207749431356245
163.0 1.2210510828233239
163.0 1.2211683297307192
163.0 1.2194551753642153
163.0 1.2158776645622364
163.0 1.2186907632527435
163.0 1.2201767589881505
163.0 1.21997042329351
163.0 1.2214845771490628
163.0 1.2171199935747552
163.0 1.216918188612404
163.0 1.218015084400878
163.0 1.2192650481792267
163.0 1.2158537653412484
163.0 1.2148028020738475
163.0 1.2153921128953593
163.0 1.2155807019380813
163.0 1.220194505640072
163.0 1.222327666579554
163.0 1.222004083977517
163.0 1.2177643820764334
163.0 1.2148726060669055
163.0 1.2155510056756642
163.0 1.2161908356960465
163.0 1.2173902802755234
163.0 1.2165811460066074
163.0 1.2151738275902206
163.0 1.2199627325821718
163.0 1.2187424650662388
163.0 1.219116566867147
163.0 1.2195292382564322
163.0 1.2164237913685692
163.0 1.2130823125236498
163.0 1.2187470794930408
163.0 1.2242440803561634
163.0 1.2232494333290622
163.0 1.2232286103926058
163.0 1.2206041007448205
163.0 1.218755952819
163.0 1.2158256072210987
163.0 1.2020525981062298
163.0 1.1914975881650105
163.0 1.1918277373560628
163.0 1.199743844208833
163.0 1.2014110938032705
163.0 1.2030872167236637
163.0 1.1994962181689222
163.0 1.2011098722799536
163.0 1.200087067132705
163.0 1.1963267643294313
163.0 1.1907345221099899
163.0 1.1842449325110176
163.0 1.1828980873240318
163.0 1.1754194470208408
163.0 1.185834167252075
163.0 1.1810761411371584
163.0 1.1791484636031302
163.0 1.1815930910980392
163.0 1.18094183343092
163.0 1.185281887876669
163.0 1.1886858355309524
163.0 1.183601506057115
163.0 1.194541912299957
163.0 1.1772313639734406
163.0 1.1880814988144122
163.0 1.1811089136841093
163.0 1.1948419512086468
163.0 1.1935460826582291
163.0 1.1890807602683184
163.0 1.1883148100145822
163.0 1.1878534878941245
163.0 1.1903068248256747
163.0 1.1902563056268045
163.0 1.1848040269211284
163.0 1.1867173644132034
163.0 1.1855878877161046
163.0 1.184986463394778
163.0 1.1649161122790235
163.0 1.1614994706688668
163.0 1.1580344259113688
163.0 1.1618267902063049
163.0 1.1648699599231216
163.0 1.1653901526046537
163.0 1.1705888443396826
163.0 1.168538975146018
163.0 1.1773250671874915
163.0 1.1767654526283962
163.0 1.1754206030213732
163.0 1.1746828108877863
163.0 1.1674518327217043
163.0 1.1797968366240414
163.0 1.1728331248196977
163.0 1.1771322192456073
163.0 1.1667275283408742
163.0 1.178305043847203
163.0 1.1826901507758305
163.0 1.171759800473575
163.0 1.1810541355860813
163.0 1.1773073205355693
163.0 1.176029198637074
163.0 1.169723063505033
163.0 1.1724382000823335
163.0 1.174562487695853
163.0 1.1740830885980469
163.0 1.1704920900433058
163.0 1.1754472229992539
163.0 1.16295835221164
163.0 1.1723876808834615
163.0 1.1649060003929335
163.0 1.1638415493727745
163.0 1.1720937945438425
163.0 1.1709684128565792
163.0 1.163390308395113
163.0 1.1680010358125705
163.0 1.1708615774174118
163.0 1.1664170779639553
163.0 1.1738069489103427
163.0 1.1793945767029794
163.0 1.1742122851159364
163.0 1.1808018951193706
163.0 1.181413567019601
163.0 1.171151204857878
163.0 1.1709907739353016
163.0 1.170593128441048
163.0 1.169589608087987
