150.0 1.1330801582742138
150.0 1.1697832612192018
150.0 1.1661818511962336
150.0 1.1728902462493314
150.0 1.1706408545809626
150.0 1.1593176396473646
150.0 1.1761576622020324
150.0 1.1750473064098017
150.0 1.1751259837288208
150.0 1.1720575682870675
150.0 1.167859512258896
150.0 1.164366475817363
150.0 1.176080523025281
150.0 1.1713359846631317
150.0 1.1790895459422024
150.0 1.1818255054559583
150.0 1.1758653140046778
150.0 1.1737306149229287
150.0 1.1772518094846103
150.0 1.176905865803849
150.0 1.1737009186605125
150.0 1.1726468791085796
150.0 1.1787482166882446
150.0 1.1779984749441603
150.0 1.1758741873306378
150.0 1.177379467860233
150.0 1.1763180931246067
150.0 1.1783725767450681
150.0 1.1783428804826532
150.0 1.179681933048251
150.0 1.1774235041646006
150.0 1.1754229463529777
150.0 1.1750295597578824
150.0 1.1806260608764796
150.0 1.1719418595219422
150.0 1.1815003847116534
150.0 1.1841368439699331
150.0 1.1804390099760271
150.0 1.1780786904054459
150.0 1.1814232455349025
150.0 1.1822100187250935
150.0 1.1838815272186871
150.0 1.18040931371361
150.0 1.1862715430516837
150.0 1.1892315849120023
150.0 1.1767396378398518
150.0 1.1813341567476545
150.0 1.1827904562206457
150.0 1.181517279074383
150.0 1.1824059429515101
150.0 1.1802430857496127
150.0 1.1824163544197364
150.0 1.185740086612736
150.0 1.1822381768452428
150.0 1.1826226901143786
150.0 1.1830051432774893
150.0 1.1841769517005776
150.0 1.1853274152234512
150.0 1.188100406183316
150.0 1.1882087797647505
150.0 1.1845713544741827
150.0 1.1850127059473738
150.0 1.1845406420332563
150.0 1.1815123343221476
150.0 1.18378356510548
150.0 1.1824460506821515
150.0 1.1797012178424355
150.0 1.1842259327571805
150.0 1.183488140623592
150.0 1.186911373072065
150.0 1.1844426799200516
150.0 1.1853274152234514
150.0 1.1854951813297174
150.0 1.182916576454001
150.0 1.1807328963156485
150.0 1.1836840648500078
150.0 1.174340748680896
150.0 1.1837924384314413
150.0 1.1787081089576006
150.0 1.18096755401976
150.0 1.1776066264913314
150.0 1.1788461788014526
150.0 1.1779614434980525
150.0 1.1796923445164784
150.0 1.1825841205260044
150.0 1.179928376473535
150.0 1.182262928355423
150.0 1.1818552017183748
150.0 1.1823272656324897
150.0 1.1825143165329433
150.0 1.1855811938324297
150.0 1.1775382249477198
150.0 1.1741528177422451
150.0 1.1847662625220874
150.0 1.1864690054203635
150.0 1.1834287480987573
150.0 1.1827191140853166
150.0 1.184009185594309
150.0 1.1846000345580876
150.0 1.186281954519909
150.0 1.1848850475717505
150.0 1.1834985520918184
150.0 1.1853378266916783
150.0 1.183183842815741
150.0 1.1849444400965816
150.0 1.1857015170243592
150.0 1.1848657627775623
150.0 1.1834198747727993
150.0 1.183105165496722
150.0 1.1840492933249545
150.0 1.1833115011913642
150.0 1.182888418333853
150.0 1.1789931219712633
150.0 1.1840878629133302
150.0 1.183084342560268
150.0 1.1795942467104494
150.0 1.179245362437973
150.0 1.1806141112659836
150.0 1.179717426352089
150.0 1.179610590912921
150.0 1.1805547187411538
150.0 1.1756801315719232
150.0 1.1775759463487885
150.0 1.1810356559812325
150.0 1.1788326910486924
150.0 1.1796210023811537
150.0 1.1775858035548792
150.0 1.1750962874664095
150.0 1.1739038199961862
150.0 1.174034032692585
150.0 1.1714354849186122
150.0 1.172989746504809
150.0 1.1764723714781138
150.0 1.1786560516164664
150.0 1.1775159995618185
150.0 1.178489823652465
150.0 1.1808902509536872
150.0 1.184832990230612
150.0 1.1775600081171806
150.0 1.1768959485503752
150.0 1.1807803392299834
150.0 1.1814602769810094
150.0 1.1836528304453218
150.0 1.183799773615134
150.0 1.182600329035656
150.0 1.1807610544357967
150.0 1.1828957535175453
150.0 1.1824533858658457
150.0 1.1850987184500874
150.0 1.183357405963434
150.0 1.1832386209137715
150.0 1.1866024608374153
150.0 1.1874470884101718
150.0 1.1808678898749665
150.0 1.1848314520883465
150.0 1.187044828489117
150.0 1.1872511641837589
150.0 1.1854608706405023
150.0 1.1841402505799026
150.0 1.1855707823642037
150.0 1.1867702269436808
150.0 1.1826982911488642
150.0 1.1831406588005637
150.0 1.18627734009311
150.0 1.1865044987242066
150.0 1.1839956978415482
150.0 1.1823924551987468
150.0 1.1806808389745094
150.0 1.1805130728682425
150.0 1.1766271440463645
150.0 1.172611058473593
150.0 1.1686964491203182
150.0 1.1761395600224693
150.0 1.1726912457383791
150.0 1.170390318692635
150.0 1.1768596055041363
150.0 1.1727579734469051
150.0 1.1738505825872154
150.0 1.1678101756746513
150.0 1.16526126706135
150.0 1.1422867259181029
150.0 1.135345019827094
150.0 1.1310186672487001
150.0 1.1383744216909946
150.0 1.1374388368632882
150.0 1.140076834263835
150.0 1.143635746124701
150.0 1.1417691656938849
150.0 1.1461365259705878
150.0 1.1381916548919055
150.0 1.145962962822899
150.0 1.1356724425410194
150.0 1.1465788936222878
150.0 1.1421640904312476
150.0 1.1439856183791868
150.0 1.145989582800779
150.0 1.1439424343640092
150.0 1.1462360262260631
150.0 1.1479106110041897
150.0 1.1383089017993024
150.0 1.148271225052337
150.0 1.1503303230996036
150.0 1.1388878011525843
150.0 1.1419978624672447
150.0 1.1399298910940217
150.0 1.1452236325470386
150.0 1.131541444546806
150.0 1.1221324168476836
150.0 1.1187655006395063
150.0 1.1245667993104795
150.0 1.1228946024170123
150.0 1.1298318606795892
150.0 1.123468915092505
150.0 1.1286107686234736
150.0 1.1253433526707708
150.0 1.1244601555096385
150.0 1.1336357055724828
150.0 1.1294079532818966
150.0 1.1278270717178138
150.0 1.1276785904057351
150.0 1.1256788848833017
150.0 1.1307840372935927
150.0 1.1243132123398247
150.0 1.1139382176975077
150.0 1.1265443353925157
150.0 1.1294272380760826
150.0 1.1270757918314613
150.0 1.122897020597482
150.0 1.1226417038462353
150.0 1.132966179289682
150.0 1.1287592499355488
150.0 1.1192377561919453
150.0 1.119610319850588
150.0 1.1209034676441127
150.0 1.1207268282118865
150.0 1.129301117842726
150.0 1.124798764006702
150.0 1.1226937611873715
150.0 1.1211661195790557
150.0 1.12607073333613
150.0 1.1271054880938793
150.0 1.114889680709431
150.0 1.1255897960960544
150.0 1.1231122296180804
150.0 1.1210176382669748
150.0 1.1266141393855726
150.0 1.118173305171786
150.0 1.120124029637614
150.0 1.1129227477339492
150.0 1.1265042276618706
150.0 1.1092441985342298
150.0 1.118398925660614
150.0 1.102799993558338
150.0 1.1140894197664755
