199.0 0.9101103504215937
199.0 0.9551479419612579
199.0 0.9693935092049948
199.0 0.9667975132050008
199.0 0.9706303407582224
199.0 0.957058916770883
199.0 0.966605847877744
199.0 0.9676702988979041
199.0 0.9644687583645379
199.0 0.9739467377675293
199.0 0.9709257652401133
199.0 0.9513142898678462
199.0 0.9715493867508428
199.0 0.9677015333025879
199.0 0.9756158558296656
199.0 0.9754520182971252
199.0 0.9769291407065711
199.0 0.9792389410782797
199.0 0.9677027159172126
199.0 0.9747929034825553
199.0 0.9727978123869223
199.0 0.9722929759258593
199.0 0.9746860680433865
199.0 0.9738383641860969
199.0 0.9734881616061763
199.0 0.9793993720008518
199.0 0.9712153926805772
199.0 0.9812282351324842
199.0 0.9772943691815188
199.0 0.9778346989464272
199.0 0.9729447555567364
199.0 0.9805691203179155
199.0 0.9799011321773836
199.0 0.9806879053675797
199.0 0.9795691704641373
199.0 0.982634015406605
199.0 0.9840814415536353
199.0 0.9810812919626738
199.0 0.9877198830227127
199.0 0.9863229760745513
199.0 0.9712956081418633
199.0 0.9864417611242143
199.0 0.9840710300854082
199.0 0.9843263468366521
199.0 0.9859592857418703
199.0 0.9829992438815537
199.0 0.9763664498629424
199.0 0.9799654694544493
199.0 0.9833525227460055
199.0 0.9823297175987545
199.0 0.9844644166805042
199.0 0.9847004486375635
199.0 0.9829502628249495
199.0 0.9832738454269855
199.0 0.9907200326136729
199.0 0.9808348485373892
199.0 0.9700560558317411
199.0 0.9827929081869095
199.0 0.9732724306218165
199.0 0.9733709146987826
199.0 0.9849958731194512
199.0 0.975642145482113
199.0 0.9823995215918151
199.0 0.9721120775944756
199.0 0.9768816977922358
199.0 0.9809922031754276
199.0 0.9805112659353522
199.0 0.9848088222189989
199.0 0.9862250139613459
199.0 0.9854872218277566
199.0 0.9836583586961238
199.0 0.9824589141166469
199.0 0.9845045244111488
199.0 0.9803242150348971
199.0 0.9855678820522802
199.0 0.9930803521842526
199.0 0.9880153075046004
199.0 0.9874155852148612
199.0 0.9830883326688008
199.0 0.9780075736942474
199.0 0.9752695818234716
199.0 0.9807280130982209
199.0 0.9784463708466623
199.0 0.9833243646258586
199.0 0.9852912976013404
199.0 0.9845832017301679
199.0 0.9846241617500011
199.0 0.9854382407711526
199.0 0.9860780707915349
199.0 0.9863141027485934
199.0 0.9876516171719206
199.0 0.983734617834679
199.0 0.9851235037460689
199.0 0.9881028581495808
199.0 0.9861166403799116
199.0 0.9939828341395752
199.0 0.9895779204530034
199.0 0.987461489986932
199.0 0.9877287563486736
199.0 0.9885749220636981
199.0 0.9881518392061861
199.0 0.9869419831584816
199.0 0.9877287563486743
199.0 0.98864318791449
199.0 0.989763955174948
199.0 0.9887901310843008
199.0 0.9908268680528429
199.0 0.9898129362315526
199.0 0.9913166786188802
199.0 0.9910316656052189
199.0 0.9899301831389482
199.0 0.9886713460346388
199.0 0.9883655100845209
199.0 0.989094428892149
199.0 0.9864683811020957
199.0 0.9863766582467611
199.0 0.9879241586113315
199.0 0.9863079501795243
199.0 0.9889860553107154
199.0 0.9939531378771589
199.0 0.9943970436711264
199.0 0.997554547900125
199.0 0.9957997476607106
199.0 0.9946805185425207
199.0 0.9919565086392612
199.0 0.9904230699895187
199.0 0.9933727003816095
199.0 0.9927536932976813
199.0 0.98759494540398
199.0 0.9885984657570438
199.0 0.9906189942159318
199.0 0.9887515614959241
199.0 0.9866762549390068
199.0 0.9884947066024106
199.0 0.9887114537652798
199.0 0.9942782586214619
199.0 0.993009010048925
199.0 0.9928042124965492
199.0 0.9873751779020812
199.0 0.9853317356574173
199.0 0.9860422219600473
199.0 0.983819972233319
199.0 0.9859947790457101
199.0 0.9867221597110718
199.0 0.9907659373857386
199.0 0.9897712903586359
199.0 0.9847656382038146
199.0 0.9867711407676729
199.0 0.9847864611402688
199.0 0.9829664713345974
199.0 0.9864772544280502
199.0 0.9836047632127113
199.0 0.9801741955805451
199.0 0.9817863115493074
199.0 0.9780394964987967
199.0 0.9803492968705055
199.0 0.978924231802197
199.0 0.9764555386501839
199.0 0.9737716364775661
199.0 0.9771933307837721
199.0 0.9797214164606195
199.0 0.9756093729351604
199.0 0.979100871234425
199.0 0.9782948132500445
199.0 0.9791305674968412
199.0 0.9804680819201687
199.0 0.9859650827832931
199.0 0.9848042077921902
199.0 0.9813632286917973
199.0 0.9808984999613735
199.0 0.97487427126266
199.0 0.9747621632926209
199.0 0.9771100390379533
199.0 0.9745642067091862
199.0 0.981478937456926
199.0 0.9788617629928326
199.0 0.9772199507616548
199.0 0.9752692262958278
199.0 0.9728271531216957
199.0 0.9682341723561588
199.0 0.9687021160582229
199.0 0.9524666509167904
199.0 0.9483439342450781
199.0 0.9624905364294275
199.0 0.962031796378753
199.0 0.9657296303726616
199.0 0.9621328347764989
199.0 0.9621582721397549
199.0 0.9749321559410288
199.0 0.9721680383071256
199.0 0.9707487702802435
199.0 0.9677277977528295
199.0 0.9613742197064472
199.0 0.97119421421648
199.0 0.9703094789130798
199.0 0.9686156093407616
199.0 0.9622709046203499
199.0 0.952449727495696
199.0 0.9624683669890288
199.0 0.9641545458500088
199.0 0.9637804440490976
199.0 0.9590941155971583
199.0 0.9673151263635401
199.0 0.9555771799346349
199.0 0.9547148057099573
199.0 0.9583011898378956
199.0 0.9481762227930728
199.0 0.9346860063081935
199.0 0.9450513789301909
199.0 0.9550601971311593
199.0 0.9537216968251225
199.0 0.9527791071391581
199.0 0.9513420924603557
199.0 0.9469184159433551
199.0 0.9518098974753137
199.0 0.954574015109215
199.0 0.9566404483401743
199.0 0.9452306989401068
199.0 0.9487175828125705
199.0 0.950580756633417
199.0 0.9525898296965647
199.0 0.9576628954129884
199.0 0.9433984014495002
199.0 0.9543543555511304
199.0 0.9497538757125825
199.0 0.9552107688450643
199.0 0.9483955383528005
199.0 0.9492667859034393
199.0 0.9421800301502753
199.0 0.954216121817961
199.0 0.9457397943003295
199.0 0.9508152504482091
199.0 0.9547016734848393
199.0 0.952761360487238
199.0 0.9477958160630615
199.0 0.9507230853764286
199.0 0.9523768472181018
199.0 0.9461659534423772
199.0 0.9445804574514977
199.0 0.9532527091955441
199.0 0.9506073766113031
199.0 0.9455824396622938
199.0 0.9516718276314619
199.0 0.9467938338522663
199.0 0.9524289045592419
199.0 0.9525060437359922
199.0 0.9494079320318243
199.0 0.9460367569244885
199.0 0.9443293995994098
199.0 0.952700429820142
199.0 0.9464255290927839
199.0 0.9426386063116285
199.0 0.9396473300466286
199.0 0.9387803413951474
