158.0 1.1253180875398439
158.0 1.1685066858059898
158.0 1.1670099482769234
158.0 1.1663195990576685
158.0 1.165151388882875
158.0 1.1563808194979792
158.0 1.1684974821545957
158.0 1.176265713801053
158.0 1.1745051165202125
158.0 1.160389103868804
158.0 1.172934646424363
158.0 1.1607675704133849
158.0 1.1698068384577773
158.0 1.1684203429778444
158.0 1.170042870414832
158.0 1.1741741987344823
158.0 1.163196405517888
158.0 1.165542054721082
158.0 1.1732316090485173
158.0 1.1855646633403611
158.0 1.1782981918704383
158.0 1.1773332411057496
158.0 1.1786098248619816
158.0 1.1791605660951126
158.0 1.1772233293820482
158.0 1.1839124396409575
158.0 1.1731039506728955
158.0 1.1851030108944731
158.0 1.176705360695862
158.0 1.1698990035295596
158.0 1.1771200644421658
158.0 1.1827426913238952
158.0 1.1918114059475708
158.0 1.1885856358677798
158.0 1.1840015284282028
158.0 1.176320847426727
158.0 1.181100879092715
158.0 1.1823894124594414
158.0 1.1804506376041064
158.0 1.1770497662343558
158.0 1.1780532865874191
158.0 1.1771670131417498
158.0 1.1773243677797918
158.0 1.1779048052753402
158.0 1.1837670346134128
158.0 1.1819277600135527
158.0 1.1784154387778318
158.0 1.183513586329869
158.0 1.179340281811875
158.0 1.1785623819476436
158.0 1.1810978028081807
158.0 1.179999396626446
158.0 1.1802234789730082
158.0 1.1789364837485523
158.0 1.1870313742815812
158.0 1.1841781678604306
158.0 1.1818043605370885
158.0 1.1863306135941003
158.0 1.182197747132186
158.0 1.185189023397187
158.0 1.183320052534912
158.0 1.1779715329838656
158.0 1.1732775138205875
158.0 1.1782920393013678
158.0 1.1769441134098129
158.0 1.175017288164974
158.0 1.179407009520402
158.0 1.1765345183050633
158.0 1.1759837770719286
158.0 1.1773880192037813
158.0 1.178905249343871
158.0 1.177261898970426
158.0 1.1732759756783224
158.0 1.175719586994722
158.0 1.1743076541515327
158.0 1.1754507824907117
158.0 1.1857204798361316
158.0 1.184853491184652
158.0 1.1875019000534273
158.0 1.1888185915403005
158.0 1.1889983072570627
158.0 1.18267596361537
158.0 1.17745356429768
158.0 1.1807283154340764
158.0 1.1830292424798254
158.0 1.1829802614232208
158.0 1.1798082532629472
158.0 1.1809018785817689
158.0 1.181994487722078
158.0 1.190856866651112
158.0 1.1912591265721666
158.0 1.1876696661596957
158.0 1.185011862001201
158.0 1.1826431910684196
158.0 1.185485986021343
158.0 1.1817746642746716
158.0 1.1851890233971847
158.0 1.1813916891478033
158.0 1.1818267216158111
158.0 1.182712995061478
158.0 1.1754345739810577
158.0 1.1801552131222155
158.0 1.181226999326071
158.0 1.1795554908324777
158.0 1.1822795007357385
158.0 1.1785191979324656
158.0 1.1820612154306023
158.0 1.1798952819441704
158.0 1.1809759414739838
158.0 1.182844912336259
158.0 1.1773255503944133
158.0 1.1747723828819556
158.0 1.1764782020647677
158.0 1.1766355567028042
158.0 1.1775276271898976
158.0 1.1736987199433768
158.0 1.1825228678764923
158.0 1.1850332069014164
158.0 1.189342712795557
158.0 1.1858288534175674
158.0 1.1894287252982678
158.0 1.193392287511649
158.0 1.1774647483077851
158.0 1.183526388229554
158.0 1.1791428194431948
158.0 1.1792808892870454
158.0 1.1782091030831894
158.0 1.1766637148229517
158.0 1.1715901271427756
158.0 1.171642184483914
158.0 1.1753408707670112
158.0 1.1757847765609788
158.0 1.1755487446039194
158.0 1.1774458735863436
158.0 1.179602933746814
158.0 1.1776255893031036
158.0 1.1739574515716114
158.0 1.1723487422128178
158.0 1.1688932314321476
158.0 1.1748836411096013
158.0 1.1760948714102566
158.0 1.1772291264234755
158.0 1.174090906988664
158.0 1.173837128379685
158.0 1.1781242731951047
158.0 1.177239537891703
158.0 1.1723927785171893
158.0 1.1777027284798596
158.0 1.1799739592631922
158.0 1.1800823328446266
158.0 1.1842641803631455
158.0 1.1808424860569386
158.0 1.178954230400475
158.0 1.176641353744231
158.0 1.1702268450307574
158.0 1.1749875919025587
158.0 1.1712392387097796
158.0 1.1736396660110013
158.0 1.1765032839003822
158.0 1.1773270885366829
158.0 1.1757118962833861
158.0 1.174148761371228
158.0 1.1764408150910164
158.0 1.1770910565796233
158.0 1.172202651332198
158.0 1.172912285345637
158.0 1.1710209534046394
158.0 1.1721343854814046
158.0 1.1759999855815784
158.0 1.165122186835209
158.0 1.1585232162325507
158.0 1.16105154554603
158.0 1.16845701889631
158.0 1.1705415543068307
158.0 1.1713965933478165
158.0 1.1746890911361303
158.0 1.165955908724991
158.0 1.1624243026950813
158.0 1.1606799139238968
158.0 1.1637660760175685
158.0 1.1589417333471492
158.0 1.141822122957624
158.0 1.13827586366294
158.0 1.1593556956150057
158.0 1.158062739459805
158.0 1.162214890715907
158.0 1.159342399500569
158.0 1.1604720400869866
158.0 1.1593022917699227
158.0 1.163910298430489
158.0 1.157298327348333
158.0 1.1504800205715346
158.0 1.1534489357578117
158.0 1.15866399989181
158.0 1.1475689597678198
158.0 1.1608951229444957
158.0 1.1597566090321199
158.0 1.1597461975638903
158.0 1.1583774487358796
158.0 1.1522228712004539
158.0 1.161632915078086
158.0 1.16124840180895
158.0 1.1535218160354053
158.0 1.1513277244288254
158.0 1.1509104386127404
158.0 1.1589563480891614
158.0 1.1376749023655763
158.0 1.1368799165002887
158.0 1.1323548435111064
158.0 1.1267506516811696
158.0 1.1300016952348977
158.0 1.135433506531767
158.0 1.134280158362688
158.0 1.131423545331565
158.0 1.140897074197074
158.0 1.1338343841010188
158.0 1.1436700651569398
158.0 1.1268860285171314
158.0 1.129375544605605
158.0 1.1343187279510605
158.0 1.1343882016186861
158.0 1.141212305436908
158.0 1.1376926490174957
158.0 1.1367188249268518
158.0 1.1391088407598446
158.0 1.1406704375297343
158.0 1.136559932146543
158.0 1.1306487217518686
158.0 1.1294670238243094
158.0 1.1336369217323352
158.0 1.1231400657558144
158.0 1.1231489390817762
158.0 1.125745290609415
158.0 1.1259188537571014
158.0 1.1297547575948617
158.0 1.133100850866586
158.0 1.124487991647371
158.0 1.1262485889282148
158.0 1.1319623369542067
158.0 1.132931902145693
158.0 1.12946856196658
158.0 1.129771321632162
158.0 1.1300162269151774
158.0 1.1255910122559112
158.0 1.1259250063261763
158.0 1.132052963883721
158.0 1.1287188202224938
158.0 1.131432418657527
158.0 1.1254618157380194
158.0 1.1276663188128278
158.0 1.1290087779883884
158.0 1.1263294902425744
158.0 1.132236250099769
158.0 1.1277751866090142
