244.0 0.6726417283467636
244.0 0.7021904099984644
244.0 0.7056609189251601
244.0 0.7036054191261889
244.0 0.7113142582478129
244.0 0.6975591874231905
244.0 0.7097704081298435
244.0 0.7096323382859923
244.0 0.7084240203805544
244.0 0.7142283953360632
244.0 0.7172952726355499
244.0 0.7196467188801666
244.0 0.7162161512480021
244.0 0.7124469751187674
244.0 0.7140814521662514
244.0 0.7140085718886581
244.0 0.7113678537312171
244.0 0.712161962105105
244.0 0.7047852233838359
244.0 0.7167074999563059
244.0 0.7188317875698256
244.0 0.71267993079129
244.0 0.7134697802660201
244.0 0.712210943161709
244.0 0.7132561093876838
244.0 0.7165412719923075
244.0 0.708808533649691
244.0 0.7153715236752439
244.0 0.7145654656908639
244.0 0.7145045350237654
244.0 0.7138662431456485
244.0 0.7186447366693722
244.0 0.7157456254761505
244.0 0.7163052400352488
244.0 0.7167807105593328
244.0 0.7150167066685233
244.0 0.7139152242022542
244.0 0.7155080553768276
244.0 0.7170831398994825
244.0 0.7231115972015522
244.0 0.7250295491204313
244.0 0.7231605782581553
244.0 0.7233773254210257
244.0 0.7181252298409222
244.0 0.7184696353794102
244.0 0.7199942007031964
244.0 0.7203281947734604
244.0 0.7177198936353276
244.0 0.7195919407821387
244.0 0.7187353635988859
244.0 0.7194434594700625
244.0 0.72078097389339
244.0 0.7150375296049793
244.0 0.7159816574332083
244.0 0.7229052615069096
244.0 0.7171409942820455
244.0 0.7194804909161686
244.0 0.7199155233841773
244.0 0.7195117253208525
244.0 0.7210956831694678
244.0 0.7230185798405805
244.0 0.7216167281401851
244.0 0.7177125584516377
244.0 0.7212530378075069
244.0 0.7226692295498527
244.0 0.7203396224201982
244.0 0.7199942007031952
244.0 0.723849389335143
244.0 0.7227479068688737
244.0 0.7202302326602547
244.0 0.7185780089608489
244.0 0.7181846223657523
244.0 0.7216464244026035
244.0 0.7184993316418302
244.0 0.7208204517164611
244.0 0.7247148398443537
244.0 0.7233773254210267
244.0 0.726603095500818
244.0 0.730222252175706
244.0 0.7280649978301157
244.0 0.7303988916079336
244.0 0.7295928336235517
244.0 0.7255802903535673
244.0 0.7272325140529727
244.0 0.7266817728198368
244.0 0.7258163223106237
244.0 0.721376275941448
244.0 0.7325038944272664
244.0 0.7311663800039401
244.0 0.728963415071399
244.0 0.7296715109425721
244.0 0.722401339774534
244.0 0.7297186477807741
244.0 0.7309689176352551
244.0 0.7299075428996293
244.0 0.7297279910721867
244.0 0.7264442027205137
244.0 0.7286575791212812
244.0 0.7280192872431658
244.0 0.7288847377523776
244.0 0.7269178047768949
244.0 0.7256589676725855
244.0 0.7250295491204313
244.0 0.7256589676725853
244.0 0.7258949996296437
244.0 0.7249508718014116
244.0 0.7250295491204318
244.0 0.7249508718014127
244.0 0.7258949996296447
244.0 0.7266817728198377
244.0 0.7239280666541621
244.0 0.7202302326602537
244.0 0.7180272677277135
244.0 0.7196008141081001
244.0 0.7204068720924802
244.0 0.7222157125785406
244.0 0.7242412377879704
244.0 0.7226676914075857
244.0 0.7219700070046394
244.0 0.7239473514483495
244.0 0.7283043002568277
244.0 0.7286976868519233
244.0 0.7238824922075239
244.0 0.7255016130345461
244.0 0.7258163223106238
244.0 0.7282553192002226
244.0 0.7281766418812023
244.0 0.7282923506463301
244.0 0.7263255538111618
244.0 0.7243661199086904
244.0 0.7203251184889263
244.0 0.7228235079033554
244.0 0.7229125966906036
244.0 0.7211030183531582
244.0 0.7235821229734014
244.0 0.7228547423080391
244.0 0.7247044283761268
244.0 0.7226676914075846
244.0 0.7185484271362398
244.0 0.7220186299868036
244.0 0.7232288441089483
244.0 0.7202094097237998
244.0 0.7260122465370407
244.0 0.7280875530939582
244.0 0.7226291218192095
244.0 0.7225994255567937
244.0 0.7244387001566539
244.0 0.7238879589235185
244.0 0.7247237131703154
244.0 0.7247429979645033
244.0 0.7265332915077602
244.0 0.7265525763019464
244.0 0.728795648965131
244.0 0.725323435460053
244.0 0.7289128958725262
244.0 0.7270246402160639
244.0 0.7285684903340331
244.0 0.7273586342863292
244.0 0.7278900907252751
244.0 0.729640276537888
244.0 0.7255787522113004
244.0 0.7286471676530528
244.0 0.7284304204901814
244.0 0.7283220469087479
244.0 0.723975509568497
244.0 0.7239843828944578
244.0 0.7233252680798873
244.0 0.7214354742811571
244.0 0.7157394729070848
244.0 0.7158532854555051
244.0 0.7131737046215445
244.0 0.7204482465797527
244.0 0.7150243721776485
244.0 0.721306277763266
244.0 0.7198677249421949
244.0 0.7147938069365835
244.0 0.7152747441766605
244.0 0.7166924740612761
244.0 0.7133552541155147
244.0 0.7133448426472884
244.0 0.7051173554803942
244.0 0.6972677283048232
244.0 0.7057437579252491
244.0 0.7071143085497323
244.0 0.6951360712646106
244.0 0.7041558048316819
244.0 0.7049738124265555
244.0 0.7130227981875166
244.0 0.7056880608668006
244.0 0.7088039192228893
244.0 0.7047929140951726
244.0 0.7142415275611824
244.0 0.7042495080457307
244.0 0.7035606969687467
244.0 0.7034033423307057
244.0 0.7013087509796009
244.0 0.7031480255794607
244.0 0.7147714458578612
244.0 0.7041010267336498
244.0 0.7087815581441665
244.0 0.705947636517205
244.0 0.7018444663177053
244.0 0.6976182521693847
244.0 0.6944711594086148
244.0 0.6916580607181038
244.0 0.697517213771642
244.0 0.6887589130613628
244.0 0.682537573574411
244.0 0.6794119054611674
244.0 0.6864518421610593
244.0 0.6885700049545184
244.0 0.6924787890698741
244.0 0.6867206744140798
244.0 0.6906128944921319
244.0 0.6992600644005619
244.0 0.6937885009006948
244.0 0.7005562884786274
244.0 0.6988462103966558
244.0 0.6991697929986953
244.0 0.7018818532914608
244.0 0.6980548227796581
244.0 0.6966000614489354
244.0 0.6952239774372323
244.0 0.7003395413157527
244.0 0.7006824087119793
244.0 0.6933727532268789
244.0 0.6927433346747242
244.0 0.6897134888213468
244.0 0.6916966303064821
244.0 0.685403982927203
244.0 0.6950072302743644
244.0 0.6993537676146132
244.0 0.6928872015599998
244.0 0.6881102461785445
244.0 0.6891330513257957
244.0 0.6944117668837801
244.0 0.6850626536732466
244.0 0.6896452229705526
244.0 0.6945617863381298
244.0 0.6960092124851565
244.0 0.6983992283181543
244.0 0.6883077085472282
244.0 0.6976807209787519
244.0 0.6880539299382487
244.0 0.6931590823485444
244.0 0.6973066191778463
244.0 0.692643834419251
244.0 0.6882290312282049
244.0 0.7002311677343206
244.0 0.6884577280015725
244.0 0.6926824040076228
244.0 0.6871379602301639
244.0 0.689496741658476
244.0 0.6896749192329698
