129.0 1.1043302007860278
129.0 1.1437642842495308
129.0 1.1470653250383767
129.0 1.1490931886809574
129.0 1.1557734256139054
129.0 1.148997947324641
129.0 1.1498799618711506
129.0 1.155378500876543
129.0 1.1557703493293727
129.0 1.1577091241847055
129.0 1.1556129946913327
129.0 1.145044796579488
129.0 1.1548856140259711
129.0 1.156785819292931
129.0 1.1583400808791289
129.0 1.1587720370626005
129.0 1.1557140330890732
129.0 1.1538346507585728
129.0 1.15207559162
129.0 1.1516316858260311
129.0 1.1554780011320165
129.0 1.1613980848526537
129.0 1.1603471215852543
129.0 1.1608874513501608
129.0 1.1584974355171678
129.0 1.1617336170651875
129.0 1.1565898950665146
129.0 1.16113235663318
129.0 1.1597072915648727
129.0 1.1597354496850196
129.0 1.1538658851632546
129.0 1.159135727395282
129.0 1.1620676111354524
129.0 1.1632092013323647
129.0 1.156303343910587
129.0 1.160957255343219
129.0 1.1628455109996838
129.0 1.1659821922922282
129.0 1.1603664063794428
129.0 1.1594118670829825
129.0 1.1575830039513504
129.0 1.161950364228055
129.0 1.1571510477678777
129.0 1.1621447503122029
129.0 1.164240879805577
129.0 1.1618612754408084
129.0 1.160935910443007
129.0 1.15263212989456
129.0 1.1596938038121096
129.0 1.1580832259856138
129.0 1.159784430741624
129.0 1.159183170309619
129.0 1.1612704264770302
129.0 1.1615419517379295
129.0 1.1617586989008002
129.0 1.1630383589415632
129.0 1.161828502893859
129.0 1.1649385642085237
129.0 1.158890822112264
129.0 1.1608087740311432
129.0 1.157602288745539
129.0 1.1583504923473569
129.0 1.160445083698462
129.0 1.1618716869090369
129.0 1.164438342174258
129.0 1.1648634573887877
129.0 1.1637109615088959
129.0 1.1639469934659539
129.0 1.166494363936988
129.0 1.1660223000228727
129.0 1.1650781721946408
129.0 1.165235526832679
129.0 1.1711853068157307
129.0 1.169788399867571
129.0 1.1661187239938124
129.0 1.1636604423100243
129.0 1.1670154089077087
129.0 1.1659332112356258
129.0 1.1703495525689338
129.0 1.1690179990763503
129.0 1.1715786934108285
129.0 1.163808923622105
129.0 1.1673790992403887
129.0 1.16840190438764
129.0 1.1701135206118762
129.0 1.1695226716480978
129.0 1.1661098506678522
129.0 1.1681851572247703
129.0 1.1665433449935934
129.0 1.1702901600441038
129.0 1.1682638345437892
129.0 1.163504076101489
129.0 1.1546630420726693
129.0 1.166148420256228
129.0 1.1688739683017557
129.0 1.1646827254935173
129.0 1.1659929340858877
129.0 1.170575173057764
129.0 1.1711363257591263
129.0 1.1702708752499134
129.0 1.1699561659738358
129.0 1.1687760061885464
129.0 1.1678318783603143
129.0 1.1668090732130632
129.0 1.1669664278511023
129.0 1.1679892329983532
129.0 1.1685399742314884
129.0 1.1684612969124697
129.0 1.1690907154646237
129.0 1.172316485544416
129.0 1.1724738401824546
129.0 1.1716870669922617
129.0 1.1740473865628407
129.0 1.174519450476957
129.0 1.1704860842705163
129.0 1.1662391833260524
129.0 1.164386284833118
129.0 1.164978671939163
129.0 1.1689719304149604
129.0 1.1676151311974445
129.0 1.1693460322158715
129.0 1.1711259142908987
129.0 1.1648064552954158
129.0 1.1638949361248148
129.0 1.16882498724515
129.0 1.1667986617448356
129.0 1.1692970511592666
129.0 1.1693163359534546
129.0 1.1615229452708662
129.0 1.16543485766906
129.0 1.1691100002588108
129.0 1.1687463099261306
129.0 1.1637109615088945
129.0 1.1665923260501938
129.0 1.1675557386726139
129.0 1.1714213387727874
129.0 1.1733585754858542
129.0 1.1693124073797303
129.0 1.1640000457305923
129.0 1.1658442585886932
129.0 1.1666189460280771
129.0 1.171321838517313
129.0 1.1706908818228918
129.0 1.1691678546413766
129.0 1.1677709476932159
129.0 1.1695909374988875
129.0 1.1754917364253368
129.0 1.1723149474021488
129.0 1.1718918645446377
129.0 1.1692762282228106
129.0 1.1703865840150416
129.0 1.1711050913544427
129.0 1.1705053690647031
129.0 1.168980803740922
129.0 1.1693356207476424
129.0 1.1686749677908064
129.0 1.1710352873613852
129.0 1.1690594810599426
129.0 1.1678006439556332
129.0 1.1680262644444628
129.0 1.1667377310777394
129.0 1.1679267641889888
129.0 1.167347864835705
129.0 1.1693444940736037
129.0 1.1724217828413162
129.0 1.168183619082501
129.0 1.1671800987294378
129.0 1.1641606643442868
129.0 1.1609437675904553
129.0 1.1509619961014055
129.0 1.1467515264139467
129.0 1.149632004105405
129.0 1.1502818662645609
129.0 1.1408953660802723
129.0 1.1314887288126072
129.0 1.1288874325327347
129.0 1.1314926573863338
129.0 1.129556958815533
129.0 1.1359907523232
129.0 1.1372110198391316
129.0 1.136989219980214
129.0 1.1134906051296372
129.0 1.1178884938218312
129.0 1.121616346636014
129.0 1.131759923748077
129.0 1.1354207262958775
129.0 1.1346651875103644
129.0 1.1270037913030777
129.0 1.131839286920172
129.0 1.1271032915585515
129.0 1.1349872319701364
129.0 1.12586373924843
129.0 1.1287643885839178
129.0 1.1334776925413845
129.0 1.1333515723080259
129.0 1.1401089484177285
129.0 1.1373062611954488
129.0 1.1355738220347542
129.0 1.133841382874065
129.0 1.1304582581562337
129.0 1.1256500683700934
129.0 1.1271225763527402
129.0 1.1216521954674987
129.0 1.1192251481883948
129.0 1.1155955800452797
129.0 1.1248721685058611
129.0 1.1169824912549202
129.0 1.112791048999927
129.0 1.1232617133842027
129.0 1.1132827033890365
129.0 1.1178220886711598
129.0 1.1240645723792122
129.0 1.1245663325557465
129.0 1.1176458047665827
129.0 1.116965867015553
129.0 1.1218276522851016
129.0 1.123735192735755
129.0 1.1215634622078956
129.0 1.1166260759038646
129.0 1.1208137204638091
129.0 1.1320067227010042
129.0 1.1256130369239876
129.0 1.1163082903432566
129.0 1.117497323454504
129.0 1.123800382302005
129.0 1.1207423783284831
129.0 1.1101402250550623
129.0 1.1094899835664553
129.0 1.1090402807310638
129.0 1.1214905819303005
129.0 1.1156580488546444
129.0 1.11349211536821
129.0 1.1062136942877927
129.0 1.114044394743615
129.0 1.113028924780055
129.0 1.1164729801649842
129.0 1.1164270753929195
129.0 1.110379333296654
129.0 1.113553046035311
129.0 1.125188415924207
129.0 1.1130809821211947
129.0 1.1098255157789876
129.0 1.116640746271254
129.0 1.1149202567210534
129.0 1.1256797646325107
129.0 1.1200566435360346
129.0 1.1086573056041928
129.0 1.129260351719023
129.0 1.1177244820856007
129.0 1.1141824645874656
129.0 1.1221273356661512
129.0 1.1188525845297561
129.0 1.1224925641410926
129.0 1.1173102725540505
