122.99999999999999 1.1575463487369813
122.99999999999999 1.1926986027522406
122.99999999999999 1.1992438461258725
122.99999999999999 1.2013101154675114
122.99999999999999 1.2027679530827664
122.99999999999999 1.1889773915011004
122.99999999999999 1.2053248827328387
122.99999999999999 1.2046072276826276
122.99999999999999 1.206446502282488
122.99999999999999 1.206822142225662
122.99999999999999 1.20817894144318
122.99999999999999 1.1994380683207
122.99999999999999 1.1996729176631338
122.99999999999999 1.2045717343787845
122.99999999999999 1.2097821840859824
122.99999999999999 1.2111019518573884
122.99999999999999 1.203735980131991
122.99999999999999 1.2122331305860752
122.99999999999999 1.2086702901514845
122.99999999999999 1.2085931509747332
122.99999999999999 1.2142089368875197
122.99999999999999 1.2142876142065386
122.99999999999999 1.2150076596882071
122.99999999999999 1.2081743270163807
122.99999999999999 1.2100286275112677
122.99999999999999 1.2094200318955695
122.99999999999999 1.2087802018751865
122.99999999999999 1.2125671246563419
122.99999999999999 1.208869290662432
122.99999999999999 1.2093606393707363
122.99999999999999 1.203700817153581
122.99999999999999 1.2112176606225151
122.99999999999999 1.2203384325873332
122.99999999999999 1.21645354769297
122.99999999999999 1.2189375970654468
122.99999999999999 1.2162263890618727
122.99999999999999 1.213993727866916
122.99999999999999 1.2125879475927976
122.99999999999999 1.2141526206472233
122.99999999999999 1.2145163109799029
122.99999999999999 1.2182349679102649
122.99999999999999 1.2174169603153906
122.99999999999999 1.217151232095917
122.99999999999999 1.2087505056127708
122.99999999999999 1.2089672527756403
122.99999999999999 1.2105022295676495
122.99999999999999 1.213846784697103
122.99999999999999 1.2125389665361919
122.99999999999999 1.216647933777117
122.99999999999999 1.2171809283583324
122.99999999999999 1.212193022855433
122.99999999999999 1.2187263166185707
122.99999999999999 1.2166687567135728
122.99999999999999 1.2159799456365878
122.99999999999999 1.214035373739827
122.99999999999999 1.2112504331694691
122.99999999999999 1.2104042674544429
122.99999999999999 1.219364608496686
122.99999999999999 1.2134400742385656
122.99999999999999 1.2233979747031265
122.99999999999999 1.2200341347794825
122.99999999999999 1.2187841710011347
122.99999999999999 1.2196214633901992
122.99999999999999 1.2180375055415864
122.99999999999999 1.221146028713982
122.99999999999999 1.2188154054058173
122.99999999999999 1.2284927156451928
122.99999999999999 1.227990955468662
122.99999999999999 1.2259453451741593
122.99999999999999 1.2264174090882756
122.99999999999999 1.2231322464836523
122.99999999999999 1.2251095909273615
122.99999999999999 1.22534562288442
122.99999999999999 1.2253159266220046
122.99999999999999 1.2233452874544173
122.99999999999999 1.2239591274044883
122.99999999999999 1.2269577388531812
122.99999999999999 1.2234558290856898
122.99999999999999 1.226417409088275
122.99999999999999 1.2241837317148083
122.99999999999999 1.2204853757571434
122.99999999999999 1.2271359164276772
122.99999999999999 1.2242248556239625
122.99999999999999 1.2249329514951357
122.99999999999999 1.2228873412006336
122.99999999999999 1.2276079803417925
122.99999999999999 1.2234558290856878
122.99999999999999 1.223525633078747
122.99999999999999 1.2234469557597296
122.99999999999999 1.2236340066601823
122.99999999999999 1.2244697609069795
122.99999999999999 1.2188196643049745
122.99999999999999 1.2122300607955352
122.99999999999999 1.2190009181640031
122.99999999999999 1.2231515312778383
122.99999999999999 1.2222570426102815
122.99999999999999 1.2212987689252182
122.99999999999999 1.2221568842507382
122.99999999999999 1.2193526588861894
122.99999999999999 1.2159012683175687
122.99999999999999 1.217691561860824
122.99999999999999 1.2213612377345835
122.99999999999999 1.2216670736847002
122.99999999999999 1.2203681288497485
122.99999999999999 1.2191879690644596
122.99999999999999 1.2191004184194796
122.99999999999999 1.2205463064242426
122.99999999999999 1.2228472334699905
122.99999999999999 1.2247651853888695
122.99999999999999 1.2233786899089378
122.99999999999999 1.2247250776582268
122.99999999999999 1.2270364161722025
122.99999999999999 1.2289454947651213
122.99999999999999 1.228373930595531
122.99999999999999 1.2250976413168677
122.99999999999999 1.2175770916558246
122.99999999999999 1.2165765916417897
122.99999999999999 1.2204275213745768
122.99999999999999 1.222266795974437
122.99999999999999 1.2252075530405673
122.99999999999999 1.2274209294413372
122.99999999999999 1.225247660771212
122.99999999999999 1.2142659389808896
122.99999999999999 1.2162769082607405
122.99999999999999 1.2157959710206632
122.99999999999999 1.2189816333698122
122.99999999999999 1.2203577173815172
122.99999999999999 1.2229832432078127
122.99999999999999 1.2247155809186892
122.99999999999999 1.231246421810867
122.99999999999999 1.230645161378862
122.99999999999999 1.230132989734102
122.99999999999999 1.2270557009663876
122.99999999999999 1.2292794888353844
122.99999999999999 1.2278632970930363
122.99999999999999 1.2257582942737035
122.99999999999999 1.2271848974842794
122.99999999999999 1.2286693550774181
122.99999999999999 1.2289881008710353
122.99999999999999 1.2311409328756449
122.99999999999999 1.228446455345482
122.99999999999999 1.228830968614618
122.99999999999999 1.228498512686618
122.99999999999999 1.2301908441166667
122.99999999999999 1.2286766902611124
122.99999999999999 1.2326907716733637
122.99999999999999 1.231500200419847
122.99999999999999 1.2295718370327398
122.99999999999999 1.2298198186002929
122.99999999999999 1.231844605958339
122.99999999999999 1.2309494591867096
122.99999999999999 1.229858388188668
122.99999999999999 1.2320613531212092
122.99999999999999 1.2294457167993837
122.99999999999999 1.230861908541732
122.99999999999999 1.2312834532569767
122.99999999999999 1.2306555728470878
122.99999999999999 1.2296609258199858
122.99999999999999 1.2291992733740984
122.99999999999999 1.2282728921977881
122.99999999999999 1.232649125800453
122.99999999999999 1.2314705041574305
122.99999999999999 1.2278810437449579
122.99999999999999 1.227701328028195
122.99999999999999 1.2262392315137798
122.99999999999999 1.223868500474973
122.99999999999999 1.2253336732739242
122.99999999999999 1.2282937151342417
122.99999999999999 1.2261767627044138
122.99999999999999 1.2141433337488106
122.99999999999999 1.2044418844360452
122.99999999999999 1.2015907533711758
122.99999999999999 1.208533402922255
122.99999999999999 1.206176159636213
122.99999999999999 1.2140558411486384
122.99999999999999 1.2101308485236328
122.99999999999999 1.207681440165806
122.99999999999999 1.204850594823379
122.99999999999999 1.2118305151373736
122.99999999999999 1.1986914028611504
122.99999999999999 1.1961960727079686
122.99999999999999 1.1809317355500089
122.99999999999999 1.1772546207724808
122.99999999999999 1.1955678537937273
122.99999999999999 1.1941204276466924
122.99999999999999 1.192195140544122
122.99999999999999 1.1904746509939261
122.99999999999999 1.185587783888767
122.99999999999999 1.1814020077965268
122.99999999999999 1.1878665137451139
122.99999999999999 1.1837203511687608
122.99999999999999 1.174633367929407
122.99999999999999 1.1897167217769569
122.99999999999999 1.1880981229136922
122.99999999999999 1.1870826529501357
122.99999999999999 1.1836515633542104
122.99999999999999 1.173845056596947
122.99999999999999 1.188507718018441
122.99999999999999 1.1860583096606168
122.99999999999999 1.18050191627266
122.99999999999999 1.1800371875422377
122.99999999999999 1.1827241659993881
122.99999999999999 1.1826381534966746
122.99999999999999 1.1878694261403262
122.99999999999999 1.1851826115724942
122.99999999999999 1.1845175358271811
122.99999999999999 1.1734591690748584
122.99999999999999 1.1774711621845886
122.99999999999999 1.176038030575197
122.99999999999999 1.1784588602989365
122.99999999999999 1.175908935507125
122.99999999999999 1.1780381678728808
122.99999999999999 1.177947210617936
122.99999999999999 1.1741305915743645
122.99999999999999 1.1750257383459932
122.99999999999999 1.1694623400997755
122.99999999999999 1.1701759026869432
122.99999999999999 1.171047836090655
122.99999999999999 1.1671436664021069
122.99999999999999 1.1780685499883745
122.99999999999999 1.1713127120209428
122.99999999999999 1.1736522086550623
122.99999999999999 1.1736313857186111
122.99999999999999 1.164536903406244
122.99999999999999 1.1671283101816454
122.99999999999999 1.1639812174208757
122.99999999999999 1.1715623981668755
122.99999999999999 1.177207880342077
122.99999999999999 1.1754249219825113
122.99999999999999 1.1726862417118666
122.99999999999999 1.1595336416828839
122.99999999999999 1.1621805124093902
122.99999999999999 1.1711408534516317
122.99999999999999 1.1683663243494995
122.99999999999999 1.16549537127643
122.99999999999999 1.1635002801807999
122.99999999999999 1.1666577844097958
122.99999999999999 1.1638165275991388
122.99999999999999 1.1774084189952962
122.99999999999999 1.1759031384656988
122.99999999999999 1.178538059581712
122.99999999999999 1.16534109292292
122.99999999999999 1.1697069150573616
122.99999999999999 1.1751356500696981
122.99999999999999 1.1660372391836005
122.99999999999999 1.1754873907918795
122.99999999999999 1.1744749971128603
122.99999999999999 1.1659288656021685
122.99999999999999 1.176099062692114
122.99999999999999 1.1751726815158026
122.99999999999999 1.1765977465841095
122.99999999999999 1.178034761262916
122.99999999999999 1.1788928765884321
122.99999999999999 1.168085925762641
