73.0 1.6255238611304244
73.0 1.6570064075757174
73.0 1.6614242870512947
73.0 1.6593088727637335
73.0 1.6601639118047185
73.0 1.6531897885321467
73.0 1.6589347709628244
73.0 1.6615118376962725
73.0 1.667581940871256
73.0 1.6656342926899612
73.0 1.6587106886162615
73.0 1.660125342216342
73.0 1.6606776215917434
73.0 1.6672375353327622
73.0 1.6669243641989524
73.0 1.6687042462739812
73.0 1.6632932579135704
73.0 1.6616796038025408
73.0 1.6619750282844303
73.0 1.6637950180901004
73.0 1.6667654714186475
73.0 1.6636480749202884
73.0 1.666008394490869
73.0 1.6680837010477878
73.0 1.6691169176632645
73.0 1.669442038407571
73.0 1.6656447041581879
73.0 1.6616097998094819
73.0 1.6620432941352203
73.0 1.6637252140970429
73.0 1.6685468916359418
73.0 1.6661063566040746
73.0 1.667120288425367
73.0 1.6671010036311782
73.0 1.6664611736107984
73.0 1.6679961504028082
73.0 1.6642285124158405
73.0 1.6653701026127543
73.0 1.6684473913804683
73.0 1.6688303665073367
73.0 1.6709858885255415
73.0 1.668085239190055
73.0 1.6719211430278123
73.0 1.6665888319864195
73.0 1.6693321266838685
73.0 1.6665695471922317
73.0 1.6688897590321685
73.0 1.6636376634520624
73.0 1.6680258466652256
73.0 1.6570376419804014
73.0 1.6471084215997467
73.0 1.6583068905529363
73.0 1.661492552902086
73.0 1.6650256970742618
73.0 1.6718899086231298
73.0 1.6651637669181136
73.0 1.6640696196355353
73.0 1.6623402567593795
73.0 1.6672255857222669
73.0 1.6657604129233168
73.0 1.6688303665073352
73.0 1.6714756990915773
73.0 1.6651012981087467
73.0 1.6620328826669926
73.0 1.6606745453072085
73.0 1.6614420337032134
73.0 1.6675804027289873
73.0 1.6633125427077573
73.0 1.6560638178897535
73.0 1.6521685215271649
73.0 1.6654175455270923
73.0 1.6634683592035278
73.0 1.6621798258368026
73.0 1.659308872763731
73.0 1.6642792539963311
73.0 1.666300742688225
73.0 1.6633777322740144
73.0 1.658845682175577
73.0 1.660227563228708
73.0 1.6572557356472153
73.0 1.6576743957162505
73.0 1.6577843074399532
73.0 1.6507612031107763
73.0 1.6575498136251596
73.0 1.6658807361152457
73.0 1.6646411838051238
73.0 1.6649944626695763
73.0 1.6653596911445245
73.0 1.668870474237979
73.0 1.6648741394776476
73.0 1.671564787878825
73.0 1.6721204738641957
73.0 1.6642575228251815
73.0 1.6699036908534606
73.0 1.677192523402109
73.0 1.6720086936727943
73.0 1.6677288840410691
73.0 1.6698250135344415
73.0 1.66902936701829
73.0 1.6694806079959499
73.0 1.6698902031006992
73.0 1.6689372019465063
73.0 1.6691450757834152
73.0 1.6687131195999423
73.0 1.6668264020857462
73.0 1.6672302001490702
73.0 1.6688720123802478
73.0 1.668094112516016
73.0 1.6706518944552773
73.0 1.6693336648261363
73.0 1.669971956704252
73.0 1.667838795764771
73.0 1.6726469855509083
73.0 1.6711417050213129
73.0 1.6700803302856864
73.0 1.66731775079405
73.0 1.6675626560770687
73.0 1.669471734669987
73.0 1.6702970774485553
73.0 1.6681743279773005
73.0 1.6727568972746076
73.0 1.6685260686994827
73.0 1.6549275587160097
73.0 1.6640947014711482
73.0 1.664891886129571
73.0 1.6630823077921257
73.0 1.6623846233891797
73.0 1.670598298971869
73.0 1.666222065369202
73.0 1.6623861615314437
73.0 1.6675314216723824
73.0 1.6678669538849171
73.0 1.668417695118051
73.0 1.6689298667628107
73.0 1.6668946679365368
73.0 1.6693826458827394
73.0 1.6710140466456886
73.0 1.6721244024379183
73.0 1.661124248142599
73.0 1.6571117048726165
73.0 1.6629457760905377
73.0 1.6633599856220895
73.0 1.6516073688257964
73.0 1.6540583153258885
73.0 1.6514307293935706
73.0 1.6588649669697626
73.0 1.6608037418250965
73.0 1.6560117605486102
73.0 1.6602499243074254
73.0 1.6565713751077071
73.0 1.657940123935718
73.0 1.6561899381231058
73.0 1.6530146872421834
73.0 1.651834527456894
73.0 1.6548049807854377
73.0 1.6489130551849507
73.0 1.6503975127780905
73.0 1.6526702817036918
73.0 1.6482331174339278
73.0 1.650752329784816
73.0 1.6498274867507723
73.0 1.655061835678955
73.0 1.6629978334316753
73.0 1.6617093000649517
73.0 1.6607948684991334
73.0 1.6575097058945123
73.0 1.6633333656442089
73.0 1.6653388682080676
73.0 1.654500682977591
73.0 1.654982966721611
73.0 1.645801978139272
73.0 1.649783780771835
73.0 1.6484309101280408
73.0 1.6419609374634614
73.0 1.6361654358339146
73.0 1.6254880118514425
73.0 1.6394386488280424
73.0 1.6323264557116215
73.0 1.6217485319846283
73.0 1.6194781534904867
73.0 1.6045513356822851
73.0 1.5849709531063252
73.0 1.5925662309637345
73.0 1.592686357838121
73.0 1.5963149098027252
73.0 1.5895879158085158
73.0 1.5850147418009255
73.0 1.5860136477271884
73.0 1.5939295083965306
73.0 1.5991822898297177
73.0 1.6068938749104384
73.0 1.6226288167505467
73.0 1.610252770081848
73.0 1.6202710792497508
73.0 1.618050697990719
73.0 1.6149645358970468
73.0 1.6177295058201386
73.0 1.618283323337811
73.0 1.6300181934821827
73.0 1.6204523331087786
73.0 1.6123069233768779
73.0 1.6158933075048176
73.0 1.6271279556149236
73.0 1.6190107040031736
73.0 1.615938029662262
73.0 1.607066777407269
73.0 1.595962150355235
73.0 1.5901693869011952
73.0 1.5877613368494612
73.0 1.58894008995358
73.0 1.5876894403221529
73.0 1.5963663064930007
73.0 1.6054445802957142
73.0 1.6020066774798516
73.0 1.5990862213864205
73.0 1.5924411474318807
73.0 1.5870603772976408
73.0 1.594484203405605
73.0 1.5833031507789035
73.0 1.601768421527452
73.0 1.5956285143594122
73.0 1.5873376995999706
73.0 1.5920108958267936
73.0 1.586366429830097
73.0 1.5839748758548333
73.0 1.5755673361517522
73.0 1.5880369221451789
73.0 1.5839175434360266
73.0 1.594586424417972
73.0 1.5853707666244847
73.0 1.5944452782895902
73.0 1.590542646743306
73.0 1.6011166418965748
73.0 1.5917243446708609
73.0 1.5827551303026568
73.0 1.5804202480953369
73.0 1.5937699549653623
73.0 1.591518008976219
73.0 1.5950303302119404
73.0 1.5916055596211998
73.0 1.5927679727545663
73.0 1.5925689722436196
73.0 1.5892660629870765
73.0 1.5869219519261477
73.0 1.5799107972074702
73.0 1.5833251563299826
73.0 1.5754736329377057
73.0 1.577867055380667
73.0 1.579674243286654
73.0 1.5769507553471493
73.0 1.5947588049510426
73.0 1.5898125453210532
73.0 1.5915330348712498
73.0 1.5839607274512064
