23.0 2.1808933238312305
23.0 2.224053544142403
23.0 2.2267710711511617
23.0 2.2281382818369044
23.0 2.2305209624862066
23.0 2.2242687531630057
23.0 2.2250466530272375
23.0 2.2322518635046302
23.0 2.2330401748370927
23.0 2.226288595768817
23.0 2.225503360720891
23.0 2.2286535297661985
23.0 2.221400190521391
23.0 2.234692398536496
23.0 2.2342099231541535
23.0 2.2377014214534197
23.0 2.230185430273673
23.0 2.228061142660152
23.0 2.2299895060472603
23.0 2.222431868994603
23.0 2.2293199797644605
23.0 2.2322622749728582
23.0 2.2362258371862396
23.0 2.2294773344024987
23.0 2.2296362271828065
23.0 2.2296065309203903
23.0 2.2291344670062743
23.0 2.2232587499154404
23.0 2.23194209898079
23.0 2.2305105510179786
23.0 2.2316995841292298
23.0 2.2324701488097665
23.0 2.2346210564011706
23.0 2.234484524699588
23.0 2.2351451776564253
23.0 2.2361159254625376
23.0 2.232566572780709
23.0 2.235390082939442
23.0 2.2328323010001823
23.0 2.2320439896677216
23.0 2.2335581435232768
23.0 2.231770926264556
23.0 2.2324581991992734
23.0 2.2311326343864404
23.0 2.233835821353245
23.0 2.2293882456152523
23.0 2.227451008902187
23.0 2.2285258713905747
23.0 2.231620906810211
23.0 2.23293026311339
23.0 2.226368811230104
23.0 2.2325191298663727
23.0 2.230627797925375
23.0 2.2185975032991117
23.0 2.2266167927976577
23.0 2.230746582975038
23.0 2.2194139727517217
23.0 2.2278235725608275
23.0 2.231050880782886
23.0 2.226055640096293
23.0 2.2260976162946347
23.0 2.2303948422528492
23.0 2.2328114780637263
23.0 2.2306976019184317
23.0 2.2307049371021255
23.0 2.230372481174125
23.0 2.233442434758147
23.0 2.230571481685076
23.0 2.234300550083666
23.0 2.2354093677336295
23.0 2.228945877963551
23.0 2.2354494754642724
23.0 2.233776428828413
23.0 2.230884652818886
23.0 2.232314554695617
23.0 2.240220633804305
23.0 2.236678616306167
23.0 2.2369725026457874
23.0 2.2368760786748476
23.0 2.237532281094202
23.0 2.2349373038195144
23.0 2.2375039590847368
23.0 2.232035116341761
23.0 2.2346241326857057
23.0 2.232921389787428
23.0 2.228498043595859
23.0 2.2306308742099072
23.0 2.2318881731719484
23.0 2.237276800453638
23.0 2.2403467540376596
23.0 2.238831062039838
23.0 2.232756508327373
23.0 2.2223738789192193
23.0 2.22822890876642
23.0 2.2314369321942897
23.0 2.231978278137708
23.0 2.232674946362143
23.0 2.235773058066314
23.0 2.233905625346308
23.0 2.236138286541264
23.0 2.240939141143709
23.0 2.235832450591146
23.0 2.2338535680051694
23.0 2.232035116341766
23.0 2.232980782312264
23.0 2.237220484213347
23.0 2.239000366288375
23.0 2.237771225446481
23.0 2.2398079624150236
23.0 2.237279876738179
23.0 2.233500289140717
23.0 2.2337571440342314
23.0 2.234248492742533
23.0 2.231877761703727
23.0 2.2220859253138454
23.0 2.2324967687876534
23.0 2.2353098674781586
23.0 2.2366176856390703
23.0 2.235459886932503
23.0 2.238755461005355
23.0 2.2351347661881986
23.0 2.2370334333128894
23.0 2.236579116050696
23.0 2.237276800453643
23.0 2.2306366712513372
23.0 2.22935854935284
23.0 2.2280017501353235
23.0 2.232222167242218
23.0 2.2362347105122025
23.0 2.2367615525243463
23.0 2.238819112429343
23.0 2.243541289712768
23.0 2.2358486591007973
23.0 2.237355477772659
23.0 2.235358848534761
23.0 2.231217108746887
23.0 2.2316980459869624
23.0 2.2292590490973625
23.0 2.2254047687001126
23.0 2.222386458437287
23.0 2.2320069582216138
23.0 2.2314041596473397
23.0 2.224008491659526
23.0 2.222887724399067
23.0 2.216609747387176
23.0 2.2113641347015736
23.0 2.2144067824546365
23.0 2.2218529696413207
23.0 2.2227377049447195
23.0 2.228828631056157
23.0 2.2247046379202042
23.0 2.225127720777716
23.0 2.223288446177856
23.0 2.223368661639142
23.0 2.2279126613480744
23.0 2.2241346118928798
23.0 2.2219524698967934
23.0 2.2209771076638805
23.0 2.2200908342182117
23.0 2.2185053382273283
23.0 2.2196677513606984
23.0 2.220239315530288
23.0 2.2281679780993193
23.0 2.232437376262818
23.0 2.2301468606852985
23.0 2.2355621079448684
23.0 2.230948304242877
23.0 2.2288729976859583
23.0 2.226808102597267
23.0 2.2179170435843307
23.0 2.2121082180913407
23.0 2.210092662133691
23.0 2.2053199656513978
23.0 2.2124113358313604
23.0 2.2124842161089537
23.0 2.209907149375505
23.0 2.2015642772749224
23.0 2.2045941231283
23.0 2.2117849935637404
23.0 2.2052860104898206
23.0 2.1847898305574525
23.0 2.1772457614523666
23.0 2.1795021857279995
23.0 2.1859163641160433
23.0 2.185521439378679
23.0 2.1801490206066436
23.0 2.1960642001272666
23.0 2.187238000355149
23.0 2.188233499671442
23.0 2.18629200405922
23.0 2.1820685106677895
23.0 2.183521733856243
23.0 2.1838676775370045
23.0 2.1865384474845033
23.0 2.191570719617205
23.0 2.1895740903793066
23.0 2.1875551000626867
23.0 2.1878609360128016
23.0 2.1811598761433975
23.0 2.183659803700097
23.0 2.1827503168865157
23.0 2.181957060801821
23.0 2.175566451309338
23.0 2.1779049040159446
23.0 2.181817452815702
23.0 2.175581121676722
23.0 2.1692664435441587
23.0 2.160322144575458
23.0 2.1643802622920774
23.0 2.1634820392359124
23.0 2.1686441937395813
23.0 2.1681608660680443
23.0 2.1710797840192106
23.0 2.170566760085259
23.0 2.1656286879281526
23.0 2.1619243710397438
23.0 2.160119737454536
23.0 2.157570498515801
23.0 2.162975334307143
23.0 2.1516329984686773
23.0 2.1565516219422745
23.0 2.1530338339905635
23.0 2.15962737256772
23.0 2.159397137652089
23.0 2.1581946167880743
23.0 2.1558863545586378
23.0 2.1533420603721387
23.0 2.1502654322552903
23.0 2.1444438048626107
23.0 2.1425782683593115
23.0 2.1492194137401244
23.0 2.153993126400931
23.0 2.1552927570889606
23.0 2.15465276317926
23.0 2.157149256376984
23.0 2.15913992468414
23.0 2.149214632877211
23.0 2.158361530605154
23.0 2.1623186099240344
23.0 2.159339283269527
23.0 2.162193175543755
23.0 2.157057641017967
23.0 2.1605293325592854
23.0 2.158885982185841
23.0 2.1532217371802105
23.0 2.156312513700685
23.0 2.1669453794150275
23.0 2.153413046979819
23.0 2.1589458966744295
23.0 2.1498652324402605
23.0 2.1452432160631734
23.0 2.1469109876213657
23.0 2.156858640507016
23.0 2.148784023197681
