133.0 1.1871932029536092
133.0 1.234476779999166
133.0 1.231256476635369
133.0 1.234639601353199
133.0 1.238514074779332
133.0 1.2238017464481552
133.0 1.238239473233899
133.0 1.2363600909033965
133.0 1.240816539967349
133.0 1.239143493331488
133.0 1.2393914748990411
133.0 1.2339403788079857
133.0 1.240905628754595
133.0 1.2433268789922745
133.0 1.2424999980714382
133.0 1.240641438677389
133.0 1.2363141861313278
133.0 1.2386937904960948
133.0 1.241674655292869
133.0 1.2468079658233113
133.0 1.2468569468799158
133.0 1.2474373843754656
133.0 1.2422743775826064
133.0 1.2513311425957876
133.0 1.2476228971336532
133.0 1.2472117638866378
133.0 1.2473498337304858
133.0 1.2487748987987932
133.0 1.244024563395219
133.0 1.244556019834167
133.0 1.244994458912141
133.0 1.2402777483447085
133.0 1.2473097259998442
133.0 1.2413302497543741
133.0 1.2390486075028162
133.0 1.2409665594216939
133.0 1.244772766997037
133.0 1.245096349599075
133.0 1.2440052786010327
133.0 1.2443199878771092
133.0 1.2490896080748712
133.0 1.2508116357673353
133.0 1.2447029630039776
133.0 1.2423827511640426
133.0 1.2420680418879662
133.0 1.244683678209789
133.0 1.2417622059378468
133.0 1.2498081154142717
133.0 1.2467886810291244
133.0 1.2430507393045727
133.0 1.2444669310469207
133.0 1.2474670806378814
133.0 1.2491786968621188
133.0 1.2501316980163102
133.0 1.2584730319746256
133.0 1.2566233459065377
133.0 1.2544396657681842
133.0 1.257450226827374
133.0 1.2506167277194316
133.0 1.2520897576658334
133.0 1.2508590786816725
133.0 1.2521788464530788
133.0 1.2499654700523108
133.0 1.246405705902254
133.0 1.2469074660787849
133.0 1.2482434423598456
133.0 1.2481366069206785
133.0 1.24687776981637
133.0 1.2468287887597669
133.0 1.2502905907966169
133.0 1.2484023351401548
133.0 1.2463567248456509
133.0 1.2457762873500993
133.0 1.2461399776827806
133.0 1.2479213979000792
133.0 1.2458133187962066
133.0 1.2410035908678012
133.0 1.2483622274095088
133.0 1.254381811385619
133.0 1.2576912035366672
133.0 1.2560830161416299
133.0 1.2526701951613828
133.0 1.2482939615587174
133.0 1.2519917955526252
133.0 1.2532016516003306
133.0 1.2504865150230295
133.0 1.2455941812018785
133.0 1.247426972907236
133.0 1.245912819051681
133.0 1.2455981097756037
133.0 1.2470736940427836
133.0 1.2403881585148868
133.0 1.2339094747287356
133.0 1.2452432927688848
133.0 1.2490896080748695
133.0 1.2490198040818103
133.0 1.246568857581715
133.0 1.2488119302449001
133.0 1.2458221921221673
133.0 1.2444653929046516
133.0 1.2439844556645756
133.0 1.2429720619855535
133.0 1.2425860105741506
133.0 1.24223119356743
133.0 1.2446910133934836
133.0 1.246196293923079
133.0 1.2472784915951616
133.0 1.246687642631383
133.0 1.244897349088126
133.0 1.2462645597738706
133.0 1.2442679305359712
133.0 1.2423499786170913
133.0 1.2441209873661596
133.0 1.2465896805181742
133.0 1.2451526658393708
133.0 1.2478307709705618
133.0 1.2481809735504783
133.0 1.248469062848674
133.0 1.2504568187606122
133.0 1.2481261954524492
133.0 1.2449405331033014
133.0 1.245608521243832
133.0 1.2399225732635473
133.0 1.2435108536081911
133.0 1.2467975543550818
133.0 1.2480475181334318
133.0 1.249010930755851
133.0 1.2458399387740864
133.0 1.2375979303681115
133.0 1.2408624447394172
133.0 1.2455148180297857
133.0 1.249156335783396
133.0 1.2469992756229238
133.0 1.2508232298501853
133.0 1.252441498388019
133.0 1.250012912966648
133.0 1.2488728609120037
133.0 1.2458622998528142
133.0 1.2379158628828582
133.0 1.2396165734241151
133.0 1.2452922738254895
133.0 1.2505547808738227
133.0 1.2442397724158216
133.0 1.2443585574654836
133.0 1.2454199322011112
133.0 1.2402939568543605
133.0 1.2413063505333835
133.0 1.2427047956238124
133.0 1.2408462362297636
133.0 1.24247917513498
133.0 1.2444862158411076
133.0 1.2448186717691063
133.0 1.244100164429704
133.0 1.2432717453665993
133.0 1.2440376956203376
133.0 1.2440585185567925
133.0 1.2417294333908957
133.0 1.2473081878575745
133.0 1.2484393665862603
133.0 1.2492068549822646
133.0 1.2496685074281533
133.0 1.2497278999529833
133.0 1.2519902574103563
133.0 1.250434457681891
133.0 1.248703556663467
133.0 1.2497575962154004
133.0 1.2491740824353164
133.0 1.2429200046444164
133.0 1.2436354356992831
133.0 1.2286328197242689
133.0 1.2325186773921302
133.0 1.233564393778359
133.0 1.2352347092161386
133.0 1.2409010143277952
133.0 1.2349585695284373
133.0 1.2391774484930622
133.0 1.2382556817435524
133.0 1.2348694807411897
133.0 1.2415867491202437
133.0 1.2320594583352165
133.0 1.223311250029043
133.0 1.2074375867350144
133.0 1.2048809111876035
133.0 1.2106233787304788
133.0 1.2162345502164629
133.0 1.2121687669907155
133.0 1.2164975576790455
133.0 1.2132879961089076
133.0 1.209805371135603
133.0 1.2026738932249987
133.0 1.2132745083561476
133.0 1.2056115740065918
133.0 1.207036639074898
133.0 1.20332993175503
133.0 1.204815927490434
133.0 1.200194788604755
133.0 1.203656590641604
133.0 1.2097068870586392
133.0 1.1995139985645367
133.0 1.2121969251108646
133.0 1.2064029616235865
133.0 1.2042906236205597
133.0 1.2093734149521322
133.0 1.1966974932640622
133.0 1.200019687314793
133.0 1.197788564262106
133.0 1.1920288944407544
133.0 1.1961691756841442
133.0 1.1877765512746832
133.0 1.1930475661034412
133.0 1.190991080421759
133.0 1.197936690046539
133.0 1.1904997317134531
133.0 1.1965123108313067
133.0 1.1872403367975253
133.0 1.1912440067415506
133.0 1.1909366326491646
133.0 1.1925630886598793
133.0 1.1843093053465485
133.0 1.1892169953881635
133.0 1.180759952664715
133.0 1.1865569924365313
133.0 1.1907134025917911
133.0 1.184309305346549
133.0 1.1763139150689923
133.0 1.1917821125111159
133.0 1.1904372629040931
133.0 1.182242872115591
133.0 1.1902502120036376
133.0 1.1916798914987494
133.0 1.19561631177049
133.0 1.1961091986210641
133.0 1.1953427264035703
133.0 1.1913523803229855
133.0 1.1899820933527043
133.0 1.189487338034432
133.0 1.1857895040405264
133.0 1.1928912856887208
133.0 1.1987535150267934
133.0 1.1932831341415495
133.0 1.1907623836483974
133.0 1.1834083615334916
133.0 1.188197266525444
133.0 1.1837897985180914
133.0 1.1908618839038698
133.0 1.194040211069331
133.0 1.1908425991096858
133.0 1.188581779794577
133.0 1.1982560137494236
133.0 1.1805566932546125
133.0 1.189108621806722
133.0 1.181730700470833
133.0 1.1876658100864952
133.0 1.1905679975642516
