9.0 2.321778057739818
9.0 2.3460407237878256
9.0 2.3477700866639837
9.0 2.344299411301172
9.0 2.34662610603561
9.0 2.3407662671289966
9.0 2.344052967875887
9.0 2.3491669936121435
9.0 2.3483104164288906
9.0 2.3492159746687453
9.0 2.3440633793441155
9.0 2.3398607088891423
9.0 2.3443468542155093
9.0 2.3458714195392916
9.0 2.3463835911840496
9.0 2.3495218106188642
9.0 2.3491878165485978
9.0 2.3517054907572152
9.0 2.3495900764696542
9.0 2.3514085281330592
9.0 2.3497964121642974
9.0 2.3472490416932623
9.0 2.349726608171238
9.0 2.3464518570348427
9.0 2.3469655668218685
9.0 2.3465409458220887
9.0 2.3410632297531526
9.0 2.348763195548818
9.0 2.347712232281419
9.0 2.349186278406331
9.0 2.351025553006192
9.0 2.351448635863703
9.0 2.3483786822796806
9.0 2.347280276097946
9.0 2.346175717347139
9.0 2.3463241986592203
9.0 2.3449851460936237
9.0 2.350740539992529
9.0 2.3515199779990295
9.0 2.34991519721396
9.0 2.348971069385728
9.0 2.34954109541305
9.0 2.3458625462133322
9.0 2.3485657331801364
9.0 2.345636925724501
9.0 2.3450742348808693
9.0 2.343511099968712
9.0 2.3493540445125967
9.0 2.346588388736426
9.0 2.3489517845915393
9.0 2.3459917427312216
9.0 2.348962196059769
9.0 2.350278887546642
9.0 2.34830154310293
9.0 2.3550797421490866
9.0 2.3561900979413166
9.0 2.347951670848443
9.0 2.3543404118732285
9.0 2.3513714966869514
9.0 2.3496182345898027
9.0 2.3570258521881122
9.0 2.359868647141035
9.0 2.3570748332447145
9.0 2.3535744616194894
9.0 2.3565834845364138
9.0 2.356081724359882
9.0 2.3539782596828163
9.0 2.3580116258892576
9.0 2.3571951564366467
9.0 2.359190247532278
9.0 2.3604402113106273
9.0 2.3546551211493054
9.0 2.3482960763869385
9.0 2.3465660276577025
9.0 2.351634148621889
9.0 2.354843710192029
9.0 2.3579715181586125
9.0 2.357116479117628
9.0 2.346315325333258
9.0 2.3511963953969914
9.0 2.3487944299535024
9.0 2.3549031027168597
9.0 2.3462559328084285
9.0 2.3431875173666756
9.0 2.349443133299843
9.0 2.348408378542097
9.0 2.3544784817170785
9.0 2.351399654807099
9.0 2.35623907899792
9.0 2.3492367976052018
9.0 2.350453988836599
9.0 2.3450614329811867
9.0 2.3399822706412006
9.0 2.3511844457864965
9.0 2.352906473478962
9.0 2.3509291290352503
9.0 2.3492891852717745
9.0 2.3477893714581723
9.0 2.355373628488708
9.0 2.3593981213691886
9.0 2.3597930461065526
9.0 2.362438378690794
9.0 2.3624561253427143
9.0 2.361307199962107
9.0 2.3646413436233336
9.0 2.3580621450881263
9.0 2.3587582913488063
9.0 2.3543419500154963
9.0 2.3599592740705506
9.0 2.3597425269076817
9.0 2.356899731954759
9.0 2.3546967670222188
9.0 2.3601656097651937
9.0 2.3584836898033723
9.0 2.3554121980770835
9.0 2.3534155688391847
9.0 2.3528382076281704
9.0 2.3488538224783353
9.0 2.3472698646297196
9.0 2.349450468483536
9.0 2.350111121440374
9.0 2.3439148980320375
9.0 2.346413287446468
9.0 2.352060307763937
9.0 2.3539308167684796
9.0 2.352511548741596
9.0 2.3553647551627477
9.0 2.354579520114822
9.0 2.3486355371731946
9.0 2.3482926697769706
9.0 2.3497177348452767
9.0 2.350623293085134
9.0 2.3496687537886753
9.0 2.348822588073651
9.0 2.3500443937318525
9.0 2.351617940112238
9.0 2.3509989330283094
9.0 2.3477627514802912
9.0 2.3370877179292777
9.0 2.3408410158742905
9.0 2.3434636570543756
9.0 2.347928979444287
9.0 2.342881681416558
9.0 2.341746574114147
9.0 2.339627753216619
9.0 2.3437085623373943
9.0 2.345224254335215
9.0 2.3547665710152743
9.0 2.353820905044776
9.0 2.3544414502709707
9.0 2.3523260359834106
9.0 2.346502376233714
9.0 2.3488314613996097
9.0 2.3495202724765956
9.0 2.349186278406331
9.0 2.3484365366622475
9.0 2.3425743073241723
9.0 2.3442384806340755
9.0 2.3475325165646583
9.0 2.3518331491328395
9.0 2.350938002361211
9.0 2.349238335747469
9.0 2.3546076782349696
9.0 2.3522932634364606
9.0 2.349198228016828
9.0 2.3485094169398417
9.0 2.349924070539923
9.0 2.3505831853544943
9.0 2.3470531174668525
9.0 2.349362917838562
9.0 2.3498334436104105
9.0 2.348291131634708
9.0 2.3449040783431503
9.0 2.3437070241951288
9.0 2.3374321234677717
9.0 2.342439313764859
9.0 2.3429989283239565
9.0 2.3485109550821095
9.0 2.339565284407254
9.0 2.3348832148544707
9.0 2.327453922030512
9.0 2.3094025052858713
9.0 2.319632589115404
9.0 2.322625761597111
9.0 2.3232671297597607
9.0 2.3192233520850936
9.0 2.31908835852578
9.0 2.3216920452371093
9.0 2.3235401931629287
9.0 2.3253231515224915
9.0 2.325559183479551
9.0 2.322578318682777
9.0 2.320148195119138
9.0 2.3213179434361995
9.0 2.323847567255313
9.0 2.32223545128655
9.0 2.3232408401073137
9.0 2.325861943145132
9.0 2.322370444845867
9.0 2.323287952696219
9.0 2.325863481287401
9.0 2.32666220408809
9.0 2.3258754308978973
9.0 2.325649810409067
9.0 2.3264855646558633
9.0 2.32277578105146
9.0 2.3279758192904274
9.0 2.324994954493655
9.0 2.320450954784721
9.0 2.322535820520676
9.0 2.322749491399013
9.0 2.314425573767186
9.0 2.3156982289496892
9.0 2.3139057114110875
9.0 2.310679941331296
9.0 2.3125327036839187
9.0 2.3157704233742042
9.0 2.314686165596097
9.0 2.3109536905875396
9.0 2.3056125062201867
9.0 2.30478562529935
9.0 2.308883328782855
9.0 2.3143888726465063
9.0 2.3162320758200923
9.0 2.325557645337282
9.0 2.327781433206277
9.0 2.332110223894607
9.0 2.332220135618311
9.0 2.3255325635016697
9.0 2.322784654377419
9.0 2.3213121463947757
9.0 2.316500880324102
9.0 2.318812218838078
9.0 2.3199611442186847
9.0 2.3261990134999313
9.0 2.325064758486712
9.0 2.3249386382533554
9.0 2.32019871431801
9.0 2.325970316726568
9.0 2.3270421029304225
9.0 2.3268774131086905
9.0 2.3250470118347892
9.0 2.3216253175285826
9.0 2.321425464728445
9.0 2.3206040505236003
9.0 2.325611240820686
9.0 2.3221432862147666
9.0 2.3174627548042532
9.0 2.3172837249405682
9.0 2.3219384886623917
9.0 2.3216503993641973
9.0 2.3230978255112285
9.0 2.315373960494572
9.0 2.313659623513444
