118.0 1.3582947841419746
118.0 1.384536798794211
118.0 1.3901066799349282
118.0 1.3894491032626237
118.0 1.3964024035987397
118.0 1.3809563755970165
118.0 1.3994040913319683
118.0 1.395805757593536
118.0 1.3988325271623787
118.0 1.399562984112276
118.0 1.3924596643218152
118.0 1.403220710375539
118.0 1.3988236538364172
118.0 1.3969739677683304
118.0 1.3974683927611697
118.0 1.4005649663230713
118.0 1.3987168183972496
118.0 1.4017555375765884
118.0 1.3974090002363386
118.0 1.4022171900224758
118.0 1.4009390681239804
118.0 1.3988444767728745
118.0 1.402286994015536
118.0 1.3984985330921131
118.0 1.4043326043100375
118.0 1.3988934578294774
118.0 1.3983234318021538
118.0 1.4032415333119947
118.0 1.401470524562926
118.0 1.40107713796783
118.0 1.397947791858978
118.0 1.3981363809016998
118.0 1.3994931801192174
118.0 1.3985683370851727
118.0 1.3983218936598873
118.0 1.4019529999452702
118.0 1.399937085913184
118.0 1.399552572644047
118.0 1.4008796755991493
118.0 1.3981645390218482
118.0 1.4041856611402257
118.0 1.404294034721662
118.0 1.3995614459700085
118.0 1.4066543542922405
118.0 1.4051297889684589
118.0 1.4089167117496129
118.0 1.403545831119844
118.0 1.4022380129589302
118.0 1.4021192279092678
118.0 1.398687122134834
118.0 1.4020984049728122
118.0 1.4049041684796288
118.0 1.406053093860235
118.0 1.4018727844839838
118.0 1.4047067061109457
118.0 1.4033394954252028
118.0 1.4001908645221626
118.0 1.4030055013549376
118.0 1.4037779345031784
118.0 1.4039689139773575
118.0 1.401519505619532
118.0 1.400467004209865
118.0 1.4015788981443629
118.0 1.4025230259725943
118.0 1.405916562158651
118.0 1.401764410902549
118.0 1.406684050554656
118.0 1.4067330316112598
118.0 1.4035562425880719
118.0 1.404766098635778
118.0 1.4015195056195306
118.0 1.4034478690066365
118.0 1.4047364023733613
118.0 1.4039199329207532
118.0 1.3967259862007777
118.0 1.40497243433042
118.0 1.4082664702610017
118.0 1.4039689139773561
118.0 1.408680679792555
118.0 1.4038927909791152
118.0 1.4082086158784397
118.0 1.4041648382037721
118.0 1.4065845502991823
118.0 1.4066246580298267
118.0 1.4028955896312367
118.0 1.4019217655405878
118.0 1.4020286009797545
118.0 1.4030440709433136
118.0 1.4062401447606896
118.0 1.4076459250348097
118.0 1.4075969439782066
118.0 1.4015060178667678
118.0 1.396704418918947
118.0 1.407813691141076
118.0 1.4104605618675845
118.0 1.4086984264444764
118.0 1.4049099655210544
118.0 1.405402852371626
118.0 1.4054132638398524
118.0 1.401578898144361
118.0 1.4012746003365115
118.0 1.3978320830938495
118.0 1.4024250638593854
118.0 1.3980592417249478
118.0 1.3988757111775567
118.0 1.4020717849949331
118.0 1.4051402004366869
118.0 1.404579047735324
118.0 1.407804817815115
118.0 1.4087979266999502
118.0 1.4062995372855203
118.0 1.4077944063468872
118.0 1.4057383845841573
118.0 1.4045686362670957
118.0 1.4041663763460384
118.0 1.397500121380604
118.0 1.4026402728799874
118.0 1.402622526228067
118.0 1.4068414051926954
118.0 1.407392146425832
118.0 1.4040684142328328
118.0 1.4016382906691935
118.0 1.3905781139414746
118.0 1.3931157028518488
118.0 1.4012449040740949
118.0 1.4009583529181664
118.0 1.400467004209864
118.0 1.4020895316468511
118.0 1.4008851145661319
118.0 1.3996590500087742
118.0 1.4013918472439046
118.0 1.4027768045815694
118.0 1.4015877714703184
118.0 1.4014304168322806
118.0 1.4037120590838417
118.0 1.4051579470886053
118.0 1.4079606343108855
118.0 1.4026892539365903
118.0 1.396196812249476
118.0 1.3914890526560157
118.0 1.400040845067818
118.0 1.3988414004883394
118.0 1.4034536660480628
118.0 1.4060025746613622
118.0 1.4077616337999366
118.0 1.407723064211562
118.0 1.4056492957969111
118.0 1.4044884208058077
118.0 1.4028554819005918
118.0 1.4037996097288232
118.0 1.4022156518802098
118.0 1.3990893820558918
118.0 1.3989617236802678
118.0 1.4025214878303252
118.0 1.4083540209059824
118.0 1.407979919105073
118.0 1.4030826405316894
118.0 1.402914874425423
118.0 1.4031196719777983
118.0 1.3976612407030493
118.0 1.4012225429953726
118.0 1.3974267468882582
118.0 1.401881657809943
118.0 1.3988132423681894
118.0 1.3956646114651494
118.0 1.3994723571827603
118.0 1.3971417338745968
118.0 1.3932360260437788
118.0 1.3947100721686905
118.0 1.3862120139274001
118.0 1.3801637195715837
118.0 1.3907468550417612
118.0 1.3873884670730918
118.0 1.3798963751143376
118.0 1.3801042489512474
118.0 1.3770447068354519
118.0 1.3773193083808872
118.0 1.3827584548614456
118.0 1.3804856859358474
118.0 1.3684954990402283
118.0 1.3658643837931121
118.0 1.3560358885746386
118.0 1.356118614681115
118.0 1.3522599518892142
118.0 1.350814585848211
118.0 1.3486991715606482
118.0 1.3515586969869833
118.0 1.346939096243564
118.0 1.3508137335590178
118.0 1.3584645544087568
118.0 1.3450597139130624
118.0 1.3604137407323218
118.0 1.3482098829583695
118.0 1.3472954513925512
118.0 1.3582909912610681
118.0 1.3489997324330938
118.0 1.3610180774488616
118.0 1.3545665372892772
118.0 1.3515528999455566
118.0 1.3487918585961853
118.0 1.3470682927614517
118.0 1.3489976723270687
118.0 1.3521437489093304
118.0 1.342386223208671
118.0 1.3514267797121973
118.0 1.348589781800703
118.0 1.34167304689244
118.0 1.3406737269462359
118.0 1.3489709166563686
118.0 1.3406153783489212
118.0 1.3427533201513184
118.0 1.345735037237283
118.0 1.3445594918787933
118.0 1.3441202005116306
118.0 1.3438618074758493
118.0 1.337282608940644
118.0 1.3317188803689923
118.0 1.3370793495305344
118.0 1.3441691815682337
118.0 1.3387508580241285
118.0 1.3383366484925765
118.0 1.3365344053388248
118.0 1.3392020990017908
118.0 1.3467863560323285
118.0 1.3433912817039995
118.0 1.3418146590390818
118.0 1.3353083407814672
118.0 1.337542540118692
118.0 1.343035612408088
118.0 1.3401745488394883
118.0 1.3441935750039766
118.0 1.338757340918632
118.0 1.3479216272240568
118.0 1.3430741819964653
118.0 1.336333700249494
118.0 1.343301340627563
118.0 1.335318752249695
118.0 1.3385807014864035
118.0 1.3414565993117145
118.0 1.3383060999409742
118.0 1.337472736125633
118.0 1.34052288295171
118.0 1.3399132711574981
118.0 1.3360101176474568
118.0 1.3372119526583948
118.0 1.3391403160455007
118.0 1.336532867196559
118.0 1.3404802209002895
118.0 1.332354095962576
118.0 1.3427900212719943
118.0 1.3397678661299561
118.0 1.340432777985949
118.0 1.3384376868903234
118.0 1.334376162563732
