101.0 1.0511850282616122
101.0 1.0940997623862072
101.0 1.0929759188412145
101.0 1.0985981876485065
101.0 1.1022050643874635
101.0 1.0866095111461482
101.0 1.1025301851317688
101.0 1.099933833604134
101.0 1.1034253319033962
101.0 1.097555767381634
101.0 1.1008636213904122
101.0 1.101786595956754
101.0 1.1045966183627267
101.0 1.0933442236007007
101.0 1.0986796109266275
101.0 1.1047049919441656
101.0 1.091779550546275
101.0 1.0994039153074546
101.0 1.1029281861536686
101.0 1.1122907871169687
101.0 1.1043459160382834
101.0 1.1097434166459343
101.0 1.1099408790146164
101.0 1.1182316937740584
101.0 1.1094182959016294
101.0 1.104176611789751
101.0 1.10834804784004
101.0 1.1092134983492525
101.0 1.110138341383298
101.0 1.1093812644555172
101.0 1.1054265755680983
101.0 1.1102868226953757
101.0 1.1120370085079894
101.0 1.1175845285699835
101.0 1.1026940226643096
101.0 1.1127628510310827
101.0 1.1085528453924156
101.0 1.109213498349254
101.0 1.1149376578434749
101.0 1.1078952687201122
101.0 1.1089092005414032
101.0 1.1224833452856355
101.0 1.1091348210302343
101.0 1.113245326413426
101.0 1.1196316770067547
101.0 1.1235848277519072
101.0 1.120396089118223
101.0 1.1134115543774257
101.0 1.1183697636179109
101.0 1.1123189452371163
101.0 1.110764161687161
101.0 1.1147490688007553
101.0 1.1057639762483324
101.0 1.1101738346871415
101.0 1.115427468409513
101.0 1.1152909367079296
101.0 1.1117777631830186
101.0 1.1223942564983909
101.0 1.1147077507064815
101.0 1.1191580749503718
101.0 1.1141315998590948
101.0 1.1163256914656756
101.0 1.1217054454214024
101.0 1.1215480907833644
101.0 1.119208594149241
101.0 1.1216283062446502
101.0 1.1182451815268222
101.0 1.1180670039523284
101.0 1.1172713574361741
101.0 1.1208889759687954
101.0 1.1168097049902865
101.0 1.1188063342281847
101.0 1.1163673373385858
101.0 1.1193466639930925
101.0 1.1166034837334498
101.0 1.1130613517975072
101.0 1.1144983664763106
101.0 1.123368080589036
101.0 1.125723785732814
101.0 1.1237633356518333
101.0 1.1267006861079962
101.0 1.1227355857523473
101.0 1.1155655382533625
101.0 1.1177210602715666
101.0 1.123278991801791
101.0 1.1166982551243168
101.0 1.1211388260040487
101.0 1.115371152169214
101.0 1.1199818795866714
101.0 1.1155670763956296
101.0 1.12158666037174
101.0 1.1116347208379234
101.0 1.1157703210447174
101.0 1.1256987038971993
101.0 1.127175826306646
101.0 1.1257171086531885
101.0 1.1339791071884147
101.0 1.1334580622176962
101.0 1.134568418009927
101.0 1.132297187226595
101.0 1.132554042120108
101.0 1.1341379999687216
101.0 1.1346991526700843
101.0 1.1328702895384515
101.0 1.1364107688943204
101.0 1.1369615101274562
101.0 1.134443835918839
101.0 1.1323195483053177
101.0 1.131218065839047
101.0 1.1301952606917962
101.0 1.1320048390292416
101.0 1.1333423534525697
101.0 1.1355453183851103
101.0 1.1342864812808013
101.0 1.13276191595702
101.0 1.1292199266553817
101.0 1.128003889842107
101.0 1.1298566521947293
101.0 1.1312254010227418
101.0 1.1288369233320144
101.0 1.1315713447035027
101.0 1.1297899244862066
101.0 1.122253110370004
101.0 1.121034380996338
101.0 1.125992590236824
101.0 1.1261009638182582
101.0 1.1277635989858918
101.0 1.1279258983761653
101.0 1.1172721646685477
101.0 1.1215938013703153
101.0 1.1223556869100149
101.0 1.1202491459484132
101.0 1.1221863826614804
101.0 1.1225886425825382
101.0 1.126157280058553
101.0 1.1293043728193248
101.0 1.1295909239752535
101.0 1.1317826251503769
101.0 1.1318143537698135
101.0 1.1277101673918055
101.0 1.1267658756742545
101.0 1.1255976654994582
101.0 1.1237094098429956
101.0 1.119656758842366
101.0 1.122095755731967
101.0 1.1213683750666044
101.0 1.1216148184918906
101.0 1.1220274898811746
101.0 1.120189753423583
101.0 1.1205920133446383
101.0 1.1219488125621546
101.0 1.1221358634626082
101.0 1.1235624666731843
101.0 1.124172600431151
101.0 1.1260801408818024
101.0 1.123857891155073
101.0 1.1250766205287381
101.0 1.1207597794509045
101.0 1.1243017969490405
101.0 1.124340366537417
101.0 1.1254225642095002
101.0 1.1254522604719155
101.0 1.1234259349716018
101.0 1.1227579468310716
101.0 1.1223734335619355
101.0 1.1213521665569504
101.0 1.1233279728583927
101.0 1.1205148741678863
101.0 1.1250098928202148
101.0 1.1212927462831122
101.0 1.1119220098452396
101.0 1.116488843145138
101.0 1.1210995705625941
101.0 1.1213105206840406
101.0 1.1145917141627184
101.0 1.120924469272638
101.0 1.1200189110327812
101.0 1.1205029245573899
101.0 1.1214840838317313
101.0 1.1148617012813482
101.0 1.101320681084683
101.0 1.1074619473244849
101.0 1.1036264080551599
101.0 1.0980124498730812
101.0 1.10028368065641
101.0 1.0962711373864276
101.0 1.0927719483758227
101.0 1.1006226194789124
101.0 1.082137378083101
101.0 1.093980099845149
101.0 1.093063113958558
101.0 1.0872217075569368
101.0 1.0989654510272715
101.0 1.0941395145892097
101.0 1.0910977191253437
101.0 1.0874785624504517
101.0 1.0908116621841621
101.0 1.0902892429604956
101.0 1.085440423479956
101.0 1.0866745090740846
101.0 1.083794160711295
101.0 1.0757888809292728
101.0 1.074059681942434
101.0 1.079838097570927
101.0 1.0851854648031496
101.0 1.0747814042534782
101.0 1.0739027993691455
101.0 1.0776036818985788
101.0 1.075305876553582
101.0 1.0795453111043252
101.0 1.0885090305600307
101.0 1.0785987671949264
101.0 1.0911789507651357
101.0 1.0804319144279284
101.0 1.0939739724782935
101.0 1.0851051106547538
101.0 1.0896980914202885
101.0 1.0824389551340594
101.0 1.0931286590524572
101.0 1.0959922769418327
101.0 1.0833533866998724
101.0 1.0917348283888295
101.0 1.0912033719498853
101.0 1.0913680617716146
101.0 1.0744628496506918
101.0 1.0882417919472989
101.0 1.0901003513413448
101.0 1.0847294707115778
101.0 1.0918875686000682
101.0 1.0883382159182393
101.0 1.0897678954133507
101.0 1.082772949204322
101.0 1.089647572221421
101.0 1.0865567957009425
101.0 1.086787030616574
101.0 1.0811994028239378
101.0 1.0885163934927315
101.0 1.0790631655999183
101.0 1.0842188372090855
101.0 1.0898330849796074
101.0 1.087434195820646
101.0 1.0820143341342778
101.0 1.0881438298340942
101.0 1.0858012569154325
101.0 1.0855266553699985
101.0 1.0874253224946888
101.0 1.0883605769969593
101.0 1.072446935618605
101.0 1.0772030680636033
101.0 1.0886899566404216
101.0 1.0777657589072376
101.0 1.0871244312968082
101.0 1.0853421587903216
101.0 1.082218279397462
