11.0 2.175860707581495
11.0 2.2106617115896148
11.0 2.2091668425282496
11.0 2.2152874649021013
11.0 2.2170168277782585
11.0 2.2093835896911194
11.0 2.214834685782173
11.0 2.221228371559194
11.0 2.2158382061352357
11.0 2.211892390573776
11.0 2.2156006360359117
11.0 2.22148368831044
11.0 2.213986981924881
11.0 2.220282705588694
11.0 2.2198121798168455
11.0 2.2158277946670086
11.0 2.214756008463154
11.0 2.218876925314574
11.0 2.2233140895843384
11.0 2.2179906518689054
11.0 2.2131809239404996
11.0 2.2148628439023215
11.0 2.218088613982114
11.0 2.216506194275767
11.0 2.216751099558785
11.0 2.215729832553801
11.0 2.212317011573555
11.0 2.2183558803438546
11.0 2.213850450223299
11.0 2.2117631940558855
11.0 2.2162894471128967
11.0 2.217873404961509
11.0 2.217499303160602
11.0 2.2210413206587383
11.0 2.2100635274421445
11.0 2.2184434309888355
11.0 2.21795208228053
11.0 2.2266868028339406
11.0 2.2179327974863416
11.0 2.212570790182534
11.0 2.2200555469575973
11.0 2.2210606054529274
11.0 2.215668901886703
11.0 2.2192317423212944
11.0 2.216988669658111
11.0 2.217243986409356
11.0 2.218188114237588
11.0 2.2220537143377626
11.0 2.222487208663502
11.0 2.2193192929662757
11.0 2.219761660617975
11.0 2.21730184079192
11.0 2.2162018964679167
11.0 2.2189852988960093
11.0 2.220204028269675
11.0 2.2195553249233333
11.0 2.2230186651024497
11.0 2.225033040992268
11.0 2.224463014964944
11.0 2.224935078879061
11.0 2.218827944257971
11.0 2.2214852264527063
11.0 2.220814162027642
11.0 2.219319292966273
11.0 2.2211095865095296
11.0 2.2215029731046254
11.0 2.2224085313444824
11.0 2.220903250814888
11.0 2.2252409148291776
11.0 2.221825017564397
11.0 2.2221516764509697
11.0 2.217182203453069
11.0 2.217402879189663
11.0 2.2157876869363657
11.0 2.2175684772460924
11.0 2.224819370113933
11.0 2.215994022631007
11.0 2.2181688294434005
11.0 2.2167487091273266
11.0 2.212227922786308
11.0 2.213722791847675
11.0 2.2158574909294226
11.0 2.219231742321293
11.0 2.2245239456320434
11.0 2.224099324632263
11.0 2.217911974549886
11.0 2.2236257225758798
11.0 2.21935786255465
11.0 2.22119713715451
11.0 2.2178525820250554
11.0 2.2177249236494316
11.0 2.210621990129909
11.0 2.2141917794772565
11.0 2.2206078263329982
11.0 2.2145986538251154
11.0 2.214978716556767
11.0 2.206398796320617
11.0 2.205372584563401
11.0 2.205843110335249
11.0 2.212000764155211
11.0 2.2095127862090087
11.0 2.2195078820089966
11.0 2.2220151447493848
11.0 2.221966163692782
11.0 2.2229503992516575
11.0 2.2188294824002366
11.0 2.2195672745338255
11.0 2.2150039900307066
11.0 2.217638911146719
11.0 2.2149920404202113
11.0 2.2150217366826275
11.0 2.21338879777741
11.0 2.215306749696288
11.0 2.215789225078632
11.0 2.211843409517172
11.0 2.2069718986324753
11.0 2.208656209025756
11.0 2.211006117128107
11.0 2.213976570456655
11.0 2.219230204179028
11.0 2.218207399031777
11.0 2.213909842748129
11.0 2.2116188052068524
11.0 2.2155412435110806
11.0 2.217854120167324
11.0 2.216488447623847
11.0 2.217224701615169
11.0 2.217154897622108
11.0 2.217695227387016
11.0 2.215609509361872
11.0 2.2154745158025566
11.0 2.217156435764378
11.0 2.221198675296778
11.0 2.2239034004058507
11.0 2.2192406156472546
11.0 2.2175185879547903
11.0 2.219988819249071
11.0 2.2168610112824862
11.0 2.212547576814618
11.0 2.2096003368539865
11.0 2.212964176777628
11.0 2.2114693077162624
11.0 2.213801469166695
11.0 2.2149920404202113
11.0 2.2153958384835364
11.0 2.216397820694331
11.0 2.2168209035518434
11.0 2.21371084223718
11.0 2.213418494039827
11.0 2.2153765536893495
11.0 2.215621458972369
11.0 2.214600191967385
11.0 2.217028777388755
11.0 2.2140760707121294
11.0 2.2159851493050464
11.0 2.2150425596190826
11.0 2.2109899086184552
11.0 2.21337992445145
11.0 2.2137050451957547
11.0 2.215680851497197
11.0 2.2179135126921543
11.0 2.214194855761791
11.0 2.212602024587216
11.0 2.2120616948223097
11.0 2.2077224926657535
11.0 2.216997542984071
11.0 2.2152546923551513
11.0 2.212138833999062
11.0 2.210228217263875
11.0 2.2018884214478307
11.0 2.200839326648129
11.0 2.197244399519663
11.0 2.1959845462368444
11.0 2.196596218137077
11.0 2.199105019019735
11.0 2.1993796205651703
11.0 2.203846481097348
11.0 2.2015247311151454
11.0 2.1983255810132354
11.0 2.1996187288067626
11.0 2.193256253917143
11.0 2.1754313681583
11.0 2.185514996091281
11.0 2.179542524704073
11.0 2.178123256677191
11.0 2.1810566785596284
11.0 2.176955046502396
11.0 2.177495376267304
11.0 2.1717415205106674
11.0 2.167920972893371
11.0 2.1761266274392925
11.0 2.167724362813879
11.0 2.165665264766614
11.0 2.166084088724968
11.0 2.1754408926468414
11.0 2.172073976438665
11.0 2.171287203248472
11.0 2.1746421698461535
11.0 2.180151120319774
11.0 2.178516643272288
11.0 2.1726054328776123
11.0 2.1695735269182093
11.0 2.1749266608960585
11.0 2.171736906083865
11.0 2.1677675468290585
11.0 2.175007398321102
11.0 2.159612741807441
11.0 2.161179283329569
11.0 2.160399678886953
11.0 2.1683471320354193
11.0 2.1694984478474826
11.0 2.164973732932738
11.0 2.1628405719932577
11.0 2.165848056767912
11.0 2.163694072891974
11.0 2.165661005867456
11.0 2.1683568576505694
11.0 2.1660648039307806
11.0 2.1643547258488107
11.0 2.160489125748637
11.0 2.1645491119329594
11.0 2.162093906533707
11.0 2.1627738442847333
11.0 2.1613352914636628
11.0 2.161442126902829
11.0 2.1622570582131697
11.0 2.1578036854337537
11.0 2.1504361755660866
11.0 2.1482405458172384
11.0 2.155458036230559
11.0 2.1503574982470655
11.0 2.1550692640622633
11.0 2.1524135200097962
11.0 2.152992419363079
11.0 2.1446406739365385
11.0 2.149745826346833
11.0 2.1527236148590725
11.0 2.151634082003296
11.0 2.152069114471302
11.0 2.158637901538284
11.0 2.155778898075707
11.0 2.1497948074034396
11.0 2.1516132590668438
11.0 2.1529122039017947
11.0 2.1588962945740637
11.0 2.162153299058539
11.0 2.158039717390812
11.0 2.1563770822231767
11.0 2.1553839733383446
11.0 2.162074621739521
11.0 2.1605589297416987
11.0 2.15956120643006
11.0 2.155787771401668
11.0 2.156539381613454
