71.0 1.5946082571253624
71.0 1.6239284965290157
71.0 1.6270327608022555
71.0 1.6280050467506346
71.0 1.6274928751058766
71.0 1.6287131426218084
71.0 1.6309280571648441
71.0 1.6315559375747322
71.0 1.632500065402963
71.0 1.6355403227245688
71.0 1.629027851897887
71.0 1.6319404508438682
71.0 1.6345456756974657
71.0 1.636799159828876
71.0 1.6377240028629203
71.0 1.6369075334103125
71.0 1.6398185942140264
71.0 1.638274744096057
71.0 1.6380001425506223
71.0 1.6377833953877523
71.0 1.6378813575009599
71.0 1.6340157574007859
71.0 1.6325401731336062
71.0 1.6357956394758137
71.0 1.6366121089284227
71.0 1.6365052734892558
71.0 1.6386978269535677
71.0 1.6373707239984672
71.0 1.6384810797906995
71.0 1.6392084604560604
71.0 1.640045752845125
71.0 1.6350771321364126
71.0 1.6390021247614175
71.0 1.638519649379075
71.0 1.6363656655031382
71.0 1.633877687556934
71.0 1.6390318210238337
71.0 1.6408221145670894
71.0 1.6377922687137125
71.0 1.6346540492789001
71.0 1.6368184446230651
71.0 1.6354304110008655
71.0 1.6384128139399057
71.0 1.630542005753441
71.0 1.632795489884854
71.0 1.6359722789080413
71.0 1.6400546261710829
71.0 1.639325707363455
71.0 1.6409883425310878
71.0 1.6390615172862488
71.0 1.6328355976154973
71.0 1.637438989849259
71.0 1.634685283683583
71.0 1.6352047905120342
71.0 1.6345576253079606
71.0 1.636846602743214
71.0 1.639680524370176
71.0 1.6386087381663217
71.0 1.6359337093196662
71.0 1.6371925464239752
71.0 1.6350370244057697
71.0 1.6372133693604292
71.0 1.640841399361279
71.0 1.6405964940782591
71.0 1.6375354138201996
71.0 1.6417454194588665
71.0 1.6389130359741713
71.0 1.6395706126464746
71.0 1.6369742611188365
71.0 1.629685428570191
71.0 1.6410967161125236
71.0 1.638776504272588
71.0 1.640782006836447
71.0 1.6378620727067723
71.0 1.6402713733339558
71.0 1.6414723560557003
71.0 1.6426822121034048
71.0 1.6410685579923743
71.0 1.645070689794132
71.0 1.6397236806363464
71.0 1.6430829338821933
71.0 1.6424816734501875
71.0 1.6409497729427118
71.0 1.6411946782257316
71.0 1.6351646827813922
71.0 1.6390406943497946
71.0 1.6415390837642228
71.0 1.6444813789726203
71.0 1.6445600562916403
71.0 1.6430547757620457
71.0 1.6483959601293996
71.0 1.645469765486843
71.0 1.640687451333207
71.0 1.644815373042887
71.0 1.6455932729071188
71.0 1.6472188488796378
71.0 1.6451775252332987
71.0 1.6479624658036578
71.0 1.6458574629843243
71.0 1.6466546476427455
71.0 1.6493786575460054
71.0 1.6495657084464608
71.0 1.6510412927136395
71.0 1.6523595223427803
71.0 1.6508453684872253
71.0 1.6511496662950742
71.0 1.6505202477429186
71.0 1.6516321416774178
71.0 1.650560355473563
71.0 1.6489868090931783
71.0 1.646409742359728
71.0 1.645829304864177
71.0 1.6468818062738437
71.0 1.6496547972337074
71.0 1.6467036286993495
71.0 1.6416578688138852
71.0 1.640891918560147
71.0 1.643802979363862
71.0 1.6450425316739845
71.0 1.6438608337464276
71.0 1.6450514049999454
71.0 1.6457282664664359
71.0 1.633113992041837
71.0 1.6358816519785269
71.0 1.634091358435271
71.0 1.6390109980873782
71.0 1.643013129889135
71.0 1.6430092013154092
71.0 1.6371493624087954
71.0 1.63538568884342
71.0 1.6394340809448902
71.0 1.6401213538796078
71.0 1.6409096652120674
71.0 1.6413416213955394
71.0 1.6420986983233181
71.0 1.643142326407024
71.0 1.640605367404219
71.0 1.6393257073634542
71.0 1.6313777600002342
71.0 1.634535264229236
71.0 1.635549196050526
71.0 1.6349583470867486
71.0 1.6354512339373208
71.0 1.6334546046994227
71.0 1.6330909143667425
71.0 1.6346644607471286
71.0 1.6325016035452304
71.0 1.6329335597287027
71.0 1.6344477135842579
71.0 1.6376541988698607
71.0 1.635540322724568
71.0 1.6327465088282473
71.0 1.6330018255794951
71.0 1.6339563648759525
71.0 1.6321170902760929
71.0 1.6302272964773634
71.0 1.6293336878480018
71.0 1.6310051963415957
71.0 1.6323234259707364
71.0 1.6298933024070985
71.0 1.6295681816627932
71.0 1.629686966712457
71.0 1.6361473801979993
71.0 1.6348854668091541
71.0 1.6294760165910092
71.0 1.631035222929444
71.0 1.6295265357898823
71.0 1.6305196446747192
71.0 1.6236137872529381
71.0 1.6164611283314356
71.0 1.6114194655882326
71.0 1.6189059565054589
71.0 1.6162566888534964
71.0 1.6159477766188437
71.0 1.6145821040753692
71.0 1.6158112449172637
71.0 1.6102058704727051
71.0 1.608051886596765
71.0 1.6051882687073902
71.0 1.5978400436339115
71.0 1.5804778260768115
71.0 1.572697770825976
71.0 1.5621716651508781
71.0 1.5613187165117108
71.0 1.5672526183105469
71.0 1.5734486752827692
71.0 1.5647882092599004
71.0 1.574283935314815
71.0 1.56964452781345
71.0 1.5732384110144002
71.0 1.5710172052151885
71.0 1.5718555137827614
71.0 1.5719918815950265
71.0 1.5798556849232288
71.0 1.5699498417998101
71.0 1.575702681377938
71.0 1.5788656523229325
71.0 1.5741924560961105
71.0 1.5674029932925349
71.0 1.565997543343852
71.0 1.561185946947743
71.0 1.5611739973372476
71.0 1.5753009434206402
71.0 1.5867909082819927
71.0 1.5889005255281254
71.0 1.5793998547209767
71.0 1.575191581279853
71.0 1.5612040001232896
71.0 1.5583407403083476
71.0 1.55899457355126
71.0 1.555442502659332
71.0 1.5677721503412059
71.0 1.5640886563892515
71.0 1.5662610727701858
71.0 1.5679880452148858
71.0 1.5663551063096701
71.0 1.564865703964295
71.0 1.5610811716145978
71.0 1.5562625703602329
71.0 1.5666771507694388
71.0 1.5653833423250467
71.0 1.5657663174519147
71.0 1.5681088903705742
71.0 1.5702852353252326
71.0 1.5783650999632335
71.0 1.5691108725813734
71.0 1.5709936615218407
71.0 1.56655155249984
71.0 1.5691286192332885
71.0 1.5770646169860136
71.0 1.5577531805224423
71.0 1.5606715765098487
71.0 1.5691197459073287
71.0 1.5669079076488306
71.0 1.5733980173967912
71.0 1.5677452000378933
71.0 1.568472580703257
71.0 1.565974191288826
71.0 1.5784630620764388
71.0 1.5797901650315413
71.0 1.5650894559854256
71.0 1.5713242489821386
71.0 1.5775085227799812
71.0 1.5701633739910403
71.0 1.5675743576470942
71.0 1.5693187464182794
71.0 1.5659622416783296
71.0 1.5650358605020194
71.0 1.5803736788116254
71.0 1.5632517195278335
71.0 1.5695382143380425
71.0 1.566147754436517
71.0 1.5592079418531657
71.0 1.5691166696227958
