116.0 1.29731086766059
116.0 1.3386599779860417
116.0 1.3384864148383495
116.0 1.3372741683591856
116.0 1.3426296927684915
116.0 1.333538617066093
116.0 1.3450494048639028
116.0 1.3411363618493912
116.0 1.3515410527541298
116.0 1.3501946650048402
116.0 1.3406716331189705
116.0 1.3489936822830966
116.0 1.3432591113206462
116.0 1.3436019787168716
116.0 1.3501159876858215
116.0 1.3450509430061715
116.0 1.3476175982713927
116.0 1.3490457396242348
116.0 1.3480021115405292
116.0 1.3493500374320846
116.0 1.342503572535137
116.0 1.3478729150226365
116.0 1.347687402264451
116.0 1.3501441458059686
116.0 1.350383254047562
116.0 1.3486508148868708
116.0 1.3538940371410164
116.0 1.3502050764730689
116.0 1.3545130442249422
116.0 1.3504515198983542
116.0 1.3499304749276346
116.0 1.3465161158051213
116.0 1.3503134500545042
116.0 1.3544640631683402
116.0 1.3507558177062042
116.0 1.3537069862405624
116.0 1.3556056533652516
116.0 1.3563924265554461
116.0 1.353087979156636
116.0 1.3518291420523263
116.0 1.3530166370213104
116.0 1.3559693436979348
116.0 1.3469376605203662
116.0 1.34940635367238
116.0 1.3563226225623868
116.0 1.3519344393492267
116.0 1.35449068314622
116.0 1.3507943872945787
116.0 1.3487190807376628
116.0 1.3497819936155575
116.0 1.3486893844752472
116.0 1.3537262710347506
116.0 1.3500268988985746
116.0 1.3451577784453392
116.0 1.3462696723798377
116.0 1.3380174272087704
116.0 1.340983266110512
116.0 1.3475092246899558
116.0 1.3425585145224843
116.0 1.349447999545291
116.0 1.34850387171706
116.0 1.3551231779829103
116.0 1.3531057258085573
116.0 1.349694442970579
116.0 1.3525372379235012
116.0 1.354661525537023
116.0 1.3571005224266217
116.0 1.3553206403515925
116.0 1.3557927042657096
116.0 1.3550549121321194
116.0 1.3544744746365691
116.0 1.3574152317026984
116.0 1.3586547840128185
116.0 1.3545338671613996
116.0 1.3538171203458857
116.0 1.3597651398050499
116.0 1.359221733755607
116.0 1.364041873152241
116.0 1.3631185682604647
116.0 1.3507375490905273
116.0 1.3514326791726956
116.0 1.3492906449072546
116.0 1.3525653960436488
116.0 1.3521527246543648
116.0 1.3597651398050503
116.0 1.3615064522917026
116.0 1.3573454277096382
116.0 1.3564888505263866
116.0 1.3592143985719136
116.0 1.3579258652051898
116.0 1.3560657676688745
116.0 1.3527215428648531
116.0 1.3540273351627394
116.0 1.3609348881221108
116.0 1.3605816092576575
116.0 1.3558401471800423
116.0 1.3534975742613835
116.0 1.3591951137777254
116.0 1.3617914653053615
116.0 1.3645451714710377
116.0 1.3637776830750334
116.0 1.3617231994545707
116.0 1.3604925204704104
116.0 1.3570500032277488
116.0 1.3562038375127243
116.0 1.3577195295105469
116.0 1.3567946864765028
116.0 1.3544239554376967
116.0 1.3552701211527212
116.0 1.357523605284133
116.0 1.3559500589037472
116.0 1.3559886284921228
116.0 1.3576111559291129
116.0 1.3581900552823964
116.0 1.3594681771808923
116.0 1.3510402008122935
116.0 1.352514876844776
116.0 1.3525164149870437
116.0 1.3541967968065982
116.0 1.3565482430512177
116.0 1.3541196576298458
116.0 1.3547297913878118
116.0 1.349679967235804
116.0 1.3533506310915724
116.0 1.356577939313632
116.0 1.3589278474159838
116.0 1.3584364987076802
116.0 1.3538331064739177
116.0 1.3578161173708065
116.0 1.354272203655963
116.0 1.3530093018376161
116.0 1.3544640631683393
116.0 1.3597948360674639
116.0 1.3606305903142608
116.0 1.3599521907055017
116.0 1.3630695872038598
116.0 1.3635223663237874
116.0 1.354934588940189
116.0 1.3490910209827294
116.0 1.334643478393329
116.0 1.3400688345447005
116.0 1.3435634091285
116.0 1.3502999623017433
116.0 1.3507808995418187
116.0 1.3522773067454523
116.0 1.353861264594067
116.0 1.353625232637007
116.0 1.3536549288994237
116.0 1.3569103952416306
116.0 1.3534887009354237
116.0 1.353399612148178
116.0 1.3544015943589724
116.0 1.3529082634398721
116.0 1.3542650626573882
116.0 1.355347260329471
116.0 1.3522105790369268
116.0 1.351462375435108
116.0 1.3526128389579832
116.0 1.3523960917951143
116.0 1.3534605428152757
116.0 1.3510882736341996
116.0 1.3544713983520305
116.0 1.3506563174507276
116.0 1.3472909393848196
116.0 1.3463171152941713
116.0 1.3516968692499007
116.0 1.3444481444318956
116.0 1.345175525097259
116.0 1.3401386385377572
116.0 1.3335307321696355
116.0 1.3309074242921854
116.0 1.3336990479886657
116.0 1.3390074598090707
116.0 1.3318077160476687
116.0 1.3400777078706578
116.0 1.326318050368236
116.0 1.3356123854807451
116.0 1.3298450419713446
116.0 1.3274437623809285
116.0 1.3270720510114817
116.0 1.314325009569705
116.0 1.3058508991307722
116.0 1.3101403268121237
116.0 1.3150548886103408
116.0 1.3156472757163844
116.0 1.3054905663792038
116.0 1.3180862726059837
116.0 1.3128846962247498
116.0 1.3153044083201548
116.0 1.3093665779476027
116.0 1.306519168567879
116.0 1.314919895051024
116.0 1.3013087188606816
116.0 1.305429635712102
116.0 1.3034418798001628
116.0 1.3138496469894347
116.0 1.3129336772813507
116.0 1.3027675726544508
116.0 1.307078947016294
116.0 1.3042673864680514
116.0 1.3083883033194685
116.0 1.3052217618751938
116.0 1.30833676794209
116.0 1.3069333780994326
116.0 1.3027546068654423
116.0 1.301347288449055
116.0 1.3030067116393362
116.0 1.29952641860519
116.0 1.2928631384744682
116.0 1.2997808830672466
116.0 1.288999594533117
116.0 1.3041142907291667
116.0 1.29543709423289
116.0 1.299772367815724
116.0 1.2923499159607068
116.0 1.298704510185593
116.0 1.293856212668809
116.0 1.2865240296688696
116.0 1.303211478448414
116.0 1.3014034382532405
116.0 1.3030913191458025
116.0 1.3012604236571568
116.0 1.3001456173274395
116.0 1.2991316855061494
116.0 1.2899897602794457
116.0 1.299055398618587
116.0 1.292518698245481
116.0 1.294204546781029
116.0 1.2848538954282283
116.0 1.298241841561196
116.0 1.2959909117505588
116.0 1.2991642941637842
116.0 1.2991533607317964
116.0 1.2942897069945485
116.0 1.291152503738248
116.0 1.305819257622792
116.0 1.2911332189440614
116.0 1.2888812729549144
116.0 1.2983587303941506
116.0 1.30396410483871
116.0 1.2990687224820343
116.0 1.2927151444356548
116.0 1.2939072538314427
116.0 1.293295581931209
116.0 1.3013191303289071
116.0 1.2973659795837584
116.0 1.2896748871140513
116.0 1.2910301481892965
116.0 1.3031287086663546
116.0 1.2929110686620717
116.0 1.2956647748277468
116.0 1.3009049207973602
116.0 1.287047301181733
116.0 1.2986737977446687
