45.0 1.7631160890260145
45.0 1.7960209802302192
45.0 1.7972011400155108
45.0 1.7988845981195978
45.0 1.798137932660049
45.0 1.7945646807572293
45.0 1.7927566405620532
45.0 1.7976554572777046
45.0 1.8011365441087421
45.0 1.8000454731106994
45.0 1.7964857089606423
45.0 1.7995734091965834
45.0 1.7936695339856001
45.0 1.799611978784958
45.0 1.8017971970655795
45.0 1.7999475109974934
45.0 1.8000840426990765
45.0 1.79957494733885
45.0 1.8020019946179548
45.0 1.802622539844149
45.0 1.8050021442089166
45.0 1.8020509756745575
45.0 1.7990909338142393
45.0 1.803194104013738
45.0 1.8035666676723794
45.0 1.8024162041495058
45.0 1.7972620706826068
45.0 1.801599734696896
45.0 1.8016784120159166
45.0 1.8039511809415172
45.0 1.7998584222102465
45.0 1.7960047717205654
45.0 1.8004878407623994
45.0 1.7981676289224637
45.0 1.8013840037125368
45.0 1.801274613952593
45.0 1.800734284187685
45.0 1.8058675947181286
45.0 1.8054356385346553
45.0 1.8090058141529415
45.0 1.806154145874058
45.0 1.8021697607242217
45.0 1.806684064170738
45.0 1.8007535689818748
45.0 1.8059566835053764
45.0 1.8009807276129717
45.0 1.7988340789207269
45.0 1.8028392870070187
45.0 1.7948022508565529
45.0 1.8062625194554924
45.0 1.8008426577691214
45.0 1.8007743919183286
45.0 1.8071071470282492
45.0 1.803487990353361
45.0 1.8056315627610733
45.0 1.8018550514481446
45.0 1.804668150138652
45.0 1.7999667957916814
45.0 1.7968983803499292
45.0 1.8000647579048883
45.0 1.8006050876697965
45.0 1.8099900497118173
45.0 1.8073832867159516
45.0 1.8065371210009276
45.0 1.8060249493561675
45.0 1.806024427392409
45.0 1.8048447895708786
45.0 1.8031732810772831
45.0 1.804059554522952
45.0 1.805524727321904
45.0 1.8100004611800435
45.0 1.8070195963832698
45.0 1.8038235225658952
45.0 1.7995244281399796
45.0 1.8051699103151821
45.0 1.809065206677773
45.0 1.8143662833144816
45.0 1.8058201518037933
45.0 1.8035770791406085
45.0 1.8006363220744799
45.0 1.800811423364437
45.0 1.798323445418234
45.0 1.8000855808413423
45.0 1.805454923328845
45.0 1.8086004779473488
45.0 1.8050110175348777
45.0 1.8015823183704092
45.0 1.80063478393221
45.0 1.809261130904187
45.0 1.810579360533327
45.0 1.7989054210560531
45.0 1.781987959742494
45.0 1.7867359047146105
45.0 1.7960433413089427
45.0 1.7938893574330061
45.0 1.787639702430582
45.0 1.78100248562349
45.0 1.7886580847893545
45.0 1.793062476512169
45.0 1.7937898571775324
45.0 1.7942619210916477
45.0 1.7971359504492548
45.0 1.7974699445195188
45.0 1.7960834490395878
45.0 1.791962532188168
45.0 1.7932896351432674
45.0 1.7914310757492198
45.0 1.7927091976477165
45.0 1.7945187759851595
45.0 1.7944802063967844
45.0 1.7923752035774505
45.0 1.797361570938082
45.0 1.8022202799230913
45.0 1.8030055149710171
45.0 1.8043623141885325
45.0 1.8049977001654258
45.0 1.804439453365284
45.0 1.8033780786296567
45.0 1.8028585718012047
45.0 1.8016398424275413
45.0 1.8048552010391061
45.0 1.8001507704076003
45.0 1.7961081728007642
45.0 1.8046056813292854
45.0 1.8056894171436353
45.0 1.80460875761382
45.0 1.8067434566955685
45.0 1.7961976196624454
45.0 1.7884407384622094
45.0 1.7850720032378427
45.0 1.7847076548010894
45.0 1.7887039895614194
45.0 1.7928249064128399
45.0 1.7978884129502242
45.0 1.801932190624894
45.0 1.807371337105456
45.0 1.8063485319582058
45.0 1.8056107398246162
45.0 1.7920231073276203
45.0 1.7858388335297792
45.0 1.7844137684614694
45.0 1.7888613441994639
45.0 1.7872299434365138
45.0 1.7815651764671234
45.0 1.7816824233745194
45.0 1.7807946117865847
45.0 1.7812489290487779
45.0 1.787160139443454
45.0 1.7933579009940581
45.0 1.793788319035263
45.0 1.7927180709736776
45.0 1.7934350401708106
45.0 1.796020980230221
45.0 1.7997396371605834
45.0 1.7976153495470621
45.0 1.802001994617956
45.0 1.8009494932082875
45.0 1.8000929160250358
45.0 1.8010177590590792
45.0 1.8011454174347008
45.0 1.8053450116051402
45.0 1.8061630192000164
45.0 1.807776673311046
45.0 1.8075896224105936
45.0 1.811238475347898
45.0 1.8119658560132588
45.0 1.8045107955006126
45.0 1.8047067197270283
45.0 1.8059566835053749
45.0 1.8004195749116094
45.0 1.7978899510924977
45.0 1.8006733535205879
45.0 1.7998360611315245
45.0 1.79399773101444
45.0 1.7870502277197517
45.0 1.788184813058405
45.0 1.7872284052942464
45.0 1.7890557302836088
45.0 1.7767924799848231
45.0 1.7779977216057279
45.0 1.760942490030456
45.0 1.742161166496176
45.0 1.7459599829423194
45.0 1.7554963386916336
45.0 1.7516049709027712
45.0 1.7428405540869474
45.0 1.7468194725207913
45.0 1.7516554901016452
45.0 1.7533478215316944
45.0 1.7435798843628014
45.0 1.7477216241506794
45.0 1.7508301473230752
45.0 1.7478685673204897
45.0 1.7543231837646087
45.0 1.7481848147388348
45.0 1.7523103460170548
45.0 1.7511448565991492
45.0 1.749571310218765
45.0 1.7469822938748196
45.0 1.7414941663376573
45.0 1.7392792517946192
45.0 1.7446636201771506
45.0 1.744764658574894
45.0 1.740584679524076
45.0 1.7476429468316579
45.0 1.7489538412771033
45.0 1.7428837381021245
45.0 1.7267352473813316
45.0 1.732751588636795
45.0 1.7402977980427148
45.0 1.7349550755330936
45.0 1.733859553997565
45.0 1.7309722007765174
45.0 1.7235859280784178
45.0 1.7254810247038248
45.0 1.7240767825719716
45.0 1.7339580380745292
45.0 1.7253574587912441
45.0 1.7378340496429336
45.0 1.7207218159742863
45.0 1.7310855468591935
45.0 1.732152388310811
45.0 1.7209964175197232
45.0 1.7228831350339195
45.0 1.7216570704765612
45.0 1.7297994039239244
45.0 1.7335300104647837
45.0 1.7241049406921198
45.0 1.7245087387554412
45.0 1.729851461265065
45.0 1.7217253363273486
45.0 1.7230524392824518
45.0 1.7290527384643768
45.0 1.7234280792256278
45.0 1.7260155574273055
45.0 1.7249318216129543
45.0 1.7176148309441592
45.0 1.7263464752130386
45.0 1.7200033086348858
45.0 1.7236378215302368
45.0 1.7296702074060346
45.0 1.72227453941822
45.0 1.7301912523767533
45.0 1.7316876595803912
45.0 1.7239950289684174
45.0 1.7233181675019267
45.0 1.7210360032866103
45.0 1.7131611026370988
45.0 1.7125166581899174
45.0 1.7200811084625065
45.0 1.7037285060424177
45.0 1.703590958162323
45.0 1.7206077840385376
45.0 1.7185439328773606
