37.0 1.8717731275434057
37.0 1.9149055760053677
37.0 1.9117303251244473
37.0 1.9087286373912187
37.0 1.9130975358101914
37.0 1.9064519398918938
37.0 1.9143949425028748
37.0 1.915791849451034
37.0 1.915339070331108
37.0 1.916734439137
37.0 1.9136987962421976
37.0 1.9129980355547165
37.0 1.9182516692770886
37.0 1.91744407315044
37.0 1.9247922982239194
37.0 1.9193531517433602
37.0 1.9154489820548095
37.0 1.9188409800986004
37.0 1.9156553177494513
37.0 1.9205822925852534
37.0 1.9187237331912048
37.0 1.9209162866555185
37.0 1.9218708259519777
37.0 1.9209860906485765
37.0 1.9219302184768101
37.0 1.923012416148891
37.0 1.9196975572818527
37.0 1.9218218448953754
37.0 1.9197554116644158
37.0 1.9187430179853948
37.0 1.9166276036978318
37.0 1.9144038158288348
37.0 1.9213393695130307
37.0 1.9194511138565666
37.0 1.915448460091053
37.0 1.923405802743989
37.0 1.922206358164511
37.0 1.9259620465409815
37.0 1.9239461325088956
37.0 1.9226977068728153
37.0 1.9267889274618184
37.0 1.9250075072445232
37.0 1.9217728638387714
37.0 1.9166276036978314
37.0 1.9169912940305132
37.0 1.919489683444944
37.0 1.9097128729500918
37.0 1.916323305889983
37.0 1.9146116896657472
37.0 1.9164613757338347
37.0 1.9161867741884
37.0 1.9183986124469015
37.0 1.9149071141476348
37.0 1.9179666562634285
37.0 1.921124160492428
37.0 1.9158369019339148
37.0 1.917956244795202
37.0 1.9204843304720465
37.0 1.913933290056988
37.0 1.9152218234237113
37.0 1.9156537796071842
37.0 1.9165890341094565
37.0 1.9138353279437816
37.0 1.9135310301359312
37.0 1.9167969079463665
37.0 1.9168982766695395
37.0 1.9205333115286494
37.0 1.9241435948775776
37.0 1.925608767676529
37.0 1.9246735131742583
37.0 1.9263361483418915
37.0 1.926227774760457
37.0 1.9231875174388506
37.0 1.914394942502876
37.0 1.9052092033534245
37.0 1.9118178757694264
37.0 1.9141010561632532
37.0 1.9241019490046665
37.0 1.91338834586528
37.0 1.9145847701057264
37.0 1.9158794000960147
37.0 1.9128807886473211
37.0 1.913501333873516
37.0 1.912064319194712
37.0 1.9143355499780437
37.0 1.908335250796121
37.0 1.9025824112179937
37.0 1.9120434962582575
37.0 1.913587346376228
37.0 1.9098983857082799
37.0 1.923493353388967
37.0 1.91315484047999
37.0 1.907716629983133
37.0 1.9229723084182473
37.0 1.919776234600869
37.0 1.9228149537802077
37.0 1.9149071141476328
37.0 1.919520917849624
37.0 1.9209475210601996
37.0 1.9250387416492045
37.0 1.9275564158578227
37.0 1.9275861121202373
37.0 1.9283343157220534
37.0 1.9247938363661852
37.0 1.9250491531174307
37.0 1.923907562920517
37.0 1.9216660283996005
37.0 1.9238497085379538
37.0 1.9241138986151605
37.0 1.927173440730953
37.0 1.9295634565639475
37.0 1.9292769054080188
37.0 1.9278904099280867
37.0 1.9262574710228693
37.0 1.9254899826268623
37.0 1.9218328650161607
37.0 1.9214936478665328
37.0 1.9217015217034432
37.0 1.9216644902573343
37.0 1.9233167139567418
37.0 1.920563007791065
37.0 1.9182991121914275
37.0 1.9183407580643355
37.0 1.9215279585557512
37.0 1.9190384424672824
37.0 1.9184965745601061
37.0 1.9211523186125745
37.0 1.9186643406663721
37.0 1.905033166079761
37.0 1.9109382213585728
37.0 1.9158481656913298
37.0 1.9130543517950123
37.0 1.9098108350632996
37.0 1.9140416636384212
37.0 1.9089662074905422
37.0 1.9111290646924415
37.0 1.8975579962327447
37.0 1.8987978788682949
37.0 1.904629618147067
37.0 1.9007202535756558
37.0 1.894928872158158
37.0 1.8976054391470816
37.0 1.9037125737681715
37.0 1.8976335972672287
37.0 1.8979780028057218
37.0 1.8964206649349902
37.0 1.9000517712203715
37.0 1.9007895633539613
37.0 1.9006827279147942
37.0 1.89705162162941
37.0 1.8951707011566397
37.0 1.897091729360054
37.0 1.9028397880752654
37.0 1.9055414368998025
37.0 1.8996614609098101
37.0 1.9015096088356318
37.0 1.9062664271337075
37.0 1.911434900642557
37.0 1.9069086475855463
37.0 1.9072114072511275
37.0 1.9076360282509086
37.0 1.9093966255317494
37.0 1.9060833048069785
37.0 1.9093403092914545
37.0 1.9054226518501416
37.0 1.9046952711847793
37.0 1.9035849153925501
37.0 1.8976023628625465
37.0 1.899305105760824
37.0 1.8967908381621754
37.0 1.891816120829899
37.0 1.8850176208110438
37.0 1.8841022810105326
37.0 1.8837030973740085
37.0 1.884192907940046
37.0 1.8795871252748237
37.0 1.8808097832222166
37.0 1.871237770279741
37.0 1.8765997775835508
37.0 1.8826138948436675
37.0 1.8750345825653658
37.0 1.8636198606640557
37.0 1.8587268687388379
37.0 1.853535017972752
37.0 1.8518256257438606
37.0 1.8561510098222227
37.0 1.8625134611945569
37.0 1.8595237230718242
37.0 1.8520759977428713
37.0 1.8566481555719507
37.0 1.863950475873362
37.0 1.8698200403951264
37.0 1.8694698378152081
37.0 1.8729108169156032
37.0 1.8691848248015457
37.0 1.8718760621578567
37.0 1.8728514243907703
37.0 1.8749402187004525
37.0 1.870679693862912
37.0 1.8762746568392457
37.0 1.8717321952725803
37.0 1.874714598211621
37.0 1.8746953134174333
37.0 1.8615026056578015
37.0 1.8643720205886045
37.0 1.8613942320763663
37.0 1.8527574736361656
37.0 1.8521795904613894
37.0 1.839998260202276
37.0 1.849822513611458
37.0 1.849657823789728
37.0 1.846412768915745
37.0 1.8539777411520957
37.0 1.8490997473728974
37.0 1.8550036225838804
37.0 1.8539777411520928
37.0 1.8509791297033993
37.0 1.8558972312132394
37.0 1.8583852091594433
37.0 1.8492659753368954
37.0 1.852144949446737
37.0 1.848508898409118
37.0 1.8539985640885472
37.0 1.8572598274721788
37.0 1.8480056000903171
37.0 1.8436694742182982
37.0 1.8533097530115632
37.0 1.8528689235021292
37.0 1.8571352453810948
37.0 1.8542018234986577
37.0 1.8464247185262384
37.0 1.8531523983735247
37.0 1.8529148282741994
37.0 1.8457270341232932
37.0 1.8521191817580493
37.0 1.8445468743380058
37.0 1.854292450428168
37.0 1.8533587340681665
37.0 1.8426482072133106
37.0 1.8403233809465764
37.0 1.8532827775060388
37.0 1.8392647269678364
37.0 1.8333284347375485
37.0 1.853707398505818
37.0 1.8447501337481107
37.0 1.843479347033306
37.0 1.8446537097771682
37.0 1.8485979871963638
37.0 1.843956025374226
37.0 1.8512047501922282
37.0 1.8499844826762954
37.0 1.850459622874947
37.0 1.8486485063952383
37.0 1.844175493293986
