226.99999999999997 0.5367655284259535
226.99999999999997 0.572148085555367
226.99999999999997 0.5801583933366464
226.99999999999997 0.5746318327989125
226.99999999999997 0.5756798832236034
226.99999999999997 0.5734124175721704
226.99999999999997 0.5835075351438964
226.99999999999997 0.574966020606805
226.99999999999997 0.5794919155893762
226.99999999999997 0.5732164928982622
226.99999999999997 0.5758198492841582
226.99999999999997 0.5658843124451182
226.99999999999997 0.5746101596725683
226.99999999999997 0.5835457769536339
226.99999999999997 0.5870280716015062
226.99999999999997 0.5776763763211878
226.99999999999997 0.5781445116615819
226.99999999999997 0.5790338639385764
226.99999999999997 0.5687494684767644
226.99999999999997 0.583200188800519
226.99999999999997 0.5872427586583523
226.99999999999997 0.5867993748281407
226.99999999999997 0.5861981143961345
226.99999999999997 0.5734612620409705
226.99999999999997 0.5900331659447039
226.99999999999997 0.5860286437114861
226.99999999999997 0.5784715286225918
226.99999999999997 0.5944421720943195
226.99999999999997 0.5909858367734617
226.99999999999997 0.5759511336570821
226.99999999999997 0.5903471893677046
226.99999999999997 0.5927653607740502
226.99999999999997 0.5851829999602233
226.99999999999997 0.5924298285615198
226.99999999999997 0.5917162659743497
226.99999999999997 0.5923025282603338
226.99999999999997 0.5887651251889983
226.99999999999997 0.5885468398838627
226.99999999999997 0.5908330965622243
226.99999999999997 0.5844941888832339
226.99999999999997 0.5986117396769097
226.99999999999997 0.6040481654005796
226.99999999999997 0.5862976146516078
226.99999999999997 0.5802425373716577
226.99999999999997 0.5960080529655769
226.99999999999997 0.5927761303167177
226.99999999999997 0.5902985638387459
226.99999999999997 0.5863819225759412
226.99999999999997 0.6005578497159361
226.99999999999997 0.5927657188484878
226.99999999999997 0.5885483780261289
226.99999999999997 0.5981813216357038
226.99999999999997 0.5872509713334453
226.99999999999997 0.5890057715728594
226.99999999999997 0.5852751650320014
226.99999999999997 0.5931548465444276
226.99999999999997 0.593291872460763
226.99999999999997 0.5928744479575677
226.99999999999997 0.5871606721825668
226.99999999999997 0.5946840262950124
226.99999999999997 0.5837502441805742
226.99999999999997 0.5960138500070037
226.99999999999997 0.5892668853655286
226.99999999999997 0.5930969921618614
226.99999999999997 0.5876817449022911
226.99999999999997 0.5925732849265516
226.99999999999997 0.5907871917901507
226.99999999999997 0.5958715212639928
226.99999999999997 0.5954218184285994
226.99999999999997 0.5945235953724365
226.99999999999997 0.5977524417367625
226.99999999999997 0.5970131114609047
226.99999999999997 0.5926827826303099
226.99999999999997 0.5928713716730304
226.99999999999997 0.5978427131386339
226.99999999999997 0.5939192586558961
226.99999999999997 0.6059190047305508
226.99999999999997 0.5995574056474048
226.99999999999997 0.5881384273937318
226.99999999999997 0.6086313928019546
226.99999999999997 0.60600894580699
226.99999999999997 0.6062168196438963
226.99999999999997 0.5907660133260518
226.99999999999997 0.5992276704762954
226.99999999999997 0.6057520909134739
226.99999999999997 0.6026701877189587
226.99999999999997 0.5924939217544549
226.99999999999997 0.60668154837432
226.99999999999997 0.5964994016738755
226.99999999999997 0.5953547351924293
226.99999999999997 0.5924290040213308
226.99999999999997 0.5828928403578354
226.99999999999997 0.5936986055696359
226.99999999999997 0.5908184261948369
226.99999999999997 0.5965159657111779
226.99999999999997 0.5953999212688277
226.99999999999997 0.6024776953047265
226.99999999999997 0.6048410911598421
226.99999999999997 0.6060717701440027
226.99999999999997 0.6063968908883084
226.99999999999997 0.6018336063851883
226.99999999999997 0.6049806991459612
226.99999999999997 0.6038005393606726
226.99999999999997 0.6006534465998997
226.99999999999997 0.6043512805938077
226.99999999999997 0.6051380537839992
226.99999999999997 0.6067116001643863
226.99999999999997 0.604665989869883
226.99999999999997 0.6076557279926175
226.99999999999997 0.6077344053116372
226.99999999999997 0.603328475446555
226.99999999999997 0.6019122837042069
226.99999999999997 0.6042726032747878
226.99999999999997 0.6056101176981155
226.99999999999997 0.6040365713177295
226.99999999999997 0.5966137743762633
226.99999999999997 0.6040068750553124
226.99999999999997 0.6045873125508643
226.99999999999997 0.6069966131780475
226.99999999999997 0.6059441117683808
226.99999999999997 0.6060035042932119
226.99999999999997 0.6047045594582596
226.99999999999997 0.6015054093563488
226.99999999999997 0.6023442398876796
226.99999999999997 0.6013615424710728
226.99999999999997 0.600260060004802
226.99999999999997 0.6015975744281309
226.99999999999997 0.5985870133689425
226.99999999999997 0.5961761745994915
226.99999999999997 0.5951919390406165
226.99999999999997 0.5985187475181486
226.99999999999997 0.599639514778607
226.99999999999997 0.5979383100225982
226.99999999999997 0.5987057984186038
226.99999999999997 0.6004174146428409
226.99999999999997 0.6005836426068397
226.99999999999997 0.6002986295931788
226.99999999999997 0.6088343496356404
226.99999999999997 0.6157490803833829
226.99999999999997 0.6157965232977182
226.99999999999997 0.6166307394022483
226.99999999999997 0.6144069515332505
226.99999999999997 0.6126031702372315
226.99999999999997 0.6125927587690037
226.99999999999997 0.6102605973185722
226.99999999999997 0.6078755262378122
226.99999999999997 0.6052247269375772
226.99999999999997 0.6031171697974664
226.99999999999997 0.601480302318524
226.99999999999997 0.6034006446688601
226.99999999999997 0.6028493814719664
226.99999999999997 0.6032571081090152
226.99999999999997 0.6045584433754247
226.99999999999997 0.6033115558816103
226.99999999999997 0.60652383820864
226.99999999999997 0.6057578879549013
226.99999999999997 0.6048048868007099
226.99999999999997 0.6061127049616238
226.99999999999997 0.6065441391813371
226.99999999999997 0.6075882892288025
226.99999999999997 0.6056807487781518
226.99999999999997 0.6078628907742357
226.99999999999997 0.6092493862541675
226.99999999999997 0.6050602035519558
226.99999999999997 0.6067405853715111
226.99999999999997 0.6040879176035768
226.99999999999997 0.6038310627100643
226.99999999999997 0.6044010887373874
226.99999999999997 0.602636232557389
226.99999999999997 0.5932913782460127
226.99999999999997 0.5830752486349918
226.99999999999997 0.5870338660961409
226.99999999999997 0.5878788517433352
226.99999999999997 0.5894882469552067
226.99999999999997 0.5837448026667975
226.99999999999997 0.58933976564313
226.99999999999997 0.5880199978717204
226.99999999999997 0.5854726274006867
226.99999999999997 0.5902407094561795
226.99999999999997 0.593096636634221
226.99999999999997 0.5944553043194375
226.99999999999997 0.5974484550806092
226.99999999999997 0.5984777117542432
226.99999999999997 0.6105290462949401
226.99999999999997 0.6129159858433995
226.99999999999997 0.6096354376655801
226.99999999999997 0.6116837687169696
226.99999999999997 0.6026478266402443
226.99999999999997 0.6099841021032263
226.99999999999997 0.6080603531429214
226.99999999999997 0.610726508663619
226.99999999999997 0.6128982391914768
226.99999999999997 0.6160260471580608
226.99999999999997 0.6131982781001686
226.99999999999997 0.6135187844176679
226.99999999999997 0.6128018152205351
226.99999999999997 0.6128226381569905
226.99999999999997 0.6104044642038498
226.99999999999997 0.6085443666675313
226.99999999999997 0.6112089840459616
226.99999999999997 0.6089258036521332
226.99999999999997 0.610570692167846
226.99999999999997 0.6112922757917819
226.99999999999997 0.6066472376851096
226.99999999999997 0.6077159476044295
226.99999999999997 0.6024295413351041
226.99999999999997 0.6052976373811302
226.99999999999997 0.6003063252682601
226.99999999999997 0.6101044516520462
226.99999999999997 0.6011520255423729
226.99999999999997 0.5938738178027869
226.99999999999997 0.6005323820568843
226.99999999999997 0.6075401301655925
226.99999999999997 0.6038624610040705
226.99999999999997 0.5988839507908887
226.99999999999997 0.5954854698525988
226.99999999999997 0.5978145550184919
226.99999999999997 0.600830913119107
226.99999999999997 0.5950874688306976
226.99999999999997 0.5969105349209065
226.99999999999997 0.5956813940790121
226.99999999999997 0.5977077195793264
226.99999999999997 0.6001274316747377
226.99999999999997 0.5961252998729769
226.99999999999997 0.5939682397125073
226.99999999999997 0.6023554784428908
226.99999999999997 0.602367428053386
226.99999999999997 0.5967234840204491
226.99999999999997 0.596246805679531
226.99999999999997 0.5961785398287396
226.99999999999997 0.5987675561726828
226.99999999999997 0.5966610152110837
226.99999999999997 0.5962988630206713
226.99999999999997 0.6007850083470406
226.99999999999997 0.5946481774635306
226.99999999999997 0.5956397482060998
226.99999999999997 0.5954245391855001
226.99999999999997 0.5933434355871559
226.99999999999997 0.5976749470323751
226.99999999999997 0.5967902117289758
226.99999999999997 0.5977952702243049
226.99999999999997 0.5946331515685026
226.99999999999997 0.5931027892032955
226.99999999999997 0.5959382489725266
226.99999999999997 0.5995886400520986
226.99999999999997 0.5892329302039665
226.99999999999997 0.5905523424477268
226.99999999999997 0.5928667572462357
226.99999999999997 0.5948811331360574
226.99999999999997 0.5897790570102996
226.99999999999997 0.5914193310992067
226.99999999999997 0.5944256332592373
226.99999999999997 0.5975711878777445
226.99999999999997 0.5920043830215617
