109.0 1.0606345880526022
109.0 1.0891554188024875
109.0 1.0923922862035849
109.0 1.0973389013612167
109.0 1.0943831184000563
109.0 1.0894216689857212
109.0 1.0991879015762283
109.0 1.0926832878969956
109.0 1.1013377929891202
109.0 1.1016289585718524
109.0 1.0911617988577493
109.0 1.0834363956988273
109.0 1.0932543301028295
109.0 1.0916990523381183
109.0 1.1010693440127555
109.0 1.1010381096080728
109.0 1.0974100796072244
109.0 1.1013350722322304
109.0 1.0931553518111115
109.0 1.1051798493959502
109.0 1.1001726590988608
109.0 1.0997599877095765
109.0 1.1037339613911854
109.0 1.1072520796683307
109.0 1.1057186410185895
109.0 1.105601394111193
109.0 1.1107466542521338
109.0 1.1087411516882724
109.0 1.1052569885727002
109.0 1.1037621195113334
109.0 1.1024766624291427
109.0 1.1063407243870509
109.0 1.1023682888477087
109.0 1.1058227557008675
109.0 1.1070889279888672
109.0 1.0913607993686985
109.0 1.1056727362465186
109.0 1.1115068074644439
109.0 1.1047286084182877
109.0 1.1113760728042847
109.0 1.1129407458587095
109.0 1.113129334901435
109.0 1.1118971177750048
109.0 1.112332150243014
109.0 1.114783096743109
109.0 1.10957690593507
109.0 1.10890004446858
109.0 1.1070399469322634
109.0 1.1035958915473347
109.0 1.1089401521992235
109.0 1.1047880009431192
109.0 1.1054367042894628
109.0 1.105977034054369
109.0 1.1073739410025278
109.0 1.1102657170120562
109.0 1.1004136358081529
109.0 1.0972842896993027
109.0 1.1011507420886688
109.0 1.1110430949125316
109.0 1.1065945029960311
109.0 1.1074923679777526
109.0 1.1079663281085763
109.0 1.1128072904416664
109.0 1.1083967461497817
109.0 1.1120991945704917
109.0 1.1099066411061782
109.0 1.1123722579736584
109.0 1.1109873006359923
109.0 1.1090172913759753
109.0 1.1115276304008999
109.0 1.1063036929409436
109.0 1.111468237876069
109.0 1.1129037144126035
109.0 1.1078787774635965
109.0 1.1028190078616098
109.0 1.1017982628203862
109.0 1.1016945036657535
109.0 1.104976589985842
109.0 1.10597703405437
109.0 1.10713994140249
109.0 1.1153099387552514
109.0 1.122301808679742
109.0 1.1205115151364855
109.0 1.1203155909100708
109.0 1.1173555490497515
109.0 1.1118377252501745
109.0 1.1129584925106317
109.0 1.113265866603016
109.0 1.1137275190489042
109.0 1.11132862988995
109.0 1.1196121094657001
109.0 1.1123285514173835
109.0 1.106593521508013
109.0 1.1128755562924544
109.0 1.1177149804832738
109.0 1.1186294120490898
109.0 1.1158726295988795
109.0 1.1197324326576286
109.0 1.1210506622867693
109.0 1.1209719849677502
109.0 1.1227815633051954
109.0 1.1243254134231662
109.0 1.125849978746949
109.0 1.1234005703891228
109.0 1.1245317491178086
109.0 1.122515835085722
109.0 1.122860240624215
109.0 1.1190540330488716
109.0 1.1185819691347554
109.0 1.116064294926137
109.0 1.1146777994462067
109.0 1.1178248922069778
109.0 1.1181885825396591
109.0 1.1195260969629868
109.0 1.1169579035554975
109.0 1.108076212083269
109.0 1.108277961100114
109.0 1.11350343670234
109.0 1.116108661555938
109.0 1.1238680198764346
109.0 1.1259032187027098
109.0 1.1192349313802543
109.0 1.1142931530310476
109.0 1.1247658874049578
109.0 1.1196399120582052
109.0 1.11892294286107
109.0 1.1230261130605685
109.0 1.1199889320235004
109.0 1.1190640889894576
109.0 1.1163190619646202
109.0 1.1186128480117936
109.0 1.1189202221041779
109.0 1.1153010654292903
109.0 1.1097535453672942
109.0 1.1070696431946763
109.0 1.1152447491889907
109.0 1.1189545327933954
109.0 1.1178515121848591
109.0 1.1097457441653509
109.0 1.1076294216430933
109.0 1.11615918075481
109.0 1.116188877017225
109.0 1.1132955628654317
109.0 1.1146388743301872
109.0 1.1125338715108535
109.0 1.1165953958374422
109.0 1.1138729240764493
109.0 1.1162139588528408
109.0 1.11638018681684
109.0 1.116303047640089
109.0 1.1206407116543775
109.0 1.1169725739228846
109.0 1.1193047353733172
109.0 1.121025224923514
109.0 1.1215462698942338
109.0 1.1178885436309682
109.0 1.113678537992302
109.0 1.117189321085756
109.0 1.1174847455676447
109.0 1.1124983782070135
109.0 1.1137186457229453
109.0 1.116215496995107
109.0 1.115545970712309
109.0 1.1112588258968925
109.0 1.1095664944668435
109.0 1.114189171494793
109.0 1.115986800221744
109.0 1.1129480810424057
109.0 1.1112943192007332
109.0 1.110161602329779
109.0 1.111222977065406
109.0 1.1073874594985884
109.0 1.1037100621701958
109.0 1.1141074178912371
109.0 1.1101365204941651
109.0 1.1156454709677843
109.0 1.1139026203388627
109.0 1.1119341492211132
109.0 1.1085583596869761
109.0 1.1098052471807904
109.0 1.0891761402891227
109.0 1.0748791605275236
109.0 1.0757235157537912
109.0 1.0839258507372251
109.0 1.0907827271023953
109.0 1.0838814841074214
109.0 1.0881373945181574
109.0 1.0828050834767635
109.0 1.0866440635990573
109.0 1.082794672008534
109.0 1.081224201912683
109.0 1.0763431318489511
109.0 1.084938244416247
109.0 1.0832030844986575
109.0 1.0827977482930715
109.0 1.0809600118354752
109.0 1.0958790061867307
109.0 1.0861928226213973
109.0 1.0798334475335933
109.0 1.0814440253600892
109.0 1.0827236854008557
109.0 1.0816102533240883
109.0 1.0882607939946192
109.0 1.0870478616623804
109.0 1.084942858843047
109.0 1.0805307764088947
109.0 1.0851002314770422
109.0 1.0852474458901167
109.0 1.0858741847715923
109.0 1.0854542341441207
109.0 1.0862851797789963
109.0 1.0756750054688065
109.0 1.0786380676681553
109.0 1.0770966079816378
109.0 1.0730934322523709
109.0 1.0698937879357093
109.0 1.0769721923266697
109.0 1.0802976290980464
109.0 1.077107377524311
109.0 1.0686385516264862
109.0 1.0771179554286516
109.0 1.0722904808483242
109.0 1.0806422262748687
109.0 1.0753469466795849
109.0 1.0686416279110258
109.0 1.067243182820593
109.0 1.0829073044891298
109.0 1.080272383373117
109.0 1.0742990596967206
109.0 1.0685467420823518
109.0 1.0824726275487668
109.0 1.0797382061772747
109.0 1.085406049431204
109.0 1.0744772372712088
109.0 1.0798110864548718
109.0 1.0770751269411172
109.0 1.0820792409536675
109.0 1.0745751993844193
109.0 1.0744891868817068
109.0 1.0818374119551857
109.0 1.0782865211310932
109.0 1.0860161831891684
109.0 1.0868326526417789
109.0 1.0751112702501657
109.0 1.0830279832087026
109.0 1.085762404580191
109.0 1.086409569784266
109.0 1.0826658310182897
109.0 1.0725889816147478
109.0 1.0799283333622678
109.0 1.0823866150460542
109.0 1.0788149012855035
109.0 1.0852486947931645
109.0 1.0834421927402547
