232.0 0.5552236078859406
232.0 0.5987257040946791
232.0 0.5921805409158548
232.0 0.5987063911039934
232.0 0.6003301263578216
232.0 0.5794244037664997
232.0 0.6020314698009325
232.0 0.5996092033847451
232.0 0.6060322550987518
232.0 0.6051924083889086
232.0 0.5980914487341037
232.0 0.6020852569226649
232.0 0.6079795729546096
232.0 0.598427833235826
232.0 0.606620549741749
232.0 0.603307229016981
232.0 0.6017679933258108
232.0 0.6088445015000643
232.0 0.596081689817884
232.0 0.5935136880487186
232.0 0.6106955618211027
232.0 0.6074832794940709
232.0 0.6063224045029708
232.0 0.6034456266394665
232.0 0.6046107882787327
232.0 0.608495673173094
232.0 0.6053712718164781
232.0 0.6118595130967387
232.0 0.6116130696714501
232.0 0.6087540662088755
232.0 0.6095362249722669
232.0 0.6128550124130325
232.0 0.6064056962487898
232.0 0.6087921138334933
232.0 0.6110751303380014
232.0 0.6083741673665419
232.0 0.6201267841628332
232.0 0.6029543056801725
232.0 0.6147825235109479
232.0 0.6175794136917999
232.0 0.6077759832190678
232.0 0.6074505069471197
232.0 0.6105755941568144
232.0 0.6115212601273166
232.0 0.6214496282187758
232.0 0.6013078790221882
232.0 0.6100310054927507
232.0 0.6099669985411148
232.0 0.613097882792236
232.0 0.6108860445337342
232.0 0.62076507604095
232.0 0.6174235971960292
232.0 0.6152711514623602
232.0 0.6126304333049181
232.0 0.6163356024825203
232.0 0.6190372513070549
232.0 0.6134839342036394
232.0 0.6187553145779306
232.0 0.6175176281887144
232.0 0.6091686312680675
232.0 0.6155769874124756
232.0 0.6195540373786209
232.0 0.6167201157516554
232.0 0.6230544090038469
232.0 0.6204314374983259
232.0 0.6191753211509071
232.0 0.6228168389045196
232.0 0.6203022409804363
232.0 0.6182624277273608
232.0 0.6132240030255861
232.0 0.6066521396740775
232.0 0.627150244019652
232.0 0.6164767486109037
232.0 0.6054260751167148
232.0 0.6310348748361913
232.0 0.5993271027662973
232.0 0.612039228813501
232.0 0.6053289400904822
232.0 0.5941852744375393
232.0 0.6122144939927778
232.0 0.598500932900747
232.0 0.6056899096662764
232.0 0.607282740840852
232.0 0.6018540058285184
232.0 0.6134808579191032
232.0 0.6068611961256096
232.0 0.626108076877696
232.0 0.6199767647084901
232.0 0.6208348800340087
232.0 0.6150366576475705
232.0 0.6182936621320462
232.0 0.6224552953666673
232.0 0.6310133179955482
232.0 0.6312414646086553
232.0 0.6324320358621742
232.0 0.6262586677473099
232.0 0.6264718444108957
232.0 0.627790074040036
232.0 0.6289702338253255
232.0 0.6277113967210163
232.0 0.6297570070155184
232.0 0.6293636204204212
232.0 0.6298356843345373
232.0 0.6299930389725752
232.0 0.6296783296964983
232.0 0.63180261731002
232.0 0.631645262671981
232.0 0.6334548410094253
232.0 0.6349497100707925
232.0 0.6357364832609855
232.0 0.6396703492119501
232.0 0.6397490265309701
232.0 0.6414012502303755
232.0 0.6453544009755284
232.0 0.6459124773923544
232.0 0.6507529845210164
232.0 0.6491773112752781
232.0 0.6461007109074347
232.0 0.6425721811620595
232.0 0.640354545862131
232.0 0.6395099182893751
232.0 0.6388612149430327
232.0 0.6361179202455836
232.0 0.6372996181731398
232.0 0.6373100296413672
232.0 0.6387262213837153
232.0 0.6402210904450818
232.0 0.6391076583683166
232.0 0.6346472807306406
232.0 0.6292582953745145
232.0 0.6288603221016191
232.0 0.6313097304594463
232.0 0.6277796625718047
232.0 0.6285664357619973
232.0 0.6326576563510018
232.0 0.6285857205561859
232.0 0.627966713472259
232.0 0.6301889631989885
232.0 0.6275194010683247
232.0 0.6293131012215483
232.0 0.6297955766038904
232.0 0.6296976144906838
232.0 0.6292448353707557
232.0 0.6263931670918725
232.0 0.6290384996761138
232.0 0.6288024677190563
232.0 0.6250259564061291
232.0 0.6257934448021341
232.0 0.6278880361532401
232.0 0.6266484838431183
232.0 0.6236097646637812
232.0 0.625183311044168
232.0 0.6263040783046258
232.0 0.624879013236318
232.0 0.62229153503464
232.0 0.6226359405731337
232.0 0.6224087819420365
232.0 0.6250645259945056
232.0 0.6209035014124431
232.0 0.6245612276757067
232.0 0.6221133574601478
232.0 0.6213547423901032
232.0 0.621837217772448
232.0 0.6203705068312283
232.0 0.6193372902157505
232.0 0.6210384949717587
232.0 0.6229371620964503
232.0 0.6231731940535084
232.0 0.6200141516822406
232.0 0.6165982544174597
232.0 0.6152574695244761
232.0 0.6181791359815395
232.0 0.615839639347414
232.0 0.6175022745150476
232.0 0.6186438647119594
232.0 0.6204519049071368
232.0 0.6203747657303846
232.0 0.6228997751226955
232.0 0.6273843823067952
232.0 0.6194067386811652
232.0 0.618519743984747
232.0 0.6329021503823951
232.0 0.6309728519616374
232.0 0.636415185446172
232.0 0.6218462297855203
232.0 0.626187658484215
232.0 0.6269358620860352
232.0 0.6236001802825408
232.0 0.6217474179299152
232.0 0.6240498831179313
232.0 0.623479857090609
232.0 0.6189967880487749
232.0 0.6122008423506962
232.0 0.6157606065007551
232.0 0.6198294660110363
232.0 0.6189906354797037
232.0 0.6218646648373096
232.0 0.6230791353118172
232.0 0.624098864174533
232.0 0.6278741928728411
232.0 0.6148461749349373
232.0 0.6170179054627967
232.0 0.6175524381862788
232.0 0.6182011415326206
232.0 0.6263033672493427
232.0 0.622252254390979
232.0 0.6134111968448817
232.0 0.5988859069154048
232.0 0.6044432752973825
232.0 0.60935579310663
232.0 0.6052699030933071
232.0 0.6000502245325074
232.0 0.6077054681707255
232.0 0.612127962073102
232.0 0.6094147191657203
232.0 0.6082569204591507
232.0 0.6139228700431615
232.0 0.6093549711132407
232.0 0.6129178115478356
232.0 0.6032077287615081
232.0 0.6088308498579851
232.0 0.6099253526682099
232.0 0.604942061592112
232.0 0.6078276850325677
232.0 0.6068033417430515
232.0 0.6052297953626643
232.0 0.6144870990290617
232.0 0.6070794814307507
232.0 0.6111869105294079
232.0 0.6116069171023848
232.0 0.6111498790832969
232.0 0.6087748891453335
232.0 0.6093164015248639
232.0 0.6118861330746234
232.0 0.615652232919321
232.0 0.6096638833478912
232.0 0.6092704967527972
232.0 0.6089916363082047
232.0 0.6058931690763896
232.0 0.6061797202323222
232.0 0.6048306117261418
232.0 0.604347780816152
232.0 0.6096029526807941
232.0 0.6127265017482209
232.0 0.5978341273748464
232.0 0.6121059565220256
232.0 0.6127249636059527
232.0 0.6162731336731583
232.0 0.6233170609387868
232.0 0.6237343467548716
232.0 0.6254251400426553
232.0 0.6278595225054541
232.0 0.6169708180761033
232.0 0.6063536389076578
