59.0 1.6911202168239239
59.0 1.7210485298795188
59.0 1.7142406345709493
59.0 1.7224261520334911
59.0 1.7286431983782826
59.0 1.7184031972952787
59.0 1.724828117476981
59.0 1.7252616118027202
59.0 1.7262042014886847
59.0 1.7244050346194693
59.0 1.7258004034253625
59.0 1.72344008385478
59.0 1.7273265068914099
59.0 1.7254856941492833
59.0 1.723745919804898
59.0 1.7266465691403865
59.0 1.7262740054817445
59.0 1.7327760648401986
59.0 1.7289089265977582
59.0 1.7256623335815107
59.0 1.726962816558729
59.0 1.721352827687368
59.0 1.7260557201766051
59.0 1.7313984426862266
59.0 1.7281800077901297
59.0 1.7333059831368787
59.0 1.7243753383570515
59.0 1.7301870484962558
59.0 1.7304616500416872
59.0 1.7255362133481549
59.0 1.7366015572097286
59.0 1.7345069658586239
59.0 1.7243579220305656
59.0 1.7325801406137842
59.0 1.7301921571378083
59.0 1.7357272333745575
59.0 1.7337676355827671
59.0 1.7315438477137715
59.0 1.7298738773624451
59.0 1.734221952844963
59.0 1.7351957769356092
59.0 1.7375769194426431
59.0 1.7361102085014255
59.0 1.7362097087569006
59.0 1.736365525252671
59.0 1.7335628380303907
59.0 1.730758612665843
59.0 1.7311535374032099
59.0 1.7299109088085542
59.0 1.7321466462880444
59.0 1.724354515420597
59.0 1.7293023131928544
59.0 1.7287828063644015
59.0 1.728545236265078
59.0 1.735981011983535
59.0 1.7361102085014268
59.0 1.7301781751702952
59.0 1.73328669834269
59.0 1.7303548146025214
59.0 1.729115262292401
59.0 1.7286046287899086
59.0 1.7308357518425983
59.0 1.7281132800816048
59.0 1.7331871980872173
59.0 1.7345663583834552
59.0 1.7333653756617102
59.0 1.7283404387127028
59.0 1.7261166508437054
59.0 1.7247880097463364
59.0 1.7331308818469195
59.0 1.7281622611382084
59.0 1.731606316523137
59.0 1.7276323428415292
59.0 1.731704278636346
59.0 1.739563137212315
59.0 1.7383532811646103
59.0 1.7389722882485374
59.0 1.7356173216508552
59.0 1.7372919064289836
59.0 1.7269068306438684
59.0 1.7319684687135501
59.0 1.7392171935315544
59.0 1.7382746038455907
59.0 1.7364353292457313
59.0 1.7377045778182683
59.0 1.7381068377393252
59.0 1.7329422928041986
59.0 1.7357449800264793
59.0 1.7358653032184088
59.0 1.7381855150583452
59.0 1.7338166166393725
59.0 1.7387871058157858
59.0 1.7260744830070418
59.0 1.7339354016890356
59.0 1.7347429978156832
59.0 1.7393359785812168
59.0 1.7399148779345006
59.0 1.7418818109099834
59.0 1.740821974316624
59.0 1.7397293651763144
59.0 1.7409288097557911
59.0 1.7381855150583432
59.0 1.736110208501426
59.0 1.7381855150583434
59.0 1.7388847376035588
59.0 1.7379406097753267
59.0 1.737891628718723
59.0 1.7359142842750124
59.0 1.7371924061735102
59.0 1.736405632983318
59.0 1.7344772695962105
59.0 1.7338493891863234
59.0 1.7314890696157452
59.0 1.733218432491902
59.0 1.7319476457770957
59.0 1.721768961632131
59.0 1.725985916183552
59.0 1.7220728731690402
59.0 1.7210010869651848
59.0 1.7252215040720782
59.0 1.725132415284832
59.0 1.7242164455767452
59.0 1.727049845239953
59.0 1.7262099985301118
59.0 1.7204472694475146
59.0 1.727403646068165
59.0 1.7282987928397922
59.0 1.7240768375906288
59.0 1.7140223492658115
59.0 1.7145271857268778
59.0 1.7165238149647757
59.0 1.7217269294882775
59.0 1.7258227645040856
59.0 1.7282586851091482
59.0 1.7340526485964278
59.0 1.7325207480889524
59.0 1.7389425919861201
59.0 1.7381261225335112
59.0 1.7344752094901823
59.0 1.7401108021609148
59.0 1.7333757871299353
59.0 1.740614100479714
59.0 1.7347206367369579
59.0 1.7372398490878438
59.0 1.7320664308267588
59.0 1.7336993697319754
59.0 1.7310436256795063
59.0 1.7239522554995401
59.0 1.7213647772978613
59.0 1.7250313768870877
59.0 1.7238689637537186
59.0 1.726300625459624
59.0 1.7302626495307358
59.0 1.729355553148616
59.0 1.7278622222295166
59.0 1.7276975324077843
59.0 1.728482767455711
59.0 1.725009015808368
59.0 1.7235453811516845
59.0 1.7275386396274828
59.0 1.7239283562785541
59.0 1.7242534770228584
59.0 1.7244925852644508
59.0 1.7225715570610372
59.0 1.724032801286261
59.0 1.7285911410371453
59.0 1.7360670244862477
59.0 1.72696861360016
59.0 1.722948735146481
59.0 1.7117668050283759
59.0 1.7116934027870234
59.0 1.7120516264037118
59.0 1.716128534699771
59.0 1.718566679300176
59.0 1.7102902045826869
59.0 1.7107846295755222
59.0 1.7220162014010996
59.0 1.7139286460517638
59.0 1.7080416652035104
59.0 1.704868804754045
59.0 1.6916394842474716
59.0 1.6780669573928215
59.0 1.68131541464504
59.0 1.6716442595215326
59.0 1.6855045973472553
59.0 1.677394186704445
59.0 1.6750898530487282
59.0 1.6734063949446392
59.0 1.6845936001404125
59.0 1.67991902966064
59.0 1.680374721175783
59.0 1.6943349173314177
59.0 1.68719712041563
59.0 1.6909826689438303
59.0 1.690254438536074
59.0 1.6838030622658093
59.0 1.6860765195912837
59.0 1.6886686122197623
59.0 1.687632319319748
59.0 1.6726998372157322
59.0 1.679957435359696
59.0 1.6794316095260644
59.0 1.677668457924443
59.0 1.6754921129697842
59.0 1.667472823471239
59.0 1.6673533500217086
59.0 1.6614771965012411
59.0 1.6482825551988718
59.0 1.6480402198157842
59.0 1.6527038208253264
59.0 1.6657045354790614
59.0 1.6652220600967198
59.0 1.6510603065625655
59.0 1.6415181537718226
59.0 1.6572075489142986
59.0 1.6482146269634321
59.0 1.640149432692815
59.0 1.6524543288645126
59.0 1.6455735532783486
59.0 1.640389723549034
59.0 1.6445673121683915
59.0 1.6519213342832955
59.0 1.6516764290002752
59.0 1.6459032884494524
59.0 1.6504175918959687
59.0 1.6478790947508968
59.0 1.6527659618560553
59.0 1.6541493810514503
59.0 1.650202713200801
59.0 1.651227056490317
59.0 1.6485347752064927
59.0 1.6493666008795633
59.0 1.6540645486165662
59.0 1.6434767353851012
59.0 1.648969971563819
59.0 1.6378066655890389
59.0 1.6489930210424124
59.0 1.6524048258441506
59.0 1.641260446589119
59.0 1.6420571092837808
59.0 1.6429135225777134
59.0 1.6478087687940806
59.0 1.6353234685057514
59.0 1.6473452478804946
59.0 1.65758489343585
59.0 1.6491082355927906
59.0 1.6571363984172953
59.0 1.6493724256699958
59.0 1.6473430238851476
59.0 1.6466864633913552
59.0 1.6515910771484297
59.0 1.6358663551382326
59.0 1.6388328773462562
59.0 1.6479379653119666
