197.00000000000003 0.89600034447169
197.00000000000003 0.9297748146641786
197.00000000000003 0.9368022056415151
197.00000000000003 0.9426146016337938
197.00000000000003 0.9378601217688685
197.00000000000003 0.9275829495997362
197.00000000000003 0.9433505252996823
197.00000000000003 0.9445823868984657
197.00000000000003 0.9473156256553327
197.00000000000003 0.9463506748906451
197.00000000000003 0.9541235209639042
197.00000000000003 0.9489558997442415
197.00000000000003 0.9482612916258311
197.00000000000003 0.9453456163953138
197.00000000000003 0.9489589760287772
197.00000000000003 0.9414503200327254
197.00000000000003 0.9444936536388636
197.00000000000003 0.9375036521820745
197.00000000000003 0.941303376862914
197.00000000000003 0.9454050089201478
197.00000000000003 0.9483176078661272
197.00000000000003 0.9452121609782658
197.00000000000003 0.9431279810953882
197.00000000000003 0.9426023216978657
197.00000000000003 0.9451415046960159
197.00000000000003 0.9506142760127178
197.00000000000003 0.9508279468910529
197.00000000000003 0.9540463817871506
197.00000000000003 0.9538994386173402
197.00000000000003 0.9544976227648109
197.00000000000003 0.9482805764200203
197.00000000000003 0.9519903600244211
197.00000000000003 0.9513698147982274
197.00000000000003 0.9503574211192051
197.00000000000003 0.9521876307547789
197.00000000000003 0.9533101277958296
197.00000000000003 0.9566145751946403
197.00000000000003 0.9499775222768696
197.00000000000003 0.955805440925726
197.00000000000003 0.9572929748033979
197.00000000000003 0.9378982465940064
197.00000000000003 0.9584330268580459
197.00000000000003 0.9508117383814015
197.00000000000003 0.9502016046234321
197.00000000000003 0.9556407511039929
197.00000000000003 0.9529522345045746
197.00000000000003 0.9579640392284641
197.00000000000003 0.9589378633191085
197.00000000000003 0.9581094442560044
197.00000000000003 0.9556527007144855
197.00000000000003 0.9550618517507071
197.00000000000003 0.9586320273689937
197.00000000000003 0.9567437717125302
197.00000000000003 0.9538118879723565
197.00000000000003 0.9671484626172673
197.00000000000003 0.9563399736492048
197.00000000000003 0.9505861178925633
197.00000000000003 0.9646886427912127
197.00000000000003 0.9502497056418359
197.00000000000003 0.9527994942933351
197.00000000000003 0.9616113540234986
197.00000000000003 0.9556125929838419
197.00000000000003 0.961336752478066
197.00000000000003 0.9508117383813998
197.00000000000003 0.9518464931391436
197.00000000000003 0.9594484968216013
197.00000000000003 0.9567838794431721
197.00000000000003 0.9514041254874434
197.00000000000003 0.9542068127097225
197.00000000000003 0.9615534996409363
197.00000000000003 0.9480996780886318
197.00000000000003 0.9602946625366285
197.00000000000003 0.9561737456852077
197.00000000000003 0.9586914198938253
197.00000000000003 0.9575344734764488
197.00000000000003 0.9666185443205896
197.00000000000003 0.9572632785409823
197.00000000000003 0.9600570924373032
197.00000000000003 0.9568683538036198
197.00000000000003 0.9526714778432773
197.00000000000003 0.9585325271135205
197.00000000000003 0.9669020191919827
197.00000000000003 0.962251184043883
197.00000000000003 0.9576285070159328
197.00000000000003 0.95868988175156
197.00000000000003 0.9667847722845889
197.00000000000003 0.9575672182743954
197.00000000000003 0.9636272680555884
197.00000000000003 0.9626148743765659
197.00000000000003 0.9636079832614004
197.00000000000003 0.9649751939471437
197.00000000000003 0.9683410662278047
197.00000000000003 0.9625100218429027
197.00000000000003 0.9629102988584525
197.00000000000003 0.9645432377636702
197.00000000000003 0.9627262964935257
197.00000000000003 0.9676061864894319
197.00000000000003 0.9707587459661977
197.00000000000003 0.971496538099787
197.00000000000003 0.9721259566519416
197.00000000000003 0.9696082824433226
197.00000000000003 0.9656744164923579
197.00000000000003 0.9646516113451066
197.00000000000003 0.966382512363531
197.00000000000003 0.9657530938113766
197.00000000000003 0.9652810298972614
197.00000000000003 0.9662251577254932
197.00000000000003 0.9647302886641261
197.00000000000003 0.9640221927929519
197.00000000000003 0.9652810298972611
197.00000000000003 0.9656744164923573
197.00000000000003 0.9679560587439178
197.00000000000003 0.9677200267868601
197.00000000000003 0.967956058743919
197.00000000000003 0.9601743393446992
197.00000000000003 0.963108721460141
197.00000000000003 0.9635439763097674
197.00000000000003 0.9662027966467698
197.00000000000003 0.9692430539683756
197.00000000000003 0.9692727502307902
197.00000000000003 0.9679456472756895
197.00000000000003 0.9673355135177224
197.00000000000003 0.9646084273299261
197.00000000000003 0.9608126312228114
197.00000000000003 0.9611184671729279
197.00000000000003 0.9654457197189905
197.00000000000003 0.968425046373497
197.00000000000003 0.9672899390710861
197.00000000000003 0.9602676870311021
197.00000000000003 0.9569335433698755
197.00000000000003 0.9585190393607571
197.00000000000003 0.9629056844316497
197.00000000000003 0.9640368631603363
197.00000000000003 0.9627988489924819
197.00000000000003 0.9650507949816257
197.00000000000003 0.9671365130067714
197.00000000000003 0.9632516281124099
197.00000000000003 0.9717448499927713
197.00000000000003 0.9633122591973728
197.00000000000003 0.9649137413162878
197.00000000000003 0.9648784144485598
197.00000000000003 0.9649794528463008
197.00000000000003 0.9648429211447159
197.00000000000003 0.962432082375268
197.00000000000003 0.9630021084025913
197.00000000000003 0.9625211711625146
197.00000000000003 0.9598357308476301
197.00000000000003 0.9623638165244761
197.00000000000003 0.9626310828862161
197.00000000000003 0.9619719680716454
197.00000000000003 0.9639003314587521
197.00000000000003 0.9630348809495408
197.00000000000003 0.9633704131620718
197.00000000000003 0.9647569086420043
197.00000000000003 0.9648652822234379
197.00000000000003 0.9667624112058625
197.00000000000003 0.9689757876066297
197.00000000000003 0.9655139855697806
197.00000000000003 0.9646589465287958
197.00000000000003 0.9643932183093206
197.00000000000003 0.9643932183093221
197.00000000000003 0.9592880658990267
197.00000000000003 0.9634089827504466
197.00000000000003 0.9600748390892205
197.00000000000003 0.9585205775030217
197.00000000000003 0.9539765777940901
197.00000000000003 0.9568876385978037
197.00000000000003 0.9550765221180935
197.00000000000003 0.9645594462733209
197.00000000000003 0.9570434550935765
197.00000000000003 0.9547390936888552
197.00000000000003 0.9545895961982681
197.00000000000003 0.94934774819707
197.00000000000003 0.9537093114323517
197.00000000000003 0.9557637950528125
197.00000000000003 0.9593829517277025
197.00000000000003 0.9527860065405731
197.00000000000003 0.9469207009179673
197.00000000000003 0.9502444331109673
197.00000000000003 0.9528168854176133
197.00000000000003 0.9306923250613229
197.00000000000003 0.9341019683072184
197.00000000000003 0.9339240962836827
197.00000000000003 0.9441222448458441
197.00000000000003 0.9414980932724955
197.00000000000003 0.9387602652910408
197.00000000000003 0.9382480936462807
197.00000000000003 0.9372341618249905
197.00000000000003 0.948652784551016
197.00000000000003 0.9409840531600365
197.00000000000003 0.9446178802023099
197.00000000000003 0.9327688394350776
197.00000000000003 0.9349598547571223
197.00000000000003 0.9474325170350856
197.00000000000003 0.9461960410094976
197.00000000000003 0.9403843308702975
197.00000000000003 0.9384189360370837
197.00000000000003 0.9410627304790554
197.00000000000003 0.9399404250763298
197.00000000000003 0.9393094683819069
197.00000000000003 0.9415482821459337
197.00000000000003 0.9449981345722852
197.00000000000003 0.9418005226126454
197.00000000000003 0.9375060426135293
197.00000000000003 0.9456765341810445
197.00000000000003 0.939576734743648
197.00000000000003 0.9268772007327678
197.00000000000003 0.9183115663131991
197.00000000000003 0.9293032915562968
197.00000000000003 0.9267007383213122
197.00000000000003 0.9176431538615359
197.00000000000003 0.9206552530629913
197.00000000000003 0.9195005306409642
197.00000000000003 0.9294404928152739
197.00000000000003 0.9287979420380015
197.00000000000003 0.9237803402726895
197.00000000000003 0.9224459021338963
197.00000000000003 0.916749900759821
197.00000000000003 0.9249782467098983
197.00000000000003 0.917131337744423
197.00000000000003 0.9247437528951099
197.00000000000003 0.9266898629341374
197.00000000000003 0.9252574626821352
197.00000000000003 0.9146641827346774
197.00000000000003 0.916208032852649
197.00000000000003 0.925039177376999
197.00000000000003 0.9272822500401826
197.00000000000003 0.9318648193374909
197.00000000000003 0.9187673529341758
197.00000000000003 0.9255632986322526
197.00000000000003 0.923697404054513
197.00000000000003 0.9260056662839524
197.00000000000003 0.9201033292152389
197.00000000000003 0.9264850653817632
197.00000000000003 0.9213621663195459
197.00000000000003 0.9199741326973483
197.00000000000003 0.9286286377894707
197.00000000000003 0.9237240240323922
197.00000000000003 0.9262297486305157
197.00000000000003 0.9239569797049166
197.00000000000003 0.9196104423646669
197.00000000000003 0.9267330469493177
197.00000000000003 0.916472222929854
197.00000000000003 0.9192837834780894
197.00000000000003 0.9260218747936066
197.00000000000003 0.9215862486661115
197.00000000000003 0.9238590175917097
197.00000000000003 0.9274885857348248
197.00000000000003 0.9193609226548448
197.00000000000003 0.9224918069059626
197.00000000000003 0.9266111856151173
197.00000000000003 0.9207535707038479
197.00000000000003 0.9237363039683185
197.00000000000003 0.9239250569003621
