212.0 0.8561056821207869
212.0 0.8989750226232549
212.0 0.9000033247823003
212.0 0.9033941402114681
212.0 0.9044940845354696
212.0 0.8753702913219925
212.0 0.9010571978981197
212.0 0.9051562756345766
212.0 0.9088535876647252
212.0 0.9008675926768895
212.0 0.8919026372078461
212.0 0.8979638670568689
212.0 0.9101947003363451
212.0 0.9094321566925786
212.0 0.9098340862882018
212.0 0.900456459429875
212.0 0.9093053506061433
212.0 0.9129217865241412
212.0 0.9038662041255835
212.0 0.9125613086163088
212.0 0.9060456253647783
212.0 0.8995254638267596
212.0 0.9081891977724871
212.0 0.9004846175500218
212.0 0.9191789405995782
212.0 0.9122345135894225
212.0 0.9127139126872289
212.0 0.9142014465649039
212.0 0.9042507173947202
212.0 0.895216313460262
212.0 0.9042892869830946
212.0 0.9062697077113386
212.0 0.9134651925735838
212.0 0.9122329754471563
212.0 0.9138066579678535
212.0 0.9191372947266653
212.0 0.9153341634358558
212.0 0.9178576346859006
212.0 0.9138331418054205
212.0 0.9175475398366287
212.0 0.920584365346053
212.0 0.9178043947301406
212.0 0.9236219019107663
212.0 0.9137070215720675
212.0 0.9135126354879181
212.0 0.9137486674449792
212.0 0.9136476290472386
212.0 0.9136044424852612
212.0 0.9093249909279757
212.0 0.9137502055872437
212.0 0.911695721966782
212.0 0.9133005027518512
212.0 0.9163986144560201
212.0 0.9228470783310696
212.0 0.9224671794887352
212.0 0.9069662094996603
212.0 0.9195931501311277
212.0 0.9201944105631344
212.0 0.9086288446672953
212.0 0.9205195313074418
212.0 0.9161148118059871
212.0 0.9181889079992746
212.0 0.9258800004689803
212.0 0.9153862207769953
212.0 0.9138126743966061
212.0 0.9227497743219293
212.0 0.9244742201948605
212.0 0.9211593613278187
212.0 0.924198080507158
212.0 0.9259482663197702
212.0 0.9232539526789258
212.0 0.9240495991950789
212.0 0.9234201806429259
212.0 0.9233102689192233
212.0 0.9287663097625143
212.0 0.9207748480586858
212.0 0.9142133961753994
212.0 0.9246790177472359
212.0 0.9132411102270217
212.0 0.9193518153473961
212.0 0.9115206206768223
212.0 0.924463808726634
212.0 0.9147953718132168
212.0 0.9169790519515706
212.0 0.915681645258884
212.0 0.9148933339264264
212.0 0.912028699858539
212.0 0.9154706951374432
212.0 0.9178325528502883
212.0 0.9198989860812463
212.0 0.9185985031040274
212.0 0.9114279618377851
212.0 0.919044935469766
212.0 0.9303719428367756
212.0 0.9365087737202823
212.0 0.9304791363503806
212.0 0.9261931716027924
212.0 0.921931108622986
212.0 0.9222593056518256
212.0 0.921934184907521
212.0 0.9241267383718335
212.0 0.925336594419539
212.0 0.9259467281775049
212.0 0.928602472229974
212.0 0.9291235172006936
212.0 0.9299488599792627
212.0 0.9307757409000997
212.0 0.9314051594522547
212.0 0.9318282423097662
212.0 0.9321637745222995
212.0 0.9353509750137153
212.0 0.9377498641726705
212.0 0.9386554224125258
212.0 0.9396886390280037
212.0 0.9330855412718052
212.0 0.9309101604973494
212.0 0.9291021723004799
212.0 0.92270747034495
212.0 0.9202164161142142
212.0 0.9188804398331517
212.0 0.9162960379160084
212.0 0.9143217697568302
212.0 0.9126961660353069
212.0 0.9155509105987246
212.0 0.9160245126551094
212.0 0.9192190483302184
212.0 0.9204690121085662
212.0 0.9117639878175713
212.0 0.9131416099715431
212.0 0.9056834731743626
212.0 0.9089227310069148
212.0 0.9099262513599775
212.0 0.9129560972133551
212.0 0.9144316814805331
212.0 0.9171364065896047
212.0 0.9184530980764778
212.0 0.9196926503865982
212.0 0.9175065798167866
212.0 0.9194440389114766
212.0 0.91354452799667
212.0 0.9128238244109301
212.0 0.9176929448641672
212.0 0.9167399437099748
212.0 0.9165054498951847
212.0 0.9177048944746615
212.0 0.9202626764139227
212.0 0.9210687343983042
212.0 0.9203903347895457
212.0 0.9184619714024389
212.0 0.9184916676648531
212.0 0.9197505047691631
212.0 0.9227699391543119
212.0 0.9232508763943887
212.0 0.9231336294869926
212.0 0.9232211801319727
212.0 0.9233488385075965
212.0 0.9219430582334756
212.0 0.9240361114423148
212.0 0.9235937437906151
212.0 0.9218524313039619
212.0 0.9215481334961116
212.0 0.9203070430437241
212.0 0.9192931112224345
212.0 0.9181144895794123
212.0 0.9149955549387883
212.0 0.9137174330402905
212.0 0.9116213035469192
212.0 0.9138836610042919
212.0 0.9092401610398855
212.0 0.9061132053624913
212.0 0.9052934719342225
212.0 0.9017020008672368
212.0 0.9087684274512028
212.0 0.9090307490607086
212.0 0.9142164472577236
212.0 0.9083492731674151
212.0 0.9139739324061648
212.0 0.9213992966563924
212.0 0.920968878615189
212.0 0.9108742825597284
212.0 0.9090544873866678
212.0 0.8962830504098482
212.0 0.898812311832425
212.0 0.9076556560253067
212.0 0.9042831344140267
212.0 0.916844885479235
212.0 0.9146122242842794
212.0 0.9231598939372364
212.0 0.9202449045597985
212.0 0.9125811179210512
212.0 0.9080574191848173
212.0 0.9158007354317728
212.0 0.9045524331327895
212.0 0.913568074236816
212.0 0.8978389294381383
212.0 0.9172143728533426
212.0 0.9018692193600449
212.0 0.9009058067376248
212.0 0.9122191321667529
212.0 0.8997167736263735
212.0 0.9115762258618341
212.0 0.9053101984604368
212.0 0.9135612610168822
212.0 0.9117216308893776
212.0 0.906493790057907
212.0 0.9115777640041002
212.0 0.8921827456537692
212.0 0.8946511567542319
212.0 0.8854835324717294
212.0 0.8979004904603005
212.0 0.8891620632672896
212.0 0.8913735459981491
212.0 0.8951785709588681
212.0 0.8904860899378575
212.0 0.8908112106821636
212.0 0.8899206783373368
212.0 0.8779987572925108
212.0 0.8821343445113162
212.0 0.881819635235237
212.0 0.8856497420315758
212.0 0.8876240101907484
212.0 0.8803768235150103
212.0 0.8876729912473525
212.0 0.8888917206210142
212.0 0.8935664549901072
212.0 0.8890671774386214
212.0 0.8910429837400659
212.0 0.8867855351870626
212.0 0.8840569108569981
212.0 0.8873258649519696
212.0 0.8900869063013392
212.0 0.8804674504445276
212.0 0.888777549998159
212.0 0.8838135437162512
212.0 0.8794728034174251
212.0 0.8948029310156964
212.0 0.8938144365576621
212.0 0.8845247158719566
212.0 0.8861649899608699
212.0 0.8862332558116617
212.0 0.9017681809623024
212.0 0.8829866627954118
212.0 0.8866621357105947
212.0 0.8993129755630522
212.0 0.8865063192148263
212.0 0.887511377710154
212.0 0.8916234212356171
212.0 0.8946085449315466
212.0 0.8796479047073832
212.0 0.8927380359270016
212.0 0.8891605251250273
212.0 0.8897868673926473
212.0 0.8900734185485728
212.0 0.8898909820749199
