237.00000000000003 0.6045794400064775
237.00000000000003 0.6520872004009242
237.00000000000003 0.6527515877463668
237.00000000000003 0.6594566039385011
237.00000000000003 0.6599333130227157
237.00000000000003 0.6427341586166643
237.00000000000003 0.6620660876912555
237.00000000000003 0.6604898205539808
237.00000000000003 0.6656012642204533
237.00000000000003 0.6649297055806358
237.00000000000003 0.6614663654015217
237.00000000000003 0.6575475253455813
237.00000000000003 0.6676405832587774
237.00000000000003 0.6553540918430726
237.00000000000003 0.6684643878950776
237.00000000000003 0.659500970568304
237.00000000000003 0.6641757049373904
237.00000000000003 0.6623749999259095
237.00000000000003 0.6521836243718647
237.00000000000003 0.6613433214526976
237.00000000000003 0.6722528488185008
237.00000000000003 0.6657878209061552
237.00000000000003 0.6662941955094893
237.00000000000003 0.6678646656053394
237.00000000000003 0.6722543869607676
237.00000000000003 0.6731302489382089
237.00000000000003 0.661816923509082
237.00000000000003 0.6653114980928807
237.00000000000003 0.670171745220158
237.00000000000003 0.6637171287760399
237.00000000000003 0.6690301550232421
237.00000000000003 0.6712821010123886
237.00000000000003 0.6672502729482136
237.00000000000003 0.672355425358512
237.00000000000003 0.6688360992645278
237.00000000000003 0.674978396864029
237.00000000000003 0.6718536651819779
237.00000000000003 0.6719308043587316
237.00000000000003 0.6715374177636348
237.00000000000003 0.6707313597792527
237.00000000000003 0.6740670415827476
237.00000000000003 0.6726508498404004
237.00000000000003 0.6712153733038658
237.00000000000003 0.676828082932117
237.00000000000003 0.6705250240846107
237.00000000000003 0.6641891926901549
237.00000000000003 0.6732732635342947
237.00000000000003 0.6729600924004844
237.00000000000003 0.6721105200754924
237.00000000000003 0.6728379007408544
237.00000000000003 0.6757786578069844
237.00000000000003 0.6723168557701344
237.00000000000003 0.6697991815615153
237.00000000000003 0.6635539770965717
237.00000000000003 0.6684616671381876
237.00000000000003 0.6642605348254804
237.00000000000003 0.6668672978213457
237.00000000000003 0.6672028300338797
237.00000000000003 0.6633179451395176
237.00000000000003 0.6641344145921269
237.00000000000003 0.6721298048696791
237.00000000000003 0.6711069997224292
237.00000000000003 0.6738117248315012
237.00000000000003 0.6741264341075774
237.00000000000003 0.6668094434387823
237.00000000000003 0.6708694296231036
237.00000000000003 0.6719234691750364
237.00000000000003 0.6742051114265986
237.00000000000003 0.6714217089985066
237.00000000000003 0.6757979426011714
237.00000000000003 0.6690509779596988
237.00000000000003 0.675857335126004
237.00000000000003 0.6708011637723124
237.00000000000003 0.670113890837593
237.00000000000003 0.6752988446892301
237.00000000000003 0.6820728433285292
237.00000000000003 0.6749413654179197
237.00000000000003 0.6727889196842499
237.00000000000003 0.6734970155554239
237.00000000000003 0.6705873290046592
237.00000000000003 0.6720511275506608
237.00000000000003 0.6787683959297174
237.00000000000003 0.6775095588254081
237.00000000000003 0.6762507217210999
237.00000000000003 0.6779029454205061
237.00000000000003 0.6791617825248158
237.00000000000003 0.6736543701934644
237.00000000000003 0.6803909233667106
237.00000000000003 0.6791617825248184
237.00000000000003 0.6772735268683545
237.00000000000003 0.6808926835432418
237.00000000000003 0.6842616970947312
237.00000000000003 0.6813004968690922
237.00000000000003 0.6868424635262949
237.00000000000003 0.6882096742120394
237.00000000000003 0.6895452924186589
237.00000000000003 0.6874792172621398
237.00000000000003 0.6877376102979212
237.00000000000003 0.687501578340864
237.00000000000003 0.6859280319604779
237.00000000000003 0.6845118402181305
237.00000000000003 0.683646389708918
237.00000000000003 0.6829382938377442
237.00000000000003 0.68223019796657
237.00000000000003 0.6828596165187248
237.00000000000003 0.6817581340524549
237.00000000000003 0.682859616518725
237.00000000000003 0.6835677123898996
237.00000000000003 0.6849052268132273
237.00000000000003 0.6852199360893045
237.00000000000003 0.6866361278316517
237.00000000000003 0.6870295144267483
237.00000000000003 0.6857706773224385
237.00000000000003 0.6831743257948
237.00000000000003 0.6802617268488178
237.00000000000003 0.6862302696623024
237.00000000000003 0.6867182117606385
237.00000000000003 0.6867294755180561
237.00000000000003 0.6885124338776178
237.00000000000003 0.6905981519027632
237.00000000000003 0.6913656402987693
237.00000000000003 0.6929688829415714
237.00000000000003 0.6906012004382914
237.00000000000003 0.6894685113163438
237.00000000000003 0.68883909276419
237.00000000000003 0.6897832205924234
237.00000000000003 0.6888390927641919
237.00000000000003 0.6887588773029054
237.00000000000003 0.6869890486216658
237.00000000000003 0.6878587580300367
237.00000000000003 0.6937244217270816
237.00000000000003 0.6955147152703371
237.00000000000003 0.694561714116144
237.00000000000003 0.6938239219825539
237.00000000000003 0.6952593985190907
237.00000000000003 0.6929881677357587
237.00000000000003 0.6896050430179284
237.00000000000003 0.6861417028388117
237.00000000000003 0.6807303841529684
237.00000000000003 0.6788841046948468
237.00000000000003 0.6806952211745595
237.00000000000003 0.682426122192985
237.00000000000003 0.6787282881990777
237.00000000000003 0.6775481284137886
237.00000000000003 0.6776757867894112
237.00000000000003 0.6770166719748408
237.00000000000003 0.6787282881990794
237.00000000000003 0.6777841603708465
237.00000000000003 0.6759256009767993
237.00000000000003 0.677439754832354
237.00000000000003 0.6754238408002678
237.00000000000003 0.6749814731485665
237.00000000000003 0.6750497389993585
237.00000000000003 0.6750690237935456
237.00000000000003 0.6748730995671308
237.00000000000003 0.6756286383526418
237.00000000000003 0.6746459409360336
237.00000000000003 0.6749398272756556
237.00000000000003 0.6731510718746666
237.00000000000003 0.6724711341236406
237.00000000000003 0.6735429203274955
237.00000000000003 0.6723226528115618
237.00000000000003 0.6729921790943593
237.00000000000003 0.6762075377059237
237.00000000000003 0.6802304924441356
237.00000000000003 0.6783719330500865
237.00000000000003 0.6791290099778636
237.00000000000003 0.6779384387243472
237.00000000000003 0.6765889746905241
237.00000000000003 0.6712165559184888
237.00000000000003 0.6717019159470404
237.00000000000003 0.6695933123326208
237.00000000000003 0.6686749824888801
237.00000000000003 0.6709982706133493
237.00000000000003 0.6700348579909308
237.00000000000003 0.6666131636847246
237.00000000000003 0.6741187433962442
237.00000000000003 0.6726045895406898
237.00000000000003 0.6724264119661958
237.00000000000003 0.6767656141227519
237.00000000000003 0.6685338380454275
237.00000000000003 0.6567179621674201
237.00000000000003 0.6581836293109693
237.00000000000003 0.6552655275663802
237.00000000000003 0.6674489179315218
237.00000000000003 0.6711378785994694
237.00000000000003 0.6658649600829075
237.00000000000003 0.6655236308289534
237.00000000000003 0.6708617389117664
237.00000000000003 0.668688470241643
237.00000000000003 0.6656096433316648
237.00000000000003 0.6652131804520333
237.00000000000003 0.6658425990041869
237.00000000000003 0.666935208144497
237.00000000000003 0.6604211991755456
237.00000000000003 0.6638918745383564
237.00000000000003 0.6555655664750717
237.00000000000003 0.6661349472015407
237.00000000000003 0.6635000260855282
237.00000000000003 0.6497700648455221
237.00000000000003 0.6574789039671503
237.00000000000003 0.662839373128689
237.00000000000003 0.6579347593716102
237.00000000000003 0.6529572653369374
237.00000000000003 0.6617884098612912
237.00000000000003 0.6548054132627595
237.00000000000003 0.6515570727106123
237.00000000000003 0.6513826230307314
237.00000000000003 0.6453804856769103
237.00000000000003 0.6530657750586834
237.00000000000003 0.6477213782664863
237.00000000000003 0.6386067588707457
237.00000000000003 0.6495560384395442
237.00000000000003 0.647681270535842
237.00000000000003 0.6369070922570019
237.00000000000003 0.6489551335351829
237.00000000000003 0.6404016668408028
237.00000000000003 0.639400867244628
237.00000000000003 0.6401016279321088
237.00000000000003 0.6487900881858033
237.00000000000003 0.6477896441172791
237.00000000000003 0.6456923320092854
237.00000000000003 0.6476843468203789
237.00000000000003 0.6517786436939189
237.00000000000003 0.641967878037495
237.00000000000003 0.6465978902491407
237.00000000000003 0.6442834754506281
237.00000000000003 0.6519684153512609
237.00000000000003 0.649590349128762
237.00000000000003 0.6539607856900034
237.00000000000003 0.6483318675520979
237.00000000000003 0.6459372372923038
237.00000000000003 0.6513316616154138
237.00000000000003 0.6425228781697889
237.00000000000003 0.6391575001038778
237.00000000000003 0.6504110774805284
237.00000000000003 0.6476503916588076
237.00000000000003 0.65198225863167
237.00000000000003 0.6475269921823383
237.00000000000003 0.6384867912064585
237.00000000000003 0.6529113605648722
237.00000000000003 0.6537529118530937
237.00000000000003 0.6462341999164561
237.00000000000003 0.6538601028199054
237.00000000000003 0.6529263864599026
237.00000000000003 0.6503493197264546
237.00000000000003 0.6563361311556118
237.00000000000003 0.6509208838960423
237.00000000000003 0.64965009718124
237.00000000000003 0.650393686356252
237.00000000000003 0.6545844072007295
237.00000000000003 0.6516008216470695
237.00000000000003 0.6460471490160034
237.00000000000003 0.6444288804781708
