203.0 0.9008863954177474
203.0 0.9292939477971949
203.0 0.9393339599397468
203.0 0.935382347336861
203.0 0.9385903707647324
203.0 0.9220278344017087
203.0 0.9443619731732896
203.0 0.9287422181345569
203.0 0.9421021700366947
203.0 0.9447939293567633
203.0 0.9429785539778937
203.0 0.9334393135823681
203.0 0.9379937247595275
203.0 0.9351108220759607
203.0 0.9417791093984145
203.0 0.9395078786150836
203.0 0.9362716970670634
203.0 0.9411095831156173
203.0 0.9330783440065767
203.0 0.9451695692999383
203.0 0.9466763879717988
203.0 0.9406849621158379
203.0 0.9388487638005113
203.0 0.9494451200325061
203.0 0.9495045125573375
203.0 0.9483019916933242
203.0 0.947310420950757
203.0 0.9510171282706238
203.0 0.943836669303412
203.0 0.9425273130002328
203.0 0.9416634006332879
203.0 0.954055847449963
203.0 0.9531132577640004
203.0 0.9570961047715688
203.0 0.953004884182563
203.0 0.9523041234950799
203.0 0.9512442869017224
203.0 0.9476933960776273
203.0 0.9491007144940142
203.0 0.9533982707776597
203.0 0.9408974503795491
203.0 0.9578531816993452
203.0 0.9479502509711386
203.0 0.9454503234144429
203.0 0.9492773539262381
203.0 0.9461599574278855
203.0 0.9449470250956444
203.0 0.9407577062531196
203.0 0.9458942292084103
203.0 0.945432576762522
203.0 0.9410845012800042
203.0 0.9468591799730994
203.0 0.947576149170232
203.0 0.9531117196217307
203.0 0.9501235196412643
203.0 0.9473890982697759
203.0 0.9452366525361058
203.0 0.9470551041995084
203.0 0.9462193499527122
203.0 0.9497895255709985
203.0 0.9539787082732116
203.0 0.9436615680134524
203.0 0.949679613847295
203.0 0.9450480634933849
203.0 0.949847379953562
203.0 0.9558901772975861
203.0 0.9576275612105147
203.0 0.9564770976876404
203.0 0.9583549418758766
203.0 0.9593584622289388
203.0 0.9609127238151376
203.0 0.9619251174941617
203.0 0.9621611494512197
203.0 0.9557690018164677
203.0 0.9557838663689731
203.0 0.9565364902124746
203.0 0.9538807461600041
203.0 0.9529855993883758
203.0 0.9444275182671928
203.0 0.9518509863007145
203.0 0.9499943231233737
203.0 0.9502511780168879
203.0 0.9521587184675385
203.0 0.9515485847095723
203.0 0.9517742051984033
203.0 0.958374226670065
203.0 0.9593376392924853
203.0 0.9553235578802336
203.0 0.953683283791323
203.0 0.9550994755336706
203.0 0.9546555697397023
203.0 0.955539288864593
203.0 0.9513476879819176
203.0 0.9586295434213103
203.0 0.957764092912098
203.0 0.9497473577343282
203.0 0.9502407665486591
203.0 0.9464746667039606
203.0 0.945236652536108
203.0 0.9456300391312055
203.0 0.9468101989164954
203.0 0.9461807803643408
203.0 0.945944748407282
203.0 0.9483050679778621
203.0 0.9490918411680549
203.0 0.9452366525361072
203.0 0.9490918411680536
203.0 0.9461807803643386
203.0 0.9483837452968781
203.0 0.9492491958060905
203.0 0.9501933236343223
203.0 0.9489344865300143
203.0 0.9491705184870732
203.0 0.9497999370392277
203.0 0.952994472714338
203.0 0.9505756064141269
203.0 0.9511650876189499
203.0 0.9564724832608408
203.0 0.9591667969016852
203.0 0.9614588506214716
203.0 0.9612941607997403
203.0 0.9588759868465953
203.0 0.9564427869984217
203.0 0.958017871521076
203.0 0.9617365284514404
203.0 0.9615213194308367
203.0 0.962180434245408
203.0 0.9580451773520364
203.0 0.9535452139474722
203.0 0.9491554925920448
203.0 0.9505064947681339
203.0 0.9548337473141958
203.0 0.954814462520006
203.0 0.9559753375111084
203.0 0.9586696511519528
203.0 0.9629969036980146
203.0 0.966547794522111
203.0 0.9688255081999452
203.0 0.9652659664315087
203.0 0.962184335070126
203.0 0.9641635757305426
203.0 0.9603083870985956
203.0 0.9572577183087635
203.0 0.9582731882723211
203.0 0.9584424925208539
203.0 0.958164814690886
203.0 0.957673465982581
203.0 0.9567783192109525
203.0 0.9537885810882175
203.0 0.9544284111085991
203.0 0.9520279838073784
203.0 0.951744508935983
203.0 0.950120443356726
203.0 0.9513302994044304
203.0 0.9463840397744432
203.0 0.9499245191303108
203.0 0.9502569750583091
203.0 0.9502184054699342
203.0 0.951575204687451
203.0 0.9538880813436941
203.0 0.9539860434569
203.0 0.9495785754495525
203.0 0.952844453259986
203.0 0.9483390231394299
203.0 0.9509561976035228
203.0 0.9558430647086792
203.0 0.9534827451380997
203.0 0.955025057113805
203.0 0.948237984741689
203.0 0.9485719788119535
203.0 0.9427724129158606
203.0 0.942143680216784
203.0 0.9445991877449678
203.0 0.944743410157889
203.0 0.941299354772962
203.0 0.9424320716439144
203.0 0.9465098044801551
203.0 0.9547354296733425
203.0 0.9436315162233933
203.0 0.9404663212830566
203.0 0.934883774382965
203.0 0.9344822588072875
203.0 0.9456989135082421
203.0 0.9380496854721837
203.0 0.9418454815792958
203.0 0.9403668210275798
203.0 0.9405064290137
203.0 0.9458684363175093
203.0 0.9519740327963339
203.0 0.9422878492309952
203.0 0.9371796205361661
203.0 0.9363778214509443
203.0 0.9401990549213166
203.0 0.930601960143226
203.0 0.9281999946997377
203.0 0.9284225389040351
203.0 0.9326607026628493
203.0 0.9310161696747821
203.0 0.9312120939011977
203.0 0.9400481831777803
203.0 0.9312648118931994
203.0 0.9378610964294603
203.0 0.93768753328177
203.0 0.936478859848687
203.0 0.9393679151013217
203.0 0.9269203346589756
203.0 0.9263955827889705
203.0 0.9183395819710113
203.0 0.9141994580655124
203.0 0.9247876401852386
203.0 0.9158727374493196
203.0 0.9224133663961541
203.0 0.9197502871599892
203.0 0.9197992682165939
203.0 0.9280025323310575
203.0 0.9164030112736482
203.0 0.9222725757954107
203.0 0.9225471773408438
203.0 0.9196419135785542
203.0 0.9190541408993111
203.0 0.9194490656366744
203.0 0.9229895449925444
203.0 0.9167265938756818
203.0 0.9193348950138176
203.0 0.9231661844247717
203.0 0.9190379323896583
203.0 0.9261231500005567
203.0 0.9105778133816813
203.0 0.9215672006811292
203.0 0.9177254998019458
203.0 0.9216373602018315
203.0 0.9258828591443382
203.0 0.9138822607804945
203.0 0.9194224456587948
203.0 0.9289601479120514
203.0 0.9205787062230948
203.0 0.9220766515689971
203.0 0.9251585547635159
203.0 0.9225220955052338
203.0 0.9193630531339664
203.0 0.9176514369097285
203.0 0.9259719479315872
203.0 0.9272589431560452
203.0 0.9188909892198514
203.0 0.9186133113898775
203.0 0.9248392310606338
203.0 0.9281259318075251
203.0 0.9202076807067205
203.0 0.9227832092979041
203.0 0.9183282983762173
203.0 0.9203025665353923
203.0 0.920253585478791
203.0 0.9157007124438958
203.0 0.9224388037594096
