131.0 1.1079396880009027
131.0 1.1540016510265876
131.0 1.1558865000730847
131.0 1.1531932026107483
131.0 1.1600891705280574
131.0 1.1557567815914367
131.0 1.1634514723094318
131.0 1.1641981377689838
131.0 1.164601935832307
131.0 1.1659587350498235
131.0 1.1595071948902391
131.0 1.1529530781906476
131.0 1.1638167007843805
131.0 1.1663937675178317
131.0 1.167614035033764
131.0 1.1680058834865936
131.0 1.1594315938557553
131.0 1.1662067166173768
131.0 1.1622238696098073
131.0 1.1653308546399375
131.0 1.1671419711196467
131.0 1.1691578851517337
131.0 1.1665808184182862
131.0 1.173740454449042
131.0 1.166344786461228
131.0 1.167033597538215
131.0 1.1685180551313519
131.0 1.1726092757203554
131.0 1.1709778749574065
131.0 1.1708398051135553
131.0 1.1687556252306783
131.0 1.1640527327414407
131.0 1.1714989199281258
131.0 1.170977874957406
131.0 1.1708205203193678
131.0 1.1691089040951304
131.0 1.1733189097337975
131.0 1.170770001120497
131.0 1.1703781526676686
131.0 1.1702400828238166
131.0 1.1737107581866268
131.0 1.1740551637251195
131.0 1.1702192598873609
131.0 1.1638656818409847
131.0 1.1579440599780808
131.0 1.163334225402036
131.0 1.1673186105518745
131.0 1.164178852974795
131.0 1.1663328368507302
131.0 1.1652625887891441
131.0 1.168222630649464
131.0 1.173780562179687
131.0 1.1695809680092468
131.0 1.1696299490658497
131.0 1.1756985140985659
131.0 1.1764363062321541
131.0 1.1593128088060927
131.0 1.1673290220201016
131.0 1.1624648463191003
131.0 1.1695007525479595
131.0 1.1724800792024663
131.0 1.1712331917086527
131.0 1.1695304488103766
131.0 1.1703172220005693
131.0 1.1694621829595826
131.0 1.1677065304309766
131.0 1.1639636439541927
131.0 1.1642887646984972
131.0 1.16926625873317
131.0 1.1713801348784625
131.0 1.171734951885184
131.0 1.168164776266899
131.0 1.1719220027856372
131.0 1.171360850084274
131.0 1.16463382834106
131.0 1.1700337471291733
131.0 1.1738577013564377
131.0 1.1806062041401761
131.0 1.1773507377979695
131.0 1.1776598724142415
131.0 1.181726971400635
131.0 1.178441808796012
131.0 1.1735237072861704
131.0 1.1671196100409238
131.0 1.1693032901792775
131.0 1.172165369926389
131.0 1.1709273557585356
131.0 1.167621370217457
131.0 1.166846546637758
131.0 1.1711946221202763
131.0 1.174173948774783
131.0 1.1747523261643082
131.0 1.1660802408563775
131.0 1.1711336914531771
131.0 1.17749768096778
131.0 1.1757925476380464
131.0 1.1743980311213438
131.0 1.1761185206715412
131.0 1.1790712273481676
131.0 1.182118819853466
131.0 1.180122190615567
131.0 1.1781463843141242
131.0 1.1773106300673273
131.0 1.1754119629426367
131.0 1.177123579166873
131.0 1.1754713554674685
131.0 1.176396198501511
131.0 1.1751863424538063
131.0 1.1756881026303379
131.0 1.177782693981444
131.0 1.177989029676086
131.0 1.1762581286576608
131.0 1.1748820446459574
131.0 1.1754327858790934
131.0 1.171152976247367
131.0 1.170340077294044
131.0 1.171345824189244
131.0 1.1709466405527211
131.0 1.169953531667886
131.0 1.1711842106520467
131.0 1.1756688178361487
131.0 1.1795047216739065
131.0 1.1749895381891937
131.0 1.1765014957984103
131.0 1.1799856589139837
131.0 1.1811079643167088
131.0 1.178186492044768
131.0 1.1724519210823188
131.0 1.1689820247553808
131.0 1.1740141759562803
131.0 1.1769870474652881
131.0 1.1818650412444867
131.0 1.180842236097235
131.0 1.1824944597966416
131.0 1.1774783961735937
131.0 1.1732298209465508
131.0 1.170348456405251
131.0 1.1697174997108293
131.0 1.1676565396898608
131.0 1.1740867284552357
131.0 1.1746606830562847
131.0 1.1792953096947323
131.0 1.172892750591752
131.0 1.173583099811005
131.0 1.1721460851322016
131.0 1.1760012737641476
131.0 1.1766885466988672
131.0 1.1761570902599188
131.0 1.173324706775223
131.0 1.1707653866936956
131.0 1.1701359681415422
131.0 1.1680012690597916
131.0 1.1648615114827132
131.0 1.162334963948137
131.0 1.1644696630298863
131.0 1.160408138703299
131.0 1.1575622674658408
131.0 1.1570531721056163
131.0 1.1536627122040912
131.0 1.15020091016724
131.0 1.1533850343741194
131.0 1.1557291454350447
131.0 1.155110138351116
131.0 1.161656564339372
131.0 1.1665569191972922
131.0 1.1640481183146347
131.0 1.1630654208980242
131.0 1.1622578247713775
131.0 1.1622385399771882
131.0 1.1591505683556098
131.0 1.153176429179818
131.0 1.1546476184075287
131.0 1.1513348096528122
131.0 1.1598751441220783
131.0 1.1615481907579381
131.0 1.1592264407757336
131.0 1.1563955954333065
131.0 1.1505734738258804
131.0 1.15572606915051
131.0 1.1450332889475767
131.0 1.1437739298795115
131.0 1.134072321072123
131.0 1.12768713989586
131.0 1.1380368045962872
131.0 1.1349282814238921
131.0 1.1353351557717495
131.0 1.125421813575317
131.0 1.1395185414325377
131.0 1.1470893107103082
131.0 1.13304310205196
131.0 1.1415834365212252
131.0 1.146519284682985
131.0 1.1351600544817906
131.0 1.131235061856786
131.0 1.151306651532669
131.0 1.1362704102740167
131.0 1.1342841925043508
131.0 1.1335656851649476
131.0 1.1414511637188032
131.0 1.140706036401515
131.0 1.1441574269701402
131.0 1.133812128590233
131.0 1.1372619810165856
131.0 1.1348630918576328
131.0 1.1347323571974772
131.0 1.1285642919092855
131.0 1.1140308543320279
131.0 1.1159930348895328
131.0 1.1124861926128398
131.0 1.1236738240090407
131.0 1.1274404483642904
131.0 1.134671426530372
131.0 1.1259012126731198
131.0 1.122669645551907
131.0 1.1140448367221998
131.0 1.1348912499777817
131.0 1.1235455075293488
131.0 1.1224054554747
131.0 1.1297729653423685
131.0 1.1276293929346575
131.0 1.133718780903826
131.0 1.132476152309172
131.0 1.128131153111192
131.0 1.1172825564124869
131.0 1.1295056989806218
131.0 1.1238602168054217
131.0 1.1292488440871118
131.0 1.1241660527555382
131.0 1.1210455799726506
131.0 1.120821497626086
131.0 1.1191781472526414
131.0 1.1115048014348587
131.0 1.1165432261366273
131.0 1.1208080098733244
131.0 1.1212712004614813
131.0 1.11990706606027
131.0 1.1244302428327475
131.0 1.1264758531272492
131.0 1.123014051090403
131.0 1.1222184045742485
131.0 1.1269672018355525
131.0 1.124489635357579
131.0 1.1148998757631816
131.0 1.1223815562537092
131.0 1.1204146232782284
131.0 1.1267519928149514
131.0 1.1240754258260304
131.0 1.1218531760992996
131.0 1.1135608231975862
131.0 1.1186050449407832
131.0 1.1267311698784976
131.0 1.1202499334565004
131.0 1.1224648479995336
131.0 1.10954520364307
