4.0 2.298692275173161
4.0 2.3212417868546638
4.0 2.32165445824395
4.0 2.3251756528056293
4.0 2.325511185018163
4.0 2.315269645792892
4.0 2.3239954930203406
4.0 2.3227856369726365
4.0 2.3258748753508445
4.0 2.324105404744044
4.0 2.3206767055795776
4.0 2.319075853368233
4.0 2.321201679124022
4.0 2.320042342275189
4.0 2.323612517893472
4.0 2.320285709415939
4.0 2.3225199087531623
4.0 2.327203516448212
4.0 2.3263766355273767
4.0 2.3219410093998794
4.0 2.3207489000040935
4.0 2.3259832489322796
4.0 2.3269273767605125
4.0 2.3206301149544317
4.0 2.3227158329795756
4.0 2.3230305422556534
4.0 2.3232102579724145
4.0 2.327193104979986
4.0 2.325107386954839
4.0 2.327754257681348
4.0 2.3242419364456266
4.0 2.325972837464052
4.0 2.3241320247219255
4.0 2.3235916949570172
4.0 2.326324578186238
4.0 2.3274202636110815
4.0 2.3262192808893376
4.0 2.3282070368012744
4.0 2.327369744412213
4.0 2.3303610206772123
4.0 2.329986918876303
4.0 2.3267788954484336
4.0 2.3288245057429338
4.0 2.3269555348806583
4.0 2.3290724873104884
4.0 2.3248713549977817
4.0 2.3245848038418506
4.0 2.324359183353023
4.0 2.3318558897385797
4.0 2.3312056482499703
4.0 2.3273697444122114
4.0 2.3301635583085307
4.0 2.3249974752311373
4.0 2.3296529248060396
4.0 2.326486547251077
4.0 2.3289135945301824
4.0 2.32942576617494
4.0 2.3237297648008655
4.0 2.328296125588522
4.0 2.331385363966732
4.0 2.329355962181883
4.0 2.329897830089056
4.0 2.3217925280878005
4.0 2.325441381025105
4.0 2.3249990133734024
4.0 2.325450254351064
4.0 2.3232295427666037
4.0 2.323838138382302
4.0 2.3236422141558877
4.0 2.3253819885002724
4.0 2.329366373650109
4.0 2.3223046997325585
4.0 2.3227084977958823
4.0 2.3268190031790748
4.0 2.3283555181133533
4.0 2.3312577055911063
4.0 2.325846717230695
4.0 2.329701905862642
4.0 2.3332616700126994
4.0 2.3319939595824297
4.0 2.3314119839446112
4.0 2.3317104847110355
4.0 2.3272717822990043
4.0 2.331343718093821
4.0 2.32981915277004
4.0 2.327674042220061
4.0 2.3256774129821616
4.0 2.32723167456836
4.0 2.331315559973672
4.0 2.3307038880734385
4.0 2.3331147268428887
4.0 2.3286671511048946
4.0 2.327075858072589
4.0 2.3295252664304154
4.0 2.3382094677849543
4.0 2.3313317684833246
4.0 2.328511334609125
4.0 2.3257190588550736
4.0 2.3277735424755335
4.0 2.3267700221224716
4.0 2.3276250611634564
4.0 2.3252454567986884
4.0 2.32596396413809
4.0 2.3271128895186983
4.0 2.3266601103987696
4.0 2.3269451234124308
4.0 2.3283524418288177
4.0 2.3241231513959626
4.0 2.326159888364505
4.0 2.327822523532138
4.0 2.3290115566433878
4.0 2.3333226006797965
4.0 2.329327804061733
4.0 2.3268679842356788
4.0 2.3234270051352817
4.0 2.3246506792611834
4.0 2.322619409008635
4.0 2.3248624816718197
4.0 2.3270519588515994
4.0 2.327476579851379
4.0 2.3288734867995387
4.0 2.331411983944612
4.0 2.326366224059148
4.0 2.330053646584827
4.0 2.3308627808537437
4.0 2.328883898267766
4.0 2.329434639500901
4.0 2.3247541080903855
4.0 2.3221859146828963
4.0 2.321932136073919
4.0 2.322196326151125
4.0 2.3237000685384523
4.0 2.321477818811723
4.0 2.325303311181255
4.0 2.3221041610793436
4.0 2.3269481996969668
4.0 2.325334545585937
4.0 2.32213847176856
4.0 2.3248833046082766
4.0 2.3297300639827907
4.0 2.3277334347448924
4.0 2.325974375606321
4.0 2.327025338873719
4.0 2.328729619914263
4.0 2.3307038880734385
4.0 2.3288557401476195
4.0 2.3275849534328152
4.0 2.322322446384481
4.0 2.325923856407448
4.0 2.3228627761493885
4.0 2.3242450127301613
4.0 2.3230721881285654
4.0 2.323082599596793
4.0 2.321362110046597
4.0 2.322000401924711
4.0 2.327647422242181
4.0 2.3285514423397684
4.0 2.325491900223975
4.0 2.329523728288149
4.0 2.3344537794084848
4.0 2.3297909946498914
4.0 2.333390866530592
4.0 2.33004477325887
4.0 2.3272702441567374
4.0 2.321960294194065
4.0 2.3218044776982945
4.0 2.322580839420261
4.0 2.31764925015766
4.0 2.3290724873104893
4.0 2.3225857841724986
4.0 2.3184286881641594
4.0 2.3241528476583806
4.0 2.3247525699481195
4.0 2.3244586836084977
4.0 2.3189377835243827
4.0 2.315851621430709
4.0 2.316776464464754
4.0 2.3137539537950675
4.0 2.315360272722407
4.0 2.3154968044239896
4.0 2.3145438032697974
4.0 2.3078268652161698
4.0 2.307946666444344
4.0 2.3060643994676306
4.0 2.3067204379976687
4.0 2.307559268528998
4.0 2.306408805006128
4.0 2.3095470244409384
4.0 2.3079872961387475
4.0 2.3080105095066594
4.0 2.305996463942272
4.0 2.3043481688165914
4.0 2.3033878324787085
4.0 2.3029871106999193
4.0 2.305337018802271
4.0 2.3037989657257256
4.0 2.3059008922605244
4.0 2.309168472102545
4.0 2.3102134744391996
4.0 2.3079471884081024
4.0 2.3098002810861575
4.0 2.3047238087597686
4.0 2.3022759385442115
4.0 2.30140894989273
4.0 2.3000937965481243
4.0 2.302366565473726
4.0 2.3013703803043555
4.0 2.3083105484153523
4.0 2.311358140920651
4.0 2.3137466186113755
4.0 2.3093198658098397
4.0 2.308800358981388
4.0 2.305249468157291
4.0 2.3042903144340285
4.0 2.3054245694472484
4.0 2.3066537102891407
4.0 2.3052375185467935
4.0 2.3098810185112013
4.0 2.3072268126010003
4.0 2.301530811226926
4.0 2.3010171014398995
4.0 2.2997092832789874
4.0 2.3011640446097106
4.0 2.301003613687137
4.0 2.3054392398146337
4.0 2.3060493735726
4.0 2.304238257092888
4.0 2.305126068680824
4.0 2.3045872770581837
4.0 2.3062676588777378
4.0 2.3041048016758405
4.0 2.3056116203477037
4.0 2.3004743812435353
4.0 2.299790514918783
4.0 2.2949841936003463
4.0 2.296228690662702
4.0 2.2986226350694228
4.0 2.298304519183377
4.0 2.3021571534945466
4.0 2.303604579641578
4.0 2.306399931680165
4.0 2.3070278120900523
4.0 2.3059841840063457
4.0 2.309113530115198
4.0 2.306961084381529
4.0 2.309351100214523
4.0 2.305032720994419
4.0 2.30215135645312
4.0 2.3021675649627733
4.0 2.2995742897196725
4.0 2.299922954157321
4.0 2.3019450207584793
4.0 2.2992283460389102
4.0 2.2989016871523393
