87.0 1.423584152355076
87.0 1.4730249594969282
87.0 1.481142211108679
87.0 1.484215240977236
87.0 1.4796978612461842
87.0 1.4677015217814973
87.0 1.482237896533524
87.0 1.4865859720160413
87.0 1.484774855536332
87.0 1.4781971951433908
87.0 1.4866928074552102
87.0 1.4739127710848616
87.0 1.479542044750413
87.0 1.4789110880559913
87.0 1.4840193167508202
87.0 1.4823373967889992
87.0 1.4846857667490827
87.0 1.4854459199613954
87.0 1.4814333766914112
87.0 1.4861331928961148
87.0 1.4817049019523103
87.0 1.4881980879848051
87.0 1.493402740650575
87.0 1.487126301780948
87.0 1.4889952726432252
87.0 1.4915056116681518
87.0 1.4917563139925942
87.0 1.4922611504536598
87.0 1.491425396206864
87.0 1.4898726727629332
87.0 1.4909498979337739
87.0 1.4884534047360503
87.0 1.4918766371845227
87.0 1.4916598900216536
87.0 1.485505312486227
87.0 1.4810577367482367
87.0 1.489154165423532
87.0 1.49137641515026
87.0 1.4897627610392299
87.0 1.4910111866753122
87.0 1.491514484994111
87.0 1.4894569250891134
87.0 1.4911997757180335
87.0 1.4931859934877036
87.0 1.4914847887316955
87.0 1.4930108921977456
87.0 1.4909533322927468
87.0 1.4909028130938753
87.0 1.4988330138051735
87.0 1.4933344747997828
87.0 1.492638328539103
87.0 1.497082827992562
87.0 1.4926664866592523
87.0 1.4933433481257417
87.0 1.4954973320016791
87.0 1.48849505060896
87.0 1.4846560704866671
87.0 1.4947402550739017
87.0 1.491805980902274
87.0 1.4894006088488174
87.0 1.491021598143539
87.0 1.492135030220304
87.0 1.4857220596490972
87.0 1.4889671145230774
87.0 1.4865963834842708
87.0 1.4894248383952386
87.0 1.492519543489442
87.0 1.4912977378312429
87.0 1.494259317833828
87.0 1.4955848826466611
87.0 1.4957067439808578
87.0 1.4958432756824407
87.0 1.493995127756621
87.0 1.4885440316655651
87.0 1.492843126091479
87.0 1.4933865321409205
87.0 1.4966211755466736
87.0 1.4955864207889256
87.0 1.500486775646845
87.0 1.489280285656886
87.0 1.5072322021460505
87.0 1.5017440746088893
87.0 1.503966324335616
87.0 1.4980431643304464
87.0 1.4997578568392167
87.0 1.4959234911437265
87.0 1.4869047737551637
87.0 1.4892046846224019
87.0 1.4907350469876088
87.0 1.4867225037176257
87.0 1.4927748602406856
87.0 1.486243855329344
87.0 1.4804501295620405
87.0 1.4922195045807487
87.0 1.492892107148083
87.0 1.4967488339222972
87.0 1.4910408829377277
87.0 1.4852692805291683
87.0 1.4885366964818711
87.0 1.4879250245816382
87.0 1.4845669816994205
87.0 1.4859550153216212
87.0 1.4883434930123478
87.0 1.4875270235597393
87.0 1.4907647432500264
87.0 1.488474227672505
87.0 1.4896470522741014
87.0 1.4907886424710155
87.0 1.4898549261110112
87.0 1.4931979430981992
87.0 1.4983609498910582
87.0 1.5014902959999112
87.0 1.5036739761382645
87.0 1.503329570599772
87.0 1.501224567780439
87.0 1.490592088337034
87.0 1.4940441088132246
87.0 1.495068452102745
87.0 1.4905942563868744
87.0 1.4896694133528308
87.0 1.4854875658343107
87.0 1.485429711451745
87.0 1.4866573141513701
87.0 1.4867865106692615
87.0 1.4837774877523398
87.0 1.4844022918776925
87.0 1.4924111699080096
87.0 1.4920860491637042
87.0 1.4834581640494569
87.0 1.4811765217978967
87.0 1.4798895265734395
87.0 1.4849753941895476
87.0 1.4870314159522775
87.0 1.4901873820390121
87.0 1.4873549985543193
87.0 1.4878270624684364
87.0 1.5003976868596018
87.0 1.496738422454069
87.0 1.4892630119647101
87.0 1.490616398078262
87.0 1.4981426645859206
87.0 1.4966655421764756
87.0 1.4972266948778397
87.0 1.4967457576377623
87.0 1.5043894071931314
87.0 1.5019785684236797
87.0 1.5067007457071053
87.0 1.5055873136303395
87.0 1.503896520342559
87.0 1.5061291815375157
87.0 1.5002372559370285
87.0 1.497817543841617
87.0 1.4925654482615123
87.0 1.4966863651129318
87.0 1.4952909963070393
87.0 1.4963211366379832
87.0 1.4999507047810992
87.0 1.497422619104253
87.0 1.497777436110975
87.0 1.4954556861287716
87.0 1.4928014802185714
87.0 1.4932511830539625
87.0 1.495632325560998
87.0 1.4999892743694754
87.0 1.5000367172838114
87.0 1.4967812509416047
87.0 1.497634751840321
87.0 1.493583638981964
87.0 1.4978322142090021
87.0 1.4874382650979283
87.0 1.4814681563931715
87.0 1.4741822362397412
87.0 1.480723387150332
87.0 1.484305512379109
87.0 1.4696225499849167
87.0 1.4721644537399559
87.0 1.4640688773538484
87.0 1.4715601170234125
87.0 1.4698123216422594
87.0 1.4735294404303563
87.0 1.4673914017300154
87.0 1.451515780227271
87.0 1.4420767284870977
87.0 1.4487424614887716
87.0 1.4396984983752716
87.0 1.4391841279373825
87.0 1.4423844606539122
87.0 1.442132220187203
87.0 1.4326033912599072
87.0 1.4450818505792926
87.0 1.4551378770463812
87.0 1.4467444857469254
87.0 1.4622959749348674
87.0 1.4410426873314262
87.0 1.4363158956211997
87.0 1.446897225958162
87.0 1.4439194374459259
87.0 1.4360848084163769
87.0 1.4508722158182814
87.0 1.437518058410772
87.0 1.442325562343834
87.0 1.4371325289631294
87.0 1.4424083598749042
87.0 1.4288649275715983
87.0 1.4250745704314667
87.0 1.4204631294119308
87.0 1.422290968716387
87.0 1.4228491576015614
87.0 1.4218343342519253
87.0 1.4276916369517476
87.0 1.4295861531210954
87.0 1.4384439176233281
87.0 1.429774908599933
87.0 1.4290876356652098
87.0 1.4421926288905431
87.0 1.4377399419642012
87.0 1.4416802908096669
87.0 1.4460521016238594
87.0 1.4481705921959533
87.0 1.4455148481434872
87.0 1.4485817254429694
87.0 1.4480171661316408
87.0 1.4372175504895424
87.0 1.4386827232884942
87.0 1.4376390952047873
87.0 1.4423523991622473
87.0 1.4537768189297027
87.0 1.4567977914571204
87.0 1.4495683514333069
87.0 1.450611979517013
87.0 1.445193655972908
87.0 1.4479948050529208
87.0 1.453236489164797
87.0 1.442508215658022
87.0 1.4344133251249946
87.0 1.4362005423837116
87.0 1.435758174732014
87.0 1.4448149397451961
87.0 1.4372322208569268
87.0 1.4414703846157415
87.0 1.4455469348373582
87.0 1.4391523967711504
87.0 1.4445316287631176
87.0 1.4391983015432164
87.0 1.4362401281505999
87.0 1.4391455583490051
87.0 1.4219822835177356
87.0 1.4209613468381834
87.0 1.4366715623703172
87.0 1.4318632086948642
87.0 1.433161631566058
87.0 1.4312018698849467
87.0 1.4292765827823743
87.0 1.4233546053918298
