185.0 1.1731494753066958
185.0 1.2189340323355433
185.0 1.2227047466070462
185.0 1.2211119154324717
185.0 1.2236681592294645
185.0 1.217804391749127
185.0 1.2253797754537015
185.0 1.22671728987703
185.0 1.229718977610258
185.0 1.2286174951439883
185.0 1.2319234806850676
185.0 1.228500248236592
185.0 1.229169774519392
185.0 1.2271642719555311
185.0 1.2327592349318643
185.0 1.2330353746195641
185.0 1.2313920242461207
185.0 1.2287555649878392
185.0 1.2328467855768444
185.0 1.23484495295701
185.0 1.230360345772908
185.0 1.2310669035018151
185.0 1.231294062132912
185.0 1.2304864660062649
185.0 1.229718977610259
185.0 1.2391617940348445
185.0 1.235149250764859
185.0 1.23191306921684
185.0 1.2362507332311283
185.0 1.2321194049114832
185.0 1.236133486323736
185.0 1.2335668310585115
185.0 1.2391232244464676
185.0 1.2308131248928385
185.0 1.236004289805844
185.0 1.2276644939897992
185.0 1.2339602176536102
185.0 1.2336840779659064
185.0 1.2339008251287775
185.0 1.2341962496106667
185.0 1.226926701856207
185.0 1.2294459142070926
185.0 1.2300946175534364
185.0 1.2273096769830747
185.0 1.2360933785930914
185.0 1.2361824673803379
185.0 1.237046379747283
185.0 1.2392300598856374
185.0 1.2378836721363475
185.0 1.2379430646611786
185.0 1.2378049948173282
185.0 1.2415028288112353
185.0 1.2418576458179562
185.0 1.239682839005564
185.0 1.2375303932718935
185.0 1.2438245787934399
185.0 1.2426845267387918
185.0 1.2332609951083964
185.0 1.2342694602136934
185.0 1.2373032346407964
185.0 1.2315493788841574
185.0 1.2394363955802778
185.0 1.2328082159884668
185.0 1.2328868933074875
185.0 1.2334360963983546
185.0 1.2314691634228698
185.0 1.233131798590505
185.0 1.2317171449904263
185.0 1.2316280562031772
185.0 1.2324044179251439
185.0 1.230860567807173
185.0 1.2297768319928228
185.0 1.2334376345406206
185.0 1.231360789841435
185.0 1.2330759765649582
185.0 1.2420238737819551
185.0 1.2488792120048626
185.0 1.239635396091227
185.0 1.2452808782664282
185.0 1.2389960732735845
185.0 1.2474838431989719
185.0 1.24528087826643
185.0 1.242644419008149
185.0 1.245044846309372
185.0 1.244345623764158
185.0 1.2431164829222643
185.0 1.2425746150150887
185.0 1.239889174700204
185.0 1.242230209476595
185.0 1.2418383610237664
185.0 1.2420254119242207
185.0 1.2331015803643315
185.0 1.227669769067463
185.0 1.2266906698991473
185.0 1.2203756614411467
185.0 1.221158506057615
185.0 1.2160622269732806
185.0 1.222197189389085
185.0 1.2220799424816902
185.0 1.2206637507393436
185.0 1.2249821299594466
185.0 1.2279718680821803
185.0 1.2292307051864904
185.0 1.2263196443827753
185.0 1.2277358361251232
185.0 1.2278145134441427
185.0 1.2289946732294326
185.0 1.2291520278674708
185.0 1.229928389589436
185.0 1.228194412286477
185.0 1.2309184221897367
185.0 1.2301139023476237
185.0 1.2323481016848477
185.0 1.232682095755113
185.0 1.2363382838761097
185.0 1.2309991318657765
185.0 1.2286664762005928
185.0 1.2295512115039915
185.0 1.2334480460088497
185.0 1.2329759820947324
185.0 1.2346370791200991
185.0 1.2340967493551909
185.0 1.2297648823823268
185.0 1.2353555864594994
185.0 1.2333011028390382
185.0 1.2366248350320386
185.0 1.2366055502378486
185.0 1.2348017689418294
185.0 1.225499339539235
185.0 1.2314664149169745
185.0 1.228608621818026
185.0 1.2333485457533742
185.0 1.2370062720166402
185.0 1.2352263899416112
185.0 1.2359626439329345
185.0 1.2314201823662667
185.0 1.2360517327201788
185.0 1.234254103993229
185.0 1.232833297824083
185.0 1.2347689963948811
185.0 1.2386183879854011
185.0 1.2351774088850058
185.0 1.23788213399408
185.0 1.2353243520548185
185.0 1.239181078829032
185.0 1.2388559580847276
185.0 1.2390622937793696
185.0 1.240144491451452
185.0 1.2389450468719745
185.0 1.2351284278284032
185.0 1.237656513505249
185.0 1.2419629431148567
185.0 1.2412756701801375
185.0 1.2402439917069275
185.0 1.2382473624690271
185.0 1.2344604396878731
185.0 1.2362893028195054
185.0 1.2401252066572628
185.0 1.2444925669339686
185.0 1.242948716815998
185.0 1.238798103702163
185.0 1.2383646093764245
185.0 1.2378524377316646
185.0 1.23759712098042
185.0 1.234556863658815
185.0 1.2415205754631575
185.0 1.2434682236444512
185.0 1.2381062163406424
185.0 1.2316265180609116
185.0 1.2246581918297674
185.0 1.221601862138821
185.0 1.2153291879536035
185.0 1.224393646224916
185.0 1.2153399574962702
185.0 1.2129723027419979
185.0 1.2155536283746076
185.0 1.2132711338338547
185.0 1.2112680217014526
185.0 1.2133433282583723
185.0 1.2115248765949678
185.0 1.2006446096392906
185.0 1.1795629379411918
185.0 1.188113522190975
185.0 1.1888330361704615
185.0 1.2022972691909848
185.0 1.1997321520680329
185.0 1.199742563536257
185.0 1.202349326532124
185.0 1.2030011061629997
185.0 1.2049368047338005
185.0 1.2004016783508282
185.0 1.2055558118177327
185.0 1.2021904337518172
185.0 1.1931024343339558
185.0 1.2023269654534006
185.0 1.2049441399174965
185.0 1.2041604430118324
185.0 1.2022721873553732
185.0 1.202794770468355
185.0 1.2054281534421052
185.0 1.1958368557054424
185.0 1.1941059546870172
185.0 1.2011587552786072
185.0 1.2007252609528647
185.0 1.1926303704198349
185.0 1.1792077832722185
185.0 1.1782175590335908
185.0 1.1773686448126732
185.0 1.1678372615646002
185.0 1.1750649995568323
185.0 1.1829980874611297
185.0 1.1710777045585732
185.0 1.1602152897816786
185.0 1.1558533962209638
185.0 1.180237568075519
185.0 1.1622798545449358
185.0 1.1681821916136457
185.0 1.160381187420241
185.0 1.1683839128814877
185.0 1.1567057145050605
185.0 1.1774734504416196
185.0 1.1711272075789372
185.0 1.1539876655325438
185.0 1.1607165279944516
185.0 1.1553031492025798
185.0 1.1499304001051132
185.0 1.155027531478633
185.0 1.1586260291063886
185.0 1.1582669532005065
185.0 1.1646372617202922
185.0 1.1619973958520469
185.0 1.1618593260081937
185.0 1.1704590530022916
185.0 1.1586405607866654
185.0 1.1689947324925294
185.0 1.1670876862566302
185.0 1.165324204329576
185.0 1.1701670351303703
185.0 1.1635878365951633
185.0 1.1645433920701311
185.0 1.165623199310756
185.0 1.1709998769819523
185.0 1.1589395557678377
185.0 1.1706130010303601
185.0 1.1778304914436837
185.0 1.1675534589145717
185.0 1.1652142926058762
185.0 1.1639458963225329
185.0 1.157916753167387
185.0 1.1601243325267323
185.0 1.153139797785931
185.0 1.157752393671086
185.0 1.171968262105612
185.0 1.170345048815546
