205.0 0.8860216397797662
205.0 0.9231391658485394
205.0 0.9214282072808815
205.0 0.9292338259010887
205.0 0.9288122811858441
205.0 0.9140355878285925
205.0 0.9322563365707722
205.0 0.9276587413784372
205.0 0.9351452001850838
205.0 0.9258923470561686
205.0 0.9204636120438379
205.0 0.9252837514404711
205.0 0.9333504838533501
205.0 0.9240368639466562
205.0 0.9347963718581142
205.0 0.9295041685473657
205.0 0.9296407002489483
205.0 0.930647296886546
205.0 0.9225670767209029
205.0 0.9281905255960192
205.0 0.9343258460862652
205.0 0.9312616895436713
205.0 0.9290247694495547
205.0 0.9375797742862062
205.0 0.9407033233536318
205.0 0.938607193860259
205.0 0.9374447807268894
205.0 0.943090262902092
205.0 0.9377371289242437
205.0 0.9311964999774148
205.0 0.9347234915805196
205.0 0.9457757032169768
205.0 0.9403485063469129
205.0 0.9437389662484352
205.0 0.9409022961155735
205.0 0.940070828516942
205.0 0.937142021061308
205.0 0.9362765705520973
205.0 0.9394444862493238
205.0 0.9427489336481346
205.0 0.9315069503543331
205.0 0.9370826285364775
205.0 0.9383237189888645
205.0 0.9336520609043112
205.0 0.9282321992179382
205.0 0.935400708574658
205.0 0.9283359583725704
205.0 0.9303815686670742
205.0 0.9318409444246009
205.0 0.9357242911766935
205.0 0.9306206769086649
205.0 0.9386176053284881
205.0 0.9333462249541935
205.0 0.9449013793818034
205.0 0.9399150120211717
205.0 0.9420007300463169
205.0 0.9432283327459428
205.0 0.9404167721977016
205.0 0.9328043570470178
205.0 0.937161305855497
205.0 0.9449326137864881
205.0 0.9407611777361946
205.0 0.9453333355652753
205.0 0.9408872979695524
205.0 0.9474190535904199
205.0 0.9499367277990379
205.0 0.9478139783277857
205.0 0.9471058824566111
205.0 0.947371610676085
205.0 0.9458856149406777
205.0 0.9416073434512204
205.0 0.9373082490253074
205.0 0.9385670861296158
205.0 0.9333327372014317
205.0 0.9356119890215324
205.0 0.9337292000810629
205.0 0.9366387227425086
205.0 0.9430324085195295
205.0 0.9392454857383773
205.0 0.9453595974687171
205.0 0.9420096033722781
205.0 0.9443996192052722
205.0 0.9393835555822249
205.0 0.94028911382208
205.0 0.9400723666592112
205.0 0.9333045790812851
205.0 0.9356826453037834
205.0 0.9375531543083266
205.0 0.9375709009602466
205.0 0.938526978398973
205.0 0.9350027075527557
205.0 0.9363738468122272
205.0 0.9353402721223086
205.0 0.939490391021392
205.0 0.9441917453683631
205.0 0.941580037620264
205.0 0.9405316286736436
205.0 0.9362765705520979
205.0 0.9358951335674957
205.0 0.9358951335674952
205.0 0.9359826842124749
205.0 0.9351068222350353
205.0 0.9343987263638616
205.0 0.9359128802194169
205.0 0.9362869820203256
205.0 0.933297243897591
205.0 0.9359425764818327
205.0 0.9362275894954939
205.0 0.9372993756993476
205.0 0.9388046562289425
205.0 0.9419814452521298
205.0 0.9424430976980179
205.0 0.9430428199877571
205.0 0.9428854653497168
205.0 0.9411603613727172
205.0 0.9326748674409868
205.0 0.9406531344801967
205.0 0.9430975980857885
205.0 0.9445940052894227
205.0 0.9460518429046788
205.0 0.9494557905589643
205.0 0.9525643137313615
205.0 0.9501014176207724
205.0 0.9566524580358317
205.0 0.9596140380384168
205.0 0.9615022936948786
205.0 0.9632717643016803
205.0 0.9626334724235659
205.0 0.9606129439646774
205.0 0.9561773178371807
205.0 0.9583552009341056
205.0 0.9566435847098682
205.0 0.9544599045715165
205.0 0.9567712430854928
205.0 0.9539492710690244
205.0 0.9540873409128752
205.0 0.953025966177248
205.0 0.948752639440024
205.0 0.9484064521226311
205.0 0.9504582669845116
205.0 0.9510945265056052
205.0 0.9514300587181396
205.0 0.9531906559989793
205.0 0.9532990295804128
205.0 0.949501695331031
205.0 0.9468756475409782
205.0 0.9483304088717003
205.0 0.9473669962492797
205.0 0.9469142171293526
205.0 0.9455188483234608
205.0 0.9467761472855029
205.0 0.9450676073457999
205.0 0.9454104747420251
205.0 0.9440937832551526
205.0 0.9463931721586333
205.0 0.9456376333731236
205.0 0.9441130680493409
205.0 0.9463160329818826
205.0 0.9448315753887434
205.0 0.9467584006335827
205.0 0.9495819107923167
205.0 0.9484299091271752
205.0 0.9466693118463368
205.0 0.9493354673670311
205.0 0.9460591780883684
205.0 0.943344041511068
205.0 0.9467553243490473
205.0 0.9487029725303409
205.0 0.9484669405732837
205.0 0.9429759006409036
205.0 0.9414838945232427
205.0 0.9347462111811742
205.0 0.9332240080923486
205.0 0.9288003315753477
205.0 0.9307256186779196
205.0 0.9286429769373089
205.0 0.9335684136308444
205.0 0.9355071884861789
205.0 0.9376106531632451
205.0 0.9335445144098545
205.0 0.9168156143900116
205.0 0.91374324262553
205.0 0.9276211497628613
205.0 0.9318105371068961
205.0 0.9288786533667258
205.0 0.9231190005686649
205.0 0.9238417668072221
205.0 0.9335711343877371
205.0 0.9333678749776304
205.0 0.9355387532162956
205.0 0.936526395385137
205.0 0.9366347689665735
205.0 0.9302608899474996
205.0 0.9298497567004812
205.0 0.9344985317425575
205.0 0.9273918053421311
205.0 0.9303047346135441
205.0 0.9291192997505869
205.0 0.921970075188058
205.0 0.9260061621513871
205.0 0.9273672202680624
205.0 0.9213954347339317
205.0 0.9242220211772043
205.0 0.9247442487625431
205.0 0.9265005871442292
205.0 0.9186236263886937
205.0 0.9164944759026772
205.0 0.8998498013057182
205.0 0.9061993994017707
205.0 0.9086790220385725
205.0 0.9070816041862011
205.0 0.8987252443328544
205.0 0.905750242331943
205.0 0.8993966642855659
205.0 0.9071220674444944
205.0 0.9104993951208928
205.0 0.9119213839046677
205.0 0.9087476711660125
205.0 0.9125508024568193
205.0 0.9124840747482976
205.0 0.9152852238283087
205.0 0.9158197565517908
205.0 0.9052650461927096
205.0 0.9134459492284491
205.0 0.9073033213035167
205.0 0.9093281086615647
205.0 0.9122657894431621
205.0 0.8947489054220001
205.0 0.9186386522837263
205.0 0.8997310138834771
205.0 0.9128523795077841
205.0 0.91200313750822
205.0 0.9190810199354261
205.0 0.9186031589798833
205.0 0.9167862454587424
205.0 0.911002693439692
205.0 0.9109402246303249
205.0 0.9146604197029555
205.0 0.9014989463480099
205.0 0.8994622093794699
205.0 0.913150524746561
205.0 0.8959676347956667
205.0 0.9061837366576813
205.0 0.9098001725756844
205.0 0.902387940550565
205.0 0.901190034113359
205.0 0.9107944640751406
205.0 0.9055084133334587
205.0 0.8988563345206552
205.0 0.9194655332045576
205.0 0.9086111394644278
205.0 0.9160499914674272
205.0 0.9058990791716651
205.0 0.9069025995247254
