196.00000000000003 0.8754530860003473
196.00000000000003 0.9019522551282335
196.00000000000003 0.9043055975895593
196.00000000000003 0.9051428899786241
196.00000000000003 0.9099056969564526
196.00000000000003 0.8996166870678363
196.00000000000003 0.9063836501055808
196.00000000000003 0.9114055107700526
196.00000000000003 0.9127020651735466
196.00000000000003 0.9145976560137042
196.00000000000003 0.9196316579269984
196.00000000000003 0.9128460959481424
196.00000000000003 0.913076688938215
196.00000000000003 0.9164142392094077
196.00000000000003 0.9180502543991609
196.00000000000003 0.916547364301024
196.00000000000003 0.9155622764529585
196.00000000000003 0.9096054916116468
196.00000000000003 0.9164959928129611
196.00000000000003 0.9140073290136839
196.00000000000003 0.9157808920835282
196.00000000000003 0.9116615133743772
196.00000000000003 0.9137526981155148
196.00000000000003 0.9171056046071716
196.00000000000003 0.9145212026900276
196.00000000000003 0.9154562933029824
196.00000000000003 0.9178230957680621
196.00000000000003 0.9198533498421037
196.00000000000003 0.9165697253797469
196.00000000000003 0.917285156434613
196.00000000000003 0.9162391379194494
196.00000000000003 0.9168981447902057
196.00000000000003 0.9205421609190881
196.00000000000003 0.9219697803081741
196.00000000000003 0.9164212440676682
196.00000000000003 0.9214758772790905
196.00000000000003 0.9175123150657104
196.00000000000003 0.9180156133845097
196.00000000000003 0.9202274516430116
196.00000000000003 0.9205832848282397
196.00000000000003 0.9051287415749961
196.00000000000003 0.9239742666935232
196.00000000000003 0.9213971999600746
196.00000000000003 0.9153687426579993
196.00000000000003 0.922795645050499
196.00000000000003 0.9220034051443164
196.00000000000003 0.9206208382381079
196.00000000000003 0.9237382347364645
196.00000000000003 0.9249970718407714
196.00000000000003 0.9226248026596974
196.00000000000003 0.9256962943859853
196.00000000000003 0.9241701909199362
196.00000000000003 0.9242801026436386
196.00000000000003 0.9255582245421353
196.00000000000003 0.9262470356191228
196.00000000000003 0.922273061937514
196.00000000000003 0.9171871943214027
196.00000000000003 0.9241910138563916
196.00000000000003 0.9249827317988193
196.00000000000003 0.918059980014311
196.00000000000003 0.9315940170279016
196.00000000000003 0.92088656645758
196.00000000000003 0.9245250079266575
196.00000000000003 0.9152989386649432
196.00000000000003 0.9199320271611221
196.00000000000003 0.9223606125824912
196.00000000000003 0.9183584807807342
196.00000000000003 0.9176118153211851
196.00000000000003 0.9221068339735138
196.00000000000003 0.9233714681192472
196.00000000000003 0.921236769037501
196.00000000000003 0.9207886043443736
196.00000000000003 0.926186104952022
196.00000000000003 0.9261548705473402
196.00000000000003 0.9238047920616765
196.00000000000003 0.9292425707832812
196.00000000000003 0.9214461810166765
196.00000000000003 0.9264904027598718
196.00000000000003 0.9249465526419015
196.00000000000003 0.9249531994257253
196.00000000000003 0.9277951446362528
196.00000000000003 0.9312407381634474
196.00000000000003 0.9302387559526506
196.00000000000003 0.9329893858337928
196.00000000000003 0.9351954270508688
196.00000000000003 0.93416221043539
196.00000000000003 0.9321413516510686
196.00000000000003 0.9291476849546098
196.00000000000003 0.9278873097080328
196.00000000000003 0.9268066501782178
196.00000000000003 0.923561595304238
196.00000000000003 0.9259707879876077
196.00000000000003 0.9156461273998256
196.00000000000003 0.9230613732699742
196.00000000000003 0.9262084660307461
196.00000000000003 0.9261000924493107
196.00000000000003 0.9286701543245015
196.00000000000003 0.9317336250140197
196.00000000000003 0.9301407938394445
196.00000000000003 0.9332092092811977
196.00000000000003 0.9335327918832355
196.00000000000003 0.934497742647924
196.00000000000003 0.9364943718858224
196.00000000000003 0.9378422977773777
196.00000000000003 0.9360431309081617
196.00000000000003 0.9320795686947803
196.00000000000003 0.9330132850547836
196.00000000000003 0.9320394609641368
196.00000000000003 0.9329346077357649
196.00000000000003 0.9326985757787077
196.00000000000003 0.9324625438216497
196.00000000000003 0.9329643039981802
196.00000000000003 0.935137572668305
196.00000000000003 0.9341741600458848
196.00000000000003 0.9262543708028141
196.00000000000003 0.9219618737092112
196.00000000000003 0.9280021661839712
196.00000000000003 0.9291550201383021
196.00000000000003 0.9263835673207043
196.00000000000003 0.9279289555809437
196.00000000000003 0.9292383118841238
196.00000000000003 0.9291789193592911
196.00000000000003 0.9250549262233352
196.00000000000003 0.9270812517236493
196.00000000000003 0.929572305954386
196.00000000000003 0.930948389966091
196.00000000000003 0.9320691572265495
196.00000000000003 0.9290778809615493
196.00000000000003 0.923962317083026
196.00000000000003 0.9208210213636799
196.00000000000003 0.9249970718407704
196.00000000000003 0.9258150794356461
196.00000000000003 0.9252331037978294
196.00000000000003 0.9263257129381399
196.00000000000003 0.9262277508249319
196.00000000000003 0.9256577247976085
196.00000000000003 0.9231504620572204
196.00000000000003 0.9265424601010104
196.00000000000003 0.923956850367035
196.00000000000003 0.9226570532428913
196.00000000000003 0.9250341032868802
196.00000000000003 0.9228801194109436
196.00000000000003 0.9222017198021852
196.00000000000003 0.9201962172383252
196.00000000000003 0.9200685588627016
196.00000000000003 0.9214253580802185
196.00000000000003 0.9212872882363669
196.00000000000003 0.9212278957115357
196.00000000000003 0.9207172622090449
196.00000000000003 0.9235585190196998
196.00000000000003 0.9247876598615933
196.00000000000003 0.9263820291784348
196.00000000000003 0.9270500173189663
196.00000000000003 0.9273350303326275
196.00000000000003 0.929854242683514
196.00000000000003 0.9261949782779821
196.00000000000003 0.9274731001764785
196.00000000000003 0.928378658416335
196.00000000000003 0.9270396058507411
196.00000000000003 0.928565709316791
196.00000000000003 0.9253938650458373
196.00000000000003 0.9249762489043187
196.00000000000003 0.928988792174304
196.00000000000003 0.9270723783976919
196.00000000000003 0.9273870876737688
196.00000000000003 0.9291580964228364
196.00000000000003 0.9291388116286473
196.00000000000003 0.9300042621378601
196.00000000000003 0.9247803246779011
196.00000000000003 0.9197379714024067
196.00000000000003 0.916796362047087
196.00000000000003 0.9091694429651308
196.00000000000003 0.9146336712813017
196.00000000000003 0.915068703749309
196.00000000000003 0.9180005874894784
196.00000000000003 0.9089719805964457
196.00000000000003 0.9090090120425557
196.00000000000003 0.9085963406532697
196.00000000000003 0.9078184407890358
196.00000000000003 0.9048688103969469
196.00000000000003 0.9060133996778795
196.00000000000003 0.8974685067273223
196.00000000000003 0.9027806767381381
196.00000000000003 0.9037598011086616
196.00000000000003 0.9015191188769369
196.00000000000003 0.907240035650508
196.00000000000003 0.8997289892229964
196.00000000000003 0.9028631161947674
196.00000000000003 0.9033357020726402
196.00000000000003 0.9097718860117606
196.00000000000003 0.8967068366277516
196.00000000000003 0.9025617307821342
196.00000000000003 0.9036512636379054
196.00000000000003 0.9024830534631123
196.00000000000003 0.9050497087283333
196.00000000000003 0.902523161193755
196.00000000000003 0.8952640249075263
196.00000000000003 0.8939457952783846
196.00000000000003 0.9030573383895945
196.00000000000003 0.8962629308337882
196.00000000000003 0.8988311242412744
196.00000000000003 0.9015373874926131
196.00000000000003 0.9027086739519429
196.00000000000003 0.8941000736318897
196.00000000000003 0.895755373615828
196.00000000000003 0.8953307526160476
196.00000000000003 0.8900431155428657
196.00000000000003 0.8819233691357516
196.00000000000003 0.8701906086079745
196.00000000000003 0.8931053685599764
196.00000000000003 0.8873531089904119
196.00000000000003 0.8853298597746355
196.00000000000003 0.886453703319627
196.00000000000003 0.8968969638127416
196.00000000000003 0.8924925720899259
196.00000000000003 0.8932882186060802
196.00000000000003 0.8875760087223558
196.00000000000003 0.8813234690737214
196.00000000000003 0.8925608379407173
196.00000000000003 0.8993182140504189
196.00000000000003 0.8958490768298751
196.00000000000003 0.8878031673534491
196.00000000000003 0.8856044613200712
196.00000000000003 0.8909471838296896
196.00000000000003 0.8914786402686363
196.00000000000003 0.8867564629852139
196.00000000000003 0.8849646312996896
196.00000000000003 0.8842461239602858
196.00000000000003 0.8905626705605554
196.00000000000003 0.8856623157026322
196.00000000000003 0.8873280271548027
196.00000000000003 0.8830601671335737
196.00000000000003 0.883446218544979
196.00000000000003 0.8794884533730186
196.00000000000003 0.8893528145128502
196.00000000000003 0.88413928852112
196.00000000000003 0.8924301032805612
196.00000000000003 0.8902614490372408
196.00000000000003 0.8813782471717513
196.00000000000003 0.8875744705800903
196.00000000000003 0.8867491278015199
196.00000000000003 0.8824187989709209
196.00000000000003 0.8943792896041238
196.00000000000003 0.8820269505180947
196.00000000000003 0.8871394381120833
196.00000000000003 0.8945559290363522
196.00000000000003 0.882706888269118
196.00000000000003 0.8810650760379388
196.00000000000003 0.8928828824004962
196.00000000000003 0.8882706168407665
196.00000000000003 0.8886655415781307
196.00000000000003 0.8851813784625607
196.00000000000003 0.8806878979524982
196.00000000000003 0.8884411037039225
