43.0 1.6472570233395452
43.0 1.6905905324184805
43.0 1.6883000168409612
43.0 1.6939366256902029
43.0 1.693522416158652
43.0 1.6886845301100986
43.0 1.6940257144774487
43.0 1.6969263638129368
43.0 1.6988354424058558
43.0 1.694891164986662
43.0 1.6910136152759951
43.0 1.6852998672500006
43.0 1.69770426367717
43.0 1.6926866619118544
43.0 1.7004490965168857
43.0 1.6978230487268342
43.0 1.6931706754364657
43.0 1.6991887212703094
43.0 1.6989037082566487
43.0 1.7033200495899568
43.0 1.6978126372586044
43.0 1.699702431057336
43.0 1.6993075063199723
43.0 1.702641649981199
43.0 1.6981852009172453
43.0 1.6998003931705423
43.0 1.7015104712525129
43.0 1.6970169907424526
43.0 1.6964365532469017
43.0 1.702071623953877
43.0 1.6984524672789874
43.0 1.6984886464359048
43.0 1.6891654673501744
43.0 1.6966517622675041
43.0 1.7000671375685266
43.0 1.6973093389398064
43.0 1.700685128473943
43.0 1.7032413722709376
43.0 1.7056329262462007
43.0 1.7037728287098854
43.0 1.703045448044524
43.0 1.70240561802414
43.0 1.7052395396511035
43.0 1.7088290000635755
43.0 1.7103535653873603
43.0 1.6946269749094565
43.0 1.6963756225798
43.0 1.6960921477084068
43.0 1.6863627801278922
43.0 1.6950693425611556
43.0 1.6884292133588499
43.0 1.6997498739716734
43.0 1.7001729568291837
43.0 1.7051400393956277
43.0 1.7050123810200062
43.0 1.7052395396511033
43.0 1.7047184946803857
43.0 1.705022792488234
43.0 1.7004180260015227
43.0 1.7041662153049826
43.0 1.705643337714428
43.0 1.7063603069115623
43.0 1.7105510277560405
43.0 1.7081401889865901
43.0 1.7052854444231735
43.0 1.7086171976529414
43.0 1.7068115478892238
43.0 1.7082767206881735
43.0 1.7100477294372418
43.0 1.7104708122947538
43.0 1.7133818730984691
43.0 1.7110304268538492
43.0 1.7071663648959434
43.0 1.7082277396315708
43.0 1.7041766267732097
43.0 1.7010503569488917
43.0 1.706134686422731
43.0 1.710225907011736
43.0 1.7116035291657072
43.0 1.7103006557570297
43.0 1.7084548982626693
43.0 1.7065384844860552
43.0 1.7000854061842026
43.0 1.7037639553839237
43.0 1.705505267870575
43.0 1.704265715560455
43.0 1.7027892512550775
43.0 1.7001744949714497
43.0 1.6993372025823856
43.0 1.69636674925384
43.0 1.6984196947320362
43.0 1.6928481957017392
43.0 1.6890763785629277
43.0 1.706084167223862
43.0 1.7122121247814068
43.0 1.7106148430693489
43.0 1.7094761652676493
43.0 1.7116124024916672
43.0 1.713275037659301
43.0 1.711553009966837
43.0 1.7083673476176888
43.0 1.7118588459169541
43.0 1.7125372455257122
43.0 1.7105510277560416
43.0 1.71285195480179
43.0 1.7112591236272152
43.0 1.7110824841949899
43.0 1.7092921906517329
43.0 1.711967219498389
43.0 1.7085543985181437
43.0 1.7078952837035737
43.0 1.7089566584392004
43.0 1.7066750161876392
43.0 1.7091629941338418
43.0 1.708867569651952
43.0 1.7088483992955705
43.0 1.710686021315357
43.0 1.710629705075059
43.0 1.712271517306238
43.0 1.7146526598132732
43.0 1.7140618108494934
43.0 1.7122491562275148
43.0 1.7082866101926453
43.0 1.7092297218423658
43.0 1.7092401333105949
43.0 1.7068115478892232
43.0 1.7087294998081024
43.0 1.7098815014732431
43.0 1.7049579332474076
43.0 1.70378425635662
43.0 1.7003391847931808
43.0 1.7044705131128288
43.0 1.7035472082210528
43.0 1.6989719741074352
43.0 1.7022185671236838
43.0 1.6992585252633658
43.0 1.6976464092946024
43.0 1.6935794182520212
43.0 1.6877581836242792
43.0 1.6936730937170663
43.0 1.6979669156121058
43.0 1.6988740119942278
43.0 1.69695606007535
43.0 1.697379142932861
43.0 1.6951777161425892
43.0 1.6919519460627974
43.0 1.6909083179790914
43.0 1.6855166144128675
43.0 1.6904138929862542
43.0 1.687562224707371
43.0 1.695312709701907
43.0 1.6930133207984264
43.0 1.6936516126765404
43.0 1.693681308938957
43.0 1.693455688450126
43.0 1.6969263638129366
43.0 1.6916148757079974
43.0 1.6886444223794514
43.0 1.6941815309732229
43.0 1.6955591531271947
43.0 1.6953231211701376
43.0 1.6919963126926034
43.0 1.6875471988123447
43.0 1.6797284479670174
43.0 1.6761463227382378
43.0 1.666025106704895
43.0 1.668477235819612
43.0 1.6815588492409161
43.0 1.6855640573272066
43.0 1.6847059420016848
43.0 1.6814697604536673
43.0 1.6825045152114126
43.0 1.6825222618633326
43.0 1.681805292666201
43.0 1.681775596403784
43.0 1.6815692607091421
43.0 1.6736822440130195
43.0 1.6708290375918713
43.0 1.6717122347530022
43.0 1.6798383596907167
43.0 1.6601166730126156
43.0 1.6486926099001575
43.0 1.6593998117592925
43.0 1.6617963104867934
43.0 1.660153151751673
43.0 1.6611679358621534
43.0 1.663418343709031
43.0 1.6606750490115838
43.0 1.6567188219818967
43.0 1.653751444937884
43.0 1.6553458142547242
43.0 1.6583019275413167
43.0 1.661589480577397
43.0 1.6576853108888516
43.0 1.6574492789317907
43.0 1.6514875493382453
43.0 1.654634642099016
43.0 1.6588897002205603
43.0 1.6564650433729138
43.0 1.6546836231556192
43.0 1.6530001650515307
43.0 1.648465038668559
43.0 1.6505330100417848
43.0 1.6579063169508754
43.0 1.6470118154801026
43.0 1.640063104368583
43.0 1.629713025125758
43.0 1.6185865867077662
43.0 1.6293749385924508
43.0 1.6360983595405798
43.0 1.632124385858968
43.0 1.634958307485932
43.0 1.6359514163707656
43.0 1.6343447671179976
43.0 1.6323867074684721
43.0 1.6331082910924064
43.0 1.637874835005635
43.0 1.6449557937173744
43.0 1.6298601599338922
43.0 1.6409490474888142
43.0 1.6263848701442776
43.0 1.6199406651683903
43.0 1.6212322748196497
43.0 1.6369380423610957
43.0 1.6390966406638332
43.0 1.6275117899738074
43.0 1.6350513248469005
43.0 1.627017364980969
43.0 1.6396651285488892
43.0 1.640689471838407
43.0 1.636774890681634
43.0 1.6374116444174778
43.0 1.6281084359790103
43.0 1.6312956364704274
43.0 1.629956583904834
43.0 1.6355056421090952
43.0 1.6281959866239917
43.0 1.6425761893526063
43.0 1.6310596045133707
43.0 1.6370317455751442
43.0 1.6350840973938483
43.0 1.6303410971739687
43.0 1.6339795386430418
43.0 1.6358203513851692
43.0 1.6345495646703678
43.0 1.6348584769050176
43.0 1.6417330999221194
43.0 1.6383974181186218
43.0 1.6247237731189148
43.0 1.6423224107436267
43.0 1.6356051423645719
43.0 1.6408942693907809
43.0 1.6364393584691026
43.0 1.6302936542596334
