180.0 1.2375545212684036
180.0 1.2692439535685955
180.0 1.2759820448841066
180.0 1.2819823440660307
180.0 1.2838023338717013
180.0 1.2752650756869728
180.0 1.2871171927387413
180.0 1.279121802461186
180.0 1.2839299922473237
180.0 1.2825658578461157
180.0 1.2890366827998876
180.0 1.2754937724603386
180.0 1.2865744725423747
180.0 1.2854368109191867
180.0 1.288376029843049
180.0 1.2883389983969413
180.0 1.2843947209777467
180.0 1.286185014521003
180.0 1.2819468507621898
180.0 1.284177973814879
180.0 1.28244861093872
180.0 1.283961226652008
180.0 1.282772193540759
180.0 1.2870311802360284
180.0 1.2889965750692447
180.0 1.2893513920759656
180.0 1.2797824554180228
180.0 1.2906993179675217
180.0 1.2844838097649942
180.0 1.2799398100560624
180.0 1.277643827762551
180.0 1.2797824554180242
180.0 1.2798804175312308
180.0 1.2807859757710875
180.0 1.2801268609565162
180.0 1.2892623032887196
180.0 1.2907884067547688
180.0 1.2902673617840494
180.0 1.2855467226428905
180.0 1.2911625085556777
180.0 1.2780916621302447
180.0 1.2891168982611738
180.0 1.290012045032803
180.0 1.2912130277545475
180.0 1.2924896115107771
180.0 1.2900209183587616
180.0 1.2843634865730653
180.0 1.2873404227961143
180.0 1.2889996513537798
180.0 1.2916048762073766
180.0 1.2908759573997477
180.0 1.2951349440950175
180.0 1.2967975792626507
180.0 1.292606858418172
180.0 1.291300578399528
180.0 1.2866674899033501
180.0 1.2900000954223079
180.0 1.2969549339006887
180.0 1.296610528362198
180.0 1.293098207126477
180.0 1.295615881335093
180.0 1.2954970962854309
180.0 1.2979584542537517
180.0 1.2954392419028669
180.0 1.2911713818816357
180.0 1.2928934095740996
180.0 1.290463286010464
180.0 1.295538742158342
180.0 1.2927256434678343
180.0 1.2941418352101826
180.0 1.2937885563457299
180.0 1.2928444285174965
180.0 1.2938479488705603
180.0 1.2964635851923856
180.0 1.290172290811043
180.0 1.2881029664398826
180.0 1.2953219949954708
180.0 1.2955179192218857
180.0 1.2934723089273827
180.0 1.2931857577714565
180.0 1.2945722532513866
180.0 1.2947118612375053
180.0 1.2931768844454954
180.0 1.294956766520524
180.0 1.2925771621557562
180.0 1.2933238276153056
180.0 1.2928205292965067
180.0 1.2920352942485807
180.0 1.2844051324459753
180.0 1.2852408866927711
180.0 1.2926083965604407
180.0 1.285522301458144
180.0 1.2923349776296287
180.0 1.2963255153485358
180.0 1.2994043422585162
180.0 1.2973389252060685
180.0 1.2988728858195695
180.0 1.299846709910216
180.0 1.2992766838828917
180.0 1.2955788498889844
180.0 1.294556044741734
180.0 1.2946347220607533
180.0 1.2959722364840822
180.0 1.2977031375025072
180.0 1.2991980065638742
180.0 1.2996700704779904
180.0 1.300614198306222
180.0 1.2986962463873426
180.0 1.2996700704779887
180.0 1.2977031375025063
180.0 1.29738842822643
180.0 1.2998274251160273
180.0 1.295627830945587
180.0 1.2832724155750186
180.0 1.2940897778690448
180.0 1.2844852122144446
180.0 1.2878614677668345
180.0 1.286882698923951
180.0 1.286882698923951
180.0 1.2901767348545337
180.0 1.292695947205421
180.0 1.2934337393390105
180.0 1.2878519085877962
180.0 1.2868441293355746
180.0 1.284287885538579
180.0 1.2873859972427502
180.0 1.2881045045821524
180.0 1.2840463868655299
180.0 1.2771955061215954
180.0 1.2899927602386132
180.0 1.2885661570280382
180.0 1.287081699434899
180.0 1.2860974638760239
180.0 1.2866586165773881
180.0 1.2863631920954979
180.0 1.286223584109379
180.0 1.284856373423637
180.0 1.2816811225427152
180.0 1.2763843048051684
180.0 1.279316188545334
180.0 1.2849736203310316
180.0 1.2869108570441006
180.0 1.2899703991598939
180.0 1.2888199356370205
180.0 1.2878357000781444
180.0 1.2851799560256758
180.0 1.2857708049894534
180.0 1.2869999458313466
180.0 1.2884651186302991
180.0 1.2863423691590448
180.0 1.2799872529704006
180.0 1.2819750088823398
180.0 1.285033012855865
180.0 1.2873740476322568
180.0 1.2875105793338395
180.0 1.2934306630544763
180.0 1.293351985735457
180.0 1.2923291805882071
180.0 1.2893008728770956
180.0 1.2946123609820337
180.0 1.2912975021149937
180.0 1.2902272540534079
180.0 1.2861047990597205
180.0 1.287856523014601
180.0 1.2898917218408747
180.0 1.2839315303895948
180.0 1.2867519642637932
180.0 1.2861329571798685
180.0 1.2834444405804482
180.0 1.2792072930001441
180.0 1.2777467068789867
180.0 1.2707517606699636
180.0 1.2757070878110317
180.0 1.2765104250385229
180.0 1.2787133899710628
180.0 1.273814573255411
180.0 1.2689840223905486
180.0 1.2617352975725433
180.0 1.2621969500184296
180.0 1.265029333503125
180.0 1.2434916935368876
180.0 1.2353004097762184
180.0 1.2274795125835618
180.0 1.23225141482147
180.0 1.2331393902987273
180.0 1.2361054208387912
180.0 1.2306068818334017
180.0 1.236457161560982
180.0 1.236458699703246
180.0 1.2277297761912658
180.0 1.2277579343114104
180.0 1.224878107912379
180.0 1.2206962603938598
180.0 1.2327874856872203
180.0 1.232376352440206
180.0 1.2369901561421952
180.0 1.2440668559547736
180.0 1.2448061862306268
180.0 1.2488113943169223
180.0 1.2518277524175372
180.0 1.2416351942488686
180.0 1.2374837036436297
180.0 1.2271138453918682
180.0 1.2264122324151983
180.0 1.2287339823974008
180.0 1.224329754563905
180.0 1.2232284385337504
180.0 1.2124887096312318
180.0 1.2099515867391053
180.0 1.2126752663169336
180.0 1.227651948614638
180.0 1.2229644123458616
180.0 1.2183719535440838
180.0 1.2274188290527945
180.0 1.232826410803238
180.0 1.2297194257731092
180.0 1.229472982347826
180.0 1.2318317637761347
180.0 1.2190104370605215
180.0 1.2261716112335495
180.0 1.2262310037583781
180.0 1.2240650702719502
180.0 1.2191276839679184
180.0 1.2270725550465995
180.0 1.2261878197432035
180.0 1.227850454910833
180.0 1.2281651641869136
180.0 1.218940633067465
180.0 1.2207502114049107
180.0 1.225096748745161
180.0 1.2354435852673316
180.0 1.2294536975536388
180.0 1.2190177722442173
180.0 1.2169632886237525
180.0 1.2229828725998646
180.0 1.2260883194877321
180.0 1.2288227408592174
180.0 1.2229041952808481
180.0 1.2169216427508422
180.0 1.222841726471479
180.0 1.2204220143760687
180.0 1.2194096206970462
180.0 1.224694488824105
180.0 1.2272268334001049
180.0 1.2240234243990358
180.0 1.225617793715878
180.0 1.2321599608049763
180.0 1.2285095697254038
180.0 1.223944747080017
180.0 1.219059418117129
180.0 1.220522530810052
180.0 1.2180756767730063
180.0 1.2238674137181458
180.0 1.2269573404962257
