114.0 1.2494709810661389
114.0 1.2872792257647865
114.0 1.2967107784319536
114.0 1.2908050347532691
114.0 1.303357912492517
114.0 1.2891860778155655
114.0 1.3053367950784958
114.0 1.29876646986925
114.0 1.3007576323911552
114.0 1.305808858992611
114.0 1.2911540547185656
114.0 1.3074626208342826
114.0 1.3008387001416308
114.0 1.2980448862453113
114.0 1.3091044330654622
114.0 1.29964233184669
114.0 1.3004186935686557
114.0 1.2972924237443388
114.0 1.3003488895755972
114.0 1.2998085598106883
114.0 1.30434368619366
114.0 1.3024434809267003
114.0 1.3070187150403152
114.0 1.301754669849714
114.0 1.3057895741984231
114.0 1.3052878140218929
114.0 1.3026440195799187
114.0 1.3015217141771933
114.0 1.3052596559017429
114.0 1.3083843875837926
114.0 1.308130608974814
114.0 1.3092425029093118
114.0 1.3125083807197482
114.0 1.3055253841212178
114.0 1.3052106748451409
114.0 1.3073542472528505
114.0 1.3045322752363817
114.0 1.3048261615760044
114.0 1.2987174888126463
114.0 1.303104133883538
114.0 1.3095275159229744
114.0 1.312212956237858
114.0 1.300328066639141
114.0 1.3028087094016518
114.0 1.3097249782916573
114.0 1.31453470622006
114.0 1.3113652523805657
114.0 1.3046375725332793
114.0 1.3015845133119925
114.0 1.3014534483264009
114.0 1.3034115079759245
114.0 1.306752986820845
114.0 1.3016389610845878
114.0 1.3025533926504043
114.0 1.310097541950297
114.0 1.3057301816735927
114.0 1.30400661583886
114.0 1.2999273448603517
114.0 1.3023231577347716
114.0 1.3063387772892914
114.0 1.300709503623741
114.0 1.3040586731799986
114.0 1.3106498213256996
114.0 1.3177219067114783
114.0 1.3117601771179304
114.0 1.3113370942604194
114.0 1.3088788125766324
114.0 1.3117023227353672
114.0 1.3139156991361363
114.0 1.312931463577261
114.0 1.3101970422057734
114.0 1.3117200693872884
114.0 1.3119561013443446
114.0 1.308857989640178
114.0 1.3056074680502052
114.0 1.3129507483714495
114.0 1.317484336612152
114.0 1.3127324630663115
114.0 1.3132565843215644
114.0 1.3062474619599063
114.0 1.3104091749418407
114.0 1.297547740495587
114.0 1.296130010610972
114.0 1.300124807229038
114.0 1.306683182827787
114.0 1.3071463734159432
114.0 1.3099209025180725
114.0 1.3071375000899812
114.0 1.3090450405406342
114.0 1.3095275159229771
114.0 1.31330556537817
114.0 1.3068529812910725
114.0 1.304204464478482
114.0 1.3095363892489362
114.0 1.3102252003259223
114.0 1.311896708819515
114.0 1.3131347229873689
114.0 1.3163739808199237
114.0 1.3166501205076253
114.0 1.312165513323525
114.0 1.3082702169609344
114.0 1.3077090642595701
114.0 1.30875115420101
114.0 1.308228571088023
114.0 1.310657156509393
114.0 1.310384093106227
114.0 1.311810696316803
114.0 1.3120170320114446
114.0 1.311485575572497
114.0 1.3126464505635995
114.0 1.3117408923237441
114.0 1.3132639195052593
114.0 1.3117200693872895
114.0 1.3123109183510677
114.0 1.3109541191335523
114.0 1.3040419427065884
114.0 1.3050918897954773
114.0 1.3104538970992865
114.0 1.3059588784469585
114.0 1.3070514875872683
114.0 1.3117320189977828
114.0 1.3127532860027655
114.0 1.3051306817654742
114.0 1.315110529288811
114.0 1.314947377609344
114.0 1.3203182582391149
114.0 1.319550769843109
114.0 1.3153581527819216
114.0 1.309332774311184
114.0 1.3111500433599654
114.0 1.312523051087133
114.0 1.3087777741788904
114.0 1.3125558236340853
114.0 1.3135207743987716
114.0 1.3154105681975021
114.0 1.3161765184512397
114.0 1.3153600489986297
114.0 1.31099763347416
114.0 1.3084135618824515
114.0 1.3097898097834737
114.0 1.3087287931222862
114.0 1.3068004297351792
114.0 1.3125646969600442
114.0 1.311650265394227
114.0 1.3046182877390917
114.0 1.3031322920036852
114.0 1.3085016344911868
114.0 1.311195948132032
114.0 1.3126923553356669
114.0 1.3164006007978006
114.0 1.3129580835551407
114.0 1.3157904670398353
114.0 1.3132832042994442
114.0 1.3113829990324863
114.0 1.3125454121658549
114.0 1.3074699560179763
114.0 1.3097620097377634
114.0 1.3066534865653672
114.0 1.3098302755885574
114.0 1.3080087476406164
114.0 1.309031552787867
114.0 1.3103289594805523
114.0 1.309445762319419
114.0 1.3079107855274088
114.0 1.3102784402816816
114.0 1.3069354232944945
114.0 1.30549840861569
114.0 1.3047355346464882
114.0 1.304242647795915
114.0 1.2933003478831626
114.0 1.2966938667614072
114.0 1.3015467960128042
114.0 1.304408875759915
114.0 1.2946201156545687
114.0 1.2919643716021019
114.0 1.2979245630533827
114.0 1.293726507025208
114.0 1.3005031679291006
114.0 1.2930851388625624
114.0 1.2871870606930034
114.0 1.2859170135145157
114.0 1.2674726266116794
114.0 1.2711303053021807
114.0 1.2794239376881031
114.0 1.2817856315116303
114.0 1.276764623136349
114.0 1.275708523478391
114.0 1.2845714243711803
114.0 1.2751864623291618
114.0 1.2761097672209385
114.0 1.2841259804349459
114.0 1.2789213277691767
114.0 1.2772231992977017
114.0 1.271787459427109
114.0 1.2788175686145424
114.0 1.2814461707253726
114.0 1.2755933366770187
114.0 1.279950285485496
114.0 1.2762806096117347
114.0 1.2805959125473036
114.0 1.2699952974161508
114.0 1.273299744814966
114.0 1.2761305901573912
114.0 1.270802893542799
114.0 1.266867489449567
114.0 1.2616242671954176
114.0 1.273234309349807
114.0 1.2686050159968008
114.0 1.2592365702254975
114.0 1.2674743809343774
114.0 1.2737175248457997
114.0 1.2633657435713925
114.0 1.2703219563027266
114.0 1.2710083769482534
114.0 1.275582925208789
114.0 1.2642533912700102
114.0 1.2627585222086428
114.0 1.2688760682979616
114.0 1.2671258824853484
114.0 1.2680684721713158
114.0 1.253179174082473
114.0 1.2579503324225034
114.0 1.2635958145977033
114.0 1.2652360886866145
114.0 1.25826930059774
114.0 1.2602956260980542
114.0 1.2624449955471893
114.0 1.2464318539133556
114.0 1.2461734608775765
114.0 1.240812991716036
114.0 1.2475302600950944
114.0 1.2450496173325878
114.0 1.2491335027379007
114.0 1.2394145466256117
114.0 1.2438397612848777
114.0 1.2462548589534896
114.0 1.2476475070024904
114.0 1.2453554532827018
114.0 1.2523681461436507
114.0 1.2373955563089898
114.0 1.2454179220920685
114.0 1.2490652368871065
114.0 1.2536894520573256
114.0 1.2544079593967243
114.0 1.2471846719419786
114.0 1.2596291760997933
114.0 1.2660969247690284
114.0 1.2597063152765458
114.0 1.2544735044906292
114.0 1.2616153938694614
114.0 1.262562597982233
114.0 1.2675964082571993
114.0 1.2706798495939804
114.0 1.2587432581817692
