53.0 1.8181945219837752
53.0 1.8398865759963334
53.0 1.840676425471063
53.0 1.845986375433733
53.0 1.8500583112285482
53.0 1.8319693410740432
53.0 1.8493848563720257
53.0 1.8480142390763141
53.0 1.8519376935590512
53.0 1.8518694277082588
53.0 1.8486941768273386
53.0 1.8457117738882975
53.0 1.8472540858640023
53.0 1.8445821333018804
53.0 1.8491720377828813
53.0 1.8457117738882998
53.0 1.8527541630116615
53.0 1.8529516253803435
53.0 1.8567890673603686
53.0 1.8579291194150143
53.0 1.8562961805097957
53.0 1.8523414916223766
53.0 1.8552348057741703
53.0 1.8568010169708629
53.0 1.8545548680231443
53.0 1.8520846367288641
53.0 1.8458378941216562
53.0 1.8506730594133172
53.0 1.8597209511005388
53.0 1.8557974966177997
53.0 1.856138825871759
53.0 1.8586950696687523
53.0 1.847975669487938
53.0 1.8496159435768487
53.0 1.8529323405861542
53.0 1.8545949757537887
53.0 1.8526369161042668
53.0 1.8586877344850607
53.0 1.8536331012736362
53.0 1.8585095569105663
53.0 1.8550037185693469
53.0 1.8584798606481503
53.0 1.8613627633317158
53.0 1.855120965476744
53.0 1.8569063142677638
53.0 1.8528625365930955
53.0 1.8598767675963095
53.0 1.8511821547735423
53.0 1.8554742443411971
53.0 1.8510113123827416
53.0 1.8474194615388106
53.0 1.8622282138409294
53.0 1.8565178724249023
53.0 1.8554380651842775
53.0 1.852612164594086
53.0 1.847883504416157
53.0 1.84970195607956
53.0 1.8493606268256018
53.0 1.8564946590569875
53.0 1.8598262483974393
53.0 1.8510795782335319
53.0 1.8547018111929539
53.0 1.855825654737948
53.0 1.8545564061654118
53.0 1.8456465843220407
53.0 1.8537117785926527
53.0 1.851703199744262
53.0 1.8535424743441193
53.0 1.8560809714891942
53.0 1.859582881256687
53.0 1.8598486094761626
53.0 1.8612158201619065
53.0 1.8552421409578639
53.0 1.8505319132849325
53.0 1.8493238177611153
53.0 1.853495031429785
53.0 1.854699420761498
53.0 1.8514745029708946
53.0 1.8550269319372608
53.0 1.857480954721889
53.0 1.8619744352319487
53.0 1.865586256723144
53.0 1.8667263087777903
53.0 1.8644921094405666
53.0 1.8599095401432568
53.0 1.8597996284195555
53.0 1.8564253770276864
53.0 1.8533361386494778
53.0 1.8585095569105632
53.0 1.8530110179051724
53.0 1.848749640778446
53.0 1.853162383863463
53.0 1.8529519557057748
53.0 1.8600028878296642
53.0 1.8593750074197757
53.0 1.855906200524665
53.0 1.8577895114288956
53.0 1.8607792495516287
53.0 1.8615170416852191
53.0 1.8634380698886333
53.0 1.863969526327582
53.0 1.866654966642466
53.0 1.8686041529660278
53.0 1.869597261850863
53.0 1.8708769218916275
53.0 1.8723212717541236
53.0 1.870767010167925
53.0 1.870375161715097
53.0 1.8714646945708717
53.0 1.8722425944351044
53.0 1.8717319609326126
53.0 1.8687807923982547
53.0 1.866408523217179
53.0 1.865347148481553
53.0 1.8642560774835106
53.0 1.8545889350757325
53.0 1.8555302302560612
53.0 1.8602747686182084
53.0 1.8635286968181493
53.0 1.8672770500109286
53.0 1.8648365149790649
53.0 1.8609724530211564
53.0 1.8509654076106756
53.0 1.8590795829378888
53.0 1.8611787887157965
53.0 1.8684587479384842
53.0 1.874565882559578
53.0 1.872242594435107
53.0 1.8703054721598449
53.0 1.8716502073290593
53.0 1.8705174904581066
53.0 1.8634839746607053
53.0 1.863348981101391
53.0 1.8650189514527156
53.0 1.8708025034717677
53.0 1.869040368048661
53.0 1.8657432558335416
53.0 1.8640797683767207
53.0 1.8521899340257675
53.0 1.8447294067971272
53.0 1.841825845066423
53.0 1.8441540779431305
53.0 1.839474398821807
53.0 1.8434041723097272
53.0 1.8469654746020523
53.0 1.8447166048974428
53.0 1.8460616183937821
53.0 1.849885736510365
53.0 1.8476426638471806
53.0 1.85200507937165
53.0 1.853198041056625
53.0 1.852802100140751
53.0 1.8485173457567918
53.0 1.851113533395109
53.0 1.8542517528299205
53.0 1.855296919055896
53.0 1.8526589216553475
53.0 1.8586271341433966
53.0 1.8558773565514461
53.0 1.8521170537481721
53.0 1.851058755297081
53.0 1.8457696282708678
53.0 1.8501740199936807
53.0 1.8502245391925511
53.0 1.8446978420670084
53.0 1.8546111842634412
53.0 1.8525432128902175
53.0 1.840226367108026
53.0 1.8371756983181926
53.0 1.8391040617053003
53.0 1.837472660942352
53.0 1.8309516471151401
53.0 1.831878880580641
53.0 1.8392463904483087
53.0 1.8374279387849035
53.0 1.834910264576284
53.0 1.8379239019200098
53.0 1.8328542428135548
53.0 1.8363206592772074
53.0 1.836632292268749
53.0 1.819913419131126
53.0 1.8035271552815322
53.0 1.8180820403721112
53.0 1.8125798627401069
53.0 1.8143507075998573
53.0 1.8018063728611375
53.0 1.797029061952038
53.0 1.7994233341373955
53.0 1.8048264930993634
53.0 1.8082906855676726
53.0 1.806267766677327
53.0 1.8122245515186375
53.0 1.8044467606931442
53.0 1.8130529705817422
53.0 1.809382772744219
53.0 1.8165147726185922
53.0 1.808462380247661
53.0 1.804590461142304
53.0 1.8099582654875366
53.0 1.8097461327514717
53.0 1.8069393530661475
53.0 1.8124837968436092
53.0 1.810297726273795
53.0 1.8085878120811458
53.0 1.8045126361124744
53.0 1.802483589855273
53.0 1.7987599363290514
53.0 1.7865685398067535
53.0 1.7815914047421226
53.0 1.7828362076067203
53.0 1.7807251102631179
53.0 1.7853450665341823
53.0 1.7792225756926312
53.0 1.7918457516396915
53.0 1.7890435863811698
53.0 1.789520236973082
53.0 1.7696310837708475
53.0 1.7732459563443663
53.0 1.783625923487932
53.0 1.7750550404670569
53.0 1.7825950973039089
53.0 1.7777879236962764
53.0 1.780325898877597
53.0 1.7711532612099683
53.0 1.7799414133574665
53.0 1.771361135046878
53.0 1.773652172588157
53.0 1.7732138973995015
53.0 1.7710377163341582
53.0 1.774769175164207
53.0 1.7750555624308206
53.0 1.7758213487952395
53.0 1.7697172904586835
53.0 1.7755660320439914
53.0 1.7815054005588136
53.0 1.7888239293698764
53.0 1.7876823391729628
53.0 1.791930914400007
53.0 1.7843852269578464
53.0 1.7868330971734052
53.0 1.7781238139832507
53.0 1.7878396938110022
53.0 1.7924816556331389
53.0 1.7786755713948956
53.0 1.7930554160490677
53.0 1.7864259181498177
53.0 1.7767738839311786
53.0 1.7812879649960733
53.0 1.7836511692128603
53.0 1.7844927179542882
53.0 1.7890771834683068
53.0 1.7923258088415694
53.0 1.7945247090600727
53.0 1.800064730049055
