132.0 1.1650089913300092
132.0 1.218911596314292
132.0 1.2190269747539901
132.0 1.2227143972796684
132.0 1.221506079374231
132.0 1.2115143901842116
132.0 1.2240252917251158
132.0 1.223355765442319
132.0 1.22877562712869
132.0 1.2257858890059572
132.0 1.2302824458005541
132.0 1.2220255862026834
132.0 1.2276845561306482
132.0 1.2318559921809389
132.0 1.229200248128471
132.0 1.2317669033936922
132.0 1.2219426499845054
132.0 1.226672162451625
132.0 1.228196727775406
132.0 1.2270462642525335
132.0 1.2331638103418527
132.0 1.2304502119068184
132.0 1.2336358742559679
132.0 1.237067980030402
132.0 1.2297509893616068
132.0 1.2261318326867183
132.0 1.2307352249204797
132.0 1.2312562698912
132.0 1.2321217204004127
132.0 1.2292403558591143
132.0 1.2309118643527077
132.0 1.2320904859957311
132.0 1.2352094206363546
132.0 1.2328787973281892
132.0 1.2295535269929232
132.0 1.2265043963453583
132.0 1.2297020083050008
132.0 1.2302319266016828
132.0 1.226318883587172
132.0 1.230871756622064
132.0 1.2339609950002721
132.0 1.2358002696001305
132.0 1.2299974327868908
132.0 1.2287370575403136
132.0 1.226308472118944
132.0 1.2307440982464404
132.0 1.2320222201449365
132.0 1.2340188493828348
132.0 1.2343142738647244
132.0 1.2344137741202004
132.0 1.237136245881194
132.0 1.236074871145567
132.0 1.2341970269573301
132.0 1.2324541763284096
132.0 1.245732896590754
132.0 1.2358685354509236
132.0 1.2363880422793758
132.0 1.238611830148372
132.0 1.235959492705872
132.0 1.2373915626324388
132.0 1.2395366731824176
132.0 1.2415926949451452
132.0 1.2402833386419665
132.0 1.238858273573657
132.0 1.2378354684264066
132.0 1.241601568271106
132.0 1.236380707095682
132.0 1.2343246853329524
132.0 1.2360066052947734
132.0 1.2382971208722937
132.0 1.2371362458811928
132.0 1.2333790193624528
132.0 1.232013346818976
132.0 1.2333790193624539
132.0 1.235771589516228
132.0 1.2339906912626863
132.0 1.2307440982464404
132.0 1.2406292823227256
132.0 1.2430489944181369
132.0 1.2426155000923973
132.0 1.2430682792123258
132.0 1.2426259115606253
132.0 1.237893322808972
132.0 1.2402551805218185
132.0 1.2400295600329874
132.0 1.2381902854331275
132.0 1.2368230747473832
132.0 1.2388494002476964
132.0 1.237698936724823
132.0 1.2391938057861902
132.0 1.2409736878612185
132.0 1.2441781130407976
132.0 1.2398733880095725
132.0 1.244433951755801
132.0 1.2422518097597153
132.0 1.2392308372322982
132.0 1.2382064939427797
132.0 1.2420454740650728
132.0 1.2412097198182759
132.0 1.2424982531850002
132.0 1.2406782633793287
132.0 1.2421434361782802
132.0 1.2426347848865846
132.0 1.2437555521470427
132.0 1.2449060156699165
132.0 1.2453098137332412
132.0 1.2450737817761828
132.0 1.2432938997011547
132.0 1.2424670187803177
132.0 1.2422606830856762
132.0 1.23907348259426
132.0 1.2390156282116953
132.0 1.2399211864515525
132.0 1.2407673521665772
132.0 1.2410909347686145
132.0 1.2378132712370042
132.0 1.2367517326120572
132.0 1.236616739052741
132.0 1.234679502339675
132.0 1.2393704452184182
132.0 1.2359961938265478
132.0 1.231971700946067
132.0 1.2279596518908336
132.0 1.2338688299284901
132.0 1.2426050886241684
132.0 1.2449565348687885
132.0 1.24311726026893
132.0 1.23599465568428
132.0 1.2313948751342925
132.0 1.2369206510371453
132.0 1.2404896743366078
132.0 1.244071799565388
132.0 1.238898381304302
132.0 1.2411206310310299
132.0 1.23781618363222
132.0 1.239153698055547
132.0 1.2331742218100772
132.0 1.2300151794388121
132.0 1.2236789899699185
132.0 1.2206377164698063
132.0 1.227537612960839
132.0 1.2326516386970947
132.0 1.2330643100863792
132.0 1.2325625499098471
132.0 1.231440244507122
132.0 1.2311255352310442
132.0 1.230221515133455
132.0 1.231737207131278
132.0 1.2327094930796585
132.0 1.235236040614235
132.0 1.2366506942143158
132.0 1.238077297424891
132.0 1.2356872815918967
132.0 1.240035357074413
132.0 1.240222407974868
132.0 1.2350609393242764
132.0 1.2403114967621145
132.0 1.235129205175068
132.0 1.235386060068581
132.0 1.233260234312791
132.0 1.2372237965261732
132.0 1.2396627934157738
132.0 1.2324541763284118
132.0 1.2299854831763954
132.0 1.231882612158819
132.0 1.2346852993810993
132.0 1.232707954937388
132.0 1.2339756653676557
132.0 1.229629128027408
132.0 1.2190467542104202
132.0 1.2178330080637139
132.0 1.2224503064317571
132.0 1.2161058328074796
132.0 1.2260662875928177
132.0 1.2240816079654138
132.0 1.2209225655941458
132.0 1.2226920362009466
132.0 1.2248861278075271
132.0 1.2252008370836065
132.0 1.2197319943406282
132.0 1.208761536307728
132.0 1.2043864333213823
132.0 1.1930035894383466
132.0 1.209202365817167
132.0 1.2061131274389543
132.0 1.1981327630564287
132.0 1.1995015118844417
132.0 1.1921829830733777
132.0 1.2043602208694495
132.0 1.2090496256059242
132.0 1.1947199420761785
132.0 1.202320407616374
132.0 1.2057644630013002
132.0 1.187049672542936
132.0 1.2005034940952346
132.0 1.1895584734255908
132.0 1.1999037718054986
132.0 1.199646916911978
132.0 1.1996958979685872
132.0 1.1961642919386797
132.0 1.1916010074355574
132.0 1.197276185873177
132.0 1.1938826496871184
132.0 1.2021557177946396
132.0 1.1909627155574432
132.0 1.190156657573062
132.0 1.1790885346169766
132.0 1.187376580718026
132.0 1.1893957828723443
132.0 1.1936742235906466
132.0 1.18333101561257
132.0 1.1802757323959359
132.0 1.186715678472668
132.0 1.1774568366640035
132.0 1.180458168869589
132.0 1.1566235556335394
132.0 1.1699748006458262
132.0 1.1786782867945598
132.0 1.168696678747334
132.0 1.1674972341678571
132.0 1.1685022926631852
132.0 1.17355692587461
132.0 1.171116390842745
132.0 1.17743873448444
132.0 1.1739962172417773
132.0 1.1620326503240366
132.0 1.1669241318560004
132.0 1.1641021598395327
132.0 1.17163435952893
132.0 1.1715637032466841
132.0 1.1755866579848961
132.0 1.1788373434641881
132.0 1.1671074180720495
132.0 1.176964444028183
132.0 1.1807819153609456
132.0 1.16405180452998
132.0 1.173465940870662
132.0 1.1770287813052516
132.0 1.1691154749566801
132.0 1.164200449731378
132.0 1.1672439497736344
132.0 1.1672246649794442
132.0 1.1695993245919771
132.0 1.1555280340980147
132.0 1.1686661301957308
132.0 1.1660559605899015
132.0 1.1678462541331562
132.0 1.1742843065399762
132.0 1.1717353979266734
132.0 1.1754926244454162
132.0 1.179435363722338
132.0 1.1645267808393127
132.0 1.1588203679970108
132.0 1.162656271834768
