231.0 0.5691709612915421
231.0 0.6002943776584763
231.0 0.5967890638278104
231.0 0.6028006545161627
231.0 0.6046288292479219
231.0 0.5661377928953315
231.0 0.5995953492983825
231.0 0.6027790074870136
231.0 0.6059321968713519
231.0 0.6017013682962269
231.0 0.6010147534655773
231.0 0.5900595155128268
231.0 0.6091885432517509
231.0 0.5969525710349166
231.0 0.6074521755173318
231.0 0.6077677370826028
231.0 0.6037060463198987
231.0 0.6009711029846531
231.0 0.5972022294318485
231.0 0.5963904021550447
231.0 0.6004862397176509
231.0 0.6065031029368682
231.0 0.6063394292936473
231.0 0.6000278274456163
231.0 0.6114604598881606
231.0 0.611418128162171
231.0 0.6006681794297543
231.0 0.6073695696245911
231.0 0.609406828556889
231.0 0.6003751453793225
231.0 0.6108882098654933
231.0 0.6068471504009222
231.0 0.607280150511913
231.0 0.6076530444959857
231.0 0.6172242051492661
231.0 0.6042037140333861
231.0 0.6108276347260387
231.0 0.6043938412183796
231.0 0.6130660929624213
231.0 0.6088117206939522
231.0 0.6104165014790208
231.0 0.6119734838221104
231.0 0.6160990151003332
231.0 0.605731355641707
231.0 0.6216630991996239
231.0 0.6089443238218115
231.0 0.6146858996425218
231.0 0.6063399512574061
231.0 0.6145181335362563
231.0 0.6163010918958177
231.0 0.614216556485296
231.0 0.6154059451241917
231.0 0.6122141302059709
231.0 0.6176505559296391
231.0 0.6065983442931855
231.0 0.6125273013397802
231.0 0.610800659220512
231.0 0.6212712507467952
231.0 0.6157042542522841
231.0 0.6081853784263315
231.0 0.617877359033095
231.0 0.6169675418940804
231.0 0.6119113705403872
231.0 0.6210973320714607
231.0 0.6242340133640033
231.0 0.609239720554691
231.0 0.6198608560458732
231.0 0.6218382004895837
231.0 0.6174276561977006
231.0 0.6159520719305187
231.0 0.6073450097527336
231.0 0.6272804232546795
231.0 0.6231714560137523
231.0 0.613333714851804
231.0 0.6332323023540785
231.0 0.6067248200541828
231.0 0.6169975936841431
231.0 0.6112479968266583
231.0 0.607544365791327
231.0 0.6136280954061808
231.0 0.6135103542840317
231.0 0.6076493075605854
231.0 0.6198253627420348
231.0 0.6058458817922082
231.0 0.6183335699652007
231.0 0.6144128362393563
231.0 0.6223491617707163
231.0 0.6225108030569203
231.0 0.6259251621794334
231.0 0.6161483516845834
231.0 0.6155528882940022
231.0 0.617644625742191
231.0 0.6265496107771377
231.0 0.6303157106218367
231.0 0.6329803280002653
231.0 0.6279951407074621
231.0 0.6289010570217571
231.0 0.6300426472186714
231.0 0.631637016535513
231.0 0.6319397762010959
231.0 0.6333351450069865
231.0 0.6332178980995916
231.0 0.634133867807675
231.0 0.633425771936501
231.0 0.6319710106057772
231.0 0.6329255499022358
231.0 0.6324534859881211
231.0 0.6311159715647923
231.0 0.632622790236655
231.0 0.6335491714129664
231.0 0.6362184032181974
231.0 0.635223756191094
231.0 0.6338403369956964
231.0 0.6356232953552605
231.0 0.6357540300154184
231.0 0.6395027135336313
231.0 0.6370116593028959
231.0 0.6348214962700389
231.0 0.6348334458805336
231.0 0.6357227956107342
231.0 0.6378085136358802
231.0 0.6369727593890827
231.0 0.6303831493856491
231.0 0.6312308532429375
231.0 0.6350771685489248
231.0 0.6365720376102915
231.0 0.6358639417391181
231.0 0.635028187492323
231.0 0.6290995607711599
231.0 0.6267610803155459
231.0 0.6233422984045528
231.0 0.6281134567445831
231.0 0.6247199205585247
231.0 0.6284667356090368
231.0 0.6292535087992297
231.0 0.6275033229866174
231.0 0.6316539361004537
231.0 0.6293024898558347
231.0 0.6295786295435364
231.0 0.6309265554350914
231.0 0.6278091589367356
231.0 0.6261168275066865
231.0 0.6289596224596097
231.0 0.6277497664119043
231.0 0.626628999151447
231.0 0.6272584177036012
231.0 0.6274350571358277
231.0 0.6259698843368756
231.0 0.6263929671943883
231.0 0.625242503671515
231.0 0.6233245517526352
231.0 0.623354248015051
231.0 0.623018715802519
231.0 0.6238159004609395
231.0 0.62049216826794
231.0 0.6221042842367028
231.0 0.6213961883655289
231.0 0.6214154731597182
231.0 0.6207266620827312
231.0 0.6214035235492219
231.0 0.6175884426479189
231.0 0.6171148405915361
231.0 0.6166339033514604
231.0 0.6188353301417324
231.0 0.6174384231935729
231.0 0.619987331806874
231.0 0.6194439257574321
231.0 0.619464748693887
231.0 0.6119279345776863
231.0 0.6161660983365015
231.0 0.6118867829195255
231.0 0.6071606770623751
231.0 0.610507128408536
231.0 0.6112449205421249
231.0 0.6119931241439432
231.0 0.6122380294269613
231.0 0.6125704853549574
231.0 0.6076196112981654
231.0 0.6161568694828938
231.0 0.6117374518650497
231.0 0.5931266554860304
231.0 0.6242416471852105
231.0 0.6240536628151603
231.0 0.632834370713167
231.0 0.6251602029019917
231.0 0.6245603167229364
231.0 0.6243836772907068
231.0 0.6312494269818427
231.0 0.6304094138358898
231.0 0.6292604884552829
231.0 0.6302682677074997
231.0 0.6356333512958473
231.0 0.6295825329150503
231.0 0.6304213634463849
231.0 0.6284513541863643
231.0 0.6312436299404167
231.0 0.628930753284171
231.0 0.626312396205459
231.0 0.6212886418710711
231.0 0.6336220516905632
231.0 0.6265808451818223
231.0 0.6294471838280882
231.0 0.6229335303867871
231.0 0.6252969262419015
231.0 0.6215396997231609
231.0 0.6202376786036738
231.0 0.6240878795258682
231.0 0.6155156742503526
231.0 0.6138257843882093
231.0 0.6152104873635218
231.0 0.6199198930430622
231.0 0.6160053118862854
231.0 0.6191643542575531
231.0 0.6249390329506442
231.0 0.6173296940844922
231.0 0.6228729552473349
231.0 0.6214282498571917
231.0 0.6161939009290066
231.0 0.6124278010843077
231.0 0.60901651824633
231.0 0.6183717840259343
231.0 0.6180809739708465
231.0 0.6142628167850097
231.0 0.621410503205268
231.0 0.6194971657131952
231.0 0.6114913639674154
231.0 0.6205377175123652
231.0 0.6169482570998913
231.0 0.6240276776693646
231.0 0.6117790977379649
231.0 0.6123001427086859
231.0 0.6167195603265294
231.0 0.6199495893054771
231.0 0.6141185943720878
231.0 0.6104342481309419
231.0 0.6183999421460824
231.0 0.6119453257019625
231.0 0.6178434038715216
231.0 0.6180613336490125
231.0 0.6154695965481783
231.0 0.6196499059244294
231.0 0.622473416083165
231.0 0.6200328810512997
231.0 0.6178241190773327
231.0 0.6178923849281246
231.0 0.6173786751410995
231.0 0.6152023301864376
231.0 0.6133052012040167
231.0 0.622002890311316
231.0 0.6132755049416005
231.0 0.610806811789587
231.0 0.6163258182037876
231.0 0.6031570096651486
231.0 0.5976553943752223
