136.0 1.1329153423235427
136.0 1.1855358256815884
136.0 1.1855551104757782
136.0 1.1857926805751011
136.0 1.1972039681174371
136.0 1.1817514572212138
136.0 1.1926896646709215
136.0 1.1943226035761394
136.0 1.1957981878433168
136.0 1.1978734944002365
136.0 1.19664589170061
136.0 1.1921909807789244
136.0 1.1961144352616624
136.0 1.1945601736754634
136.0 1.1998226807237988
136.0 1.1945601736754656
136.0 1.1948748829515425
136.0 1.1984153623074119
136.0 1.1985341473570725
136.0 1.2012982649909776
136.0 1.198798337434279
136.0 1.201563993210449
136.0 1.205782872175077
136.0 1.2034892803130222
136.0 1.2021147344435854
136.0 1.2023893359890208
136.0 1.2018787024865276
136.0 1.2037758314689506
136.0 1.2001582129363313
136.0 1.1967245690196295
136.0 1.194664618683173
136.0 1.1919638221478277
136.0 1.1953766431280748
136.0 1.1953558201916175
136.0 1.196812119664606
136.0 1.1957804411913973
136.0 1.2041707562063153
136.0 1.1995480791783644
136.0 1.198189741818581
136.0 1.199390724540326
136.0 1.1997841111354213
136.0 1.198112602641829
136.0 1.20283170364072
136.0 1.2044067881633735
136.0 1.1981407607619785
136.0 1.2000972822692304
136.0 1.1965359799769075
136.0 1.201415511898372
136.0 1.2007772200202584
136.0 1.2011023407645622
136.0 1.2046428201204318
136.0 1.2073074374988608
136.0 1.2026461908825334
136.0 1.2000675860068164
136.0 1.2079561408452042
136.0 1.2013032097432106
136.0 1.2052425424101707
136.0 1.2052024346795267
136.0 1.2030325726193691
136.0 1.2077185707458782
136.0 1.2120666462283964
136.0 1.207484076931087
136.0 1.2089403764040776
136.0 1.2067077152091223
136.0 1.2113111074428862
136.0 1.208132780277429
136.0 1.2078790016684504
136.0 1.2069348738402195
136.0 1.2057844103173443
136.0 1.208115033625509
136.0 1.2081343184196964
136.0 1.2097672573249152
136.0 1.20582297990572
136.0 1.2055973594168905
136.0 1.2041282580442152
136.0 1.2071307980666326
136.0 1.2102377830967628
136.0 1.2046621049146191
136.0 1.2053405045233763
136.0 1.191054829548994
136.0 1.1949238640081452
136.0 1.1963030243043833
136.0 1.1947190664557699
136.0 1.194325679860674
136.0 1.1997945226036504
136.0 1.1995480791783641
136.0 1.2032621216819255
136.0 1.2064805565780234
136.0 1.2046991363607273
136.0 1.1967407775292822
136.0 1.1965062837144895
136.0 1.2089490858407195
136.0 1.2007657646245165
136.0 1.2070312978111595
136.0 1.206807215464597
136.0 1.2029400772221541
136.0 1.2046115857157487
136.0 1.2012492839343727
136.0 1.2051341688287354
136.0 1.2070521207476153
136.0 1.2119895070516433
136.0 1.211487746875112
136.0 1.2118425638818322
136.0 1.2118425638818329
136.0 1.2109474171102033
136.0 1.2113408037053
136.0 1.2109859866985793
136.0 1.2119004182643964
136.0 1.2114387658185082
136.0 1.2115560127259042
136.0 1.2125001405541354
136.0 1.2106905622166906
136.0 1.2124511594975316
136.0 1.2110349677551846
136.0 1.2080926725467864
136.0 1.20714324189188
136.0 1.2047288326231436
136.0 1.2103862644088408
136.0 1.212127576895493
136.0 1.2143795228846381
136.0 1.215855107151816
136.0 1.2156576447831338
136.0 1.2081470925703726
136.0 1.21026594121691
136.0 1.2099512319408339
136.0 1.2087726102978125
136.0 1.2112116071874117
136.0 1.204209656120122
136.0 1.2047343925219325
136.0 1.2146066537667284
136.0 1.2147416750750506
136.0 1.2148203523940686
136.0 1.2159499929804887
136.0 1.2125876911991142
136.0 1.2121260387532258
136.0 1.2088512876168318
136.0 1.2111032336059753
136.0 1.209606826402341
136.0 1.199082828484183
136.0 1.2035312565113652
136.0 1.2067462847974932
136.0 1.2123828936467378
136.0 1.21554773305943
136.0 1.2139163322964805
136.0 1.2128919890069623
136.0 1.2149183145072768
136.0 1.2176913054671412
136.0 1.2179377488924263
136.0 1.2143675732741428
136.0 1.2086345404539607
136.0 1.2141315413170846
136.0 1.2111907842509553
136.0 1.2091644587506416
136.0 1.208258900510785
136.0 1.2056239793947718
136.0 1.203685204539437
136.0 1.2066556578679843
136.0 1.2037935781208737
136.0 1.2018563414078056
136.0 1.204216660978385
136.0 1.2091154776940376
136.0 1.2131473057582116
136.0 1.212311551511413
136.0 1.2136683507289303
136.0 1.2060366507840556
136.0 1.2055333524652574
136.0 1.2077571403342535
136.0 1.2009685298198713
136.0 1.206199802463521
136.0 1.1941305524254395
136.0 1.1944468707467348
136.0 1.1998033854884183
136.0 1.200505669557147
136.0 1.1988380896372803
136.0 1.2009430924566116
136.0 1.2025937780137523
136.0 1.1931798055623926
136.0 1.1953233779701005
136.0 1.1826602581817183
136.0 1.197669879462484
136.0 1.1801884887451677
136.0 1.171127916090063
136.0 1.169649128024452
136.0 1.172144117411011
136.0 1.1670447620421442
136.0 1.1686510809694794
136.0 1.168881315885114
136.0 1.165830647095281
136.0 1.1625142500859724
136.0 1.1673833705392112
136.0 1.1731757958842226
136.0 1.169477961890316
136.0 1.1717017497593125
136.0 1.1653288869187486
136.0 1.1710248882928198
136.0 1.1627815164477158
136.0 1.166145356371357
136.0 1.1615716604000093
136.0 1.1656138999324082
136.0 1.1688782396005744
136.0 1.16718437002826
136.0 1.1700657345695586
136.0 1.1675465222186716
136.0 1.1749749627534374
136.0 1.1610386658187934
136.0 1.1558147283588391
136.0 1.1449652812105569
136.0 1.15027956334776
136.0 1.1431708193051517
136.0 1.161725580679073
136.0 1.1522286745563335
136.0 1.155142289680825
136.0 1.1618938687491005
136.0 1.1615735288677123
136.0 1.1530833832718874
136.0 1.1513806403736055
136.0 1.1658885014778457
136.0 1.1662329070163395
136.0 1.1534219917689503
136.0 1.1673671620295578
136.0 1.1520443696149778
136.0 1.152927566776114
136.0 1.1530937947401123
136.0 1.1479292498049871
136.0 1.1511075769704435
136.0 1.1435055732879862
136.0 1.1530432755412412
136.0 1.1541833275958848
136.0 1.157186553471383
136.0 1.158779384645957
136.0 1.1538628212783848
136.0 1.1563523373668556
136.0 1.1483658204152594
136.0 1.1473133190055906
136.0 1.154336423334764
136.0 1.1583578399307164
136.0 1.1533683962855452
136.0 1.1522387556991278
136.0 1.1471008307418846
136.0 1.1513139126650864
136.0 1.1484992758323118
136.0 1.1536935170298528
136.0 1.1523633377902136
136.0 1.1522950719394247
136.0 1.1433570919759077
136.0 1.144556536555384
136.0 1.167925238446388
136.0 1.1493365682213756
136.0 1.146719393757278
136.0 1.1544922398305413
136.0 1.1434685418418757
136.0 1.1666933768476
136.0 1.1619727377064424
136.0 1.146893312432615
