142.0 1.07909793914918
142.0 1.1112832247927646
142.0 1.1203449623071888
142.0 1.1054749490125393
142.0 1.1172628926765573
142.0 1.1106838328284607
142.0 1.1158318666775051
142.0 1.122158824746001
142.0 1.1117896271451058
142.0 1.1150956126861842
142.0 1.1090193569421316
142.0 1.1121741404142425
142.0 1.119632277211423
142.0 1.1134611356386985
142.0 1.1198860558204011
142.0 1.1174975781296748
142.0 1.1182234206527684
142.0 1.1205243476985156
142.0 1.1200360752747467
142.0 1.1247108096438363
142.0 1.1137951297089665
142.0 1.114368232020824
142.0 1.1185292566028857
142.0 1.115992297600078
142.0 1.1186021368804788
142.0 1.119513492161761
142.0 1.1236328708709122
142.0 1.1222093439448717
142.0 1.117889426582505
142.0 1.1352906018385327
142.0 1.1262520776920228
142.0 1.1180409841791183
142.0 1.1268424324410495
142.0 1.12677416659026
142.0 1.1240871881331078
142.0 1.1294596069051461
142.0 1.126343748549055
142.0 1.1200079171545985
142.0 1.124934891990399
142.0 1.1293142018775995
142.0 1.1194305559435829
142.0 1.1389143729402214
142.0 1.133732081353178
142.0 1.1209327601886419
142.0 1.127354604085812
142.0 1.1279261682554007
142.0 1.118831163979276
142.0 1.1191231818511997
142.0 1.1213558430461548
142.0 1.1240532329715338
142.0 1.128399770311786
142.0 1.1349211144644271
142.0 1.129115201366651
142.0 1.1357078876546192
142.0 1.1361695401005087
142.0 1.143957742394229
142.0 1.1432624484227392
142.0 1.1440789178753479
142.0 1.1427591501039436
142.0 1.138305777324525
142.0 1.1367480813793507
142.0 1.1357479953852614
142.0 1.1376570739781817
142.0 1.140596292902044
142.0 1.142120858225827
142.0 1.1389529425285978
142.0 1.142790384508626
142.0 1.1391133734511734
142.0 1.1401851596550263
142.0 1.1453689893843426
142.0 1.1426434413388145
142.0 1.1474932769978645
142.0 1.140706204625749
142.0 1.1396625765420403
142.0 1.1346449747767247
142.0 1.138538732997049
142.0 1.1418817499842338
142.0 1.1408203752486068
142.0 1.1349654810942265
142.0 1.1314737669073347
142.0 1.1371611108430748
142.0 1.1355682796685
142.0 1.1354197983564205
142.0 1.1283581244388714
142.0 1.1326676303330114
142.0 1.1281814850066436
142.0 1.1315823563763943
142.0 1.1311889697812971
142.0 1.1302714619309477
142.0 1.1325770034034983
142.0 1.1398450130156903
142.0 1.1264807943009538
142.0 1.1242103959712448
142.0 1.1351764312156707
142.0 1.139561538144298
142.0 1.1397412538610578
142.0 1.1398153167532763
142.0 1.1377133902184782
142.0 1.1390107969111627
142.0 1.1392468288682216
142.0 1.136709869865417
142.0 1.1393744872438456
142.0 1.1387628153436118
142.0 1.1401998300224145
142.0 1.1391650752646678
142.0 1.1375217248912233
142.0 1.1347888416620016
142.0 1.1363045336598245
142.0 1.1381037005290415
142.0 1.1382625933093475
142.0 1.1374742819768882
142.0 1.1376628710196093
142.0 1.1334617387069033
142.0 1.1326853769849385
142.0 1.1310316151432658
142.0 1.1270359662360112
142.0 1.1270784643981122
142.0 1.127985560780233
142.0 1.1289104038142774
142.0 1.132303940000335
142.0 1.1376555358359173
142.0 1.1421625040987373
142.0 1.140443259602662
142.0 1.1425111685363898
142.0 1.1438382714914892
142.0 1.1429030169892187
142.0 1.1458526473813102
142.0 1.1417327467083993
142.0 1.1283692095459614
142.0 1.1379232989592059
142.0 1.1372232241248026
142.0 1.13959395516361
142.0 1.1398581452408172
142.0 1.1378125349463157
142.0 1.1380470287611053
142.0 1.138548788937635
142.0 1.1372409707767237
142.0 1.1361587731046414
142.0 1.1310232945243603
142.0 1.1295573773800291
142.0 1.1325129964518696
142.0 1.1342558470807897
142.0 1.1363608499001225
142.0 1.1396772469094285
142.0 1.1437002016476403
142.0 1.1401685956177336
142.0 1.1418223574594066
142.0 1.1462001292043393
142.0 1.1439585946834228
142.0 1.141342958361596
142.0 1.1402206529588705
142.0 1.1389915121169765
142.0 1.1367499775960603
142.0 1.1387643534858796
142.0 1.1412048885177453
142.0 1.1386158721738002
142.0 1.1423048328417469
142.0 1.1381037005290413
142.0 1.1412033503754766
142.0 1.1376925672820233
142.0 1.1398658359521465
142.0 1.1393505880228523
142.0 1.1410236346587128
142.0 1.1452544632338346
142.0 1.1461881795938387
142.0 1.1454592607862095
142.0 1.1446146332134537
142.0 1.1382595170248098
142.0 1.1376374336563473
142.0 1.1455592058049262
142.0 1.1479707824257617
142.0 1.144076502241682
142.0 1.1492978853808624
142.0 1.145353607961669
142.0 1.1448279485641477
142.0 1.1396178291823869
142.0 1.1368642869060277
142.0 1.1423182953923
142.0 1.1446470502327644
142.0 1.1423703527334392
142.0 1.133543630997563
142.0 1.1185574177173252
142.0 1.1042466327108322
142.0 1.110037025698828
142.0 1.1165399373464724
142.0 1.1095040311176143
142.0 1.1145603663606223
142.0 1.1112441332406346
142.0 1.1056396110852653
142.0 1.1094413958721325
142.0 1.1212453841564867
142.0 1.1163233540729216
142.0 1.1144999576572823
142.0 1.1074773752918663
142.0 1.111670128493363
142.0 1.117009774718449
142.0 1.1208470528091568
142.0 1.108028116525001
142.0 1.1188702303292042
142.0 1.1131976062123619
142.0 1.1093070907126874
142.0 1.1203500734955394
142.0 1.1084716667913217
142.0 1.108373704678117
142.0 1.1042473211107058
142.0 1.1065429730787855
142.0 1.103630486471308
142.0 1.1051614262982918
142.0 1.095459695321656
142.0 1.1023202214859413
142.0 1.1051489482300407
142.0 1.1076541786134115
142.0 1.0997688664956744
142.0 1.1068953996540496
142.0 1.1023633495556142
142.0 1.0955073254796286
142.0 1.0982891897654534
142.0 1.1020121055949728
142.0 1.1018743912787696
142.0 1.0950815218652268
142.0 1.1017482710454123
142.0 1.101685802236045
142.0 1.1113897324532993
142.0 1.1120565379792056
142.0 1.1105022763930077
142.0 1.1062135934353217
142.0 1.1054846746276954
142.0 1.1008072195017171
142.0 1.1097629461171525
142.0 1.1047306739844478
142.0 1.1093012936712625
142.0 1.110491864924777
142.0 1.1051136491113183
142.0 1.1159680428514487
142.0 1.111334954355268
142.0 1.107325487369822
142.0 1.104197679403233
142.0 1.1002044209274322
142.0 1.1011705543067472
142.0 1.104791249123908
142.0 1.0929881131287396
142.0 1.0877907956466624
142.0 1.0929198472779567
142.0 1.098839930998586
142.0 1.0948362610545592
142.0 1.096307230894937
142.0 1.0916625483159081
142.0 1.099282298650289
142.0 1.1060219281080672
142.0 1.0975024165752572
142.0 1.102895658283749
142.0 1.095145173289215
142.0 1.1025944367604315
142.0 1.0988834705414063
