238.0 0.5846153175406276
238.0 0.6341097764840196
238.0 0.6302132697578
238.0 0.6373062058290391
238.0 0.635552536205943
238.0 0.6288005123744279
238.0 0.636918616275367
238.0 0.6368919962974869
238.0 0.6420362125109117
238.0 0.6442980757535307
238.0 0.6396842720515408
238.0 0.6429620994724697
238.0 0.6471512821746814
238.0 0.6401703179331705
238.0 0.6465797180050905
238.0 0.6411182104458096
238.0 0.6408362737166801
238.0 0.6410105227174511
238.0 0.6291025861869338
238.0 0.6425197318207709
238.0 0.6459043946808694
238.0 0.6419080599205366
238.0 0.6400020576121538
238.0 0.6408065774542657
238.0 0.6446559690447868
238.0 0.6426207702185134
238.0 0.6393622275917709
238.0 0.6482662523937137
238.0 0.6502941160362964
238.0 0.6426296435444726
238.0 0.639354892408075
238.0 0.649537039108518
238.0 0.6473726437643523
238.0 0.6477853151536384
238.0 0.6389577436753687
238.0 0.651981833039541
238.0 0.6482083980111496
238.0 0.6431032456008537
238.0 0.6520531751748683
238.0 0.6462310535674389
238.0 0.6474721440198264
238.0 0.6517207192468696
238.0 0.6492223298324419
238.0 0.6537840761932947
238.0 0.6490931333145485
238.0 0.6413218253835593
238.0 0.6443107112171038
238.0 0.6479145116715269
238.0 0.6502852427103343
238.0 0.6480911511037546
238.0 0.6494375388530438
238.0 0.6467640481486544
238.0 0.6440103419829778
238.0 0.6391605063239261
238.0 0.6481802398910014
238.0 0.6435174551324059
238.0 0.6439702342523342
238.0 0.6467640481486544
238.0 0.6405766980662768
238.0 0.6422200484397227
238.0 0.6496350012217247
238.0 0.6509042497942625
238.0 0.6529008790321631
238.0 0.6540023614984319
238.0 0.6485736264860987
238.0 0.6491910954277597
238.0 0.6485736264860985
238.0 0.654946489326664
238.0 0.6483375945290419
238.0 0.6516420419278527
238.0 0.6467640481486545
238.0 0.6522714604800076
238.0 0.64849494916708
238.0 0.6481015625719839
238.0 0.6457465740245769
238.0 0.650619236780601
238.0 0.6475003021399762
238.0 0.6484949491670786
238.0 0.6474721440198281
238.0 0.6450966043690989
238.0 0.6470193648999002
238.0 0.65415971613647
238.0 0.6505405594615817
238.0 0.6547891346886247
238.0 0.6578575501303763
238.0 0.6565200357070486
238.0 0.6535302975843159
238.0 0.6555759078788187
238.0 0.651878073884913
238.0 0.648180239891004
238.0 0.6529795563511814
238.0 0.6530153344761416
238.0 0.6515417478754882
238.0 0.6516316304596264
238.0 0.6558906171548972
238.0 0.6567273875802019
238.0 0.6567560676641081
238.0 0.6580149047684177
238.0 0.6578575501303802
238.0 0.6575428408543028
238.0 0.6558119398358774
238.0 0.6554972305598008
238.0 0.6551825212837235
238.0 0.6552611986027433
238.0 0.6558119398358783
238.0 0.6558906171548975
238.0 0.6558119398358779
238.0 0.655811939835878
238.0 0.6573068088972445
238.0 0.6571494542592059
238.0 0.6581722594064567
238.0 0.6577788728113607
238.0 0.6572281315782263
238.0 0.6567560676641104
238.0 0.6541180702635615
238.0 0.6589326350003903
238.0 0.6598729421987097
238.0 0.6599668118488712
238.0 0.6597620142964943
238.0 0.6580029551579198
238.0 0.6565184975647815
238.0 0.6566550292663641
238.0 0.6560984909918036
238.0 0.6556545851978358
238.0 0.6562840037499915
238.0 0.6508552687376586
238.0 0.6535302975843164
238.0 0.6482959486561315
238.0 0.649027915999291
238.0 0.6469817837410304
238.0 0.6497611214550811
238.0 0.6537246836684629
238.0 0.6544921720644677
238.0 0.6546302419083184
238.0 0.6575027331236571
238.0 0.6563715543949714
238.0 0.6577684613431306
238.0 0.6549657741208511
238.0 0.6543503440302045
238.0 0.6525237009467192
238.0 0.6542279819872613
238.0 0.651582649403019
238.0 0.6560865413813096
238.0 0.6560865413813086
238.0 0.6541196084058271
238.0 0.654857400539416
238.0 0.6528310750391018
238.0 0.6514742758215858
238.0 0.6524184036498176
238.0 0.6513851870343388
238.0 0.6486314808686631
238.0 0.6475789794589972
238.0 0.6435560247207854
238.0 0.6475003021399773
238.0 0.6475596946648094
238.0 0.644402190435809
238.0 0.6470371115518231
238.0 0.645995021610384
238.0 0.6498502102423303
238.0 0.6504780906522175
238.0 0.6465056551128763
238.0 0.6479114353869972
238.0 0.6478520428621647
238.0 0.646180534368571
238.0 0.6476842767558973
238.0 0.65030145121999
238.0 0.6525830934715503
238.0 0.6546672733544289
238.0 0.6518051936073176
238.0 0.6459206031905242
238.0 0.6430336362404125
238.0 0.6417284803440904
238.0 0.6519683452867832
238.0 0.6495100636029953
238.0 0.6548392983598531
238.0 0.6535611764613544
238.0 0.6477093585915128
238.0 0.6396457024631653
238.0 0.6488374610356614
238.0 0.6444122463763935
238.0 0.6344021741328876
238.0 0.6272507502247276
238.0 0.6313226324661486
238.0 0.6458149503659776
238.0 0.6387756375271509
238.0 0.635675987680713
238.0 0.6395014800502445
238.0 0.6373698572530289
238.0 0.6266088111993046
238.0 0.6350079995401847
238.0 0.6376340473302387
238.0 0.6387444031224674
238.0 0.6356196714404172
238.0 0.6435764921295973
238.0 0.6429544087611337
238.0 0.6427376615982631
238.0 0.6462723439127074
238.0 0.6396025184479877
238.0 0.6411270837717725
238.0 0.6380289720676013
238.0 0.6386464410092599
238.0 0.6361094820064526
238.0 0.6380883645924307
238.0 0.6397093538871541
238.0 0.6367269509481112
238.0 0.6362043678351288
238.0 0.6238016799335365
238.0 0.6256874307207375
238.0 0.6206226574267264
238.0 0.6286869721066325
238.0 0.6298388401782541
238.0 0.6330082940177496
238.0 0.6219224827473637
238.0 0.6347156513428297
238.0 0.6367955723265489
238.0 0.6300054236698971
238.0 0.6303424940246963
238.0 0.6243880996148415
238.0 0.6329210989004143
238.0 0.6278217435315463
238.0 0.6263060515337234
238.0 0.619582986113242
238.0 0.6256453985768876
238.0 0.6312033301071068
238.0 0.628716890303173
238.0 0.6307729120659047
238.0 0.6315211156677194
238.0 0.6279374522966733
238.0 0.6346458473497688
238.0 0.6279494019071673
238.0 0.6364496286457877
238.0 0.6321208379574618
238.0 0.6310995709524758
238.0 0.6241343210058686
238.0 0.6337121309897653
238.0 0.6273940462472306
238.0 0.6310995709524758
238.0 0.6292306000902
238.0 0.6268093498525248
238.0 0.6206443608488698
238.0 0.6249373027057092
238.0 0.6215376139505836
238.0 0.6163464490375784
238.0 0.6216610134270463
238.0 0.6179199954179619
238.0 0.6292973277987257
238.0 0.6282922693033934
238.0 0.6268953623552346
238.0 0.6220397296547611
238.0 0.6212008991234271
238.0 0.6256037527039758
238.0 0.625510405017571
238.0 0.6314084831871252
238.0 0.6291800808913309
