194.0 0.9807283549306747
194.0 1.0090977052844674
194.0 1.0047091917458724
194.0 1.012029258699205
194.0 1.0125622532804195
194.0 1.0089985605566392
194.0 1.0152388202693432
194.0 1.0080641583435543
194.0 1.0185864516833332
194.0 1.0099716987942071
194.0 1.0146505256263414
194.0 1.0052507041254068
194.0 1.0146020665334958
194.0 1.0101143830648585
194.0 1.0192856742285459
194.0 1.0218982342658343
194.0 1.0211234106861355
194.0 1.0136074195063904
194.0 1.0170499367490533
194.0 1.0184260207607607
194.0 1.0150563837956887
194.0 1.0172786335224178
194.0 1.016668499764451
194.0 1.0226865455982963
194.0 1.0190585155974468
194.0 1.0175354884159324
194.0 1.0215777279483331
194.0 1.0243314341140106
194.0 1.0278422172074624
194.0 1.0263874558767394
194.0 1.0264854179899465
194.0 1.029585067836382
194.0 1.0294558713184903
194.0 1.0272336215917632
194.0 1.0224254318056238
194.0 1.0185984012938274
194.0 1.0256006826865478
194.0 1.023930712335219
194.0 1.0203397137804804
194.0 1.021383341864183
194.0 1.0151470107252039
194.0 1.0196316179093072
194.0 1.0217366207286387
194.0 1.0215584431541433
194.0 1.0171332284948746
194.0 1.0196019216468892
194.0 1.0208102395523269
194.0 1.0224832861881885
194.0 1.0242334720008002
194.0 1.029978454431479
194.0 1.0209305627442558
194.0 1.0285132816325275
194.0 1.027362818109653
194.0 1.0364284564487933
194.0 1.0306167463095934
194.0 1.0248524790847287
194.0 1.0249816756026184
194.0 1.0258471261118323
194.0 1.0279007296940967
194.0 1.0313352536489953
194.0 1.0349632836498435
194.0 1.0371188056680478
194.0 1.034256725920936
194.0 1.0374142301499372
194.0 1.0305588919270272
194.0 1.0330903842138408
194.0 1.0344526501473514
194.0 1.0305187841963848
194.0 1.0309611518480861
194.0 1.030745942827482
194.0 1.027420672492217
194.0 1.0311867723369155
194.0 1.0367447038671393
194.0 1.0268803427273088
194.0 1.0293666745874297
194.0 1.0197712258954217
194.0 1.0326045022215284
194.0 1.0291619849788696
194.0 1.0277176351163728
194.0 1.0254612385897464
194.0 1.0308543164089168
194.0 1.0294678209289845
194.0 1.0303911258207625
194.0 1.0250588147793702
194.0 1.0311482027485404
194.0 1.029326674800602
194.0 1.025793694517744
194.0 1.025284435268201
194.0 1.0261410124514523
194.0 1.026338474820135
194.0 1.0304593916715545
194.0 1.0293563775570118
194.0 1.0305720800976548
194.0 1.0383672313041286
194.0 1.038298965453337
194.0 1.0386923520484328
194.0 1.0360825127680318
194.0 1.037029716880799
194.0 1.041790463752601
194.0 1.0409146017751616
194.0 1.0392608399334888
194.0 1.037607078091816
194.0 1.0342046685797976
194.0 1.0328077616316378
194.0 1.0336539273466632
194.0 1.033172990106587
194.0 1.0348252138059923
194.0 1.033124009049983
194.0 1.033919655566137
194.0 1.0327306224548864
194.0 1.0335960729640985
194.0 1.0332813636880223
194.0 1.0323773435904333
194.0 1.031777621300695
194.0 1.0321798812217509
194.0 1.0278864303891355
194.0 1.032719358697468
194.0 1.0340978331406305
194.0 1.0344437768213908
194.0 1.0359668040029073
194.0 1.0367431657248742
194.0 1.0392712514017193
194.0 1.0344584471887774
194.0 1.0390321431601255
194.0 1.0384918133952183
194.0 1.0375669703611752
194.0 1.0336049462900603
194.0 1.0351696193444868
194.0 1.0328463312200147
194.0 1.0279297678524424
194.0 1.0316989439816753
194.0 1.0314733234928435
194.0 1.0317182287758613
194.0 1.0357218987198866
194.0 1.0361152853149829
194.0 1.03650867191008
194.0 1.0390664538493415
194.0 1.0343057069775397
194.0 1.0367545933716107
194.0 1.0345267130395703
194.0 1.036809893433397
194.0 1.0327379576385805
194.0 1.032669691787788
194.0 1.0340561872677192
194.0 1.0345297893241026
194.0 1.036171601555279
194.0 1.0372345144331752
194.0 1.0369495014195123
194.0 1.0373236032204216
194.0 1.03383056677889
194.0 1.0337430161339103
194.0 1.0333303447446265
194.0 1.0333777876589632
194.0 1.0342432381681745
194.0 1.0349617455075766
194.0 1.0330943127875691
194.0 1.0355228982089397
194.0 1.0368916470369505
194.0 1.0401648600310796
194.0 1.039447890833944
194.0 1.0417889256103368
194.0 1.0388778648066221
194.0 1.0359965002653222
194.0 1.0330453317309658
194.0 1.0292881052122256
194.0 1.028254888596746
194.0 1.0291396239001465
194.0 1.033024508794509
194.0 1.0323060014551066
194.0 1.0254298402957438
194.0 1.0248656113098473
194.0 1.0239784855749883
194.0 1.0214647399400953
194.0 1.0154050482333417
194.0 1.0179138491159991
194.0 1.0132036214430706
194.0 1.0149136995250392
194.0 1.0196759845391081
194.0 1.0209139987069602
194.0 1.0151674781340163
194.0 1.0026875179096488
194.0 1.0023370569320824
194.0 1.0162260368701024
194.0 1.0151253384938503
194.0 1.0157598374910592
194.0 1.01886377398566
194.0 1.0208781498754789
194.0 1.0176018605968147
194.0 1.0123632527694733
194.0 1.0138229588524308
194.0 1.008000151391922
194.0 1.0202842246271653
194.0 1.0115911499466639
194.0 1.01260200548342
194.0 1.0070471502377327
194.0 1.0104167872027991
194.0 1.005687274735679
194.0 1.0143136217076543
194.0 1.0106115288145896
194.0 1.0083773294773675
194.0 0.9991971649877204
194.0 1.0143032102394276
194.0 1.0040720824823839
194.0 0.9948079378470449
194.0 1.0043306394074842
194.0 0.9943072215980286
194.0 0.99727493122974
194.0 0.9987313082736787
194.0 1.0025401819749071
194.0 1.0057289206085909
194.0 1.0008702116235835
194.0 1.001253186750454
194.0 0.995821375453583
194.0 1.0030137840312916
194.0 1.002800113152955
194.0 1.0067116180252
194.0 0.9990949439753531
194.0 0.9993919065995109
194.0 0.9953288441306575
194.0 0.9919160231504086
194.0 1.0030793291251938
194.0 1.0041287542503226
194.0 1.0046081533481348
194.0 0.9924413270202883
194.0 0.9927382896444461
194.0 0.9971708394874089
194.0 0.9985781579037956
194.0 0.9995253620165633
194.0 1.0050937050150108
194.0 0.9982055942451517
194.0 1.0028001131529565
194.0 0.99987284383959
194.0 0.9953080211942007
194.0 0.999039810349684
194.0 0.9961599839506537
194.0 1.0001131346958032
194.0 0.9912522939090385
194.0 0.996771655850888
194.0 0.9946651148892864
194.0 0.9928763594882981
194.0 0.9982665249122515
194.0 0.999565469747203
194.0 0.9960708951634056
194.0 1.0062009845227071
194.0 0.99420192430113
194.0 0.9939851771382598
194.0 0.9971530928354891
194.0 0.9922959219927481
194.0 0.9942509053577331
194.0 0.9908928624755158
194.0 0.9983525374149645
194.0 0.9952737105049876
194.0 0.9990563743869807
194.0 0.9994243236188202
