202.0 0.9015046857722342
202.0 0.9367313044823702
202.0 0.9375836253132594
202.0 0.9423382448182033
202.0 0.9416968766555537
202.0 0.9265464395718354
202.0 0.9453785021398068
202.0 0.9354204377859304
202.0 0.9469674047406561
202.0 0.9434381891422052
202.0 0.9487245954115281
202.0 0.9372940230750064
202.0 0.9438827807892517
202.0 0.9448366342326332
202.0 0.9518716881723017
202.0 0.9443275388724098
202.0 0.9451247235308304
202.0 0.9463226299680384
202.0 0.9365589516983068
202.0 0.9467144784208704
202.0 0.9490065321406549
202.0 0.947915461142615
202.0 0.941475870593524
202.0 0.950995826194861
202.0 0.9531231900929173
202.0 0.9503575343167464
202.0 0.9499359896015017
202.0 0.9574207463765638
202.0 0.9521493660022695
202.0 0.9532003292696706
202.0 0.9463152947843488
202.0 0.9604505922299424
202.0 0.9503991801896592
202.0 0.9608929598816436
202.0 0.9556200413650796
202.0 0.9585993680195865
202.0 0.9590922548701588
202.0 0.9543716157290004
202.0 0.9565360110731665
202.0 0.9597128000963517
202.0 0.9409579019073413
202.0 0.9621221007235351
202.0 0.9496212803254256
202.0 0.9523452902286853
202.0 0.9541371219142082
202.0 0.9548243948489284
202.0 0.9542023114804659
202.0 0.9548470862530828
202.0 0.957781360424711
202.0 0.9569783787248642
202.0 0.9509989024793964
202.0 0.9566443846545994
202.0 0.9533488105817486
202.0 0.9574504426389783
202.0 0.957156556299357
202.0 0.9555043325999516
202.0 0.9531737092917891
202.0 0.9603036490601287
202.0 0.9543241728146618
202.0 0.957156556299358
202.0 0.9644735469681556
202.0 0.9573139109373963
202.0 0.9593595212318989
202.0 0.9542454954956447
202.0 0.9577072975324945
202.0 0.9610895422121253
202.0 0.960637643130398
202.0 0.9638040206853583
202.0 0.9661257706675611
202.0 0.9656328838169892
202.0 0.9657308459301978
202.0 0.9631626525227072
202.0 0.9645105784142645
202.0 0.9647955914279251
202.0 0.9651360683926911
202.0 0.9637654510969822
202.0 0.9581064811690153
202.0 0.958167411836115
202.0 0.9558529970376048
202.0 0.9562900618626311
202.0 0.953091955688234
202.0 0.9567512200937668
202.0 0.9558946429105153
202.0 0.9578037215034338
202.0 0.9599295472592227
202.0 0.9635575772600714
202.0 0.9550042770018017
202.0 0.9609211180017894
202.0 0.9615713594904008
202.0 0.9616781949295692
202.0 0.9598597432661641
202.0 0.9622246495145387
202.0 0.9613332674273155
202.0 0.9605558895268407
202.0 0.9619335116808125
202.0 0.9604328178290136
202.0 0.9582807301697848
202.0 0.9533977916383539
202.0 0.952976246923109
202.0 0.9524359171582002
202.0 0.9521998852011431
202.0 0.9528293037532978
202.0 0.9525145944772193
202.0 0.9557403645570116
202.0 0.9554256552809344
202.0 0.9537734315815278
202.0 0.9549535913668179
202.0 0.951570466648988
202.0 0.9523572398391807
202.0 0.9495248563544862
202.0 0.9510197254158526
202.0 0.9506263388207568
202.0 0.9488954378023311
202.0 0.9542454954956437
202.0 0.962779677395839
202.0 0.9595089177201644
202.0 0.9641226307861558
202.0 0.9609639464893277
202.0 0.9602485154344601
202.0 0.9580069809135425
202.0 0.9579402532050177
202.0 0.9570049987027455
202.0 0.9565121118521739
202.0 0.9608497758664637
202.0 0.9609315294700168
202.0 0.9630751018777268
202.0 0.9623180249499503
202.0 0.9603406805062404
202.0 0.9557550349243975
202.0 0.9548109070961652
202.0 0.9583232283318842
202.0 0.9586306024242671
202.0 0.9585415136370209
202.0 0.9609018332076001
202.0 0.9582372158291715
202.0 0.9626431456942536
202.0 0.965141535108683
202.0 0.9605777286418042
202.0 0.9523668297615098
202.0 0.9555947678911424
202.0 0.9596383816764904
202.0 0.9625405691542439
202.0 0.9629131328128845
202.0 0.9602292306402662
202.0 0.9611155040859342
202.0 0.9586749690540685
202.0 0.9581523859410812
202.0 0.9566872131421301
202.0 0.9555857306758604
202.0 0.9533546076231701
202.0 0.9500397487561317
202.0 0.9518701500300313
202.0 0.9499433247851913
202.0 0.9515168711655774
202.0 0.951536155959766
202.0 0.9524120179372068
202.0 0.951772187916824
202.0 0.9511917504212732
202.0 0.9495202419276796
202.0 0.9504554964299516
202.0 0.9546624257840841
202.0 0.9535921777224976
202.0 0.950836933414553
202.0 0.9561885292501336
202.0 0.9577323793681031
202.0 0.9597779896626059
202.0 0.957062853085307
202.0 0.9585858802668229
202.0 0.9634148929894154
202.0 0.9570133500649437
202.0 0.9510891461322583
202.0 0.947134457244838
202.0 0.9550913056830216
202.0 0.9453723495707363
202.0 0.9490123291820806
202.0 0.9491311142317426
202.0 0.9507937493993764
202.0 0.9551923440807666
202.0 0.9550839704993318
202.0 0.9581790059189662
202.0 0.940879171637104
202.0 0.9318854512349696
202.0 0.9475970540080414
202.0 0.9398260121233695
202.0 0.9446326637672405
202.0 0.9406201204972545
202.0 0.9400084485970182
202.0 0.9450171770363733
202.0 0.9401584680513678
202.0 0.9390423152177104
202.0 0.9364710455256872
202.0 0.9377029071244665
202.0 0.9393716948611724
202.0 0.9435832386421055
202.0 0.9325402558592536
202.0 0.9362380898531627
202.0 0.9452177156895895
202.0 0.946025311816241
202.0 0.9432122131257309
202.0 0.9491546579250912
202.0 0.9426363900569847
202.0 0.948666385501321
202.0 0.9555305970501916
202.0 0.9505145334271419
202.0 0.943003156674202
202.0 0.9445529677229123
202.0 0.9322798101891931
202.0 0.9240866890346701
202.0 0.9231756805020412
202.0 0.9178936087622903
202.0 0.9227199058215819
202.0 0.9264431771787489
202.0 0.9218205001507931
202.0 0.9181153309731999
202.0 0.9213160192173748
202.0 0.9232339711362568
202.0 0.9243905872282004
202.0 0.93664188791649
202.0 0.9207058854594096
202.0 0.9209924366153402
202.0 0.9146997892360612
202.0 0.9292550932546337
202.0 0.9248298785953665
202.0 0.9139766674698582
202.0 0.9223773939530037
202.0 0.9234507182991275
202.0 0.9283969779291161
202.0 0.9289997765033896
202.0 0.9250998657139973
202.0 0.9316894757174339
202.0 0.9267478305142456
202.0 0.9259209495934124
202.0 0.9226477365992841
202.0 0.9248966063038895
202.0 0.9205307841694538
202.0 0.921365000273983
202.0 0.9252498851683442
202.0 0.9186247818610671
202.0 0.9220642228191959
202.0 0.9218474756563271
202.0 0.9197424728369902
202.0 0.9133503252022381
202.0 0.9294286564023271
202.0 0.9169205008205215
202.0 0.9233022369870496
202.0 0.917588488961052
202.0 0.9178364705286067
202.0 0.9345071888347395
202.0 0.9347135245293821
202.0 0.9182923259330685
202.0 0.9314892925918592
202.0 0.9218266527198711
202.0 0.9230588698462983
202.0 0.9287355864261819
