112.0 1.1729744226510066
112.0 1.2209544303308733
112.0 1.2350670363723122
112.0 1.2265980440383755
112.0 1.2357485122656058
112.0 1.2218550438184939
112.0 1.236617039059352
112.0 1.2337919907583492
112.0 1.2418749316808837
112.0 1.2446614103935096
112.0 1.229945675452365
112.0 1.2352764483514895
112.0 1.2421140399224753
112.0 1.2327379512064145
112.0 1.2398131128767294
112.0 1.2418483117030032
112.0 1.2395385113312969
112.0 1.2403831389040516
112.0 1.2391347132679709
112.0 1.239646884912728
112.0 1.2405998860669225
112.0 1.2390857322113666
112.0 1.245194404974723
112.0 1.2434812506082173
112.0 1.2394509606863147
112.0 1.2448411261102716
112.0 1.2419790463631613
112.0 1.2357515885501422
112.0 1.2426366230354635
112.0 1.243068579218935
112.0 1.2437430502539675
112.0 1.2319928238891338
112.0 1.2427554080851273
112.0 1.2373741159871312
112.0 1.2429810285739564
112.0 1.2390649092749126
112.0 1.2406577404494856
112.0 1.243227471999242
112.0 1.2436297319202991
112.0 1.246796109475259
112.0 1.2506127285188289
112.0 1.2513890902407947
112.0 1.2539083025916806
112.0 1.2449865311378157
112.0 1.2527875353312234
112.0 1.2508294756816989
112.0 1.2512035774826071
112.0 1.248313339615348
112.0 1.2442606886147205
112.0 1.2478991300837967
112.0 1.243000313368144
112.0 1.2458342349951073
112.0 1.244416505110491
112.0 1.2420280274197646
112.0 1.2421155780647426
112.0 1.2429320475173529
112.0 1.2466105967170724
112.0 1.241299108612135
112.0 1.2445342462326383
112.0 1.2469550022555642
112.0 1.2481914782811505
112.0 1.249361226598214
112.0 1.2454674683778915
112.0 1.2510045769716576
112.0 1.2477683954236378
112.0 1.2481706553446956
112.0 1.2427982365726586
112.0 1.2398204480604207
112.0 1.241680545596735
112.0 1.2424657806446624
112.0 1.2406681519177138
112.0 1.234044231225062
112.0 1.2398366565700756
112.0 1.2453101137398523
112.0 1.2430818753333728
112.0 1.2442190427418114
112.0 1.2533278650961281
112.0 1.2478115794388183
112.0 1.2498348286545962
112.0 1.2424287491985526
112.0 1.252964174763448
112.0 1.2527875353312223
112.0 1.25109674204344
112.0 1.251420324645478
112.0 1.2499254555841108
112.0 1.2489709162876523
112.0 1.2457258614136728
112.0 1.2445352901601552
112.0 1.2503485384416244
112.0 1.2518418693607243
112.0 1.2568980407144152
112.0 1.249243843998001
112.0 1.2382767383144904
112.0 1.2486457955433472
112.0 1.2535149159965857
112.0 1.2576342947057382
112.0 1.2592078410861236
112.0 1.2570569334947204
112.0 1.2568209015376621
112.0 1.2553661402069392
112.0 1.2558382041210547
112.0 1.255444817525958
112.0 1.256074236078113
112.0 1.2532418525934181
112.0 1.2542052652158375
112.0 1.2556704380147887
112.0 1.2561216789924494
112.0 1.2561617867230928
112.0 1.256644262105437
112.0 1.254736721654785
112.0 1.254894076292823
112.0 1.2549727536118414
112.0 1.254077606840214
112.0 1.253339814706625
112.0 1.246563153802736
112.0 1.240705347253142
112.0 1.248222712685834
112.0 1.2509883684620051
112.0 1.2531527638061708
112.0 1.2573716427707988
112.0 1.2515792174257847
112.0 1.2529464281115301
112.0 1.2390640610876043
112.0 1.2523733257996716
112.0 1.2545674174062516
112.0 1.2503574117675862
112.0 1.2545257715333422
112.0 1.257078086756609
112.0 1.252297011163107
112.0 1.2517745919394385
112.0 1.2491518146190368
112.0 1.2500188032705188
112.0 1.2523702495151379
112.0 1.2521045212956647
112.0 1.2509644692410196
112.0 1.2513474443678863
112.0 1.2585487262715538
112.0 1.248770377634435
112.0 1.2416009387880131
112.0 1.2522598158276805
112.0 1.254865562645034
112.0 1.2494264161644728
112.0 1.2498599104902148
112.0 1.252043590628567
112.0 1.2539140996331095
112.0 1.2525067812167223
112.0 1.2530694720603528
112.0 1.2522915721961194
112.0 1.255645000651535
112.0 1.2542376822351458
112.0 1.254778012000054
112.0 1.2549457781063198
112.0 1.254473714192203
112.0 1.2575108952292735
112.0 1.2526922939749079
112.0 1.2572659899462562
112.0 1.2549828095524296
112.0 1.253223750413857
112.0 1.253379566909627
112.0 1.2507134113889316
112.0 1.247361521075783
112.0 1.2474787679831778
112.0 1.2495452012141346
112.0 1.2537536687105342
112.0 1.2515908115086365
112.0 1.2507446457936113
112.0 1.2457374554965261
112.0 1.2437007185279834
112.0 1.2403681130090245
112.0 1.2330465079134272
112.0 1.2338027325520138
112.0 1.2253392069340698
112.0 1.2213621569679276
112.0 1.2248120093942783
112.0 1.2257962449531525
112.0 1.223063361723932
112.0 1.2200528006647413
112.0 1.230163605229855
112.0 1.2189200837937875
112.0 1.21943651433771
112.0 1.2234828870701462
112.0 1.2085966045361185
112.0 1.2183560173081998
112.0 1.216283624535511
112.0 1.209937381672826
112.0 1.222537702326409
112.0 1.2144620965875728
112.0 1.2083889171280524
112.0 1.2210605799169665
112.0 1.212809872888167
112.0 1.215827769131047
112.0 1.2091000892837616
112.0 1.2183060214620984
112.0 1.2155635790538424
112.0 1.2065631302809527
112.0 1.2285067671036505
112.0 1.2080120945702504
112.0 1.2142572990351934
112.0 1.2154686932251666
112.0 1.2122062220247005
112.0 1.207274632762096
112.0 1.2063578107648212
112.0 1.2097969213975213
112.0 1.210414390339179
112.0 1.2014136112408587
112.0 1.2208661938328154
112.0 1.2052262720947604
112.0 1.2075898656868613
112.0 1.2080004927038068
112.0 1.2039844149146304
112.0 1.209867905458404
112.0 1.2137712228577637
112.0 1.2053539600863263
112.0 1.215137775439437
112.0 1.210158743262498
112.0 1.2146047808582212
112.0 1.2074065752390897
112.0 1.2021930492473571
112.0 1.212045460776692
112.0 1.207874024726405
112.0 1.207364929366178
112.0 1.200579395136331
112.0 1.2105729527940488
112.0 1.201995586878677
112.0 1.205623616879524
112.0 1.206549998055838
112.0 1.2046439957474542
112.0 1.2033820823586083
112.0 1.2094194129866394
112.0 1.209055722653958
112.0 1.2072951253731214
112.0 1.2021039604601118
112.0 1.200883692944179
112.0 1.210387440035865
112.0 1.1980601827854476
112.0 1.1997791341933737
112.0 1.2094016663347231
112.0 1.2060274149428545
112.0 1.2136575767454563
112.0 1.21125135240281
112.0 1.1963204084410581
112.0 1.204945217270767
112.0 1.2154494084309821
112.0 1.1979251892261302
112.0 1.2089207290946449
112.0 1.2045741917543933
112.0 1.2019909724518787
112.0 1.2112274531818203
112.0 1.2047774511645057
112.0 1.2058893450990014
112.0 1.2069048150625619
112.0 1.2089816597617478
112.0 1.202963613927902
112.0 1.209688217490652
