171.0 1.1736568471758888
171.0 1.206728641755973
171.0 1.2172567321371757
171.0 1.2188036585396815
171.0 1.222069536350115
171.0 1.2056672670203454
171.0 1.2212738898339615
171.0 1.2217459537480784
171.0 1.2212931746281495
171.0 1.2273929740655476
171.0 1.2233283734544254
171.0 1.2159577873022245
171.0 1.2226025309313302
171.0 1.222081485960611
171.0 1.2257110541037268
171.0 1.2270292837328662
171.0 1.2169956183445028
171.0 1.226676004868414
171.0 1.223317961986198
171.0 1.2333739884532835
171.0 1.230354554068133
171.0 1.227618594554379
171.0 1.2255047184090844
171.0 1.2266922133780662
171.0 1.2241286343973798
171.0 1.2214728903449132
171.0 1.2258788202099915
171.0 1.2281307661991379
171.0 1.2318197268670843
171.0 1.2279749497033658
171.0 1.2209559100882301
171.0 1.2226812082503493
171.0 1.2271287839883422
171.0 1.2264577195632764
171.0 1.2252895093884832
171.0 1.230393123656511
171.0 1.230580174556964
171.0 1.2299210597423922
171.0 1.2371697845603977
171.0 1.2301378069052626
171.0 1.220086394864981
171.0 1.2274226703279647
171.0 1.2299908637354535
171.0 1.225397882969916
171.0 1.2340435147360813
171.0 1.2268526443006416
171.0 1.2236253360785807
171.0 1.2205965064037134
171.0 1.2347901801956291
171.0 1.2319577967109356
171.0 1.2354982760668052
171.0 1.2369916069859042
171.0 1.2383009632890845
171.0 1.2381139123886309
171.0 1.2353899024853705
171.0 1.2287023303687303
171.0 1.226095567372863
171.0 1.2301867879618675
171.0 1.2312515693074635
171.0 1.237610614069832
171.0 1.2334511276300353
171.0 1.2321996257094188
171.0 1.236460150546958
171.0 1.2385948496287071
171.0 1.239795832350451
171.0 1.2331942727365224
171.0 1.2386750650899943
171.0 1.2395301041309772
171.0 1.2371400882979833
171.0 1.2394722497484132
171.0 1.2390001858342985
171.0 1.2380070769494613
171.0 1.2418622655814096
171.0 1.2390194706284852
171.0 1.2341518948115084
171.0 1.2290957169638255
171.0 1.2301971994300953
171.0 1.2278353417172483
171.0 1.2359391055762352
171.0 1.2361850270377652
171.0 1.2357030736191785
171.0 1.236718543582738
171.0 1.2318687079236885
171.0 1.2304984209534104
171.0 1.2311976434986232
171.0 1.2331364183539566
171.0 1.2298754852957565
171.0 1.2313758210731167
171.0 1.2319874929733514
171.0 1.232588753405358
171.0 1.2340836224667247
171.0 1.2279368743297436
171.0 1.2290222002846674
171.0 1.233598070799845
171.0 1.2332239689989362
171.0 1.23478419151588
171.0 1.2372013492905136
171.0 1.2340790080399209
171.0 1.2358781749091372
171.0 1.2348553697618863
171.0 1.2353764147326056
171.0 1.2350601673142612
171.0 1.2328853605018684
171.0 1.2340655202871578
171.0 1.2349309707963698
171.0 1.232885360501868
171.0 1.2328572023817201
171.0 1.2294844891321175
171.0 1.2287482351407948
171.0 1.2313758210731152
171.0 1.23074640252096
171.0 1.2294756158061564
171.0 1.224171462884912
171.0 1.215969736912718
171.0 1.2186111409232312
171.0 1.231516309544925
171.0 1.2349019603870333
171.0 1.2336871595870929
171.0 1.2373167277302088
171.0 1.2341013691186442
171.0 1.2365804737388884
171.0 1.2352236745213714
171.0 1.2308812018951587
171.0 1.2291030521475175
171.0 1.2324684302134272
171.0 1.2370911072413775
171.0 1.2360771754200883
171.0 1.2370614109789626
171.0 1.2371875312123195
171.0 1.2373143372987516
171.0 1.2381613553029658
171.0 1.2351716171802314
171.0 1.2369514992552597
171.0 1.2368535371420522
171.0 1.2346787303296598
171.0 1.2381613553029645
171.0 1.2444482056408166
171.0 1.2385018322677301
171.0 1.2299833369134332
171.0 1.2339864848937003
171.0 1.2341071661600675
171.0 1.2356614277462676
171.0 1.2289456975094764
171.0 1.240000629902824
171.0 1.2350736550670227
171.0 1.2338044064944858
171.0 1.2360177828952539
171.0 1.2373360125243926
171.0 1.2339632992747913
171.0 1.2354477568679296
171.0 1.2396280662441816
171.0 1.2367763979652975
171.0 1.2356051115059683
171.0 1.2325663923266301
171.0 1.2351627438542678
171.0 1.2346104644788667
171.0 1.2378763422893004
171.0 1.2340018688631658
171.0 1.2367555750288417
171.0 1.2392034452444023
171.0 1.239322230294065
171.0 1.2362434033840843
171.0 1.2369322144610702
171.0 1.236028194363482
171.0 1.2416810117223775
171.0 1.239458761995649
171.0 1.241060466496183
171.0 1.235137306491012
171.0 1.2291458806350501
171.0 1.2198296786585723
171.0 1.2110595792391268
171.0 1.2081120609513716
171.0 1.2150090450471878
171.0 1.2120848520183554
171.0 1.2156743124308298
171.0 1.2117716808845442
171.0 1.218623942822915
171.0 1.2176816834623858
171.0 1.2105437226572753
171.0 1.2053718425384548
171.0 1.2000038826375135
171.0 1.1860569956533669
171.0 1.1896077386667174
171.0 1.2007831206720845
171.0 1.198011312326841
171.0 1.1907108856953426
171.0 1.1942023839946108
171.0 1.2015907167987314
171.0 1.2074275087735473
171.0 1.1986588330585606
171.0 1.2041616309631096
171.0 1.205033234041392
171.0 1.2097388472875197
171.0 1.18316673639545
171.0 1.20471698662305
171.0 1.2058809378986803
171.0 1.2025244331587381
171.0 1.214806968251709
171.0 1.2017480714367688
171.0 1.1992512201646064
171.0 1.2038218398514189
171.0 1.2013323237629523
171.0 1.2045418853330871
171.0 1.2006627974801505
171.0 1.1989206327043105
171.0 1.1868853933258137
171.0 1.1867339996185187
171.0 1.1781256216800855
171.0 1.170534989698856
171.0 1.1729323407155487
171.0 1.1680246506739302
171.0 1.1808608393952542
171.0 1.1788688245841605
171.0 1.1832928566288037
171.0 1.182556602637486
171.0 1.1748743834937412
171.0 1.183193356373331
171.0 1.188504844478269
171.0 1.183959306627068
171.0 1.1758512838689241
171.0 1.1854811511939618
171.0 1.1831416545598379
171.0 1.1816660702926558
171.0 1.1759676784871287
171.0 1.1861877089228674
171.0 1.1840649594516115
171.0 1.176803432733926
171.0 1.1817996895990268
171.0 1.1825557503482966
171.0 1.1865370592135935
171.0 1.179003321381932
171.0 1.1868205340849882
171.0 1.1850020824215846
171.0 1.1786068585022966
171.0 1.1827871678785487
171.0 1.1777301442356676
171.0 1.1822340362139574
171.0 1.1886464848214078
171.0 1.1768711766209612
171.0 1.1799593710716476
171.0 1.1732129283939374
171.0 1.1751551098592408
171.0 1.1801355162891238
171.0 1.177151575207815
171.0 1.1782767930057567
171.0 1.1888461737322251
171.0 1.177213880127862
171.0 1.1733452037431533
171.0 1.1737652103161311
171.0 1.1728955009077588
171.0 1.1764687528105797
171.0 1.180289630753309
171.0 1.1880107750130744
171.0 1.1850075491375742
