169.0 1.132733346796628
169.0 1.1602479819408724
169.0 1.169677666140339
169.0 1.1698766666512883
169.0 1.1757774655777369
169.0 1.1536421634277845
169.0 1.1766756886338976
169.0 1.167192764478671
169.0 1.1761515673786442
169.0 1.1754345981815109
169.0 1.1644938364110247
169.0 1.1661653449046188
169.0 1.1676979312651687
169.0 1.1714428778479824
169.0 1.1784362859147397
169.0 1.1828823235104642
169.0 1.171806568180662
169.0 1.1756632949548764
169.0 1.1779939182630412
169.0 1.1738313555387099
169.0 1.1745706858145655
169.0 1.1735864502556896
169.0 1.175073984133364
169.0 1.1733978612129667
169.0 1.176254143918654
169.0 1.1731753170086747
169.0 1.1765094606698996
169.0 1.1823836396184677
169.0 1.1850081492662525
169.0 1.1828140576596722
169.0 1.1762172486128588
169.0 1.1785060899077984
169.0 1.1822752660370321
169.0 1.1800426048420758
169.0 1.181498904315067
169.0 1.1822351583063904
169.0 1.1822648545688048
169.0 1.181409815527821
169.0 1.1867687465470946
169.0 1.1816844170732546
169.0 1.1733519564408998
169.0 1.1783190390073452
169.0 1.1778782094979143
169.0 1.1762244476562396
169.0 1.185983511499168
169.0 1.1768924357967703
169.0 1.1814067392432857
169.0 1.1730768329317078
169.0 1.1859121693638413
169.0 1.1856375678184095
169.0 1.1810164289327243
169.0 1.192826900111581
169.0 1.1897704342803233
169.0 1.189277547429753
169.0 1.1852650041597665
169.0 1.1785743557585913
169.0 1.1902617829886268
169.0 1.1921693234392772
169.0 1.1891631851685665
169.0 1.1885590400903518
169.0 1.1835919575239067
169.0 1.1820450311214
169.0 1.1864821953911646
169.0 1.1859700237464064
169.0 1.1871976264460318
169.0 1.1759838012723791
169.0 1.1820643159155881
169.0 1.1826343419429117
169.0 1.1791710017637953
169.0 1.180323003428935
169.0 1.1823508670715184
169.0 1.179644603820177
169.0 1.1836289889700136
169.0 1.177695417496616
169.0 1.177773078637124
169.0 1.174166887751242
169.0 1.1849977377980252
169.0 1.1741549381407475
169.0 1.1865149679381135
169.0 1.1885535733743569
169.0 1.187375804020525
169.0 1.1885575019480827
169.0 1.1885486286221227
169.0 1.1887460909908039
169.0 1.1903493336336064
169.0 1.1944984086051742
169.0 1.1916542393993028
169.0 1.1870522214184878
169.0 1.183520615388579
169.0 1.1797456422179204
169.0 1.183347052240887
169.0 1.1778573865614563
169.0 1.181322595208271
169.0 1.183679508168882
169.0 1.1846220978548472
169.0 1.18389982583104
169.0 1.1868122608877043
169.0 1.1853213204000614
169.0 1.1880869761762332
169.0 1.1887268061966152
169.0 1.1846267122816512
169.0 1.1839379012046654
169.0 1.1817453477403534
169.0 1.1822768041793001
169.0 1.1840670977225576
169.0 1.1826019249236064
169.0 1.1831036851001382
169.0 1.181530138719752
169.0 1.184116078779161
169.0 1.1840358633178723
169.0 1.1843297496574934
169.0 1.184647535218104
169.0 1.18467723148052
169.0 1.1857787139467904
169.0 1.1899856433009253
169.0 1.1850107100810234
169.0 1.188667413671785
169.0 1.1922865703466714
169.0 1.1967920004672286
169.0 1.199318548001806
169.0 1.194811579738982
169.0 1.197176513736365
169.0 1.1941213944090496
169.0 1.1930066158283406
169.0 1.1970577286867021
169.0 1.1954945937745431
169.0 1.1973828494310075
169.0 1.1928670078422232
169.0 1.1931327360616983
169.0 1.1920382307046817
169.0 1.1968988359063963
169.0 1.1948443522859342
169.0 1.1928388497220737
169.0 1.1937235850254755
169.0 1.1909208978031953
169.0 1.1869573355898142
169.0 1.1869083545332093
169.0 1.19032458212342
169.0 1.1890480850559932
169.0 1.1820639578411472
169.0 1.189952870753972
169.0 1.1926471843948157
169.0 1.192865469699954
169.0 1.1841025910263938
169.0 1.1926101529487076
169.0 1.1873684688368291
169.0 1.1909089481926989
169.0 1.1932395715008621
169.0 1.1902008523215246
169.0 1.1918233797585145
169.0 1.1930332358062203
169.0 1.1908703786043222
169.0 1.1900924787400888
169.0 1.1929649699554283
169.0 1.1928758811681808
169.0 1.1931119131252392
169.0 1.1928951659623694
169.0 1.1920297154531574
169.0 1.190141459796694
169.0 1.1943811616977746
169.0 1.1973813112887373
169.0 1.1916452021840205
169.0 1.187227322708444
169.0 1.1884564635503367
169.0 1.1813145741715003
169.0 1.1832710956787562
169.0 1.1828850442673517
169.0 1.1827558477494624
169.0 1.1823535878284035
169.0 1.1761133281156997
169.0 1.1638862292248258
169.0 1.1644699371900318
169.0 1.1773286508793968
169.0 1.1701825026014012
169.0 1.16707244128674
169.0 1.1689325388230538
169.0 1.1653504135942763
169.0 1.168763234574521
169.0 1.1655698815140378
169.0 1.1695276466859956
169.0 1.1571529909374627
169.0 1.1410176700995034
169.0 1.1544600898498385
169.0 1.1603309181590558
169.0 1.1605935700939927
169.0 1.1657716027818843
169.0 1.165033810648292
169.0 1.1614443502358198
169.0 1.1632894218771042
169.0 1.1576173197240212
169.0 1.1602121331093889
169.0 1.1629600422336386
169.0 1.1647056136194511
169.0 1.1564653180588762
169.0 1.1576959970430398
169.0 1.1511272099760583
169.0 1.1640263617215023
169.0 1.1623435894704903
169.0 1.1575381204412443
169.0 1.1611040371603707
169.0 1.1607451276906051
169.0 1.1629909211106793
169.0 1.1614131158311343
169.0 1.1594403858142288
169.0 1.1602657285927949
169.0 1.1542920493887538
169.0 1.1518725011826636
169.0 1.1354232831533078
169.0 1.1316749299605324
169.0 1.135813951538308
169.0 1.1394349766808982
169.0 1.1396998526111763
169.0 1.1444443909733297
169.0 1.130426504324449
169.0 1.1353852355286889
169.0 1.1418552081932722
169.0 1.1421614022178244
169.0 1.1464285763859778
169.0 1.1381763312149125
169.0 1.13646779127521
169.0 1.1331054894938375
169.0 1.1425186096560054
169.0 1.1391933393207392
169.0 1.1488023837093233
169.0 1.1409227021968964
169.0 1.141011790984142
169.0 1.1433944716334472
169.0 1.1356617332908308
169.0 1.1419975646852847
169.0 1.135789391666452
169.0 1.1401077708865561
169.0 1.135023441412716
169.0 1.1414526204935733
169.0 1.1364083987503824
169.0 1.1414927282242182
169.0 1.134346579946225
169.0 1.1358264231125599
169.0 1.1311979490431863
169.0 1.1412686458776558
169.0 1.1391211448962222
169.0 1.1246231732964538
169.0 1.135881034774477
169.0 1.1284833066806348
169.0 1.140954266927012
169.0 1.1346750795514888
169.0 1.1342666645145705
169.0 1.1332121307478826
169.0 1.1401604863317656
169.0 1.1453557437078132
169.0 1.1426836272563754
169.0 1.1373299990637737
169.0 1.1410978034868566
169.0 1.1395643648371143
169.0 1.1405975814525908
