90.0 1.5450268534106524
90.0 1.5873318638500307
90.0 1.5962918745668413
90.0 1.5970424686001168
90.0 1.5983726478397506
90.0 1.5846646921508265
90.0 1.5904736815331362
90.0 1.5943601045697662
90.0 1.592636538735035
90.0 1.5968881902466128
90.0 1.5937009897551964
90.0 1.5809313648530787
90.0 1.6019220005215795
90.0 1.6007834866092023
90.0 1.6039321175122438
90.0 1.604454700625228
90.0 1.592191780651877
90.0 1.5938093633366315
90.0 1.5906028780510273
90.0 1.594112123002214
90.0 1.5853268832499319
90.0 1.59824685793183
90.0 1.6032047368468798
90.0 1.6043150926391105
90.0 1.6049965685324032
90.0 1.6032938256341285
90.0 1.6035981234419763
90.0 1.605419651389916
90.0 1.6030666670030291
90.0 1.6002119224396107
90.0 1.6048733329452594
90.0 1.6066160196848598
90.0 1.6071208561459263
90.0 1.6096369922122757
90.0 1.6001328870461526
90.0 1.598823036528223
90.0 1.594437243746518
90.0 1.6011818179565338
90.0 1.6033928039258447
90.0 1.604089472150279
90.0 1.600643878623084
90.0 1.6080441610377012
90.0 1.6029968630099707
90.0 1.6080248762435145
90.0 1.602575318294725
90.0 1.6037658895482427
90.0 1.6044635739511885
90.0 1.606594344459213
90.0 1.6116039251877585
90.0 1.6089882888659328
90.0 1.60710003320947
90.0 1.6069426785714318
90.0 1.6068551279264522
90.0 1.6126741732493461
90.0 1.6084761172211746
90.0 1.6082416234063848
90.0 1.6064956964929282
90.0 1.6092613522690997
90.0 1.6076645925208
90.0 1.6067926591170851
90.0 1.60512268876576
90.0 1.6037554780800143
90.0 1.6048257261416021
90.0 1.6067837857911254
90.0 1.6057490310333782
90.0 1.6056348604105182
90.0 1.6087210225041917
90.0 1.6013608478202184
90.0 1.6104415120543896
90.0 1.6050127770420575
90.0 1.6061335443025144
90.0 1.6068802097620647
90.0 1.6080772639100853
90.0 1.6033189074697407
90.0 1.6027138823533285
90.0 1.6019088682964628
90.0 1.6050054418583635
90.0 1.6029494200956327
90.0 1.6064305069266722
90.0 1.6087210225041935
90.0 1.6099902710767304
90.0 1.605378005517007
90.0 1.608655832937938
90.0 1.6092347322912215
90.0 1.6026138878831053
90.0 1.6101298790628493
90.0 1.60561197736804
90.0 1.6004197962765216
90.0 1.6024877676497462
90.0 1.6000264096814252
90.0 1.6015004558063364
90.0 1.5907725126249932
90.0 1.5855261061425017
90.0 1.6011101454957748
90.0 1.6094306565176324
90.0 1.6071128351091568
90.0 1.6102947327738997
90.0 1.6082296737958905
90.0 1.608829396085629
90.0 1.6022768175283035
90.0 1.5990792055686607
90.0 1.6008116447293512
90.0 1.6026717422656669
90.0 1.602000677840603
90.0 1.607076133988481
90.0 1.6059449552597955
90.0 1.6042838582344328
90.0 1.60702715293188
90.0 1.6063769114432693
90.0 1.6101356761042758
90.0 1.6090253203120457
90.0 1.603025021130124
90.0 1.6064926202083962
90.0 1.6031345773261783
90.0 1.5956050983936683
90.0 1.5923370590273915
90.0 1.6016156426077084
90.0 1.6058512520457464
90.0 1.6093161303671295
90.0 1.614503036380979
90.0 1.6158139308264265
90.0 1.6126579647396933
90.0 1.610787455735149
90.0 1.6123447936058823
90.0 1.619021954254296
90.0 1.6175078003987426
90.0 1.613161263058493
90.0 1.6101923478722153
90.0 1.6057671332129466
90.0 1.6088444219806604
90.0 1.6049402522921083
90.0 1.6042321564209356
90.0 1.603267205656249
90.0 1.600394714440912
90.0 1.6038164087471187
90.0 1.6029806545003207
90.0 1.602603476414878
90.0 1.6017230000106355
90.0 1.601013178306071
90.0 1.6061905186468877
90.0 1.6060756899199553
90.0 1.608635010001485
90.0 1.6083692817820106
90.0 1.6065967348906744
90.0 1.6017364877633975
90.0 1.5991949143337891
90.0 1.6032252042556927
90.0 1.6017287970520606
90.0 1.6045553834953334
90.0 1.6069959185271998
90.0 1.6046178523047008
90.0 1.5978203684643586
90.0 1.5966907278779412
90.0 1.5928548240401816
90.0 1.593209641046901
90.0 1.5996434345545645
90.0 1.6026894889175938
90.0 1.6040181300149627
90.0 1.604507940580997
90.0 1.6093489029140864
90.0 1.6066545892732422
90.0 1.6045866179000166
90.0 1.6062581263936118
90.0 1.6028171472932173
90.0 1.6061705757486309
90.0 1.6037227055330714
90.0 1.6043891555313339
90.0 1.604751307721748
90.0 1.601387467798105
90.0 1.595369421964263
90.0 1.5915971695504927
90.0 1.586846834146918
90.0 1.589456673427318
90.0 1.5922994683802392
90.0 1.595257972098288
90.0 1.5969533798128734
90.0 1.5986264264487322
90.0 1.6033173693274747
90.0 1.5980726089310626
90.0 1.591002061687551
90.0 1.5807929394815852
90.0 1.5714702546106092
90.0 1.558384382290143
90.0 1.5631708968506373
90.0 1.5590486334952738
90.0 1.5670513589565185
90.0 1.5597502464719468
90.0 1.5678731286890084
90.0 1.579591956759839
90.0 1.5741795941464816
90.0 1.5697944872178569
90.0 1.5669679007745863
90.0 1.571918610942057
90.0 1.5811670412824963
90.0 1.5768713534665486
90.0 1.5738099428830536
90.0 1.5700021971654465
90.0 1.5719394338785115
90.0 1.5667185727030846
90.0 1.5781163724926617
90.0 1.5777245240398314
90.0 1.5745936397887093
90.0 1.5751389143058543
90.0 1.5706500482225951
90.0 1.5594751229627555
90.0 1.559053578247509
90.0 1.5568509240703168
90.0 1.558056187109202
90.0 1.5539857801465056
90.0 1.5529161738494313
90.0 1.5525852495697048
90.0 1.5458729839876895
90.0 1.5396535472114383
90.0 1.5568299542678308
90.0 1.5431967750732052
90.0 1.5593281797929397
90.0 1.5569990946270431
90.0 1.5585012988721016
90.0 1.5577979838638443
90.0 1.550136587656554
90.0 1.553809339814848
90.0 1.5511802157402648
90.0 1.5539501304155912
90.0 1.546471526209599
90.0 1.5481029269725504
90.0 1.5527761231993698
90.0 1.552552371178242
90.0 1.5496100759698432
90.0 1.55308330565343
90.0 1.5495843082811527
90.0 1.5454398477363869
90.0 1.5443190804759295
90.0 1.5538047253880491
90.0 1.5508888837214156
90.0 1.552484957616641
90.0 1.5539887000039667
90.0 1.542064388527684
90.0 1.540092510799966
90.0 1.5511547783770039
90.0 1.5485125220772993
90.0 1.5411450122096324
90.0 1.5485734527443964
90.0 1.5500555199060808
90.0 1.5473419214710462
90.0 1.5540661947083627
90.0 1.5537187128853354
90.0 1.5518080961501501
90.0 1.549331023886928
90.0 1.5517981788966755
90.0 1.545723816822538
90.0 1.5454024607626387
90.0 1.5513578713510008
90.0 1.5499191520938134
90.0 1.542207072798333
