140.0 1.0837645019407924
140.0 1.103847185943691
140.0 1.1159054748007846
140.0 1.1044660291383006
140.0 1.1158575099226888
140.0 1.113999444743392
140.0 1.1181323389543139
140.0 1.1120895416102883
140.0 1.1130352075807886
140.0 1.1176618131824676
140.0 1.1128875785579009
140.0 1.1191343211651117
140.0 1.122602275771028
140.0 1.1137753901458354
140.0 1.1181323389543125
140.0 1.1226111490969888
140.0 1.1209172795246727
140.0 1.1142786884646343
140.0 1.1207293763350274
140.0 1.1306184889850392
140.0 1.1222459206220425
140.0 1.1229347316990261
140.0 1.1194208723210384
140.0 1.110163568654641
140.0 1.122505851800089
140.0 1.1219015150835476
140.0 1.11189328705844
140.0 1.1213715967868674
140.0 1.12050922256219
140.0 1.127138940296265
140.0 1.130399351390711
140.0 1.1251897539727045
140.0 1.1251126147959505
140.0 1.124420727434433
140.0 1.1216581479427956
140.0 1.1261011092539897
140.0 1.1242768605491549
140.0 1.1273869218638208
140.0 1.1248291399245594
140.0 1.1245055573225218
140.0 1.1190648726996903
140.0 1.1190945689621097
140.0 1.1329433152517776
140.0 1.1261161351490159
140.0 1.1267262689069846
140.0 1.1236979611958722
140.0 1.1154218168038152
140.0 1.120626469469583
140.0 1.1215007933047583
140.0 1.1211579259085311
140.0 1.1229690423882444
140.0 1.1379192711441812
140.0 1.1329209541730543
140.0 1.1349834588302856
140.0 1.1397747542536938
140.0 1.1399203231705548
140.0 1.129430994016056
140.0 1.1335326260732876
140.0 1.1320242692591584
140.0 1.1308441094738673
140.0 1.1312214514486312
140.0 1.1320153959331978
140.0 1.131059318494471
140.0 1.1314824013519813
140.0 1.1322379401374911
140.0 1.1310400337002793
140.0 1.1367063388119403
140.0 1.1314125973589233
140.0 1.1278512950665984
140.0 1.1296431267521214
140.0 1.1270066674938408
140.0 1.135082273232681
140.0 1.1302933682407306
140.0 1.132888181626101
140.0 1.1345677111564638
140.0 1.137552504526965
140.0 1.1436924116950045
140.0 1.1359345915167758
140.0 1.1382266452365633
140.0 1.1373110336029217
140.0 1.1465529532998513
140.0 1.1451575844939577
140.0 1.1410856486991414
140.0 1.133994278519178
140.0 1.134015101455632
140.0 1.1302490016109323
140.0 1.1328373321018002
140.0 1.1353333310847726
140.0 1.134487165369749
140.0 1.1327666758195523
140.0 1.1371456301791067
140.0 1.1423965401092828
140.0 1.1338247306340103
140.0 1.1421292767828468
140.0 1.1414909849047314
140.0 1.1396100644319604
140.0 1.1383126577392766
140.0 1.139630887368418
140.0 1.1372393333931539
140.0 1.1370626939609279
140.0 1.1334404610015043
140.0 1.1306184889850368
140.0 1.1320153959331973
140.0 1.1330262514699543
140.0 1.1329491122932027
140.0 1.1344543928227966
140.0 1.134868602354349
140.0 1.1343475573836295
140.0 1.1338265124129097
140.0 1.132625529691164
140.0 1.1331168783994678
140.0 1.1338145628024145
140.0 1.134236107517659
140.0 1.1333899418026334
140.0 1.1336556700221085
140.0 1.128748996159005
140.0 1.1279997763786778
140.0 1.1300365133472203
140.0 1.131905484209497
140.0 1.1299801971069232
140.0 1.1300218429798337
140.0 1.1334805687321492
140.0 1.138540588912254
140.0 1.1410752372309163
140.0 1.1431713667242893
140.0 1.142383055391829
140.0 1.1441139564102516
140.0 1.1480365586037995
140.0 1.1415290112743424
140.0 1.153597732854671
140.0 1.1519134224613918
140.0 1.1516179979795043
140.0 1.1562198520709999
140.0 1.1569487708786281
140.0 1.1554137940866176
140.0 1.1530727593102277
140.0 1.1536917663941542
140.0 1.153307253125018
140.0 1.145225328380995
140.0 1.1403971679475895
140.0 1.1429739043556044
140.0 1.1432307592491173
140.0 1.1429056385048144
140.0 1.1381657145694675
140.0 1.1378108975627481
140.0 1.1387534872487133
140.0 1.1372497448613845
140.0 1.1374753653502145
140.0 1.1339348859943466
140.0 1.137258618187346
140.0 1.134337145915403
140.0 1.1399633432964174
140.0 1.1373966880311965
140.0 1.1394230135315109
140.0 1.1411138068192934
140.0 1.139610064431967
140.0 1.1419584343920506
140.0 1.143560138892584
140.0 1.14537620012453
140.0 1.149962697995563
140.0 1.1533176645932437
140.0 1.1527387652399612
140.0 1.1501408755700566
140.0 1.1467577508522246
140.0 1.1363306988687671
140.0 1.137355042158287
140.0 1.1378849604549668
140.0 1.1394955382814596
140.0 1.134635291154184
140.0 1.1350595566263169
140.0 1.1385856691689753
140.0 1.1430715109411673
140.0 1.1403652476898265
140.0 1.1369123189789405
140.0 1.1370191544181087
140.0 1.1350225251802084
140.0 1.1353773421869282
140.0 1.1341763594651826
140.0 1.123506270666404
140.0 1.1148468208220472
140.0 1.1120379810306975
140.0 1.101801142921025
140.0 1.0874882765534968
140.0 1.1058630747735738
140.0 1.0984430133500087
140.0 1.1104779224030759
140.0 1.1067592654727116
140.0 1.1013586885805269
140.0 1.1031875517121603
140.0 1.097745328947067
140.0 1.0997315467167375
140.0 1.0947509763975356
140.0 1.0877804236242468
140.0 1.0798312684441984
140.0 1.079572708972303
140.0 1.076751645190532
140.0 1.0910628377229736
140.0 1.095981819271012
140.0 1.0970333045021705
140.0 1.096671152311756
140.0 1.094002606359602
140.0 1.084155469907936
140.0 1.0946011208325073
140.0 1.0924315865509873
140.0 1.096578434980415
140.0 1.1008495654713015
140.0 1.0824689159492313
140.0 1.0837071802477138
140.0 1.0762356116432747
140.0 1.078458588495667
140.0 1.0933856341794899
140.0 1.0867234994261072
140.0 1.0876201843400046
140.0 1.0871616081786506
140.0 1.090127116754961
140.0 1.0941662800028256
140.0 1.0885358237226546
140.0 1.1002232509526872
140.0 1.1025079694887807
140.0 1.0995568009544252
140.0 1.0981880521264127
140.0 1.0953676182522136
140.0 1.1030482992536883
140.0 1.1023089689778331
140.0 1.0990133949049825
140.0 1.0884482730776746
140.0 1.0845410271045886
140.0 1.0924384552689337
140.0 1.0950259334706103
140.0 1.088967779906124
140.0 1.0840867098423979
140.0 1.0908737822145127
140.0 1.0884378616094474
140.0 1.0858816178124566
140.0 1.085799864208899
140.0 1.0917943663493952
140.0 1.0938014070555189
140.0 1.0987642307228098
140.0 1.107945577827078
140.0 1.098247444651245
140.0 1.089417838269159
140.0 1.1015904616384322
140.0 1.1030482992536919
140.0 1.095177491067224
140.0 1.097802000715007
140.0 1.0997793451587208
140.0 1.0912139288538458
140.0 1.088516538928467
140.0 1.0949665409457823
140.0 1.0985560013582567
140.0 1.0946591668533983
140.0 1.0895705784804015
140.0 1.0973997407939564
140.0 1.0919012017885623
