146.0 0.933156968453354
146.0 0.9643993384802348
146.0 0.9588544030348192
146.0 0.9588056418130416
146.0 0.9622235154893347
146.0 0.9464978856919293
146.0 0.9661899900979329
146.0 0.9687283233536873
146.0 0.9689667154464006
146.0 0.964220308616554
146.0 0.9590247234618635
146.0 0.9736619727223131
146.0 0.9718750857890236
146.0 0.9617076094559703
146.0 0.9665830463675958
146.0 0.971907858335976
146.0 0.9680465171349597
146.0 0.9724466499586167
146.0 0.963199758207938
146.0 0.9710497430104572
146.0 0.966092716384595
146.0 0.9787681413111192
146.0 0.9738133386806023
146.0 0.9768116198038649
146.0 0.9761671753566785
146.0 0.9736252716016398
146.0 0.9732591908375011
146.0 0.9734725313904006
146.0 0.9767619528941831
146.0 0.9771777005680032
146.0 0.97254867678586
146.0 0.9615383052074384
146.0 0.9774657898661971
146.0 0.9679480330579938
146.0 0.9754259766131258
146.0 0.9578329695937245
146.0 0.9616642590046763
146.0 0.9664772296537293
146.0 0.9698055762735295
146.0 0.9726297722853463
146.0 0.9725654350082777
146.0 0.969819064026295
146.0 0.9666615597972971
146.0 0.9786766620924161
146.0 0.9792765508182679
146.0 0.9666294731034238
146.0 0.9749670449241233
146.0 0.9738967968625363
146.0 0.9726367771436084
146.0 0.9723101182570354
146.0 0.9777623969627128
146.0 0.9789352215643108
146.0 0.9734929987992127
146.0 0.979083702876386
146.0 0.9730625807580086
146.0 0.9761519552765267
146.0 0.9864647004968149
146.0 0.9850870783428429
146.0 0.98851918411728
146.0 0.9866768332328835
146.0 0.9734414634218342
146.0 0.9860045861931954
146.0 0.977520212436586
146.0 0.983039929906073
146.0 0.9854581038592173
146.0 0.9840137539967202
146.0 0.9772768452958318
146.0 0.9856169966395224
146.0 0.9816711810780627
146.0 0.9845363371097087
146.0 0.9802727359876352
146.0 0.9760210844760594
146.0 0.9774758458067828
146.0 0.9741713984079718
146.0 0.9792306460461969
146.0 0.9857728131352954
146.0 0.9848167356965684
146.0 0.9782063027566779
146.0 0.9776258652611286
146.0 0.9848094564583824
146.0 0.9788418738779059
146.0 0.9777700876740523
146.0 0.9764935039178203
146.0 0.976364307399931
146.0 0.9791180135656063
146.0 0.9774657898662008
146.0 0.9785761456584334
146.0 0.9820661058154312
146.0 0.9771005613912531
146.0 0.9772490427033323
146.0 0.9771792387102726
146.0 0.9757794258608913
146.0 0.9758417242869466
146.0 0.9792263871470421
146.0 0.9804659394571633
146.0 0.9784885950134505
146.0 0.9776513026243888
146.0 0.9802090845636491
146.0 0.9806321674211628
146.0 0.9824803153469829
146.0 0.982363068439588
146.0 0.984436836854237
146.0 0.9842112163654069
146.0 0.9840538617273685
146.0 0.9814069910008605
146.0 0.9815747571071277
146.0 0.982412049496191
146.0 0.9838282412385392
146.0 0.9868669604178765
146.0 0.9873880053885965
146.0 0.9882133481671652
146.0 0.9873286128637646
146.0 0.9845853181663167
146.0 0.9825975622543779
146.0 0.9827742016866055
146.0 0.9794217894097009
146.0 0.9830383917638126
146.0 0.9825871507861516
146.0 0.9782703097083171
146.0 0.9760762181017368
146.0 0.9801601035070487
146.0 0.9800027488690113
146.0 0.9777591542420699
146.0 0.9790555447562449
146.0 0.980541540491651
146.0 0.978475107260693
146.0 0.9791847412741318
146.0 0.9822249708467278
146.0 0.9868599490656234
146.0 0.9910202639927982
146.0 0.9911629785592546
146.0 0.9890876720023369
146.0 0.9887448046061118
146.0 0.9891574759953964
146.0 0.989207995194266
146.0 0.9895018815338863
146.0 0.9871623848997626
146.0 0.9867882830988547
146.0 0.9757987041610839
146.0 0.9812537288258634
146.0 0.9766581937395473
146.0 0.980938003371273
146.0 0.9802299075001
146.0 0.9867304287162891
146.0 0.9850396354285067
146.0 0.9865804092619436
146.0 0.9843566213929464
146.0 0.9830592147002619
146.0 0.9788299242674054
146.0 0.9823318340348993
146.0 0.9817024154827453
146.0 0.9826272585167888
146.0 0.9832686266794387
146.0 0.9825694041342239
146.0 0.9762528575339556
146.0 0.9754764958119888
146.0 0.9790273866360871
146.0 0.9790971906291469
146.0 0.9800517299256063
146.0 0.9795588430750358
146.0 0.9800012107267361
146.0 0.9824297961481077
146.0 0.9823526569713559
146.0 0.9842393744855514
146.0 0.9813772947384393
146.0 0.9843863176553624
146.0 0.9894529004772813
146.0 0.9891767607895801
146.0 0.9885963232940316
146.0 0.9885712137094117
146.0 0.9850371894990371
146.0 0.9855684945891598
146.0 0.9919482136071756
146.0 0.9920342261098886
146.0 0.9852976729366443
146.0 0.9840492473005623
146.0 0.9804983564764677
146.0 0.9858202560496316
146.0 0.9817764783749632
146.0 0.9807907046738219
146.0 0.968055884675674
146.0 0.9571370179656574
146.0 0.9593864872820353
146.0 0.9572028651884923
146.0 0.9572487699605592
146.0 0.9553482343681677
146.0 0.952386654365582
146.0 0.9624365282636014
146.0 0.9637177264466296
146.0 0.9571177049749687
146.0 0.9613840268539332
146.0 0.9560517158125397
146.0 0.9584625545819941
146.0 0.9579503829372317
146.0 0.9611776911592925
146.0 0.9562032734091562
146.0 0.9592805621768672
146.0 0.9696338815935424
146.0 0.9590317283201254
146.0 0.963448069653434
146.0 0.9631927529021872
146.0 0.9557906020198703
146.0 0.9675625036103515
146.0 0.9684784733184343
146.0 0.9668736925333672
146.0 0.9569395274004778
146.0 0.9486025859348398
146.0 0.9463630837709427
146.0 0.9424448523675676
146.0 0.9467071892798075
146.0 0.9453798946863785
146.0 0.9375115046803748
146.0 0.9397378468701507
146.0 0.947634944709063
146.0 0.9556509940337541
146.0 0.9429141416785881
146.0 0.9435643831671954
146.0 0.9330216224186089
146.0 0.9414015259652991
146.0 0.9404870943994812
146.0 0.9448128088032776
146.0 0.9472815019552894
146.0 0.945528239858145
146.0 0.9387843515012039
146.0 0.9467886151047217
146.0 0.9482375793940195
146.0 0.9546505499652258
146.0 0.9528008638971357
146.0 0.9513430262818796
146.0 0.9540195932708031
146.0 0.9437529722099179
146.0 0.9454125310930164
146.0 0.953222408612382
146.0 0.9446554541652371
146.0 0.944517384321387
146.0 0.9500336699786983
146.0 0.9487659595484298
146.0 0.9420872607577491
146.0 0.9426380019908847
146.0 0.9406205498165299
146.0 0.951096582856597
146.0 0.9431575088193369
146.0 0.9461800194890193
146.0 0.9459351142060043
146.0 0.9466327986089501
146.0 0.948285022308353
146.0 0.9484319654781651
146.0 0.9446778152439631
146.0 0.9448810746540683
146.0 0.9498065113476037
146.0 0.941505285119932
146.0 0.9359238098963648
146.0 0.9472116979622341
146.0 0.9463936903673551
