47.0 1.7642077516198427
47.0 1.7956654386111437
47.0 1.7973488967152333
47.0 1.7964730347377913
47.0 1.7954799258529552
47.0 1.7804197853733184
47.0 1.800548046817142
47.0 1.7970445989073822
47.0 1.804125557619119
47.0 1.8055047179153587
47.0 1.7949797038186923
47.0 1.8015693138221256
47.0 1.798637430081955
47.0 1.7989432660320746
47.0 1.8044506783634238
47.0 1.7998665709238504
47.0 1.7988051961882214
47.0 1.8002896537813613
47.0 1.7979798534096538
47.0 1.8040572917683284
47.0 1.8028281509264352
47.0 1.8029261130396426
47.0 1.802238840104924
47.0 1.8065067001261548
47.0 1.8064176113389074
47.0 1.8060539210062256
47.0 1.7986003986358463
47.0 1.805160312376866
47.0 1.8022492515731507
47.0 1.8029855055644741
47.0 1.8070871376217055
47.0 1.804029133648179
47.0 1.8076883980537124
47.0 1.8058684082480392
47.0 1.80304096951558
47.0 1.8023086440979823
47.0 1.8014327821205423
47.0 1.805779319460794
47.0 1.80249415685617
47.0 1.8103024962332694
47.0 1.8090540705971871
47.0 1.8121240241812089
47.0 1.8157832885867415
47.0 1.8054349139222985
47.0 1.8046674255262933
47.0 1.8069803021825375
47.0 1.810244641850704
47.0 1.8046184444696896
47.0 1.8068808019270628
47.0 1.8089769314204367
47.0 1.8036847281096864
47.0 1.8084647597756778
47.0 1.8082792470174904
47.0 1.8111991811471648
47.0 1.8100086098936485
47.0 1.805277559284263
47.0 1.8108636489346337
47.0 1.8119562580749424
47.0 1.8101169834750828
47.0 1.8113669472534308
47.0 1.8073124000360954
47.0 1.8127044616767602
47.0 1.8097340083482136
47.0 1.812938955491551
47.0 1.814799053027865
47.0 1.808647360138647
47.0 1.8096954387598378
47.0 1.8064577190695499
47.0 1.809811147524965
47.0 1.8105801740632377
47.0 1.8112095926153933
47.0 1.812241271088604
47.0 1.8046169063274236
47.0 1.8026411000259805
47.0 1.8043704629021373
47.0 1.8053265403408645
47.0 1.8105786359209706
47.0 1.8103337306379523
47.0 1.8099997365676852
47.0 1.8129894746904194
47.0 1.811375820579391
47.0 1.8132953106405378
47.0 1.8134615386045363
47.0 1.8162063714442518
47.0 1.8153602057292282
47.0 1.8152622436160204
47.0 1.813716855355782
47.0 1.8130978482718547
47.0 1.8141013686249179
47.0 1.8125366955704925
47.0 1.8118093149051315
47.0 1.80719551120314
47.0 1.8035844900028282
47.0 1.8083756709884296
47.0 1.812153720443624
47.0 1.8052608288108478
47.0 1.8077952334928766
47.0 1.8108266174885226
47.0 1.8131171330660438
47.0 1.813295310640538
47.0 1.8160683016004013
47.0 1.8144145397587284
47.0 1.8166873086843285
47.0 1.8133828612855167
47.0 1.8137272668240105
47.0 1.8102342303824763
47.0 1.8145718943967672
47.0 1.8130191709528358
47.0 1.814868857020923
47.0 1.8169040558471972
47.0 1.814839160758507
47.0 1.813146829328459
47.0 1.8146120021274104
47.0 1.8123303598758504
47.0 1.8126925120662647
47.0 1.808481246612455
47.0 1.8120927897765247
47.0 1.8132255066474787
47.0 1.8113179661968273
47.0 1.8120364735362295
47.0 1.8119859543373587
47.0 1.8133516268808365
47.0 1.8033452395744245
47.0 1.8109095537067021
47.0 1.8107240409485157
47.0 1.8055105149567838
47.0 1.801950750806728
47.0 1.8044772983413064
47.0 1.800654360292553
47.0 1.8012204577461497
47.0 1.8065645545087174
47.0 1.8033580692231144
47.0 1.802719777345001
47.0 1.8032392841734528
47.0 1.8011342813541178
47.0 1.7963870222350757
47.0 1.8020028081478614
47.0 1.801885561240468
47.0 1.803319499634739
47.0 1.8021169787707272
47.0 1.807291935174081
47.0 1.8088076271719031
47.0 1.807824929755296
47.0 1.8092901025542458
47.0 1.812515872634039
47.0 1.8122412710886038
47.0 1.8146401602475601
47.0 1.812958240285738
47.0 1.811029876898633
47.0 1.8064368961330968
47.0 1.803289803372327
47.0 1.802286283019263
47.0 1.8013124589286142
47.0 1.8034560313363233
47.0 1.8062691300268297
47.0 1.807744714294008
47.0 1.8096433814187005
47.0 1.8060747439426827
47.0 1.8055328760355074
47.0 1.809202551909267
47.0 1.8139216529081577
47.0 1.8139810454329894
47.0 1.8149637428495977
47.0 1.8119458466067158
47.0 1.8111575352742544
47.0 1.8140597227520092
47.0 1.808120354237184
47.0 1.8082480126128064
47.0 1.8092010137669996
47.0 1.8044298554269704
47.0 1.7957253790339636
47.0 1.7941797212028638
47.0 1.7965679205664646
47.0 1.7921843517801064
47.0 1.7939746453233612
47.0 1.794013214911738
47.0 1.7977496184940214
47.0 1.790677533108243
47.0 1.7890816256491342
47.0 1.7830130606164183
47.0 1.77454335636533
47.0 1.765128714242072
47.0 1.764668087857588
47.0 1.7635157558670145
47.0 1.766765425167795
47.0 1.7737291369721402
47.0 1.7717622039966539
47.0 1.7637903574124474
47.0 1.7646711641421233
47.0 1.7578678832603534
47.0 1.7621693681177242
47.0 1.7643322253196219
47.0 1.7708639809404905
47.0 1.764825112170194
47.0 1.7692325801775453
47.0 1.769293510844641
47.0 1.7678356732293847
47.0 1.7675167050541487
47.0 1.7702688730775553
47.0 1.7656951771062093
47.0 1.7611569744386983
47.0 1.763992434207929
47.0 1.768062831860478
47.0 1.7627602170815033
47.0 1.755818866355882
47.0 1.774153757971916
47.0 1.7533069891886919
47.0 1.7510550431995469
47.0 1.7407363647975218
47.0 1.7405424729281234
47.0 1.7351451387565846
47.0 1.7338799826470934
47.0 1.7492611514079959
47.0 1.7394713751241395
47.0 1.7433296400406193
47.0 1.7346037928131706
47.0 1.7352285969385217
47.0 1.7454199724925692
47.0 1.7425177850148128
47.0 1.7480444821403516
47.0 1.7542495788746504
47.0 1.7502885709820475
47.0 1.7499603739532088
47.0 1.7509219181079263
47.0 1.7469028919434364
47.0 1.752451428183943
47.0 1.7439404596516639
47.0 1.7505519087700627
47.0 1.7453235485216285
47.0 1.752404507233365
47.0 1.7509659544122984
47.0 1.7539171229466564
47.0 1.737195885441652
47.0 1.742378177028698
47.0 1.744208578302597
47.0 1.744316951884032
47.0 1.7436786600059144
47.0 1.7413386414080316
47.0 1.7501960755848334
47.0 1.7467431468739456
47.0 1.7448622264011733
47.0 1.7495378130594517
47.0 1.7446840488266802
47.0 1.7379049974913325
47.0 1.7458049799764555
47.0 1.7413476786233146
47.0 1.7424822639619653
47.0 1.7482335653978278
47.0 1.7443966453815583
47.0 1.7428429057591184
47.0 1.7543016362157913
47.0 1.7489693251743976
47.0 1.7465407397530275
47.0 1.7412157638953245
