126.0 1.1137677497612934
126.0 1.1438376337790375
126.0 1.1481840349789758
126.0 1.1560321517612826
126.0 1.1573776872213815
126.0 1.1498135672742256
126.0 1.1571544571640107
126.0 1.1540532691753072
126.0 1.1585706489063556
126.0 1.1659886779728947
126.0 1.1660006275833912
126.0 1.1543930602869976
126.0 1.1609934372862991
126.0 1.1540891180067914
126.0 1.157825521589075
126.0 1.162379932766233
126.0 1.1616332673066823
126.0 1.1613794886977076
126.0 1.1646912712802087
126.0 1.1599428043443365
126.0 1.1671807873686781
126.0 1.1626417324119815
126.0 1.1646230054294182
126.0 1.1664503304187837
126.0 1.1677716363324595
126.0 1.169346720855113
126.0 1.1744117655347643
126.0 1.1675043699707186
126.0 1.170834585058219
126.0 1.1664341219091285
126.0 1.1649706233927593
126.0 1.1607469938610167
126.0 1.1693748789752585
126.0 1.170054816726286
126.0 1.1640144098137173
126.0 1.1683150423819002
126.0 1.1723885163189844
126.0 1.169512948819111
126.0 1.168601593537829
126.0 1.1647834363519893
126.0 1.1593589602388155
126.0 1.1634667448651184
126.0 1.168736587097144
126.0 1.1666612805402266
126.0 1.162806091908279
126.0 1.1682749346512538
126.0 1.162855072964882
126.0 1.163131713361331
126.0 1.1679957186790193
126.0 1.1712615964894544
126.0 1.1688418843940442
126.0 1.1748630065124228
126.0 1.1705758616970032
126.0 1.1724062629709024
126.0 1.1815521167713317
126.0 1.167298034276074
126.0 1.1716445716163233
126.0 1.1815000594301908
126.0 1.1717836576386842
126.0 1.173828251754676
126.0 1.1730638396432065
126.0 1.1681218389123764
126.0 1.1767528003111547
126.0 1.1765939075308478
126.0 1.1751985387249553
126.0 1.1812285341692939
126.0 1.1787123981029433
126.0 1.1807090273408427
126.0 1.1809539326238598
126.0 1.1828822960109677
126.0 1.1804328876531405
126.0 1.1773050796865558
126.0 1.1793105822504149
126.0 1.1765256416800562
126.0 1.1643747802252322
126.0 1.170329418271719
126.0 1.1746165630871381
126.0 1.1752193616614102
126.0 1.1702121713643234
126.0 1.1752441131715914
126.0 1.178271568593511
126.0 1.1740229933664679
126.0 1.169989627160028
126.0 1.1733044860270674
126.0 1.1738166576718256
126.0 1.1751036528962826
126.0 1.1737823469826074
126.0 1.1724968899004184
126.0 1.1745143420747735
126.0 1.172082680368867
126.0 1.1750010763562735
126.0 1.1727757503450111
126.0 1.1585897395154239
126.0 1.1695337717555643
126.0 1.1705403683931614
126.0 1.1773696111487433
126.0 1.1804745335260511
126.0 1.1773540607431583
126.0 1.1794887598249084
126.0 1.1780043022317683
126.0 1.169801038117304
126.0 1.1735848846139236
126.0 1.1757002989014858
126.0 1.168934049465824
126.0 1.1727105607787522
126.0 1.1722874779212398
126.0 1.1716877556315015
126.0 1.1692560939255947
126.0 1.1697177463714825
126.0 1.1686162639052124
126.0 1.166932805801123
126.0 1.1662351213981754
126.0 1.1714887551205495
126.0 1.1708504632424344
126.0 1.1735760112879623
126.0 1.1762927142040296
126.0 1.1811884264386483
126.0 1.1809435211556305
126.0 1.1834434487123282
126.0 1.1826181059337593
126.0 1.1824414665015337
126.0 1.189305678050404
126.0 1.1797708604433559
126.0 1.1768908701550032
126.0 1.1812493571057483
126.0 1.1803052292775178
126.0 1.1838264238392
126.0 1.1852306659710519
126.0 1.1858514895243724
126.0 1.1861546567159067
126.0 1.192048972747851
126.0 1.1924616441371338
126.0 1.1932098477389517
126.0 1.1897449694175664
126.0 1.1871856493360364
126.0 1.1873549535845709
126.0 1.1900982482820197
126.0 1.1871061197278283
126.0 1.184353850702097
126.0 1.1891697767038854
126.0 1.1920162002009023
126.0 1.189143708985562
126.0 1.1875612892792151
126.0 1.1889284999649603
126.0 1.19054215407599
126.0 1.1911017686350853
126.0 1.1919093647617354
126.0 1.191318515797956
126.0 1.1903936727639108
126.0 1.1892046396526608
126.0 1.1876800743288782
126.0 1.187905694817709
126.0 1.1884282779306952
126.0 1.1913007691460322
126.0 1.1921662196552458
126.0 1.1908271670896504
126.0 1.1897063998291928
126.0 1.1914477123158447
126.0 1.1873564917268404
126.0 1.1889493229014163
126.0 1.1904931730193855
126.0 1.1850243302764099
126.0 1.1880838723922038
126.0 1.1850362798869045
126.0 1.1807950398435545
126.0 1.1850451532128645
126.0 1.1803912417802291
126.0 1.1758769383337129
126.0 1.177763655847908
126.0 1.174688177503089
126.0 1.1710443940340556
126.0 1.181312169228537
126.0 1.178446314355824
126.0 1.1777339595854925
126.0 1.1771326991534887
126.0 1.1735521120669745
126.0 1.1751899957244285
126.0 1.1772588193868425
126.0 1.1706499245892226
126.0 1.1687007382656587
126.0 1.1565490824366083
126.0 1.1537790598423099
126.0 1.1496497054319923
126.0 1.1601738915491613
126.0 1.1587145157916345
126.0 1.1574572168295936
126.0 1.1565397089792435
126.0 1.1498656246153636
126.0 1.1536424662537237
126.0 1.1516804780304755
126.0 1.1485412424171537
126.0 1.1524126395587508
126.0 1.1452128957973535
126.0 1.1470146169873432
126.0 1.1484517955554703
126.0 1.1519644748656273
126.0 1.1403954746108176
126.0 1.146783529782523
126.0 1.1432548361478303
126.0 1.1418818284206598
126.0 1.1572744248282956
126.0 1.1551620868252694
126.0 1.1506863529671312
126.0 1.1485547301699153
126.0 1.1453613771094333
126.0 1.1549839092507768
126.0 1.1469133042096769
126.0 1.1460141794128125
126.0 1.1319252281495575
126.0 1.140665131404017
126.0 1.1408173774005008
126.0 1.145917063094802
126.0 1.140872511026171
126.0 1.1454149725928375
126.0 1.138975382043749
126.0 1.1415347021252753
126.0 1.1395558195392987
126.0 1.140097687446474
126.0 1.146676885981681
126.0 1.1372059114369497
126.0 1.143402134845288
126.0 1.1500792954937002
126.0 1.1388878313987727
126.0 1.1329766210040968
126.0 1.1448271999135942
126.0 1.1428008744132818
126.0 1.1392750654247983
126.0 1.1435772361352479
126.0 1.1331976270661237
126.0 1.1316745998846078
126.0 1.1381350133701527
126.0 1.1407329030400588
126.0 1.1325890314504274
126.0 1.1264209661622373
126.0 1.134281362880475
126.0 1.1369741383790515
126.0 1.1310822127785616
126.0 1.1385002418451027
126.0 1.130550756339617
126.0 1.130690364325733
126.0 1.1356886812968605
126.0 1.1375561140168668
126.0 1.1326484239752537
126.0 1.1443208253102635
126.0 1.1351780477943683
126.0 1.1422397217119167
126.0 1.1350206931563327
126.0 1.1360211372248619
126.0 1.1420704174633851
126.0 1.1374091708470595
126.0 1.139563154722997
126.0 1.1415003914360617
126.0 1.132108094210351
126.0 1.1354422378715772
