247.0 0.6707755452417602
247.0 0.7120782930439182
247.0 0.7147386515231873
247.0 0.7157525833444788
247.0 0.7149850949484738
247.0 0.703845660445675
247.0 0.7185552705667582
247.0 0.723808904289131
247.0 0.7200412663021644
247.0 0.729582044839956
247.0 0.7284107583806283
247.0 0.7273597951132268
247.0 0.7277635931765527
247.0 0.7209051786691094
247.0 0.7259644263073348
247.0 0.7245524934641473
247.0 0.7254048117482388
247.0 0.7225589405107823
247.0 0.7158058233002406
247.0 0.7276671692056133
247.0 0.7269189656037952
247.0 0.7241783916632383
247.0 0.7208473242865466
247.0 0.7213594959313053
247.0 0.7192961389848828
247.0 0.7272232634116453
247.0 0.7160391345004082
247.0 0.7281288216515008
247.0 0.724107405055557
247.0 0.727684915857533
247.0 0.7294238379127274
247.0 0.7320730990706927
247.0 0.7322111689145442
247.0 0.7331938663311524
247.0 0.7285527567982046
247.0 0.7272232634116447
247.0 0.7253944002800139
247.0 0.7273509217872682
247.0 0.728592012239658
247.0 0.7329385495799068
247.0 0.7335189870754563
247.0 0.7328791570550744
247.0 0.7323878083467719
247.0 0.7266146677959476
247.0 0.7287775249978414
247.0 0.7326728213604335
247.0 0.7305782300093264
247.0 0.7281079987150442
247.0 0.7317880860570323
247.0 0.7278245238436497
247.0 0.729113057210376
247.0 0.7314733767809545
247.0 0.7254449194788829
247.0 0.7270184658592658
247.0 0.7326832328286603
247.0 0.7328405874666996
247.0 0.7310310091292551
247.0 0.7338633926139498
247.0 0.7337847152949297
247.0 0.733706037975912
247.0 0.7338347125300435
247.0 0.7292214307918105
247.0 0.7264677246261364
247.0 0.7304015905771015
247.0 0.7329192647857192
247.0 0.729098195204666
247.0 0.7289067215157332
247.0 0.7307949771721975
247.0 0.7307162998531789
247.0 0.7293787854298494
247.0 0.7270184658592702
247.0 0.7281986256445595
247.0 0.7322898462335653
247.0 0.7274118524543682
247.0 0.7256096093006158
247.0 0.7298508493439655
247.0 0.7263890473071156
247.0 0.727018465859269
247.0 0.732211168914544
247.0 0.725503682096145
247.0 0.7308142619663861
247.0 0.7345714884851252
247.0 0.7328405874667003
247.0 0.7345714884851248
247.0 0.7350435523992398
247.0 0.7318177823194475
247.0 0.7258692127000284
247.0 0.7330766194237573
247.0 0.7344928111661069
247.0 0.7329192647857211
247.0 0.7315030730433721
247.0 0.7296208862614657
247.0 0.732399566318941
247.0 0.7312269333556698
247.0 0.7263890473071173
247.0 0.7272104615119601
247.0 0.7231409161486013
247.0 0.7291026457421488
247.0 0.7329192647857192
247.0 0.7340207472519902
247.0 0.7328405874667002
247.0 0.7318177823194493
247.0 0.7318964596384687
247.0 0.7321324915955258
247.0 0.7314243957243524
247.0 0.7318964596384679
247.0 0.7321324915955265
247.0 0.7329979421047396
247.0 0.7344928111661061
247.0 0.7340207472519898
247.0 0.7344141338470858
247.0 0.7337060379759122
247.0 0.7328405874666999
247.0 0.7304802678961205
247.0 0.727961055545235
247.0 0.7302531092650211
247.0 0.7284821005159534
247.0 0.7291219305363353
247.0 0.7276567577373846
247.0 0.7285029234524089
247.0 0.729791456819134
247.0 0.7309226355478201
247.0 0.7304663141251049
247.0 0.7317391050004295
247.0 0.731817782319448
247.0 0.7311883637672927
247.0 0.7323685235525834
247.0 0.7349297121018115
247.0 0.7334665716598798
247.0 0.7341816446403053
247.0 0.7355808058796128
247.0 0.7335159107909224
247.0 0.7298774693218459
247.0 0.7327009794805809
247.0 0.731599497014311
247.0 0.7298597226699257
247.0 0.7323477006161282
247.0 0.734008797641495
247.0 0.7321379370565063
247.0 0.7309122240795932
247.0 0.7324263779351475
247.0 0.7317672631205777
247.0 0.7267808957599465
247.0 0.7274994030993479
247.0 0.7290031454866754
247.0 0.7286394551539954
247.0 0.7271445860926288
247.0 0.7302619825909837
247.0 0.7304000524348349
247.0 0.7322883080912986
247.0 0.7305084260162693
247.0 0.7307934390299313
247.0 0.7284821005159554
247.0 0.7298003301450945
247.0 0.7312253952134034
247.0 0.7252563304361641
247.0 0.7261603505337509
247.0 0.726081673214733
247.0 0.7285696511609348
247.0 0.7287567020613899
247.0 0.7272321367376058
247.0 0.7267986424118662
247.0 0.7309789517881169
247.0 0.7324441245870682
247.0 0.7298092034710534
247.0 0.7314999967588354
247.0 0.7354145779156125
247.0 0.7320403265237436
247.0 0.7347643364270026
247.0 0.7318467649797801
247.0 0.7226278215081249
247.0 0.7227935487633814
247.0 0.7272957881615949
247.0 0.7264021795322347
247.0 0.7331996633725804
247.0 0.7298165386547465
247.0 0.7344272660722017
247.0 0.7270227247584293
247.0 0.7280247069692245
247.0 0.7191638661824583
247.0 0.7211070421237635
247.0 0.7074644160886083
247.0 0.7073945799518528
247.0 0.7136726623607584
247.0 0.7078208444909176
247.0 0.7140139916147183
247.0 0.706656893215278
247.0 0.7058419619049355
247.0 0.7028209893775206
247.0 0.7081131926882701
247.0 0.7125800532204511
247.0 0.7104526893223921
247.0 0.7195912079391291
247.0 0.7085185288938605
247.0 0.71546141776175
247.0 0.7062442218259927
247.0 0.718549117997689
247.0 0.7145454480536647
247.0 0.7122252362137315
247.0 0.7151868162163166
247.0 0.7168806857886318
247.0 0.7109501905997679
247.0 0.7142843342609956
247.0 0.7166238308951165
247.0 0.7115202166270918
247.0 0.7100550438281403
247.0 0.7099578325543031
247.0 0.6933355603530303
247.0 0.6946546487653484
247.0 0.7042205867867671
247.0 0.6950361936937669
247.0 0.700644644422862
247.0 0.6966571829884873
247.0 0.6935532742428931
247.0 0.7104098608348589
247.0 0.7069064129250981
247.0 0.6952949422571917
247.0 0.6946801940724222
247.0 0.6979506863096628
247.0 0.6950408081205693
247.0 0.6979028878676782
247.0 0.6997097454482328
247.0 0.7048816255670535
247.0 0.6998239160710943
247.0 0.7003079295957083
247.0 0.6972395141539551
247.0 0.705058264999283
247.0 0.6944175421374851
247.0 0.702827141946591
247.0 0.7023685657852379
247.0 0.7033528013441128
247.0 0.7016381088353412
247.0 0.6936068697263033
247.0 0.7036019655262913
247.0 0.7005231386163077
247.0 0.6979935147971958
247.0 0.7022467044510428
247.0 0.695959854113187
247.0 0.6939825096694754
247.0 0.7025999833154947
247.0 0.703311155471202
247.0 0.7033065410443986
247.0 0.6992955359166827
247.0 0.6964824372261776
247.0 0.6899861749091467
247.0 0.6940314907260838
247.0 0.695719207729329
247.0 0.700582531141139
247.0 0.7065265140827665
247.0 0.7001015939010624
247.0 0.7040057635896118
247.0 0.6983722310249078
247.0 0.6951923657171841
247.0 0.7073013376624633
