151.0 1.104509176793666
151.0 1.146380425468867
151.0 1.1490747391097118
151.0 1.1539928406195517
151.0 1.1551151460222784
151.0 1.1371616913908449
151.0 1.152359901714334
151.0 1.1586972712510564
151.0 1.1555663869999375
151.0 1.1546446202504288
151.0 1.151889375942485
151.0 1.1540136635560063
151.0 1.1535832455148012
151.0 1.149910493356507
151.0 1.1560222424044002
151.0 1.16316259364097
151.0 1.1557580523271949
151.0 1.153721315358653
151.0 1.1566026798999498
151.0 1.1564927681762487
151.0 1.1555011974336804
151.0 1.1507581972137992
151.0 1.1604297104117496
151.0 1.15904167678955
151.0 1.1573107757711252
151.0 1.159277708746608
151.0 1.1608512551269947
151.0 1.1590015690589066
151.0 1.1655927172046094
151.0 1.1596236524273698
151.0 1.1586339501524991
151.0 1.1554032353204722
151.0 1.1596429372215555
151.0 1.1641468291998442
151.0 1.154313180500942
151.0 1.1586185939320384
151.0 1.1617359904303943
151.0 1.1598299881220109
151.0 1.1587566637758888
151.0 1.1599858046177822
151.0 1.159770595597179
151.0 1.161403534502397
151.0 1.1583142961241892
151.0 1.157216220267886
151.0 1.1593074050090255
151.0 1.1517246861207533
151.0 1.15969191827816
151.0 1.1594157785904595
151.0 1.1589838224069862
151.0 1.15999621608601
151.0 1.158835341094907
151.0 1.1596815068099313
151.0 1.1649143175958503
151.0 1.1631834165774249
151.0 1.1620032567921355
151.0 1.1649539033627354
151.0 1.1638409932497287
151.0 1.1637148730163738
151.0 1.1644511270076952
151.0 1.1648163554826438
151.0 1.1671573902590353
151.0 1.1687012403770043
151.0 1.168101518087266
151.0 1.1674720995351104
151.0 1.1637935503353913
151.0 1.1634595562651258
151.0 1.1628895302378042
151.0 1.1689179875398747
151.0 1.1643547030367563
151.0 1.1641082596114691
151.0 1.1644036840933596
151.0 1.1636658919597698
151.0 1.1642463294553203
151.0 1.1614822118214176
151.0 1.164648589376377
151.0 1.1666259338200893
151.0 1.1643250067743378
151.0 1.1628197262447437
151.0 1.1591812847756662
151.0 1.1614328726903749
151.0 1.1626623716067064
151.0 1.1628197262447462
151.0 1.1625050169686684
151.0 1.1658094643674795
151.0 1.168101518087267
151.0 1.1622200039550066
151.0 1.1660598363664887
151.0 1.168120802881456
151.0 1.1666853263449197
151.0 1.166036622998577
151.0 1.1712189145856244
151.0 1.157881954117272
151.0 1.1561900367071687
151.0 1.1636153727608984
151.0 1.1678357898677936
151.0 1.1656906793178161
151.0 1.1654546473607577
151.0 1.1676784352297547
151.0 1.1693410703973877
151.0 1.1687116518452334
151.0 1.1706785848207157
151.0 1.1708359394587546
151.0 1.1697047607300681
151.0 1.169577102354445
151.0 1.1693113741349714
151.0 1.1695771023544452
151.0 1.1693410703973874
151.0 1.1694197477164074
151.0 1.1702065209066004
151.0 1.170757262139736
151.0 1.1714653580109087
151.0 1.1693410703973874
151.0 1.1687606329018367
151.0 1.1674720995351113
151.0 1.1677571125487738
151.0 1.166090935078354
151.0 1.1638780246958371
151.0 1.1657886414310228
151.0 1.1654828054809063
151.0 1.1683761196326992
151.0 1.1697537417866721
151.0 1.1647079819012072
151.0 1.1571681899808457
151.0 1.169937716402593
151.0 1.1716508707690965
151.0 1.1711194143301489
151.0 1.170058039594522
151.0 1.171227787911585
151.0 1.16837216330997
151.0 1.1682187372456578
151.0 1.1715112627829798
151.0 1.1704988691039562
151.0 1.1689727656379052
151.0 1.170193033153838
151.0 1.1668797124290664
151.0 1.1702628371468966
151.0 1.169073804035647
151.0 1.1661299706849804
151.0 1.1589900057193505
151.0 1.1567258599890853
151.0 1.1602646650623734
151.0 1.1598728166095438
151.0 1.1629323587253375
151.0 1.1627838774132582
151.0 1.1666421423297395
151.0 1.167921802370504
151.0 1.16713502918031
151.0 1.1679707834271083
151.0 1.1643620382204456
151.0 1.1674794347188036
151.0 1.167883232782129
151.0 1.166398775188989
151.0 1.1694463676942863
151.0 1.1663096864017415
151.0 1.1688466454045474
151.0 1.1701633368914217
151.0 1.1704201917849333
151.0 1.1720026114912805
151.0 1.1696912729773044
151.0 1.1703399763236488
151.0 1.1719640419029047
151.0 1.1698100580269675
151.0 1.1717264718035794
151.0 1.1688451072622819
151.0 1.1704780461674977
151.0 1.1711741924281769
151.0 1.1670444022507973
151.0 1.1607502167292512
151.0 1.1647122408003658
151.0 1.158231498593119
151.0 1.1501218604921868
151.0 1.1515926638964484
151.0 1.1495510619229867
151.0 1.1538783144690479
151.0 1.1543133469370555
151.0 1.1556315765661962
151.0 1.157656363924243
151.0 1.1501523223549934
151.0 1.1489424663072874
151.0 1.141034626674712
151.0 1.1317321319930127
151.0 1.1301414994568892
151.0 1.1188252338835403
151.0 1.1279294695600637
151.0 1.127645994688669
151.0 1.1259062203442827
151.0 1.1212480500124877
151.0 1.1310233223650767
151.0 1.134908207259437
151.0 1.1265267655704783
151.0 1.131327620172923
151.0 1.138880642798779
151.0 1.1335691546938378
151.0 1.1333227112685529
151.0 1.1348472765923414
151.0 1.1279325458445981
151.0 1.1192587559582878
151.0 1.131236993243409
151.0 1.1317179304834841
151.0 1.1307872904080178
151.0 1.135691904165093
151.0 1.1322910327953435
151.0 1.1174001965642373
151.0 1.1313364934988819
151.0 1.1249651688005882
151.0 1.1309431069037874
151.0 1.114778571562665
151.0 1.1109395914403721
151.0 1.1068425738099412
151.0 1.1139124352003764
151.0 1.1098058583909107
151.0 1.1094826061143044
151.0 1.1194044913112635
151.0 1.118264108931181
151.0 1.112541487579235
151.0 1.119356718071496
151.0 1.122426671655516
151.0 1.1166816892248415
151.0 1.111490524311831
151.0 1.1235370274477443
151.0 1.1138493057401424
151.0 1.110102490689631
151.0 1.1235890847888854
151.0 1.1199001241209392
151.0 1.1129869315154657
151.0 1.1150414151359298
151.0 1.1139191097332037
151.0 1.1143911736473193
151.0 1.1144922120450604
151.0 1.1155431753124574
151.0 1.1098961549949904
151.0 1.1091703124718961
151.0 1.1040844448557874
151.0 1.1125696456993794
151.0 1.112914051237872
151.0 1.1064817958724764
151.0 1.1192988636889312
151.0 1.1148825223556231
151.0 1.1179598111233364
151.0 1.117281411514577
151.0 1.1157776691272485
151.0 1.1031403170275602
151.0 1.1119818730201365
151.0 1.1107037511216384
151.0 1.115295193744908
151.0 1.103955248337898
151.0 1.1139295212014322
151.0 1.1104958772847322
151.0 1.1081459691823774
151.0 1.1038765710188787
151.0 1.1116656256017883
151.0 1.1060186052843206
151.0 1.114272388597656
151.0 1.1015147133060355
