48.0 1.7321571389464474
48.0 1.766151590755433
48.0 1.762411258599425
48.0 1.7624170556408498
48.0 1.7642054807164051
48.0 1.7542223345269143
48.0 1.769980159409499
48.0 1.7644430508157318
48.0 1.7677667830087305
48.0 1.7741010762609184
48.0 1.768602537255527
48.0 1.7696446271969657
48.0 1.7674713585268396
48.0 1.7730589863194792
48.0 1.7707461096632364
48.0 1.7694398296445912
48.0 1.7732950182765364
48.0 1.7661947747706106
48.0 1.7673733964136331
48.0 1.7771413335825237
48.0 1.7748002988061327
48.0 1.771788199604675
48.0 1.7776623785532428
48.0 1.7735013539711784
48.0 1.776618750469537
48.0 1.7702547609549313
48.0 1.7710519456133542
48.0 1.7744454817994122
48.0 1.7754578754784351
48.0 1.7733455374754092
48.0 1.7761586361659156
48.0 1.7759121927406312
48.0 1.7739348482969213
48.0 1.780515584974394
48.0 1.77875839430352
48.0 1.7763649718605583
48.0 1.7754000210958718
48.0 1.7750170459690018
48.0 1.774964136338673
48.0 1.7763159908039559
48.0 1.7774664543268284
48.0 1.776945409356108
48.0 1.7848918185770586
48.0 1.781360212547151
48.0 1.7830822402396165
48.0 1.7784595632116638
48.0 1.7827185499069327
48.0 1.7828076386941805
48.0 1.778872234600948
48.0 1.7766010038176165
48.0 1.7759715852654618
48.0 1.7795016531531025
48.0 1.7793932795716683
48.0 1.7791854057347567
48.0 1.7787935572819293
48.0 1.7774159351279575
48.0 1.7808688638388461
48.0 1.780819882782242
48.0 1.7825018027440642
48.0 1.7822449478505515
48.0 1.7789128365463416
48.0 1.781959934836889
48.0 1.7836626777351647
48.0 1.7827081384387058
48.0 1.7828165120201416
48.0 1.7802379071444243
48.0 1.782106878006701
48.0 1.7820578969500969
48.0 1.7843900584005261
48.0 1.7814789975968126
48.0 1.7768073395122583
48.0 1.7811746997889633
48.0 1.7814789975968126
48.0 1.7824335368932716
48.0 1.781634814092583
48.0 1.7818530993977209
48.0 1.778604968239205
48.0 1.7795402227414772
48.0 1.779659007791141
48.0 1.7774753276527875
48.0 1.7801206602370292
48.0 1.7813586744048828
48.0 1.7786901284527294
48.0 1.7808391675764306
48.0 1.7792656211960456
48.0 1.7811241805900921
48.0 1.7804264961871459
48.0 1.7807917246620937
48.0 1.7834474687145625
48.0 1.7763144526616854
48.0 1.7771590802344432
48.0 1.7786669150848151
48.0 1.7701240262947748
48.0 1.7751045966139813
48.0 1.7842222922942608
48.0 1.7820604512708722
48.0 1.7792833678479647
48.0 1.7858745159936666
48.0 1.7865440422764656
48.0 1.783248468203614
48.0 1.782470568339382
48.0 1.784575571158715
48.0 1.7841941341741139
48.0 1.7864460801632571
48.0 1.787774721260625
48.0 1.7872625496158656
48.0 1.7876960439416056
48.0 1.7901840218878073
48.0 1.7890335583649335
48.0 1.787272961084095
48.0 1.788600064039194
48.0 1.7892294825913495
48.0 1.7875267396930727
48.0 1.7895441918674273
48.0 1.7856280725683809
48.0 1.7801337404638413
48.0 1.7824794416653407
48.0 1.7836626777351645
48.0 1.785452971278422
48.0 1.785580629654045
48.0 1.7878132908490019
48.0 1.7831771260682874
48.0 1.7807262355137023
48.0 1.7879586958765457
48.0 1.7878904300257539
48.0 1.788096765720397
48.0 1.7851575467965337
48.0 1.7876856324733805
48.0 1.7817353305265704
48.0 1.7807847198038367
48.0 1.7855613448598577
48.0 1.7853149014345733
48.0 1.7872521381476403
48.0 1.7822464859928198
48.0 1.7866138462695251
48.0 1.7862100482062004
48.0 1.7808777371648077
48.0 1.7814349612924456
48.0 1.7891260537621505
48.0 1.7864395972687572
48.0 1.7729016316814452
48.0 1.7689245817152963
48.0 1.7727130426387188
48.0 1.7775227705671264
48.0 1.7753583752229631
48.0 1.7736066512680848
48.0 1.7740490189197857
48.0 1.7711645780939527
48.0 1.7728094666096652
48.0 1.772278010170715
48.0 1.7741099495868837
48.0 1.7775123590989022
48.0 1.7754578754784391
48.0 1.7757725847545167
48.0 1.7707133371162909
48.0 1.7694545000119812
48.0 1.7688073348079039
48.0 1.7643717086804045
48.0 1.7668211170382313
48.0 1.7744439436571446
48.0 1.7773831625810068
48.0 1.779615823775964
48.0 1.779961767456724
48.0 1.780533331626315
48.0 1.779393279571669
48.0 1.7763931299807083
48.0 1.7767953899017646
48.0 1.7684467207597583
48.0 1.7692319558076828
48.0 1.7658674300309631
48.0 1.7600113320069477
48.0 1.7628201158527923
48.0 1.7619908964988023
48.0 1.7627213534487
48.0 1.7583370988092644
48.0 1.7566760017838996
48.0 1.7547788728014762
48.0 1.7541583275752826
48.0 1.759990860650938
48.0 1.7538886707820827
48.0 1.7214436538992584
48.0 1.7356103467417874
48.0 1.7283591465929957
48.0 1.7348789526033688
48.0 1.73627160065237
48.0 1.739567174725221
48.0 1.7400882196959422
48.0 1.7385667306566903
48.0 1.7361084489729086
48.0 1.7349965550384105
48.0 1.7424249955731759
48.0 1.7396400550028155
48.0 1.7423937611684888
48.0 1.7437208641235922
48.0 1.7357239357037675
48.0 1.7437193259813228
48.0 1.7455898349858694
48.0 1.7375543369776683
48.0 1.739059617507265
48.0 1.7407712337315029
48.0 1.7444130818105454
48.0 1.7288503288651824
48.0 1.723277371439929
48.0 1.7401194541006204
48.0 1.7262558458052453
48.0 1.7236129036524626
48.0 1.7175571405194348
48.0 1.7156897077994249
48.0 1.7218617016613413
48.0 1.723296986559551
48.0 1.703980058177778
48.0 1.7230077146467295
48.0 1.7207940079205262
48.0 1.7097252574489845
48.0 1.721527707591075
48.0 1.7217157746700378
48.0 1.712545005470108
48.0 1.7181831524616178
48.0 1.7185854123826756
48.0 1.7128122718318497
48.0 1.710984946842484
48.0 1.7164048085288566
48.0 1.725265649315623
48.0 1.7178298735971658
48.0 1.717642822696708
48.0 1.719501382090755
48.0 1.7233210774188628
48.0 1.7197805980629954
48.0 1.724713369940221
48.0 1.718025797823579
48.0 1.7132681272363124
48.0 1.7185186846741505
48.0 1.72421160976369
48.0 1.7200313003874377
48.0 1.7223827466320545
48.0 1.7190605525813245
48.0 1.7181623295251622
48.0 1.7198087561831426
48.0 1.7243824521544922
48.0 1.7196217052826879
48.0 1.7171931198613184
48.0 1.7205376749907741
48.0 1.723426374715763
48.0 1.7209769663579366
48.0 1.7123996004425643
48.0 1.7287378628207004
48.0 1.724755015813134
48.0 1.7214891380026969
48.0 1.7232690200777245
48.0 1.7199725937156836
48.0 1.7168159417758715
48.0 1.7180971399589045
48.0 1.7194766305805746
48.0 1.7114778336930563
