68.0 1.422896406726089
68.0 1.4540982524555905
68.0 1.448857420632903
68.0 1.4536494019093862
68.0 1.4543100548662253
68.0 1.4479044194787094
68.0 1.4530600910878768
68.0 1.455706961814386
68.0 1.4558554431264634
68.0 1.4610570195076986
68.0 1.4565916971177855
68.0 1.4546440489364907
68.0 1.460222803403169
68.0 1.456633342990696
68.0 1.457270096726544
68.0 1.4612841781387953
68.0 1.4614608175710224
68.0 1.4593365299574994
68.0 1.4554886765092467
68.0 1.4666847550309796
68.0 1.4630848831502796
68.0 1.4570934572943173
68.0 1.4608032408987193
68.0 1.461530621564081
68.0 1.4647668031121015
68.0 1.467924307341102
68.0 1.4576738947898675
68.0 1.4697635819409605
68.0 1.4639592069854515
68.0 1.465455614189086
68.0 1.46559214589067
68.0 1.4655238800398769
68.0 1.4687006690630662
68.0 1.4683666749928026
68.0 1.4609413107425702
68.0 1.4638315486098286
68.0 1.4583434210726645
68.0 1.4680519657167244
68.0 1.464934569218367
68.0 1.4655431648340673
68.0 1.4674225471645705
68.0 1.469812562997565
68.0 1.4648543537570806
68.0 1.4585700577400038
68.0 1.4644416823677953
68.0 1.4572299889959004
68.0 1.4639279725807692
68.0 1.4630690049660589
68.0 1.456069114004799
68.0 1.4662720836416956
68.0 1.4677283831146868
68.0 1.4661934063226751
68.0 1.4660657479470522
68.0 1.4616108370253678
68.0 1.4689278276941646
68.0 1.4662874398621566
68.0 1.4717690845048188
68.0 1.472781478183844
68.0 1.4666623939522565
68.0 1.4654452027208589
68.0 1.470604280939991
68.0 1.4767361670712646
68.0 1.4786541189901425
68.0 1.4759108242926937
68.0 1.473265491708453
68.0 1.4734728435816045
68.0 1.469961044309643
68.0 1.4699506328414147
68.0 1.470531070336965
68.0 1.4727533200636949
68.0 1.4719962431359161
68.0 1.470796798556437
68.0 1.4740032838420423
68.0 1.4748390380888385
68.0 1.4724860537019526
68.0 1.4729700672265638
68.0 1.468178085950078
68.0 1.4625711733632507
68.0 1.4726241235458026
68.0 1.4730432778295899
68.0 1.471562748810177
68.0 1.468621991744048
68.0 1.4658682855783716
68.0 1.4648647652253088
68.0 1.4654259179266729
68.0 1.4677773641712906
68.0 1.464138922702213
68.0 1.463292756987188
68.0 1.4678367566961206
68.0 1.4645812903539135
68.0 1.4658995199830531
68.0 1.4619458472741425
68.0 1.4627427882959312
68.0 1.4645099482185857
68.0 1.46682282487483
68.0 1.4662423873792798
68.0 1.4657302157345207
68.0 1.467471528221174
68.0 1.469144574857035
68.0 1.4694399993389242
68.0 1.4682895358160506
68.0 1.4686620994746917
68.0 1.4677565412348357
68.0 1.4686917957371064
68.0 1.469665619827754
68.0 1.4711412040949332
68.0 1.4706498553866292
68.0 1.4693316257574895
68.0 1.4704331082237598
68.0 1.4696270502393791
68.0 1.4710922230383292
68.0 1.4693613220199042
68.0 1.4702163610608887
68.0 1.4671078378884912
68.0 1.4692232521760529
68.0 1.4657020576143704
68.0 1.465800019727578
68.0 1.465710930940333
68.0 1.4689960935449564
68.0 1.4721343129797686
68.0 1.4754090641161637
68.0 1.4752709942723121
68.0 1.4750536172018713
68.0 1.4724177878511633
68.0 1.4757029504557857
68.0 1.4766871860146609
68.0 1.4742481891250623
68.0 1.4710227493707015
68.0 1.4648242261669078
68.0 1.4694722221731105
68.0 1.4750928166978183
68.0 1.4728200477722173
68.0 1.4753882411797077
68.0 1.4772171043113407
68.0 1.4728304592404475
68.0 1.4760562293202402
68.0 1.4778762191259105
68.0 1.4773358893610022
68.0 1.4746504490461168
68.0 1.4709911846405852
68.0 1.4708739377331908
68.0 1.46882832743869
68.0 1.4709823113146263
68.0 1.4693003913528044
68.0 1.4680608390426844
68.0 1.4693196761469929
68.0 1.4678545033480417
68.0 1.4701851266562043
68.0 1.4712287547399117
68.0 1.4741294040753985
68.0 1.476234406894732
68.0 1.4741101192812107
68.0 1.474297170181666
68.0 1.4749161772655908
68.0 1.4733233460910173
68.0 1.473341092742938
68.0 1.470982311314625
68.0 1.4721713444258755
68.0 1.4673527431715094
68.0 1.4697130627420882
68.0 1.4740403152881516
68.0 1.4730664911975044
68.0 1.4736172324306398
68.0 1.4728705669710898
68.0 1.4686308650700082
68.0 1.4671730274547485
68.0 1.4685209533463046
68.0 1.4664352353211598
68.0 1.4664336971788914
68.0 1.4577288090282117
68.0 1.456225409954302
68.0 1.4604132179560727
68.0 1.455561201259197
68.0 1.4601082772526657
68.0 1.457826635001106
68.0 1.458957813729791
68.0 1.4545310609282556
68.0 1.454856181672559
68.0 1.459743048777715
68.0 1.4500938966584902
68.0 1.4316748934356702
68.0 1.4108767806401732
68.0 1.4246871970308963
68.0 1.408631776622293
68.0 1.4201633873565538
68.0 1.4263152441350933
68.0 1.4212710223918954
68.0 1.4217504214897059
68.0 1.4231280436436793
68.0 1.4134684800562205
68.0 1.4082387455548362
68.0 1.4262157438796166
68.0 1.417490582505244
68.0 1.4229193175175754
68.0 1.4286979247843963
68.0 1.4206014961090982
68.0 1.4220997717804318
68.0 1.4221557576952975
68.0 1.4246259889895807
68.0 1.4224897517655621
68.0 1.4214476618241225
68.0 1.4191081651899997
68.0 1.42567541411471
68.0 1.421141825874006
68.0 1.4235526646434578
68.0 1.4090135691345396
68.0 1.4100930007001014
68.0 1.3985082322844968
68.0 1.396026733183725
68.0 1.4102866604869855
68.0 1.4044366052403303
68.0 1.4107367794416246
68.0 1.4118805936338832
68.0 1.410715459743626
68.0 1.4019090389804492
68.0 1.412026848403823
68.0 1.420469909159755
68.0 1.4215382887536419
68.0 1.4067365413097832
68.0 1.4126284669102718
68.0 1.4111528826430926
68.0 1.4119188328968295
68.0 1.410219166283087
68.0 1.4171902132711214
68.0 1.4172777639161034
68.0 1.411093490118257
68.0 1.4074535105069128
68.0 1.4114363575144835
68.0 1.4030757387619808
68.0 1.4076624005223342
68.0 1.3986836269750966
68.0 1.3997740121200613
68.0 1.3933729911593506
68.0 1.4021123261395596
68.0 1.4085580692577186
68.0 1.4148923625099072
68.0 1.4186376394181535
68.0 1.4211553136267718
68.0 1.4091207601013513
68.0 1.413142176697292
68.0 1.4127977711588036
68.0 1.4153258568356515
68.0 1.4045069563993566
68.0 1.4107016416654294
68.0 1.409706994638325
68.0 1.4106511224665594
68.0 1.4055266852620762
68.0 1.4117229086704133
68.0 1.4171516436827427
68.0 1.4054510842275927
68.0 1.4131054755766208
68.0 1.403641505890143
68.0 1.4055401730148382
68.0 1.40838450611003
