174.0 1.2615227308068642
174.0 1.2976414420328721
174.0 1.3037042100241616
174.0 1.3066538404162513
174.0 1.3043633248387305
174.0 1.2958407370213887
174.0 1.3092235719660066
174.0 1.30885834349106
174.0 1.3045118061508099
174.0 1.310197396056655
174.0 1.3109159033960567
174.0 1.289899474836654
174.0 1.3086905773847932
174.0 1.3137571602067124
174.0 1.3181646282140613
174.0 1.3125874118896497
174.0 1.3002721042497285
174.0 1.3087827424565746
174.0 1.3160210558063523
174.0 1.3142901547879287
174.0 1.3100103451562013
174.0 1.3080538236489467
174.0 1.3128427286408964
174.0 1.3172501966482455
174.0 1.3115052142175676
174.0 1.3128531401091244
174.0 1.3134247042787144
174.0 1.3188148697026707
174.0 1.3198569596441103
174.0 1.311989227742178
174.0 1.3163328526872142
174.0 1.3117917653734972
174.0 1.3154406183108
174.0 1.316493119720467
174.0 1.312617108152067
174.0 1.3193150917369367
174.0 1.3180473813066667
174.0 1.3186663883905927
174.0 1.3211647778050228
174.0 1.3216279683931778
174.0 1.310945599658472
174.0 1.315755327586878
174.0 1.3171329497408513
174.0 1.3157850238492932
174.0 1.316837525258961
174.0 1.3144266864895109
174.0 1.3079365767415492
174.0 1.3074051203026036
174.0 1.314160958270037
174.0 1.317152234535037
174.0 1.3189232432841071
174.0 1.319208256297768
174.0 1.3210475308976275
174.0 1.3195318388998047
174.0 1.322483007434162
174.0 1.323367742737563
174.0 1.3185772996033456
174.0 1.32273832418541
174.0 1.3185595529514267
174.0 1.3145470096814407
174.0 1.317250196648245
174.0 1.3168969177837913
174.0 1.322306368001937
174.0 1.3200737068069812
174.0 1.3220302283142353
174.0 1.3215759110520389
174.0 1.3166712972949608
174.0 1.3193166298792016
174.0 1.31763470991738
174.0 1.3167692594081697
174.0 1.3165926199759426
174.0 1.317634709917381
174.0 1.3254534607627084
174.0 1.3247750611539506
174.0 1.3213274634662344
174.0 1.3254133530320644
174.0 1.3152624407363056
174.0 1.3165108663723881
174.0 1.3223746338527267
174.0 1.3215581644001184
174.0 1.316178410444391
174.0 1.3220213549882756
174.0 1.3209881383727957
174.0 1.3212835628546866
174.0 1.3222084058887287
174.0 1.3217853230312169
174.0 1.3139665721858886
174.0 1.3156855235938199
174.0 1.3183902487028913
174.0 1.3220583864343836
174.0 1.3223152413278978
174.0 1.3187909704816825
174.0 1.3142967456262438
174.0 1.3236527557512252
174.0 1.3205754669835115
174.0 1.3189960958126925
174.0 1.32231370318563
174.0 1.3228868054974867
174.0 1.324332693502251
174.0 1.3243326935022501
174.0 1.324883434735386
174.0 1.3238606295881348
174.0 1.3244900481402893
174.0 1.3245687254593086
174.0 1.3244900481402886
174.0 1.3242540161832301
174.0 1.322837824440883
174.0 1.3207922141463808
174.0 1.3193760224040338
174.0 1.3187466038518785
174.0 1.3196907316801105
174.0 1.3195333770420716
174.0 1.322129728569709
174.0 1.321028246103439
174.0 1.3136117551791653
174.0 1.3031223982756635
174.0 1.3069967078124791
174.0 1.3114635683446547
174.0 1.3112869289124283
174.0 1.3110092510824591
174.0 1.3106158644873633
174.0 1.3045561727806076
174.0 1.2999449233993927
174.0 1.3022166761464817
174.0 1.310639763708351
174.0 1.315587561480609
174.0 1.3197188898002574
174.0 1.3220599245766487
174.0 1.3250600741676095
174.0 1.3239481802331126
174.0 1.3236631672194505
174.0 1.3230827297238987
174.0 1.3225809695473665
174.0 1.32270862792299
174.0 1.3213221324430577
174.0 1.3220271520296976
174.0 1.3246354531678313
174.0 1.3194149223178406
174.0 1.3168926336824207
174.0 1.3124698094546081
174.0 1.3171549552919253
174.0 1.3128485256823186
174.0 1.3141281857230842
174.0 1.315486523082869
174.0 1.3173184624990357
174.0 1.318940989936026
174.0 1.3174461208746593
174.0 1.3159601251392505
174.0 1.3136190903628608
174.0 1.3154984726933632
174.0 1.3161086064513297
174.0 1.3126468044144806
174.0 1.3175143867254495
174.0 1.3150561050416625
174.0 1.3155281689557772
174.0 1.3176628680375275
174.0 1.3156454158631734
174.0 1.3157152198562323
174.0 1.3148393578787925
174.0 1.3166489362162368
174.0 1.3187257809154218
174.0 1.3169443606981255
174.0 1.3182433055330791
174.0 1.3161872837703494
174.0 1.3128130323784781
174.0 1.3121033983650374
174.0 1.3134127546682175
174.0 1.3111770171887267
174.0 1.3097118443897764
174.0 1.2984920305363756
174.0 1.2994557734842285
174.0 1.3017700803389254
174.0 1.298285530952413
174.0 1.3022745305290517
174.0 1.2969437576299265
174.0 1.2950732486253833
174.0 1.2918386052196327
174.0 1.2920761753189554
174.0 1.2947438689819208
174.0 1.2926566128145063
174.0 1.2757214372772583
174.0 1.2553397789049914
174.0 1.26100211623876
174.0 1.2669248453938269
174.0 1.279803696166568
174.0 1.2750178674591537
174.0 1.2658184181753218
174.0 1.2671559325986481
174.0 1.274864771720275
174.0 1.2651712529712433
174.0 1.2786027134448228
174.0 1.2805607730943482
174.0 1.2772771486319898
174.0 1.2708568428770919
174.0 1.284849456052033
174.0 1.27493765199787
174.0 1.2774418384537245
174.0 1.274044043368507
174.0 1.2819607563270408
174.0 1.268592947277449
174.0 1.2724991493230204
174.0 1.2769970803705628
174.0 1.2672525204589076
174.0 1.2686315168658282
174.0 1.2696761611280463
174.0 1.2722018563734343
174.0 1.2482343152251731
174.0 1.238202790137645
174.0 1.2494347200376579
174.0 1.2564405996786712
174.0 1.2358102477328787
174.0 1.2489355419309103
174.0 1.2540137440378916
174.0 1.2511620757590074
174.0 1.2482301920188361
174.0 1.2590868097543122
174.0 1.2518508868359914
174.0 1.254851036426954
174.0 1.2515114260497344
174.0 1.2556413801164337
174.0 1.2426601444420073
174.0 1.2592122415877955
174.0 1.2565604261090506
174.0 1.2516373798469806
174.0 1.2470725572015886
174.0 1.2570492204965766
174.0 1.2597564999264257
174.0 1.2581803992252614
174.0 1.2483640029635297
174.0 1.253016376253897
174.0 1.2540094851387322
174.0 1.249959388458881
174.0 1.251324044823849
174.0 1.256638939538752
174.0 1.258086365685782
174.0 1.2606426094827736
174.0 1.2415531952597445
174.0 1.24914769986919
174.0 1.247544457226386
174.0 1.2563057977576773
174.0 1.2415441580444624
174.0 1.2428936220782876
174.0 1.2617094509343967
174.0 1.2575572996782924
174.0 1.2434651862478796
174.0 1.2603526517168817
174.0 1.2518539631205285
174.0 1.2550604484061312
174.0 1.2482525530975623
174.0 1.2635753455121383
174.0 1.2415322084339724
174.0 1.2448001186014224
174.0 1.2369931534772747
174.0 1.2429622182545121
