94.0 1.4181747596603425
94.0 1.4631034877985138
94.0 1.4593809022944269
94.0 1.462174716190748
94.0 1.468349786337196
94.0 1.4583229341687673
94.0 1.4588163429830958
94.0 1.4646295912645673
94.0 1.4662937645744658
94.0 1.4707324669864994
94.0 1.4650245160019304
94.0 1.4529109296298472
94.0 1.4701400798804518
94.0 1.470898694950496
94.0 1.4717938417221257
94.0 1.472925020450811
94.0 1.4743500855191203
94.0 1.472086189919479
94.0 1.4742995663202485
94.0 1.4766629621753629
94.0 1.4699144593916218
94.0 1.4739353540238092
94.0 1.4727637372390479
94.0 1.474939396340629
94.0 1.476268037437999
94.0 1.4802524225878362
94.0 1.47526058851121
94.0 1.4791108323909208
94.0 1.475136858709313
94.0 1.4773888046984578
94.0 1.4690860403285184
94.0 1.4697436170008207
94.0 1.4746262252068187
94.0 1.4753728906663697
94.0 1.463726587345487
94.0 1.476248752643811
94.0 1.4853190054097538
94.0 1.4827596853282259
94.0 1.4799674095741724
94.0 1.4779113878114427
94.0 1.4806265243887435
94.0 1.4795339152484326
94.0 1.4848365300274105
94.0 1.4826231536266408
94.0 1.48461978286454
94.0 1.4761210942681873
94.0 1.4784517175763496
94.0 1.4833723734069688
94.0 1.4820531275993196
94.0 1.4832838065834806
94.0 1.4796689088077488
94.0 1.483093679398491
94.0 1.4844030357016709
94.0 1.4865971273082497
94.0 1.4841284341562369
94.0 1.4810985883028598
94.0 1.483775155291784
94.0 1.4866476465071228
94.0 1.48548677151602
94.0 1.4818853614930514
94.0 1.4812486077572058
94.0 1.480766132374861
94.0 1.4844431434323133
94.0 1.4834114649591017
94.0 1.4853679864663571
94.0 1.483957755654754
94.0 1.48483653002741
94.0 1.486448645996172
94.0 1.4845306940772922
94.0 1.4840690416314064
94.0 1.483812186737892
94.0 1.488356186446823
94.0 1.4861844559189659
94.0 1.4815424940968263
94.0 1.4824147578259743
94.0 1.4836355473056648
94.0 1.4813202802179648
94.0 1.483026951689967
94.0 1.4742120156752692
94.0 1.4769672599832113
94.0 1.4802732455242893
94.0 1.4788466423137154
94.0 1.4837230979506464
94.0 1.4702557886455827
94.0 1.4780745394909094
94.0 1.4778936411595252
94.0 1.4790951180960197
94.0 1.4798605741350077
94.0 1.4796719850922853
94.0 1.4823959949955465
94.0 1.4885655984260024
94.0 1.4796677049381168
94.0 1.4753228656822537
94.0 1.4869816405773904
94.0 1.4912124691525115
94.0 1.4889985707879854
94.0 1.4877387175051664
94.0 1.479876782644662
94.0 1.478707034327599
94.0 1.482740400534039
94.0 1.4840971997515557
94.0 1.4856128917493774
94.0 1.4882196547452426
94.0 1.4867143742156481
94.0 1.4883473131208647
94.0 1.487847091086601
94.0 1.4885254906953589
94.0 1.488899592496268
94.0 1.4891846055099291
94.0 1.4874818626116524
94.0 1.487490735937613
94.0 1.4866252854284
94.0 1.4901657647842685
94.0 1.491031215293481
94.0 1.484212908516681
94.0 1.4841581694289752
94.0 1.4848962528776766
94.0 1.4857478853086934
94.0 1.486595589165985
94.0 1.4794255416670017
94.0 1.4842456810636333
94.0 1.4902964994444279
94.0 1.4862349751178383
94.0 1.488495794432943
94.0 1.4926865152774222
94.0 1.4948701954157764
94.0 1.4944872202889072
94.0 1.492567730227761
94.0 1.490579974315822
94.0 1.4891549092475151
94.0 1.4886458138872907
94.0 1.4919695460802895
94.0 1.489471156665859
94.0 1.4916845330666282
94.0 1.490513246607299
94.0 1.4929418320286711
94.0 1.4834469582629473
94.0 1.481278304019625
94.0 1.469313233650116
94.0 1.4678916766415926
94.0 1.4706981562972872
94.0 1.4722597530671764
94.0 1.4663323341628471
94.0 1.4640314071170992
94.0 1.46527983275318
94.0 1.4619086576458453
94.0 1.4642095846915928
94.0 1.4647186800518164
94.0 1.4680840581177255
94.0 1.469844655398564
94.0 1.4752926752050837
94.0 1.4716438222677817
94.0 1.4735633123289291
94.0 1.4725671271595568
94.0 1.4672749238488094
94.0 1.4637032100882563
94.0 1.4597708822795596
94.0 1.4645034710312135
94.0 1.4682711090181806
94.0 1.4652115669023875
94.0 1.4652219783706155
94.0 1.4653423015625457
94.0 1.4658529350650362
94.0 1.470167385711413
94.0 1.4727220913661383
94.0 1.4742089393907352
94.0 1.468285779385567
94.0 1.4661881117499242
94.0 1.474902009366881
94.0 1.4657619526078802
94.0 1.4598329955612837
94.0 1.467910139442393
94.0 1.4687979510303264
94.0 1.4721425061597788
94.0 1.4655737190928022
94.0 1.4614570611405397
94.0 1.4613887952897475
94.0 1.4597573945267954
94.0 1.4634127303586022
94.0 1.4597246219798465
94.0 1.4547346563709216
94.0 1.4511065986210678
94.0 1.4427546893052072
94.0 1.4418220168727174
94.0 1.4433223526500778
94.0 1.446701548794185
94.0 1.448864736321514
94.0 1.4377461525041755
94.0 1.445149155675682
94.0 1.4406770200658354
94.0 1.4395219421161596
94.0 1.4370742357899189
94.0 1.449863475811657
94.0 1.4434645149569674
94.0 1.4463161832358584
94.0 1.4394446365032925
94.0 1.4435134960135751
94.0 1.432668305924836
94.0 1.4386308878075753
94.0 1.4374025992548722
94.0 1.4278983301994317
94.0 1.4369049315413895
94.0 1.4401994894357253
94.0 1.440985932300487
94.0 1.4358406721595474
94.0 1.4530636698410848
94.0 1.4347568302410019
94.0 1.423290821700817
94.0 1.4215693751104774
94.0 1.4296824383310236
94.0 1.426426674505977
94.0 1.4247155802454978
94.0 1.4269127481366155
94.0 1.4215410152176515
94.0 1.4310254775151519
94.0 1.4347554541484422
94.0 1.4406696848821448
94.0 1.4337075112200675
94.0 1.4192100615840575
94.0 1.423477921605291
94.0 1.4316217931949229
94.0 1.4284257193775471
94.0 1.431541577733636
94.0 1.4276775157757289
94.0 1.432966642801944
94.0 1.430754804543442
94.0 1.430826146678769
94.0 1.4279178066319462
94.0 1.4359058617258047
94.0 1.4289807195098407
94.0 1.4230845350101933
94.0 1.417409356572575
94.0 1.4264807919531413
94.0 1.4275467811155744
94.0 1.42880715636215
94.0 1.4233456488028646
94.0 1.4271236982580604
94.0 1.4274592304705926
94.0 1.4262998936217557
94.0 1.4278942629385996
94.0 1.428909732902159
94.0 1.4210983172405196
94.0 1.4255933358928514
94.0 1.4291353533909859
94.0 1.4386865433970084
94.0 1.4351132914941884
94.0 1.4206663610570496
94.0 1.4256071539710446
94.0 1.428319214263812
94.0 1.4201437779440642
94.0 1.4170248433034351
94.0 1.4274310723504444
94.0 1.4384875428860586
94.0 1.4279166240173213
