125.0 1.170254065295446
125.0 1.2113318960959294
125.0 1.2184434008124785
125.0 1.2222673827887482
125.0 1.2242952464313286
125.0 1.2200782359344033
125.0 1.2248644201694607
125.0 1.2260812810754278
125.0 1.228104530291205
125.0 1.2260589199967025
125.0 1.2246307786438602
125.0 1.2169292747059277
125.0 1.224338430446508
125.0 1.223009789349138
125.0 1.227154605421549
125.0 1.2300151470263925
125.0 1.2205839246846586
125.0 1.2252528620123238
125.0 1.2236407460435617
125.0 1.2348472360335214
125.0 1.2325818022916137
125.0 1.2323087388884482
125.0 1.2361774152731573
125.0 1.2307336543657936
125.0 1.233377448807767
125.0 1.2285974171417784
125.0 1.2282071068312166
125.0 1.2340886209634765
125.0 1.2365974218461344
125.0 1.2349853058773705
125.0 1.2218862735827847
125.0 1.232050345852665
125.0 1.2377286005748187
125.0 1.2386133358782179
125.0 1.2311656105492652
125.0 1.2308227431530399
125.0 1.231827801648371
125.0 1.2338228927440011
125.0 1.2363910861514902
125.0 1.2301740398066985
125.0 1.2342637222534338
125.0 1.2411815292857091
125.0 1.2362915858960153
125.0 1.2377567586949665
125.0 1.2375342144906725
125.0 1.2372565366607027
125.0 1.2378593352349772
125.0 1.237898921001863
125.0 1.2408490733577113
125.0 1.243328177977952
125.0 1.238378842063429
125.0 1.2389993872896237
125.0 1.2411549093078273
125.0 1.2389843613945923
125.0 1.2415259348242014
125.0 1.2333284677511647
125.0 1.2405802688537035
125.0 1.2465227136530639
125.0 1.2342662765742152
125.0 1.2410153013217122
125.0 1.240562522201783
125.0 1.2406115032583862
125.0 1.2371466249370031
125.0 1.233095512078643
125.0 1.2370189665613782
125.0 1.234403466379864
125.0 1.2419891254123578
125.0 1.244950705414943
125.0 1.2444593567066389
125.0 1.2476554305240142
125.0 1.2474105252409975
125.0 1.246043314555254
125.0 1.2455712506411374
125.0 1.2408209152375629
125.0 1.244130115750285
125.0 1.2413358076392131
125.0 1.2385643548216172
125.0 1.2359514392566853
125.0 1.2302777989613343
125.0 1.2348178700965389
125.0 1.237344087305683
125.0 1.2380876764806972
125.0 1.2369803969730016
125.0 1.237655720297224
125.0 1.2436101147070784
125.0 1.2483604501106533
125.0 1.248106671501674
125.0 1.2504195481579168
125.0 1.2511928335953468
125.0 1.246905688779928
125.0 1.2418688022204234
125.0 1.240848881719383
125.0 1.2366938180680616
125.0 1.2448377174067016
125.0 1.2489987419887634
125.0 1.2428230696837475
125.0 1.244072783331472
125.0 1.244460539321255
125.0 1.242958335076196
125.0 1.2465373840204421
125.0 1.2482594117129084
125.0 1.2553908896235177
125.0 1.255009452638916
125.0 1.2531597665708285
125.0 1.256309935616135
125.0 1.2532415201743823
125.0 1.250989574185237
125.0 1.2485891468840147
125.0 1.2498182877259083
125.0 1.2502710668458363
125.0 1.2514215303687108
125.0 1.2523552467287147
125.0 1.2504758643982115
125.0 1.2491472233008418
125.0 1.2421522770918152
125.0 1.244683933267952
125.0 1.2408299272506287
125.0 1.244285438031299
125.0 1.2447783248818718
125.0 1.2448971099315327
125.0 1.244001963159906
125.0 1.2415085184977104
125.0 1.2339290982755957
125.0 1.2357882875772122
125.0 1.2379229866589618
125.0 1.2402358633152035
125.0 1.239560539990981
125.0 1.2356756550966201
125.0 1.242243404730079
125.0 1.246255941506071
125.0 1.2497693066693065
125.0 1.2478127851620513
125.0 1.2458562636547956
125.0 1.240516617429708
125.0 1.2472828668653686
125.0 1.2499386109178383
125.0 1.2498005410739883
125.0 1.2478296795247776
125.0 1.2491611710253592
125.0 1.2531182845872366
125.0 1.2545937049650968
125.0 1.248140626663245
125.0 1.2474117078556155
125.0 1.23893230405345
125.0 1.2380371572818238
125.0 1.2412941617662976
125.0 1.2391328427066683
125.0 1.2409320095758851
125.0 1.2401051286550504
125.0 1.2428588348207252
125.0 1.2433189491243466
125.0 1.240370856874524
125.0 1.242818727090082
125.0 1.2452592621219498
125.0 1.2472350684233922
125.0 1.2484657474075536
125.0 1.246362282730486
125.0 1.2438758429265517
125.0 1.2465315869790217
125.0 1.2490269001089167
125.0 1.246924973574119
125.0 1.2473688793680857
125.0 1.2467097645535155
125.0 1.2447324201098053
125.0 1.2469427202260384
125.0 1.246843219970565
125.0 1.2410330479736311
125.0 1.2398216537836588
125.0 1.2370486628237949
125.0 1.2359669598139575
125.0 1.2295656453176078
125.0 1.2305528275146997
125.0 1.2332108653161242
125.0 1.2341314494510125
125.0 1.240688286907495
125.0 1.2375411941467223
125.0 1.2320892457664772
125.0 1.2294775380183742
125.0 1.2410920849708165
125.0 1.2379345807418192
125.0 1.2365765194468905
125.0 1.219041551531739
125.0 1.2178080640338456
125.0 1.219042273359824
125.0 1.2245768276328135
125.0 1.2165220448304295
125.0 1.2155362711292867
125.0 1.219949536178061
125.0 1.2039171097500438
125.0 1.2072261715756554
125.0 1.2176412739486184
125.0 1.2124531853201483
125.0 1.214926137371318
125.0 1.2143784724227158
125.0 1.2158733414840852
125.0 1.216712172015417
125.0 1.2225728632112216
125.0 1.2202275695356737
125.0 1.2176138016815499
125.0 1.2252791264625624
125.0 1.2228812534821154
125.0 1.2162447225281066
125.0 1.233342782590905
125.0 1.2226249205523585
125.0 1.2153272146777536
125.0 1.2210633237824708
125.0 1.2192235272188523
125.0 1.214038159347275
125.0 1.2175843272234126
125.0 1.2099921551304624
125.0 1.2123459918065427
125.0 1.2162795274320755
125.0 1.2118567032042664
125.0 1.212068672051014
125.0 1.209620801835454
125.0 1.212864318567167
125.0 1.1982646479187904
125.0 1.2062777848482642
125.0 1.1918293162688602
125.0 1.1983074764063235
125.0 1.2002061435310172
125.0 1.2029806726331471
125.0 1.1937114193562541
125.0 1.2072647411640305
125.0 1.2043775795813105
125.0 1.1987394325897966
125.0 1.2050856754524808
125.0 1.20952863676367
125.0 1.2063965698979289
125.0 1.1997149587120315
125.0 1.2028789458355356
125.0 1.1947760342657368
125.0 1.2018911120283646
125.0 1.1968677132216272
125.0 1.1989213445529001
125.0 1.204908155982058
125.0 1.2028424086041756
125.0 1.204239645877768
125.0 1.1978495583490434
125.0 1.1992386081497506
125.0 1.204448372003869
125.0 1.195833974642388
125.0 1.1919199154493698
125.0 1.19946694939547
125.0 1.2067102352464867
125.0 1.1886108536237558
125.0 1.1871709265497332
125.0 1.193907313286867
125.0 1.1878310575428146
125.0 1.1947541674017643
125.0 1.1932835278868206
125.0 1.1890190744755567
125.0 1.193837347951286
125.0 1.1945753039741929
