124.0 1.1402494181369105
124.0 1.181648248695888
124.0 1.1959086779453365
124.0 1.1875217695403866
124.0 1.1868380671049523
124.0 1.1710191476659517
124.0 1.198484370425836
124.0 1.190961566026156
124.0 1.1986792784737408
124.0 1.1940704195239855
124.0 1.197203694206561
124.0 1.188477846979112
124.0 1.1885773472345835
124.0 1.191935720442234
124.0 1.2023168676536253
124.0 1.199645767380694
124.0 1.1890292740653248
124.0 1.1926003019727975
124.0 1.2012339841284674
124.0 1.1978080309231047
124.0 1.193703322581333
124.0 1.1970077699801476
124.0 1.200198046756096
124.0 1.1834675803974908
124.0 1.19393781639613
124.0 1.1952398375156141
124.0 1.192582555320879
124.0 1.2011510479102911
124.0 1.2075478099718442
124.0 1.1968534916266445
124.0 1.189707151710323
124.0 1.2016304470080976
124.0 1.1990919498630264
124.0 1.2092104451394758
124.0 1.2061285419449617
124.0 1.2051547178543134
124.0 1.2033154432544553
124.0 1.2061358771286537
124.0 1.205402699421867
124.0 1.2078698544316142
124.0 1.2033362661909106
124.0 1.2093037928258834
124.0 1.2076901387148538
124.0 1.203109107559814
124.0 1.20582578227938
124.0 1.2013662569308934
124.0 1.1913861870259355
124.0 1.2048079218843644
124.0 1.2048592933724251
124.0 1.207792715254864
124.0 1.200456439791879
124.0 1.2012906558964087
124.0 1.2019320240590567
124.0 1.212240290992854
124.0 1.2076650568792406
124.0 1.205355256507531
124.0 1.203613944020879
124.0 1.2104708203860535
124.0 1.2058764653675713
124.0 1.2139029261604892
124.0 1.2126336775879512
124.0 1.2110601312075657
124.0 1.212161613673837
124.0 1.204274596977718
124.0 1.2076264872908633
124.0 1.2058395791025622
124.0 1.2100357879180468
124.0 1.2161444606814051
124.0 1.2131443110904434
124.0 1.2191060406839913
124.0 1.2140498693303003
124.0 1.2121037592912705
124.0 1.212575823205387
124.0 1.215250852052045
124.0 1.2141715455201656
124.0 1.2199626178672431
124.0 1.2249979662844785
124.0 1.2102718198751032
124.0 1.218151501387531
124.0 1.2142144512082171
124.0 1.216843683226618
124.0 1.2169431834820925
124.0 1.2103504971941235
124.0 1.2177685262606623
124.0 1.22196965857337
124.0 1.2236708633293794
124.0 1.219745870704373
124.0 1.2163137649299396
124.0 1.2185954071815
124.0 1.216813986964203
124.0 1.2175236209776428
124.0 1.2125553305943646
124.0 1.2130500339143286
124.0 1.2200486303699518
124.0 1.2190273633649682
124.0 1.2104757373892805
124.0 1.2154655391088882
124.0 1.2142265087625237
124.0 1.2168629680208047
124.0 1.2195484083356896
124.0 1.2181218051251141
124.0 1.2188210276703277
124.0 1.2183489637562124
124.0 1.2162736571992934
124.0 1.215476472540873
124.0 1.21534881416525
124.0 1.2139920149477346
124.0 1.2132052417575412
124.0 1.2172370698217139
124.0 1.2200887381005965
124.0 1.2176690260051855
124.0 1.2184750839895666
124.0 1.2170276578425356
124.0 1.2136356597987443
124.0 1.21643101183733
124.0 1.2109169809186593
124.0 1.208763463060974
124.0 1.211235232497522
124.0 1.2137351600542203
124.0 1.213392292657994
124.0 1.2130181908570856
124.0 1.2109324728319397
124.0 1.2030038102629106
124.0 1.207981304297581
124.0 1.211238308782056
124.0 1.2110215616191862
124.0 1.2139727301535441
124.0 1.2132333998776876
124.0 1.2094355436645496
124.0 1.2114743407391158
124.0 1.2114697263123135
124.0 1.213193292147045
124.0 1.2128592980767796
124.0 1.215091959271735
124.0 1.2128889943391954
124.0 1.2160761948306114
124.0 1.218644388238099
124.0 1.212026950439947
124.0 1.2266212315728504
124.0 1.2270094297790812
124.0 1.2332054892981004
124.0 1.232752710178173
124.0 1.2344242186717664
124.0 1.229811953112043
124.0 1.2294393894533995
124.0 1.2268029301951182
124.0 1.2213325493098737
124.0 1.2203097441626218
124.0 1.2201315665881287
124.0 1.2150383637883282
124.0 1.2171626514018483
124.0 1.2166994608136923
124.0 1.216248219836031
124.0 1.2122669109707296
124.0 1.2141135207542835
124.0 1.2152238765465135
124.0 1.213877488797226
124.0 1.2164949935867508
124.0 1.2106486424328997
124.0 1.2104928259371277
124.0 1.2133653171524672
124.0 1.2169250813025234
124.0 1.2154911429082544
124.0 1.2117412515732084
124.0 1.2161070737076476
124.0 1.2124372313977743
124.0 1.212153922962494
124.0 1.2128442721817458
124.0 1.2073931760906929
124.0 1.1943082619039314
124.0 1.190878417362132
124.0 1.197637887373362
124.0 1.1953420585279737
124.0 1.1956567678040524
124.0 1.1929520426949787
124.0 1.1911690843354175
124.0 1.1971574339068458
124.0 1.2015737752401556
124.0 1.1880829222417437
124.0 1.1970833710146334
124.0 1.1909128658434727
124.0 1.1850843834057754
124.0 1.1838777558014308
124.0 1.1949851814152377
124.0 1.195846539461403
124.0 1.2001294253776629
124.0 1.2012918385110332
124.0 1.1998251275698129
124.0 1.1968087694692033
124.0 1.1900844962318828
124.0 1.195807281473154
124.0 1.1911955378771928
124.0 1.1953139004078313
124.0 1.196600895632288
124.0 1.1912508379389777
124.0 1.195906617839313
124.0 1.190524473452123
124.0 1.1895303483887791
124.0 1.1932860367652518
124.0 1.1930812392128751
124.0 1.1938383161406536
124.0 1.1902889634588245
124.0 1.1810173197504725
124.0 1.1864397357576222
124.0 1.1878004635488657
124.0 1.1828750268553327
124.0 1.1885280081035436
124.0 1.1690252366381475
124.0 1.17873595356377
124.0 1.182694789174811
124.0 1.1804885840684152
124.0 1.1800204487280246
124.0 1.1745917137156934
124.0 1.1782555925480278
124.0 1.179465448595735
124.0 1.1684641116857957
124.0 1.1803710068355882
124.0 1.179633214701998
124.0 1.1733301558544948
124.0 1.1685100164578623
124.0 1.176606445133157
124.0 1.1763704131760986
124.0 1.185483494429578
124.0 1.1692967896480524
124.0 1.1678019205866874
124.0 1.1742164293001613
124.0 1.1806961275798948
124.0 1.1688335990598986
124.0 1.180822247813252
124.0 1.1803293609626782
124.0 1.1774584078896093
124.0 1.1678894712316705
124.0 1.1768274511951877
124.0 1.175372689864466
124.0 1.1712918807436858
124.0 1.1684996049896326
124.0 1.1748176897321707
124.0 1.1828550562080684
124.0 1.1844593150293783
124.0 1.1830446614292964
124.0 1.181234066913345
124.0 1.1738706495087239
124.0 1.175820852010797
124.0 1.180559237803874
124.0 1.1704252198708445
124.0 1.1710210135868575
124.0 1.1784300054381167
124.0 1.1788411386851338
124.0 1.1703236872583485
124.0 1.1715205775170472
124.0 1.1698965119377953
124.0 1.1764757104730013
124.0 1.1718233371826368
124.0 1.167978560018916
