18.0 2.0454428646649503
18.0 2.088491332981219
18.0 2.087333864600086
18.0 2.090300911318664
18.0 2.092150597386752
18.0 2.089505264802512
18.0 2.0970582874283634
18.0 2.0985130487590897
18.0 2.094689094531824
18.0 2.0952710701696433
18.0 2.0838775292792278
18.0 2.086353557614936
18.0 2.092769604470679
18.0 2.099056454808531
18.0 2.0963814259618734
18.0 2.095170031771901
18.0 2.097620978271994
18.0 2.097658009718104
18.0 2.100108956218198
18.0 2.0911069693030444
18.0 2.0986125490145633
18.0 2.09575200740972
18.0 2.098455194376524
18.0 2.0968519517337203
18.0 2.0966263312448916
18.0 2.101584540485376
18.0 2.0946385753329544
18.0 2.0981805928310897
18.0 2.0996947466866454
18.0 2.094551024687974
18.0 2.0994097336729833
18.0 2.0963309067630025
18.0 2.097470958817648
18.0 2.0988798153763035
18.0 2.0940318481849545
18.0 2.085078512000976
18.0 2.0941857962130266
18.0 2.0990564548085304
18.0 2.102626630426816
18.0 2.099951601580158
18.0 2.0963902992878354
18.0 2.1015637175489217
18.0 2.0988856124177295
18.0 2.0928868513780716
18.0 2.100472646550878
18.0 2.094843372885329
18.0 2.0933589152921894
18.0 2.0935178080724954
18.0 2.09493092353031
18.0 2.0945703094821626
18.0 2.0880539100817552
18.0 2.0890910552709583
18.0 2.090134683354664
18.0 2.091470659635725
18.0 2.0964288688762096
18.0 2.0910243634103005
18.0 2.0878202685561558
18.0 2.0938903717311383
18.0 2.0893552453481656
18.0 2.091095019692551
18.0 2.0951002277788406
18.0 2.091155950359648
18.0 2.0952768672110667
18.0 2.0977174022429343
18.0 2.10011629140189
18.0 2.099406657388448
18.0 2.092621123158599
18.0 2.0922663061518776
18.0 2.08908951712869
18.0 2.0845543907457187
18.0 2.088302743938499
18.0 2.095711899679077
18.0 2.0936261816539314
18.0 2.090124271886437
18.0 2.1025127901293863
18.0 2.103303491893307
18.0 2.1016022871372977
18.0 2.1046232596647134
18.0 2.1026652000151906
18.0 2.0987086149110628
18.0 2.1051547161036597
18.0 2.1029814474335353
18.0 2.103895878999351
18.0 2.0955248487786218
18.0 2.1022228323634913
18.0 2.1049202222888694
18.0 2.0981019155120704
18.0 2.1003627348271756
18.0 2.1012802426775274
18.0 2.100374684437671
18.0 2.1013573818542794
18.0 2.0973764033144113
18.0 2.0892968690018465
18.0 2.0959702927148594
18.0 2.09582914658647
18.0 2.092393964527501
18.0 2.1000673103452834
18.0 2.101897711619184
18.0 2.0990059356096604
18.0 2.095435759991374
18.0 2.098986650815471
18.0 2.0962314065075285
18.0 2.0983067130644453
18.0 2.098504175433127
18.0 2.09967392375019
18.0 2.095915159089183
18.0 2.095915159089183
18.0 2.09337666194411
18.0 2.0935251432561874
18.0 2.097243800186552
18.0 2.093724143767138
18.0 2.09543422184911
18.0 2.092848281789699
18.0 2.094303043120424
18.0 2.0932713646472108
18.0 2.097850005370793
18.0 2.0995095642538915
18.0 2.1004502854721547
18.0 2.101335020775556
18.0 2.102072812909145
18.0 2.100490393202799
18.0 2.1013454322437846
18.0 2.0988327027873996
18.0 2.099222682772528
18.0 2.1019289460238677
18.0 2.1018101609742073
18.0 2.101946692675791
18.0 2.1023064544347445
18.0 2.094516713998756
18.0 2.094652393411147
18.0 2.095523310636354
18.0 2.097251135370243
18.0 2.0973328889737974
18.0 2.1000688484875543
18.0 2.0962418179757556
18.0 2.103440023594889
18.0 2.1018977116191864
18.0 2.101147969875102
18.0 2.0945877565519453
18.0 2.100583382814765
18.0 2.09658468537198
18.0 2.094467732942153
18.0 2.0920094512583667
18.0 2.0964466155281305
18.0 2.097941484589498
18.0 2.098070681107389
18.0 2.0996531008137356
18.0 2.099682797076151
18.0 2.1001162914018905
18.0 2.0969410405209694
18.0 2.1025672379019835
18.0 2.1034222769429705
18.0 2.1057529002511335
18.0 2.1034118654747425
18.0 2.1037963787438785
18.0 2.107128984262839
18.0 2.1065604963777824
18.0 2.109038062855757
18.0 2.111879319666411
18.0 2.1113092936390894
18.0 2.110406811683768
18.0 2.110347419158937
18.0 2.105969647414002
18.0 2.104994285181088
18.0 2.1061671097826844
18.0 2.106527723830831
18.0 2.0995848349629447
18.0 2.10308520658817
18.0 2.0994587147295896
18.0 2.09647631179055
18.0 2.095515675870526
18.0 2.0874054291170343
18.0 2.0870111342872404
18.0 2.087809857087929
18.0 2.0797238398808595
18.0 2.0773380829470214
18.0 2.07534060141993
18.0 2.082633362542305
18.0 2.079950998511956
18.0 2.0755291904626523
18.0 2.064109116283158
18.0 2.057043213632407
18.0 2.05555331115563
18.0 2.0526688980788004
18.0 2.0501793819903313
18.0 2.049740090623165
18.0 2.0488201923413554
18.0 2.050577383012228
18.0 2.0596742557560517
18.0 2.052866360447481
18.0 2.05552210449995
18.0 2.053764583503643
18.0 2.0500836438724677
18.0 2.0507258643243045
18.0 2.049807504184762
18.0 2.051050985068608
18.0 2.0510390354581145
18.0 2.0579225318011702
18.0 2.048709950292218
18.0 2.0558726626075097
18.0 2.0501839964171285
18.0 2.045914598253634
18.0 2.050448186494336
18.0 2.0546284958705883
18.0 2.047240163066462
18.0 2.039486601787392
18.0 2.0318488052189565
18.0 2.012890400036009
18.0 2.015624275194435
18.0 2.0343744445188383
18.0 2.0283343931339175
18.0 2.0349040324900853
18.0 2.040907407956544
18.0 2.03334551200473
18.0 2.0342505482808266
18.0 2.032217054032935
18.0 2.022443319822622
18.0 2.0270008072843173
18.0 2.0251630708267188
18.0 2.0357949203625547
18.0 2.0350081471723636
18.0 2.0315714269711274
18.0 2.0315818384393567
18.0 2.035912167269951
18.0 2.038412094826646
18.0 2.0316161491285705
18.0 2.0330917333957492
18.0 2.0342792283647344
18.0 2.0295346900025857
18.0 2.0340208353289535
18.0 2.0288057711949556
18.0 2.031302622467118
18.0 2.026202084483625
18.0 2.030235450690066
18.0 2.0237734990622522
18.0 2.0249698673571954
18.0 2.027705826870953
18.0 2.0291042719613794
18.0 2.0287702778911156
18.0 2.02845403047277
18.0 2.0307564956607838
18.0 2.0314615152474236
18.0 2.02984206409497
18.0 2.029047955721084
18.0 2.0301448237605526
18.0 2.020768735044493
18.0 2.0135616560993985
18.0 2.0234306316660287
18.0 2.0153237915225057
18.0 2.0302859698889346
18.0 2.037227320614557
18.0 2.0293252780234097
18.0 2.026716976885277
18.0 2.028654213598344
