80.0 1.6000279778690507
80.0 1.6371308384126244
80.0 1.641353645950978
80.0 1.6444637072656416
80.0 1.638844845068319
80.0 1.6398572387473445
80.0 1.6366033105474034
80.0 1.6400547011160245
80.0 1.6412348609013157
80.0 1.6427713758355933
80.0 1.638442585147263
80.0 1.6297271493880403
80.0 1.6417188744259272
80.0 1.6436456996707662
80.0 1.639848365421382
80.0 1.6480041866215098
80.0 1.644049497734091
80.0 1.6422295079284184
80.0 1.651425880927719
80.0 1.6444532957974143
80.0 1.6442855296911472
80.0 1.6392012002173075
80.0 1.6380893062828106
80.0 1.6458679493974921
80.0 1.6473450718069413
80.0 1.6494589479522341
80.0 1.6487211558186452
80.0 1.6502858288730713
80.0 1.646262874134858
80.0 1.6492140426692168
80.0 1.6475008883027125
80.0 1.6450827143495679
80.0 1.6512700644319458
80.0 1.6505901266809209
80.0 1.6442860239058994
80.0 1.6455162086753075
80.0 1.6489483144497414
80.0 1.6540623401859988
80.0 1.6523522621040299
80.0 1.6510830135314924
80.0 1.6506198229433364
80.0 1.6526966676425219
80.0 1.651506096389005
80.0 1.6491932197327606
80.0 1.6528035030816892
80.0 1.648131844997135
80.0 1.645346904426775
80.0 1.6519083563100612
80.0 1.651918767778288
80.0 1.6519083563100625
80.0 1.6463311399856515
80.0 1.6467067799288262
80.0 1.6458798990079897
80.0 1.6432048701613342
80.0 1.6529415729255408
80.0 1.643332528536957
80.0 1.646724526580748
80.0 1.6493906821014446
80.0 1.6462766922130547
80.0 1.6520954072105163
80.0 1.646163373879385
80.0 1.6475618189698111
80.0 1.6493609858390288
80.0 1.645121283937946
80.0 1.64948864421465
80.0 1.647394052863545
80.0 1.6447205621591554
80.0 1.6500112273276377
80.0 1.6522542999908232
80.0 1.6508678045108909
80.0 1.6522438885225952
80.0 1.6509449436876409
80.0 1.6463920706527517
80.0 1.6504238987169229
80.0 1.6499711195969942
80.0 1.6514274190699856
80.0 1.653668953590902
80.0 1.6392116116855366
80.0 1.6506599306739802
80.0 1.6483574654859676
80.0 1.6465374756802935
80.0 1.646381659184522
80.0 1.6504238987169233
80.0 1.6521547997353487
80.0 1.653256282201618
80.0 1.6490551498889108
80.0 1.6477770279904143
80.0 1.6467156532547864
80.0 1.651170564176472
80.0 1.6542181566817684
80.0 1.6545328659578469
80.0 1.6493203561446252
80.0 1.6484596864983285
80.0 1.6538174349029802
80.0 1.6549397403057045
80.0 1.6590591190148578
80.0 1.6485148201240023
80.0 1.649037403236991
80.0 1.6531390352942223
80.0 1.654644315823817
80.0 1.653896112222001
80.0 1.6536496687967155
80.0 1.6546427776815504
80.0 1.6539821247247124
80.0 1.6520552994798747
80.0 1.6498241764271855
80.0 1.651388849481611
80.0 1.6532771051380728
80.0 1.6525778825928596
80.0 1.6515342545091527
80.0 1.653284440321767
80.0 1.6533750672512817
80.0 1.6546932968804222
80.0 1.6516248814386676
80.0 1.6490551498889103
80.0 1.644890604706568
80.0 1.6514451657219058
80.0 1.6532042248604784
80.0 1.6586360361573442
80.0 1.6600506897574254
80.0 1.6619686416763049
80.0 1.6593707520063994
80.0 1.654532865957843
80.0 1.6569822743156704
80.0 1.6563721405577043
80.0 1.6568843122024637
80.0 1.6583703079378693
80.0 1.6566201221252574
80.0 1.6541321441790542
80.0 1.6538664159595806
80.0 1.6557932412044192
80.0 1.655478531928342
80.0 1.6555957788357374
80.0 1.655821399324568
80.0 1.6547688979149016
80.0 1.6523522621040265
80.0 1.650630234411561
80.0 1.6415422349936961
80.0 1.6389578638198536
80.0 1.6368236282095585
80.0 1.6450811762072988
80.0 1.6414411965959557
80.0 1.6399343779240938
80.0 1.6358921383916922
80.0 1.6315054933207986
80.0 1.6175587849179283
80.0 1.6091268240300975
80.0 1.6069963838475068
80.0 1.6206137126069176
80.0 1.6256640869191843
80.0 1.6326648301696363
80.0 1.6349761686836115
80.0 1.634946472421197
80.0 1.6415391587091663
80.0 1.6420987732682606
80.0 1.6396019219960982
80.0 1.642630229707207
80.0 1.6426718755801177
80.0 1.643645699670766
80.0 1.6375370269074072
80.0 1.6398306187694611
80.0 1.6408133161860683
80.0 1.6410686329373156
80.0 1.641479766184333
80.0 1.6335051988432352
80.0 1.6368971968870254
80.0 1.6311610877823115
80.0 1.6276815390935397
80.0 1.6255379666858287
80.0 1.6300176295651858
80.0 1.626913351768367
80.0 1.6273325880617364
80.0 1.6275060822759344
80.0 1.6299080477194228
80.0 1.6241333690263298
80.0 1.6283746090696811
80.0 1.62771549425511
80.0 1.627233018872766
80.0 1.6276931331763884
80.0 1.613954628935858
80.0 1.6053187227848456
80.0 1.596990639436659
80.0 1.6008960536019947
80.0 1.604644415639137
80.0 1.5976750732294822
80.0 1.6057267797473294
80.0 1.6034512900648408
80.0 1.6028619792433263
80.0 1.5977255924283509
80.0 1.6009559769349444
80.0 1.607129839264559
80.0 1.6041104048794095
80.0 1.6029768357192677
80.0 1.602955326929735
80.0 1.5866899448291905
80.0 1.5886498729464151
80.0 1.5876956639753863
80.0 1.586879194522775
80.0 1.5880590239826322
80.0 1.5955104862469902
80.0 1.59278205355525
80.0 1.5887590988170417
80.0 1.5857341977159
80.0 1.5869278452539473
80.0 1.5906553755102728
80.0 1.5924301463969512
80.0 1.581894013723965
80.0 1.5705395578916972
80.0 1.5747153647321572
80.0 1.5689288161758803
80.0 1.5851947202401775
80.0 1.5799086694985032
80.0 1.568196160432853
80.0 1.5911305157089257
80.0 1.5788472947628736
80.0 1.5844067644353672
80.0 1.5758116518680734
80.0 1.5753075012600843
80.0 1.5793142474886408
80.0 1.5685081489520416
80.0 1.5779543719865914
80.0 1.5731857679673387
80.0 1.5804607824377934
80.0 1.5736134652516527
80.0 1.580358369787099
80.0 1.5732224690880134
80.0 1.575211077289147
80.0 1.5819788648670718
80.0 1.5865653627381069
80.0 1.578957892339655
80.0 1.5793447960402505
80.0 1.577266413198796
80.0 1.5757077010751153
80.0 1.5836529276814424
80.0 1.5757973118261168
80.0 1.580587754960334
80.0 1.5839570615999696
80.0 1.5783349566820017
80.0 1.5784076453212739
80.0 1.5863214736335942
80.0 1.5713792659144263
80.0 1.5815984440609827
80.0 1.5888575803472116
80.0 1.5808463118854357
80.0 1.5875344059658334
80.0 1.5923762205881147
80.0 1.5812915919323505
80.0 1.5760522982519312
80.0 1.5851996901946293
80.0 1.5830617483922294
80.0 1.5787452376398314
80.0 1.5912385589649263
80.0 1.5825069146960502
80.0 1.5826627311918222
