120.0 1.2465187973518996
120.0 1.2888893945171602
120.0 1.292932319902637
120.0 1.2927299127817213
120.0 1.2978558881284712
120.0 1.2797901313418785
120.0 1.2977980337459067
120.0 1.2905685937220892
120.0 1.2989484972687815
120.0 1.2999134480334686
120.0 1.289836598629927
120.0 1.3003751004793562
120.0 1.3021669321648792
120.0 1.2969711528250698
120.0 1.3024118374478988
120.0 1.3042599853737185
120.0 1.297276988775188
120.0 1.3007596137484936
120.0 1.2979657998521745
120.0 1.2873605702942204
120.0 1.295271486211329
120.0 1.299687827544637
120.0 1.301901203945406
120.0 1.3042391624372631
120.0 1.3070834955324526
120.0 1.3055099491520668
120.0 1.3057668040455819
120.0 1.3021846788168001
120.0 1.3008783987981558
120.0 1.3039171179774933
120.0 1.2995200614383717
120.0 1.3039556875658693
120.0 1.2990584089924828
120.0 1.2990198394041081
120.0 1.288856977497856
120.0 1.303453927389337
120.0 1.3031704525179433
120.0 1.304595517586252
120.0 1.3021179511082772
120.0 1.3017245645131799
120.0 1.305126974025198
120.0 1.3061497791724488
120.0 1.2999149861757353
120.0 1.3027562429863906
120.0 1.307812414340083
120.0 1.3050186004437645
120.0 1.3055782150028579
120.0 1.305204113201949
120.0 1.3059982215758354
120.0 1.3086273456504243
120.0 1.3070241030076217
120.0 1.3137132132665303
120.0 1.3058825128107072
120.0 1.3099158790171486
120.0 1.307940072715705
120.0 1.3017912922217036
120.0 1.2999777853105334
120.0 1.3110871654764782
120.0 1.3033050880028207
120.0 1.3081568198785753
120.0 1.3048122647491212
120.0 1.3049993156495754
120.0 1.306523880973358
120.0 1.304959207918933
120.0 1.302677565667373
120.0 1.305217078990956
120.0 1.3052056513442172
120.0 1.3044188781540245
120.0 1.3069558371568308
120.0 1.3078124143400838
120.0 1.3085694912678607
120.0 1.30356383911304
120.0 1.2996195616938448
120.0 1.3077530218152524
120.0 1.3068878561271595
120.0 1.3104577469243244
120.0 1.3084121366298216
120.0 1.3062774375480717
120.0 1.3089628778629574
120.0 1.309954090531086
120.0 1.307969768978122
120.0 1.3105067279809295
120.0 1.3067213433420422
120.0 1.3070256411498913
120.0 1.3114315710149727
120.0 1.3105958167681753
120.0 1.3042318272535705
120.0 1.3064540769803008
120.0 1.3106046900941357
120.0 1.3045762327920634
120.0 1.3076550597020449
120.0 1.2994383078348182
120.0 1.291989730216677
120.0 1.3088633776074818
120.0 1.3086095989985038
120.0 1.3075362746523824
120.0 1.3061586524984095
120.0 1.30820580093518
120.0 1.3099367019536055
120.0 1.3096219926775288
120.0 1.3089138968063556
120.0 1.3095136190960943
120.0 1.3073893314825729
120.0 1.3052546324008238
120.0 1.3052546324008236
120.0 1.3061096714418086
120.0 1.307338812283702
120.0 1.3091291058269579
120.0 1.3087742888202372
120.0 1.3074753439852853
120.0 1.3075852557089878
120.0 1.3084611176864278
120.0 1.3068385902494373
120.0 1.3010550382303836
120.0 1.2962052025713329
120.0 1.2884574942791958
120.0 1.297391159398051
120.0 1.2994012763887106
120.0 1.302834920305411
120.0 1.3058840509529768
120.0 1.3068281787812095
120.0 1.3057860888397708
120.0 1.2988619628023121
120.0 1.3018105770158916
120.0 1.3030917751989224
120.0 1.3046757330475383
120.0 1.303574250581268
120.0 1.3039572257081369
120.0 1.3048287515859016
120.0 1.3049904145746094
120.0 1.3051744169395363
120.0 1.305076454826328
120.0 1.3040833459414924
120.0 1.304191719522929
120.0 1.3056480189959188
120.0 1.3064347921861108
120.0 1.3056391456699588
120.0 1.305422398507088
120.0 1.302350805330984
120.0 1.3035352951694503
120.0 1.3062446650011252
120.0 1.304032826742622
120.0 1.3023509067808028
120.0 1.3013281016335516
120.0 1.2989500354110497
120.0 1.3025572424754441
120.0 1.3021252862919717
120.0 1.3057251581726712
120.0 1.3058825128107103
120.0 1.3033262690137173
120.0 1.3026567427309215
120.0 1.299205352162298
120.0 1.2996685427504553
120.0 1.3052338094643692
120.0 1.2998436440404117
120.0 1.3034435159211126
120.0 1.3027635781700855
120.0 1.2876085518617753
120.0 1.2708101751800234
120.0 1.280653713383393
120.0 1.296399588655479
120.0 1.2964559048957753
120.0 1.2941638511759874
120.0 1.2930936031144011
120.0 1.2950886942100328
120.0 1.2940600920213559
120.0 1.2955372144308035
120.0 1.29638184200356
120.0 1.2921911211590813
120.0 1.2950007577416083
120.0 1.2884003646719264
120.0 1.2942601216988041
120.0 1.2982149640343486
120.0 1.293506274503685
120.0 1.2907599035217032
120.0 1.2908505304512168
120.0 1.2873960635980597
120.0 1.2885376537949735
120.0 1.280766345863984
120.0 1.276257839458893
120.0 1.2519010691648802
120.0 1.2636736488299283
120.0 1.269623249275295
120.0 1.2646861209939892
120.0 1.2693238239169686
120.0 1.2767626759199602
120.0 1.2658917181425333
120.0 1.260454109804239
120.0 1.2667201372056376
120.0 1.2629926069493098
120.0 1.276026421928638
120.0 1.2625783974177625
120.0 1.2606025911163186
120.0 1.26343651274328
120.0 1.2709019847241558
120.0 1.264104500883811
120.0 1.268825140024971
120.0 1.2677726386153023
120.0 1.271690296056615
120.0 1.2621896252494644
120.0 1.2607495342861263
120.0 1.2656009080874449
120.0 1.2617248965190413
120.0 1.2516333767481143
120.0 1.258945752990113
120.0 1.252053383321093
120.0 1.2542147023807229
120.0 1.245882899852444
120.0 1.2329411727443824
120.0 1.2255559682231025
120.0 1.2422386638887322
120.0 1.2429489837552516
120.0 1.2464491914911582
120.0 1.2386335169303666
120.0 1.2460692926488242
120.0 1.2392733469507482
120.0 1.2475054550384381
120.0 1.2457745540200136
120.0 1.2504373387786054
120.0 1.2367147127222968
120.0 1.2540677592109126
120.0 1.247252528718647
120.0 1.250499121734897
120.0 1.2436260368600698
120.0 1.2481789098949623
120.0 1.2438547336334318
120.0 1.2556146856134198
120.0 1.2499618682545222
120.0 1.2431852073506315
120.0 1.2531282458094783
120.0 1.2430783719114689
120.0 1.2447483422627952
120.0 1.2441085122424136
120.0 1.2474233711094513
120.0 1.2416471542740921
120.0 1.2444097337657236
120.0 1.243813087760523
120.0 1.2445597532200727
120.0 1.2474040863152602
120.0 1.2401241270925758
120.0 1.2398688103413258
120.0 1.2423093453731933
120.0 1.2372635854877339
120.0 1.2445003606952392
120.0 1.2381097512027548
120.0 1.249779076253228
120.0 1.2374564334296099
120.0 1.2335299026623348
120.0 1.2426965793992266
120.0 1.2452558994807519
120.0 1.2384447614515304
120.0 1.2440912598052443
120.0 1.2413037649141063
120.0 1.2350471328024304
