35.0 1.8933163625530092
35.0 1.930500899499621
35.0 1.9324589591491441
35.0 1.9388823411885792
35.0 1.937072762851134
35.0 1.9309937863501923
35.0 1.938932860387449
35.0 1.936090065434526
35.0 1.9374661494462304
35.0 1.9386671321679751
35.0 1.9375255419710615
35.0 1.9346040696991205
35.0 1.9396691143787712
35.0 1.9386952902881243
35.0 1.9416464588224824
35.0 1.9383211884872151
35.0 1.9414594079220278
35.0 1.9418439211911642
35.0 1.945503185596696
35.0 1.9467219149703616
35.0 1.9431621508203036
35.0 1.9440171898612888
35.0 1.9420502568858071
35.0 1.9400135199172652
35.0 1.9417147246732736
35.0 1.9418335097229353
35.0 1.940723153930705
35.0 1.9391287846138638
35.0 1.9378016816587629
35.0 1.9414505345960689
35.0 1.9406132422070037
35.0 1.9412738951638404
35.0 1.9330216499927726
35.0 1.944036474655477
35.0 1.939078265414993
35.0 1.9424525168068634
35.0 1.9428964226008307
35.0 1.946770896026965
35.0 1.9426411058495843
35.0 1.9464650600768476
35.0 1.9456798250289227
35.0 1.9414104268654235
35.0 1.9391391960820925
35.0 1.9392668544577145
35.0 1.9384102772744627
35.0 1.9436831957910228
35.0 1.9433580750467183
35.0 1.9412129644967415
35.0 1.9435524611308657
35.0 1.9427286564945638
35.0 1.941952294772599
35.0 1.9498200266745305
35.0 1.946496294481531
35.0 1.9490525382785258
35.0 1.9468110037576083
35.0 1.9413317495464057
35.0 1.94665364911957
35.0 1.9437722845782717
35.0 1.9423352698994687
35.0 1.9378001435164964
35.0 1.9404855838313793
35.0 1.9423456813676947
35.0 1.9390886768832225
35.0 1.9423456813676971
35.0 1.9394539053581705
35.0 1.9310552112320425
35.0 1.9409680592137248
35.0 1.9358540334774692
35.0 1.9365027368238121
35.0 1.935205330131129
35.0 1.9365027368238115
35.0 1.9388052020118292
35.0 1.9423946624242998
35.0 1.9436623728545688
35.0 1.9454823626602407
35.0 1.94408545571208
35.0 1.9427776375511667
35.0 1.9460924964182074
35.0 1.9452760269655984
35.0 1.938486042198265
35.0 1.9404261913065486
35.0 1.9417058513473124
35.0 1.940240678548361
35.0 1.9427390679627912
35.0 1.943769208293736
35.0 1.94209923794241
35.0 1.9408789704264762
35.0 1.9403579254557572
35.0 1.9387458094869945
35.0 1.942926118863247
35.0 1.9415693196457304
35.0 1.9268271375269703
35.0 1.9275913768381767
35.0 1.9387755057494103
35.0 1.9443511839315535
35.0 1.9416568702907087
35.0 1.9421289342048242
35.0 1.941008166944366
35.0 1.9388244868060134
35.0 1.939580025591525
35.0 1.9368961234189077
35.0 1.9408700971005162
35.0 1.9374484027943093
35.0 1.9357367865700728
35.0 1.9350094059047094
35.0 1.9367491802490955
35.0 1.9362964011291675
35.0 1.937378598801251
35.0 1.9392475696635274
35.0 1.9418913641055018
35.0 1.9401515897611161
35.0 1.9388927526568067
35.0 1.9405850840868557
35.0 1.9406236536752306
35.0 1.9384904927357491
35.0 1.9312491031014385
35.0 1.934840101656179
35.0 1.933876689033759
35.0 1.9367179458444157
35.0 1.9360885272922614
35.0 1.9378016816587649
35.0 1.9353715580951254
35.0 1.9342591421968702
35.0 1.9379574981545362
35.0 1.9342106831040236
35.0 1.9367580535750568
35.0 1.9410066288021013
35.0 1.9417548324039182
35.0 1.9367356924963346
35.0 1.937268687077548
35.0 1.930964090087776
35.0 1.932490193553826
35.0 1.9343873225362507
35.0 1.9366793762560388
35.0 1.9378684093672889
35.0 1.9345550886425198
35.0 1.9424228205444494
35.0 1.9474878652240994
35.0 1.9407180175401457
35.0 1.9379192588915917
35.0 1.9414964393681349
35.0 1.939176227528198
35.0 1.9436326765921532
35.0 1.9454318434613693
35.0 1.9472799913871892
35.0 1.9450191720720835
35.0 1.9419418833043693
35.0 1.9413213380781749
35.0 1.9432986825218863
35.0 1.9429141692527483
35.0 1.9397967727543926
35.0 1.94150838897863
35.0 1.9424733397433174
35.0 1.9435050182165285
35.0 1.9410660213269293
35.0 1.9431798974722234
35.0 1.9400817857680546
35.0 1.939088676883219
35.0 1.9435347144789432
35.0 1.9367476421068268
35.0 1.9386744673516652
35.0 1.9369331548650128
35.0 1.9350657221450063
35.0 1.9354413620881816
35.0 1.9379382133603458
35.0 1.9349380637693843
35.0 1.9300392470537318
35.0 1.9247767400053972
35.0 1.919374624970947
35.0 1.9106310310915766
35.0 1.9104716163475126
35.0 1.9053367676748016
35.0 1.907453034251553
35.0 1.9111570208145294
35.0 1.913690573207368
35.0 1.9112114685871264
35.0 1.9140156939516735
35.0 1.9091554468243965
35.0 1.9158059874949283
35.0 1.9088037061022103
35.0 1.9018920823823025
35.0 1.8865786015629296
35.0 1.89229789999943
35.0 1.895049845641218
35.0 1.8904302448977999
35.0 1.894659535330655
35.0 1.8930057734889805
35.0 1.8960965500094573
35.0 1.8923200386965315
35.0 1.8940983826292952
35.0 1.8949356750183575
35.0 1.895179042159109
35.0 1.8973731337656878
35.0 1.894698104919033
35.0 1.890792397088215
35.0 1.8910299671875412
35.0 1.8951003648400913
35.0 1.8950128141951124
35.0 1.8970183167589691
35.0 1.8960460308105898
35.0 1.8971178170144443
35.0 1.8924669818663447
35.0 1.8899180732530436
35.0 1.8847577872170755
35.0 1.8829809814265819
35.0 1.877010378507077
35.0 1.8751279198920388
35.0 1.8589855817403194
35.0 1.8691854750926817
35.0 1.8677843092453628
35.0 1.8696042990510333
35.0 1.8705306802273463
35.0 1.870610895688632
35.0 1.8697855529100629
35.0 1.872757544380877
35.0 1.870680699681691
35.0 1.8704670288033531
35.0 1.8659778071924493
35.0 1.8664602825747931
35.0 1.8648925332358348
35.0 1.8658841039784022
35.0 1.8654521477949284
35.0 1.8722383678778554
35.0 1.8730014057363795
35.0 1.8660051130234097
35.0 1.870322806390434
35.0 1.8660445349009755
35.0 1.8606944772076635
35.0 1.8641161715138699
35.0 1.8632106132740127
35.0 1.860537122569623
35.0 1.8608101859727901
35.0 1.867606131670867
35.0 1.863663392393943
35.0 1.8658975917311629
35.0 1.8689571338469586
35.0 1.8652905342577335
35.0 1.8679374049842417
35.0 1.8779190130314662
35.0 1.8738308687269976
35.0 1.870535294654147
35.0 1.875845244616817
35.0 1.868056190033903
35.0 1.8729253104871402
35.0 1.8736021719536309
35.0 1.8713976688788228
35.0 1.8708662124398756
35.0 1.873679311130384
35.0 1.8639634313026336
35.0 1.8757754406237561
35.0 1.8655666739454364
35.0 1.8689914445361746
35.0 1.8727857025010255
35.0 1.875564490502312
