173.0 1.228117670326175
173.0 1.2612542439522774
173.0 1.2713889477383837
173.0 1.2724117528856345
173.0 1.2703765540593597
173.0 1.2622191947169652
173.0 1.2753050670374266
173.0 1.2780009188205397
173.0 1.2737909131818725
173.0 1.2766232966665694
173.0 1.2774694623815939
173.0 1.252817668637648
173.0 1.276357568447094
173.0 1.2789836162371486
173.0 1.2831060712308353
173.0 1.2784344131462808
173.0 1.2679271457015349
173.0 1.2760933783698878
173.0 1.2756895803065655
173.0 1.2806952324613878
173.0 1.279703661718818
173.0 1.2692245523942192
173.0 1.2755129408743386
173.0 1.278551660053676
173.0 1.2764080876459662
173.0 1.2806566628730107
173.0 1.2804414538524054
173.0 1.2832055714863113
173.0 1.2868440129553864
173.0 1.281876930388942
173.0 1.2831403541710478
173.0 1.2775882474312557
173.0 1.277411607999029
173.0 1.2794973260241753
173.0 1.280007959526667
173.0 1.2860958093535706
173.0 1.2851323967311499
173.0 1.284983915419071
173.0 1.287256684344671
173.0 1.2801163331081016
173.0 1.2756197763135049
173.0 1.2760725554334338
173.0 1.2787090146917142
173.0 1.2781197038702028
173.0 1.2840991801156707
173.0 1.2802632762779136
173.0 1.27602357437683
173.0 1.2747874286766758
173.0 1.2813809672538357
173.0 1.2841392878463145
173.0 1.2840116294706916
173.0 1.2887515534060372
173.0 1.28829877428611
173.0 1.2894492378089848
173.0 1.286824728161199
173.0 1.286518892211082
173.0 1.2874734315075413
173.0 1.289578434326875
173.0 1.28306750164246
173.0 1.283382210918539
173.0 1.2861359170842124
173.0 1.285761815283304
173.0 1.2853001628374165
173.0 1.2879751916840734
173.0 1.2893809719581926
173.0 1.2902761187298202
173.0 1.289774358553289
173.0 1.2891746362635501
173.0 1.287001367593426
173.0 1.2842966424843534
173.0 1.28881981925683
173.0 1.2895977191210628
173.0 1.2894106682206092
173.0 1.2895680228586466
173.0 1.2911895063681214
173.0 1.2891642247953228
173.0 1.2818769303889415
173.0 1.2844806171002712
173.0 1.2928130777326259
173.0 1.2838849872735776
173.0 1.2828997355361933
173.0 1.2832649640111424
173.0 1.2833124069254775
173.0 1.2839522369458607
173.0 1.2843649083351443
173.0 1.2860572397651937
173.0 1.283833451896197
173.0 1.2804993082349707
173.0 1.284875541837637
173.0 1.282593899586076
173.0 1.2885556291796247
173.0 1.284704699446837
173.0 1.2815140923454529
173.0 1.2874036275144813
173.0 1.2876115013513925
173.0 1.2864219462763833
173.0 1.2876149079613592
173.0 1.2872061651458004
173.0 1.2847181871995983
173.0 1.2877272101165194
173.0 1.2862901954377175
173.0 1.2879231343429363
173.0 1.2880210964561436
173.0 1.2869790065147042
173.0 1.289358610879472
173.0 1.2888969584335837
173.0 1.2878444570239165
173.0 1.2852376940280517
173.0 1.2856206691549203
173.0 1.2852465673540114
173.0 1.2858952707003548
173.0 1.284388452028492
173.0 1.287822095945193
173.0 1.2833880079599633
173.0 1.2714869098515902
173.0 1.2668212126977814
173.0 1.2726600647786208
173.0 1.2760012132981042
173.0 1.2688327039413856
173.0 1.2686857607715736
173.0 1.275452010207236
173.0 1.2837042553783058
173.0 1.2821421366446573
173.0 1.2848219463542294
173.0 1.2841346734195094
173.0 1.2894461615244468
173.0 1.2849719658085736
173.0 1.2882956980015736
173.0 1.288068539370477
173.0 1.2899098463273562
173.0 1.2888730592125903
173.0 1.291539214733286
173.0 1.2899062758280684
173.0 1.2883431409159098
173.0 1.287035322754997
173.0 1.288746938979234
173.0 1.2902923272394726
173.0 1.2905773402531322
173.0 1.284903177994026
173.0 1.2804001383049275
173.0 1.2845280600146058
173.0 1.2828742981729342
173.0 1.2845384714828345
173.0 1.2875787288044385
173.0 1.2887396037955408
173.0 1.2835854703286422
173.0 1.2836464009957396
173.0 1.2846780794689514
173.0 1.2848755418376339
173.0 1.2843529587246472
173.0 1.282868501131507
173.0 1.2801637760224358
173.0 1.2832618877266044
173.0 1.2849542191566536
173.0 1.2872759691388567
173.0 1.2868336014871575
173.0 1.284492566710766
173.0 1.2845311362991407
173.0 1.2843336739304594
173.0 1.2816169992108926
173.0 1.2815487333601019
173.0 1.2820119239482564
173.0 1.2770760757864936
173.0 1.278413590209824
173.0 1.2881472166894947
173.0 1.2844582560215498
173.0 1.2804561242197907
173.0 1.278725223201366
173.0 1.2810751313037172
173.0 1.2714947392500355
173.0 1.262934598022827
173.0 1.2598568150403608
173.0 1.2663011864523666
173.0 1.2663890926249899
173.0 1.2679954115523262
173.0 1.2623171568301723
173.0 1.2629569868505541
173.0 1.262081124873114
173.0 1.2651614899253634
173.0 1.2516911043357621
173.0 1.2307403629272318
173.0 1.230926186570616
173.0 1.2369626477922642
173.0 1.241584558669812
173.0 1.2484472320764128
173.0 1.2486462325873597
173.0 1.24771559251189
173.0 1.2411957865015166
173.0 1.2434832257944963
173.0 1.2521303957029333
173.0 1.2481074409647206
173.0 1.2352355950502352
173.0 1.2531547389924491
173.0 1.2420982684568367
173.0 1.2417746858548009
173.0 1.2420492874002338
173.0 1.2445388034887006
173.0 1.238921479433645
173.0 1.2572845291698316
173.0 1.2471085350384594
173.0 1.2521512186393873
173.0 1.2335401873356493
173.0 1.2391694610012025
173.0 1.23828574187631
173.0 1.24866125848239
173.0 1.2328856869478857
173.0 1.2196364713096317
173.0 1.2176254768275685
173.0 1.2158444146847092
173.0 1.2208137212465007
173.0 1.2159265238159105
173.0 1.2205790609955964
173.0 1.217252938371142
173.0 1.2270398300087828
173.0 1.2266399605191884
173.0 1.2189478518709764
173.0 1.2233645235297146
173.0 1.2081763943490251
173.0 1.2090090723112812
173.0 1.2211878482496195
173.0 1.2189582633391973
173.0 1.223551244104731
173.0 1.2261684185688273
173.0 1.2227829034195414
173.0 1.2241960188773515
173.0 1.2235962965876164
173.0 1.2264737325551893
173.0 1.2214882174837451
173.0 1.2269155782431287
173.0 1.2295831080167714
173.0 1.2206333423320799
173.0 1.2173852111735652
173.0 1.2160260215245933
173.0 1.2157650741680373
173.0 1.2187911553370054
173.0 1.2217027381044794
173.0 1.2274545337550904
173.0 1.2246354741338383
173.0 1.216224500071782
173.0 1.2211226309343566
173.0 1.2209676667277773
173.0 1.2179438095541517
173.0 1.2173505701589142
173.0 1.2222596344534755
173.0 1.2178834008508077
173.0 1.2307687345180551
173.0 1.2152989989336658
173.0 1.2191922351902333
173.0 1.2203932179119792
173.0 1.2149853058361022
173.0 1.2155443984314385
173.0 1.2263023682006295
173.0 1.2166126141360047
173.0 1.2229880312973453
