172.0 1.186459115502653
172.0 1.2255902497615547
172.0 1.2270095177884373
172.0 1.2295183186710958
172.0 1.2311616690445397
172.0 1.2226421575117334
172.0 1.234341534352262
172.0 1.2352158581874366
172.0 1.235521694137552
172.0 1.2376652665452612
172.0 1.2374188231199774
172.0 1.2222915994041699
172.0 1.2366474061502457
172.0 1.2366810309863874
172.0 1.243529034025602
172.0 1.2399870165274653
172.0 1.2298939586142708
172.0 1.2274179302785635
172.0 1.23945556008852
172.0 1.2391408508124422
172.0 1.2365637840789918
172.0 1.237666804687531
172.0 1.2351684152731002
172.0 1.2386464258196028
172.0 1.240214175158563
172.0 1.2436165846705822
172.0 1.2482689579609485
172.0 1.246665715318148
172.0 1.2505521383547762
172.0 1.2430465586432593
172.0 1.2404003460208217
172.0 1.2422582473107993
172.0 1.2427615456295964
172.0 1.2445622506410803
172.0 1.2468720510127906
172.0 1.245653321639126
172.0 1.2421706966658201
172.0 1.2442282565708147
172.0 1.244513269584477
172.0 1.241630366900911
172.0 1.2379429443752317
172.0 1.2430079890548833
172.0 1.2447196052791198
172.0 1.2417684367447601
172.0 1.2492234972574088
172.0 1.2426828683105795
172.0 1.2460185501140717
172.0 1.2402141751585647
172.0 1.2459591575892395
172.0 1.2461847780780715
172.0 1.2459977271776177
172.0 1.2487707181374808
172.0 1.2488790917189148
172.0 1.2485643824428383
172.0 1.2505417268865486
172.0 1.246656841992187
172.0 1.2445711239670403
172.0 1.2468438928926409
172.0 1.2450947232585379
172.0 1.243146058898733
172.0 1.2456444483131626
172.0 1.2379325329070017
172.0 1.2483788696846512
172.0 1.2500102704476024
172.0 1.253472072484451
172.0 1.253993117455171
172.0 1.2509648097440615
172.0 1.2521048617987072
172.0 1.2440604904645503
172.0 1.2482793694291767
172.0 1.2461550818156568
172.0 1.2456621949650841
172.0 1.2493318708388443
172.0 1.250748062581191
172.0 1.250410254375006
172.0 1.247324830132718
172.0 1.2420742726948786
172.0 1.2406461313420356
172.0 1.2485450976486487
172.0 1.2474149350984733
172.0 1.2463020249854657
172.0 1.2462144743404877
172.0 1.2441183448471134
172.0 1.2414136197380417
172.0 1.243656692401225
172.0 1.2431653436929209
172.0 1.2429600241767902
172.0 1.2426547101904302
172.0 1.2469225702116609
172.0 1.2451129918742163
172.0 1.24265471019043
172.0 1.2422631920630356
172.0 1.2482713483924082
172.0 1.2500473018937093
172.0 1.2482273120880376
172.0 1.245437068691005
172.0 1.2496242190361977
172.0 1.2486800912079676
172.0 1.2479839449472874
172.0 1.2512691075519102
172.0 1.2490082882368063
172.0 1.2483788696846527
172.0 1.249499636945111
172.0 1.2498039347529597
172.0 1.2510627718572687
172.0 1.2503056949294908
172.0 1.249665864909109
172.0 1.246971551268264
172.0 1.2444716237115667
172.0 1.2439386291303514
172.0 1.2443705853138245
172.0 1.2422536328839955
172.0 1.2424422219267177
172.0 1.2326742847578276
172.0 1.2214901558465863
172.0 1.2250045376358272
172.0 1.2290373814310183
172.0 1.2408331822424894
172.0 1.2463228479219213
172.0 1.247109621112115
172.0 1.2452614731862968
172.0 1.2469819627364935
172.0 1.2406734371729944
172.0 1.24223896251661
172.0 1.2450937070800272
172.0 1.2493823900377137
172.0 1.2498336310153744
172.0 1.2494980988028415
172.0 1.248138223300791
172.0 1.2488691744654385
172.0 1.2505965049845766
172.0 1.2496315542198893
172.0 1.2503099538286477
172.0 1.2474582855497636
172.0 1.248629572009094
172.0 1.2509794801114429
172.0 1.250341188233329
172.0 1.2475473743370107
172.0 1.2483208236637624
172.0 1.2416924801826337
172.0 1.2474093044931587
172.0 1.2454543211281717
172.0 1.2436447427907271
172.0 1.2460644548861397
172.0 1.2442652880169214
172.0 1.246674588644105
172.0 1.2461030244745128
172.0 1.2424927411255864
172.0 1.2436505398321533
172.0 1.2467204934161744
172.0 1.2505563972539333
172.0 1.2500858714820853
172.0 1.2497568221640538
172.0 1.2491506169798114
172.0 1.2434071726914024
172.0 1.2479095265274243
172.0 1.2462677142962477
172.0 1.24705448748644
172.0 1.2486206986831325
172.0 1.247954248684869
172.0 1.2521048617987054
172.0 1.2494876873346121
172.0 1.2493584908167226
172.0 1.2506485623257149
172.0 1.2485717176265307
172.0 1.249159490305773
172.0 1.2423249750193213
172.0 1.2452136747443114
172.0 1.2406681368931132
172.0 1.228882389475432
172.0 1.2255708292745464
172.0 1.2227315766244105
172.0 1.2313691873538068
172.0 1.225761092152355
172.0 1.2299710977910219
172.0 1.2326669495741347
172.0 1.2251181858474403
172.0 1.218307214254333
172.0 1.2196107735160882
172.0 1.2140424305176383
172.0 1.2094191855989616
172.0 1.1953670083369972
172.0 1.2029814446328828
172.0 1.2063764198835507
172.0 1.2071720663997043
172.0 1.2111757363437277
172.0 1.2145781458557474
172.0 1.2091359230906535
172.0 1.2128723266729327
172.0 1.214720830126399
172.0 1.2157093245844315
172.0 1.2026593010954536
172.0 1.216816604092125
172.0 1.2163638249722002
172.0 1.2073085981012839
172.0 1.2106427417625125
172.0 1.2090691953821278
172.0 1.2135584169930318
172.0 1.2086507269514162
172.0 1.2112544136627479
172.0 1.2162465780648024
172.0 1.20813701716439
172.0 1.2154540078331877
172.0 1.2144400760118956
172.0 1.2113064710038826
172.0 1.2186500816505592
172.0 1.192270818700371
172.0 1.1918347423048474
172.0 1.1859148250203235
172.0 1.1833319612454496
172.0 1.1878501932656917
172.0 1.1905020087444358
172.0 1.1874991383965843
172.0 1.1929230925460008
172.0 1.1912411725841792
172.0 1.1942244278124117
172.0 1.1797773334859551
172.0 1.1767891335054894
172.0 1.184132744152165
172.0 1.186936969516711
172.0 1.1849908594776826
172.0 1.1875471032746778
172.0 1.1882937687342279
172.0 1.1869577924531645
172.0 1.203273693752578
172.0 1.195199626156005
172.0 1.1885536999122737
172.0 1.1871760777583034
172.0 1.1957341588794879
172.0 1.184294713217006
172.0 1.1868405455457696
172.0 1.1891622955279748
172.0 1.1893389349602013
172.0 1.193535452846103
172.0 1.1972749327129222
172.0 1.1865169629437347
172.0 1.1880696863876623
172.0 1.1942095935557069
172.0 1.1892795424353673
172.0 1.1837825415722465
172.0 1.187143991064432
172.0 1.1884398596148458
172.0 1.187610588262554
172.0 1.1931695359712882
172.0 1.183193394640055
172.0 1.1908102325792178
172.0 1.1907552905918706
172.0 1.1879287041485962
172.0 1.1832217191963157
172.0 1.1796809095150183
172.0 1.1790453383937853
172.0 1.1830891160684576
172.0 1.1943495318672535
172.0 1.1916919193470867
