242.0 0.6556464002196247
242.0 0.6876538808727704
242.0 0.6906958402259611
242.0 0.6947232455016582
242.0 0.6999529800030402
242.0 0.6887338520027166
242.0 0.6979667622333702
242.0 0.6990103903170755
242.0 0.6959107404706396
242.0 0.7030942757223887
242.0 0.7052644681079785
242.0 0.7047657842159795
242.0 0.702365356914759
242.0 0.6995225619618359
242.0 0.7035752129624624
242.0 0.700337493272178
242.0 0.7000347336065935
242.0 0.7022866795957385
242.0 0.6906077701640206
242.0 0.7079529847073974
242.0 0.7086402576421151
242.0 0.7046246380875963
242.0 0.6996903280681036
242.0 0.7039581880893325
242.0 0.7018161538238913
242.0 0.7052008166839902
242.0 0.7025331230210243
242.0 0.7076398135735877
242.0 0.7074928704037768
242.0 0.7056223613992354
242.0 0.7050241772517614
242.0 0.7072537621621833
242.0 0.7067060972135808
242.0 0.708839258153066
242.0 0.7037518523946904
242.0 0.7003421076989779
242.0 0.6991619479136901
242.0 0.7018072804979303
242.0 0.7062340332994689
242.0 0.7083286246505734
242.0 0.7117414456308193
242.0 0.7075715477227955
242.0 0.7118988002688574
242.0 0.708022788700458
242.0 0.7025361993055572
242.0 0.7058406467043701
242.0 0.7033600039418608
242.0 0.7056431843356877
242.0 0.7082885169199293
242.0 0.7027722312626165
242.0 0.7071781611276996
242.0 0.7089877394651448
242.0 0.7075715477227972
242.0 0.7047094679756822
242.0 0.7086730301890659
242.0 0.7031062253328833
242.0 0.7047391642380998
242.0 0.7045818096000627
242.0 0.7058911659032431
242.0 0.7078075796798561
242.0 0.7162943186657116
242.0 0.7143377971584562
242.0 0.709666139073903
242.0 0.7081222889559322
242.0 0.7106399631645491
242.0 0.7092247876007113
242.0 0.7085156755510275
242.0 0.7100105446123963
242.0 0.7104826085265116
242.0 0.7077289023608344
242.0 0.7074928704037768
242.0 0.708358320912989
242.0 0.7091450941031833
242.0 0.7089090621461244
242.0 0.7115844772637189
242.0 0.7128429280970893
242.0 0.7085438336711757
242.0 0.7147311837535527
242.0 0.7181143084713836
242.0 0.7147789847423297
242.0 0.7139933916199637
242.0 0.7170128260051135
242.0 0.7135510239682632
242.0 0.7158326662198226
242.0 0.7137870559253199
242.0 0.7052899054712335
242.0 0.7066315426534092
242.0 0.7159113435388409
242.0 0.7193731455756927
242.0 0.7201599187658861
242.0 0.7215761105082347
242.0 0.7114566896892722
242.0 0.7123775477565919
242.0 0.7161666602900896
242.0 0.7162260528149219
242.0 0.7150573206763681
242.0 0.7131962069615435
242.0 0.7170618070617176
242.0 0.719137113618636
242.0 0.7177995991953079
242.0 0.715753988900806
242.0 0.7132363146921875
242.0 0.712921605416111
242.0 0.7122135095449362
242.0 0.710954672440628
242.0 0.7105612858455312
242.0 0.7118201229498409
242.0 0.7124495415019956
242.0 0.7155179569437485
242.0 0.7167767940480578
242.0 0.7192157909376562
242.0 0.7177995991953079
242.0 0.7172488579621716
242.0 0.7188224043425584
242.0 0.7155669380003508
242.0 0.7117747123925231
242.0 0.714097836627674
242.0 0.7152402791137779
242.0 0.7155357035956662
242.0 0.7135791820884109
242.0 0.7123797375089339
242.0 0.7114950022055337
242.0 0.708911588717894
242.0 0.7150740511497791
242.0 0.715911343538842
242.0 0.7173275352811894
242.0 0.7218121424652901
242.0 0.7145475394630645
242.0 0.7144719106795766
242.0 0.7128608108893238
242.0 0.7141283851792821
242.0 0.7133223271949007
242.0 0.7134114159821475
242.0 0.7141684929099248
242.0 0.7115825528505151
242.0 0.7156930582337077
242.0 0.7161859450842781
242.0 0.7148974117175542
242.0 0.713322435138714
242.0 0.7140795680119965
242.0 0.7142190121087942
242.0 0.7142679931653972
242.0 0.7147207722853258
242.0 0.7139829801517362
242.0 0.7152225324618561
242.0 0.7168153636364298
242.0 0.7178188839894927
242.0 0.7153501908374791
242.0 0.7153012097808753
242.0 0.7141403347897736
242.0 0.7125964846718036
242.0 0.7125370921469715
242.0 0.7136875556698458
242.0 0.7094879614994064
242.0 0.7134322389186005
242.0 0.7144446325976245
242.0 0.714089815590904
242.0 0.7155565265321226
242.0 0.7166475975301647
242.0 0.7152907983126479
242.0 0.7138850180385272
242.0 0.7162734957292559
242.0 0.7136474479392023
242.0 0.7130477256494636
242.0 0.7122208447286269
242.0 0.712012970891718
242.0 0.71229798390538
242.0 0.710182569617821
242.0 0.7167528948270648
242.0 0.7071265980013133
242.0 0.7098308076406207
242.0 0.7129390524858912
242.0 0.7099716194963754
242.0 0.7098960184618895
242.0 0.7078592814933485
242.0 0.7083417568756908
242.0 0.7087054472083727
242.0 0.7063347161695653
242.0 0.7052910880858589
242.0 0.7054588541921263
242.0 0.7025468851537151
242.0 0.6900356102000157
242.0 0.6956119401220808
242.0 0.6965548293901835
242.0 0.6952084416408912
242.0 0.7005407526822858
242.0 0.6996012392808547
242.0 0.7035351052318225
242.0 0.7052258985196028
242.0 0.6949488659904896
242.0 0.7004339172431179
242.0 0.6965474942064878
242.0 0.6858369673516352
242.0 0.6951802835207441
242.0 0.6905649416764861
242.0 0.6870437471148048
242.0 0.6909004738890161
242.0 0.6955231509169683
242.0 0.6889616990336862
242.0 0.693850104281109
242.0 0.691005771185918
242.0 0.6848022125938866
242.0 0.6957086636751552
242.0 0.6892883579202596
242.0 0.6882670909152749
242.0 0.6865419869382745
242.0 0.6766862897307739
242.0 0.6770817581344024
242.0 0.6697947723509489
242.0 0.6893811533471029
242.0 0.6825190322000622
242.0 0.6895957320126438
242.0 0.6728401838184199
242.0 0.6792219199849426
242.0 0.6848438584667992
242.0 0.6822667917333504
242.0 0.6879153501930884
242.0 0.6807094538626177
242.0 0.6720877213174473
242.0 0.6745294389639317
242.0 0.6796997809404822
242.0 0.6776961720465381
242.0 0.6848126240621162
242.0 0.6795782751339329
242.0 0.6755271622755703
242.0 0.6690875717264846
242.0 0.6780968938253255
242.0 0.6806708842742415
242.0 0.6781829063280392
242.0 0.6778905581306833
242.0 0.6848943776656716
242.0 0.6790514331217878
242.0 0.6877325581917916
242.0 0.6812840943167453
242.0 0.6772194937056177
242.0 0.6799315539983858
242.0 0.682673666081212
242.0 0.6781474130241966
242.0 0.6805551755091163
242.0 0.6748622504195776
242.0 0.6799866876240603
242.0 0.6802879091473728
242.0 0.6856915623240936
242.0 0.6833713504841553
242.0 0.6799643265453333
242.0 0.680430593418029
242.0 0.6776217536266745
242.0 0.6741510782638679
242.0 0.6726488740188087
242.0 0.6846062883674735
242.0 0.680595283239758
242.0 0.6787278505197497
242.0 0.6866815949243918
242.0 0.6801810737082035
