106.0 0.878560585120712
106.0 0.9095497379601843
106.0 0.9245109001481044
106.0 0.9227661810514858
106.0 0.926811496868421
106.0 0.9089722128598496
106.0 0.9253744821896173
106.0 0.9242641263973862
106.0 0.9236420430289226
106.0 0.9272731493143097
106.0 0.922518199483934
106.0 0.9180871877832374
106.0 0.9240978984333856
106.0 0.9246247404455321
106.0 0.9319463455411309
106.0 0.9282782078096398
106.0 0.9208393558066466
106.0 0.9345041274803915
106.0 0.9208332032375761
106.0 0.9296677795741075
106.0 0.9292416204320587
106.0 0.9244777972757227
106.0 0.9276769473776323
106.0 0.928909164504062
106.0 0.9373692835120366
106.0 0.9277883972436013
106.0 0.9309011793151561
106.0 0.9292030508436825
106.0 0.9304024954231589
106.0 0.9312517374227185
106.0 0.9326590558391077
106.0 0.9373395872496219
106.0 0.9370738590301475
106.0 0.9352642806927058
106.0 0.9299053496734316
106.0 0.9322818777536631
106.0 0.9310141673233941
106.0 0.9305405652670112
106.0 0.9359025725708171
106.0 0.9325121126692961
106.0 0.9245464186541567
106.0 0.9354143001470502
106.0 0.9339684121422863
106.0 0.9408414970171137
106.0 0.9325819166623517
106.0 0.9262191097623741
106.0 0.9308745593372773
106.0 0.9359797117475704
106.0 0.9360614653511246
106.0 0.9372832710093275
106.0 0.9260277999627616
106.0 0.9283183155402834
106.0 0.9384827155888033
106.0 0.9348427359774587
106.0 0.9375088914981555
106.0 0.927093789125191
106.0 0.9321934748194939
106.0 0.931321541415778
106.0 0.9345701667890448
106.0 0.935224172962061
106.0 0.9325312895196712
106.0 0.9344894571130065
106.0 0.9384723041205761
106.0 0.9386103739644255
106.0 0.9393481660980144
106.0 0.9361674485011003
106.0 0.9399478883877544
106.0 0.9379126895614789
106.0 0.9375875688171764
106.0 0.9311464401258188
106.0 0.9390438682901648
106.0 0.9406070032023222
106.0 0.9341851593051566
106.0 0.9289820447816551
106.0 0.9330746118745983
106.0 0.9281937334491956
106.0 0.9412468332227069
106.0 0.9272704285574214
106.0 0.9330643920446996
106.0 0.9331283712473246
106.0 0.9352376607148277
106.0 0.941383364924291
106.0 0.9366924220455505
106.0 0.9342727099501387
106.0 0.9324245620243172
106.0 0.9358967755293969
106.0 0.9337308420429631
106.0 0.930928154820683
106.0 0.9330524424342054
106.0 0.9305050719631695
106.0 0.9340575009295319
106.0 0.9211712029522362
106.0 0.9336237629671577
106.0 0.9434363104024827
106.0 0.9471966132057578
106.0 0.9479601730280375
106.0 0.9483736967065122
106.0 0.9482491146154234
106.0 0.9508454661430603
106.0 0.9500586929528674
106.0 0.9502947249099262
106.0 0.9517895939712929
106.0 0.9513962073761963
106.0 0.9501373702718876
106.0 0.9528123991185438
106.0 0.9528910764375639
106.0 0.9530484310756022
106.0 0.9505307568669836
106.0 0.9514748846952157
106.0 0.9501373702718872
106.0 0.9513175300571769
106.0 0.9493505970816936
106.0 0.9462821816399409
106.0 0.9473836641062107
106.0 0.9453854967260455
106.0 0.9397485298023642
106.0 0.942079511184966
106.0 0.9469011887238665
106.0 0.9466057642419772
106.0 0.9451213066488381
106.0 0.9462821816399402
106.0 0.9447175085855142
106.0 0.9424365244380243
106.0 0.9460133771359315
106.0 0.948249114615422
106.0 0.9493505970816933
106.0 0.948091759977384
106.0 0.9471387588231928
106.0 0.9409196523723741
106.0 0.9417540323662215
106.0 0.9448451669611361
106.0 0.9384129115957401
106.0 0.9396331791116731
106.0 0.9409706935350024
106.0 0.9397608374872962
106.0 0.9435076525378077
106.0 0.9409811050032297
106.0 0.9425442399153887
106.0 0.9403274291556473
106.0 0.9362678010457657
106.0 0.938608835822157
106.0 0.9402209517909181
106.0 0.9409483324562806
106.0 0.9424624863118357
106.0 0.9444992232803782
106.0 0.9426020942979536
106.0 0.9451880343573644
106.0 0.9442053369407551
106.0 0.942376473809123
106.0 0.9401823822025416
106.0 0.9439500201895087
106.0 0.9417856248453447
106.0 0.9413432571936431
106.0 0.9422087077028555
106.0 0.9433784560199181
106.0 0.9425531132413477
106.0 0.9439693049836968
106.0 0.9418851251008171
106.0 0.9438906276646768
106.0 0.9446477045924533
106.0 0.9454047815202318
106.0 0.9422977964901034
106.0 0.9434081522823327
106.0 0.9467615807377487
106.0 0.9452073191515482
106.0 0.9448347554929074
106.0 0.9410165983070701
106.0 0.9378575559358031
106.0 0.9458367377037045
106.0 0.9417682085188582
106.0 0.9400384940622543
106.0 0.9496692071824903
106.0 0.9436114116924413
106.0 0.9403945149386098
106.0 0.9430012779344729
106.0 0.9395572225495442
106.0 0.9379836761691617
106.0 0.9344640197497462
106.0 0.9326039222134301
106.0 0.9349330073793312
106.0 0.9147225305454254
106.0 0.90657026485982
106.0 0.9066939315291919
106.0 0.9129079472785169
106.0 0.917570046184034
106.0 0.9143697134675017
106.0 0.9133187502001021
106.0 0.9169498564854859
106.0 0.9066281017989238
106.0 0.915423753019436
106.0 0.9137611178518008
106.0 0.9195180498929717
106.0 0.9213245519458806
106.0 0.9208035069751601
106.0 0.9066149695738107
106.0 0.9168341477203541
106.0 0.9188693465466314
106.0 0.914659340907965
106.0 0.9208274061961517
106.0 0.9073141921190201
106.0 0.919801524764367
106.0 0.9136631557385938
106.0 0.9185739220647396
106.0 0.910985406135043
106.0 0.9149103987600491
106.0 0.90818851595419
106.0 0.9137046771746609
106.0 0.9071709304693559
106.0 0.902586036331549
106.0 0.9102443435318005
106.0 0.9130576364074263
106.0 0.9045855677889547
106.0 0.9068598748568227
106.0 0.9103262913204746
106.0 0.9116356476236567
106.0 0.9134868718340121
106.0 0.9146238476041226
106.0 0.9140299223558053
106.0 0.9064857730559154
106.0 0.9063658053916304
106.0 0.9084499852745072
106.0 0.9098156578179831
106.0 0.9067441660916962
106.0 0.8998992393370171
106.0 0.9163458752965858
106.0 0.9116950401484866
106.0 0.9194528603267144
106.0 0.9114721404165457
106.0 0.9010304180657033
106.0 0.9095410562725504
106.0 0.9107983552345906
106.0 0.9075101163454337
106.0 0.9092826632367687
106.0 0.9136338150038242
106.0 0.9078857562886122
106.0 0.9122812746854622
106.0 0.9009162474428438
106.0 0.9068467426317047
106.0 0.9069535780708713
106.0 0.916898154671991
106.0 0.9139678090740877
106.0 0.9169679586650463
106.0 0.9173732948706393
106.0 0.9141652714427707
106.0 0.9136650494085028
106.0 0.9159748497802137
106.0 0.9107613237884846
106.0 0.9109780709513522
106.0 0.9092263469964733
106.0 0.9090007265076441
106.0 0.9193252019510938
106.0 0.9110567482703765
106.0 0.9148941902504002
106.0 0.9131794977416268
