144.0 1.0271349340265319
144.0 1.0561277177524315
144.0 1.058660750728309
144.0 1.0632648288151472
144.0 1.0641219279621585
144.0 1.066298245167814
144.0 1.0664085149659543
144.0 1.059622458772347
144.0 1.0655253178048198
144.0 1.0651730551188805
144.0 1.0492923527235885
144.0 1.0679762643049162
144.0 1.074346406388586
144.0 1.0672963265538884
144.0 1.0708013126059177
144.0 1.0747367166991497
144.0 1.0648791687792576
144.0 1.0746314194022493
144.0 1.0699778382950473
144.0 1.0744250837076068
144.0 1.0718032948167135
144.0 1.0716875860515866
144.0 1.0754120400233738
144.0 1.0751509262307013
144.0 1.0722799731576296
144.0 1.0699952546215363
144.0 1.0666788576122277
144.0 1.0742052602602028
144.0 1.0686577401982078
144.0 1.0776612652556248
144.0 1.0830206904896513
144.0 1.0680387331142818
144.0 1.077204557561971
144.0 1.0837788113449436
144.0 1.0782980189914761
144.0 1.0750649137279908
144.0 1.0800408696203945
144.0 1.0779077086809126
144.0 1.0737065763682059
144.0 1.0731083922207347
144.0 1.07025210951505
144.0 1.071839143648196
144.0 1.0780650633189506
144.0 1.0922952465932179
144.0 1.0825851638068926
144.0 1.0694429752461319
144.0 1.0733799174816354
144.0 1.07984494539398
144.0 1.0781985187360004
144.0 1.0874781834811214
144.0 1.0840831091527956
144.0 1.0909102892555549
144.0 1.0955522510776952
144.0 1.0896722750877028
144.0 1.092238930352923
144.0 1.0888295159826438
144.0 1.0859536181573386
144.0 1.0861198461213362
144.0 1.08257936676547
144.0 1.082646094473992
144.0 1.082658402158927
144.0 1.0865444671211157
144.0 1.0850495980597494
144.0 1.0839955585078138
144.0 1.0902006552421137
144.0 1.087812177551387
144.0 1.086338131426475
144.0 1.086476201270327
144.0 1.08557064303047
144.0 1.082963880034606
144.0 1.0892210341100421
144.0 1.0852648070803497
144.0 1.0843029326002012
144.0 1.075005521203159
144.0 1.0809256049237939
144.0 1.082383442539053
144.0 1.0805738642016067
144.0 1.0846739581165716
144.0 1.0803378322445474
144.0 1.0904222392134035
144.0 1.0938020652650808
144.0 1.089899433718797
144.0 1.0867122332273793
144.0 1.0833082855730953
144.0 1.0816159541430452
144.0 1.079598501968692
144.0 1.077796258814941
144.0 1.079215526841822
144.0 1.0777117844544957
144.0 1.0762184535353958
144.0 1.0765420361374334
144.0 1.0752893757216513
144.0 1.0838400723374768
144.0 1.0875969685307803
144.0 1.0873223669853476
144.0 1.081339814455344
144.0 1.0804238447472627
144.0 1.078073936644909
144.0 1.078743462927708
144.0 1.0790180644731426
144.0 1.079334311891487
144.0 1.082591316375963
144.0 1.0816279037535435
144.0 1.0816487266899977
144.0 1.084372736593259
144.0 1.08679244868867
144.0 1.0882784444240758
144.0 1.0894393194151781
144.0 1.092586412175951
144.0 1.0946320224704529
144.0 1.0957038086743074
144.0 1.094936320278302
144.0 1.0933033813730852
144.0 1.0926635513527032
144.0 1.090242301115025
144.0 1.0868419239600244
144.0 1.0915485811336691
144.0 1.094391376086592
144.0 1.0953162191206365
144.0 1.095878909964266
144.0 1.0925254815088516
144.0 1.0893768506058135
144.0 1.0841170188100573
144.0 1.084825160185544
144.0 1.087187017898389
144.0 1.0855675667459344
144.0 1.0877794050044352
144.0 1.098828018392601
144.0 1.091894270736611
144.0 1.1023305862641652
144.0 1.1020527722938864
144.0 1.0970278353448792
144.0 1.0969580313518223
144.0 1.0970752782592172
144.0 1.098040229023905
144.0 1.103696122667333
144.0 1.105446308479944
144.0 1.1022190002578829
144.0 1.0900534124901686
144.0 1.0907172496753534
144.0 1.0960362646023063
144.0 1.0971184622743881
144.0 1.0922300570269636
144.0 1.0900656616827993
144.0 1.0943142369098418
144.0 1.089140818648756
144.0 1.0876845191757647
144.0 1.0858155483134904
144.0 1.0842227171389152
144.0 1.084420179507596
144.0 1.0843013944579338
144.0 1.0854414465125808
144.0 1.085313788136958
144.0 1.0879382977847438
144.0 1.0885291467485212
144.0 1.091597562190275
144.0 1.0918247208213712
144.0 1.0962009544240365
144.0 1.0995158132910763
144.0 1.0967813919195877
144.0 1.093043450195034
144.0 1.0972326328972464
144.0 1.1012066065788542
144.0 1.1055531439191053
144.0 1.1049310605506433
144.0 1.1007121815860188
144.0 1.0963209220883214
144.0 1.0911058579543245
144.0 1.096534592966658
144.0 1.0839696858696029
144.0 1.0997483553911473
144.0 1.0906526435594417
144.0 1.0928461265134652
144.0 1.0898135347009843
144.0 1.0851130326432052
144.0 1.0790035075906546
144.0 1.0836686827807096
144.0 1.0840700904125753
144.0 1.0774144411004858
144.0 1.0668964318620813
144.0 1.0586030350328535
144.0 1.0608213843823575
144.0 1.0532371555483209
144.0 1.0479829712182016
144.0 1.0517144300482442
144.0 1.061347373657818
144.0 1.055204745732887
144.0 1.0628646037979088
144.0 1.056353671113493
144.0 1.0618016909200156
144.0 1.0548098209955266
144.0 1.0584467243223319
144.0 1.0470202444488583
144.0 1.0565123722554777
144.0 1.0474332461635758
144.0 1.0554608870243185
144.0 1.051714924263002
144.0 1.0521985797131728
144.0 1.0601378176397505
144.0 1.0519835345818889
144.0 1.0547070199745958
144.0 1.0500590997685046
144.0 1.053472056889066
144.0 1.0565196771433676
144.0 1.0673222051806863
144.0 1.0655034231918508
144.0 1.0542140316742024
144.0 1.0560048194322116
144.0 1.0523028067339535
144.0 1.0667887138379264
144.0 1.0589354884140598
144.0 1.0635880558895472
144.0 1.0550680223929783
144.0 1.054866492763467
144.0 1.0549675311612123
144.0 1.0558981712366782
144.0 1.0560138800018042
144.0 1.0593079159323864
144.0 1.0585257571689988
144.0 1.0542729230428003
144.0 1.0585674030419119
144.0 1.060661994393014
144.0 1.060268607797921
144.0 1.0616847995402647
144.0 1.0633948776222355
144.0 1.0700558297609937
144.0 1.0669770028510133
144.0 1.0581354468584359
144.0 1.061873388582992
144.0 1.0577910413199434
144.0 1.0674282438286766
144.0 1.0683041058061133
144.0 1.0673912123825677
144.0 1.0681883970409898
144.0 1.0598158286779893
144.0 1.0648615885634516
144.0 1.0635094037727404
144.0 1.0552467471334435
144.0 1.0641133849616364
144.0 1.0740683730309784
144.0 1.0653945831446676
144.0 1.0641311316135567
144.0 1.0580849276595679
144.0 1.0504250695945456
144.0 1.0652650310991327
144.0 1.059248523407559
144.0 1.056659862591258
144.0 1.0623481732539943
144.0 1.055043132195694
144.0 1.0550477466224943
144.0 1.063905511124728
144.0 1.0591254794587386
144.0 1.0522300335051868
144.0 1.0676955101904184
