85.0 1.3210394476224117
85.0 1.3763457762744917
85.0 1.3813949427699241
85.0 1.3797690087229662
85.0 1.3762285293670968
85.0 1.3701538117653134
85.0 1.3780975002293716
85.0 1.3787596913284783
85.0 1.3861954670469359
85.0 1.3805870163178429
85.0 1.3867967274789423
85.0 1.3723421063304664
85.0 1.3885974324904264
85.0 1.3894895029775176
85.0 1.388382553795256
85.0 1.3854592130556134
85.0 1.383560545930922
85.0 1.376415580267552
85.0 1.3894837059360932
85.0 1.3861970051892036
85.0 1.3838752552069997
85.0 1.3894628829996385
85.0 1.3897953389276378
85.0 1.3863705683368968
85.0 1.3828276985495689
85.0 1.3838069893562104
85.0 1.3918930065632755
85.0 1.3858486710769855
85.0 1.389670756836549
85.0 1.3847125475960655
85.0 1.392898559273361
85.0 1.3926693682852422
85.0 1.3931013244687136
85.0 1.390988986465691
85.0 1.3907964688492405
85.0 1.393004900497775
85.0 1.3951083651748408
85.0 1.389029388673899
85.0 1.3935155340002698
85.0 1.3951395995795235
85.0 1.396536506527685
85.0 1.3989650919490555
85.0 1.3987498829284537
85.0 1.3986696674671673
85.0 1.3931800017877338
85.0 1.3934842995955845
85.0 1.3945383391475161
85.0 1.3945101810273695
85.0 1.3963702785636836
85.0 1.4011414369037145
85.0 1.3979052553556943
85.0 1.4005208916775205
85.0 1.3965781524005942
85.0 1.3965260950594565
85.0 1.3993006241615877
85.0 1.3926813178957378
85.0 1.4006782463155587
85.0 1.3968824502084467
85.0 1.3901621055448523
85.0 1.3916554364639517
85.0 1.3937073939601339
85.0 1.3981871920848212
85.0 1.3968793739239087
85.0 1.3969981589735716
85.0 1.393082039674526
85.0 1.3951252595375676
85.0 1.4007152777616656
85.0 1.3958847268968033
85.0 1.4013817277599292
85.0 1.401393677370423
85.0 1.3954496944287957
85.0 1.403629414849915
85.0 1.395078668912423
85.0 1.3974108303628552
85.0 1.3913912463867435
85.0 1.3972831719872325
85.0 1.401108664356762
85.0 1.3970336522774103
85.0 1.4007850817547243
85.0 1.3847214209220213
85.0 1.3965646646478305
85.0 1.3957883029258666
85.0 1.3886969327458993
85.0 1.3846442817452722
85.0 1.3880378179313306
85.0 1.391896082847812
85.0 1.38385852473359
85.0 1.3889730724336031
85.0 1.3960050500887387
85.0 1.3975400268807476
85.0 1.3975103306183332
85.0 1.400817181306743
85.0 1.4028427001520254
85.0 1.403724300678589
85.0 1.4049059986061465
85.0 1.4013206306567194
85.0 1.399827466173735
85.0 1.4056214296610139
85.0 1.402746217688787
85.0 1.4058917723072912
85.0 1.4049075367484167
85.0 1.4039931051826018
85.0 1.402725394752332
85.0 1.4027342680782926
85.0 1.4016609437321699
85.0 1.401465019505755
85.0 1.4022012734970766
85.0 1.4006470119108787
85.0 1.4036664462960287
85.0 1.4070896787445017
85.0 1.4100408472788595
85.0 1.410455056810411
85.0 1.4069546851851846
85.0 1.408547516359759
85.0 1.406746811348275
85.0 1.4029417343892496
85.0 1.4098537963784037
85.0 1.413622972507637
85.0 1.4105545570658835
85.0 1.4115951088650558
85.0 1.4080515532246516
85.0 1.4022680012055997
85.0 1.3940261675027585
85.0 1.3940855600275908
85.0 1.3927070855844275
85.0 1.3962827279187062
85.0 1.3965989753370518
85.0 1.3914433037278857
85.0 1.3822349811180905
85.0 1.3822156963239045
85.0 1.3820776264800554
85.0 1.3866648102041645
85.0 1.3893992315756516
85.0 1.393932819816355
85.0 1.4006516263376807
85.0 1.4031781738722593
85.0 1.4038727819906693
85.0 1.397192545057722
85.0 1.3923081030745195
85.0 1.3990005852529013
85.0 1.398975147889644
85.0 1.398938116443533
85.0 1.3994429529045986
85.0 1.394063198948871
85.0 1.400605366037968
85.0 1.4093713209960625
85.0 1.4049059986061494
85.0 1.400535562044908
85.0 1.401822557269366
85.0 1.3998421365411202
85.0 1.3996149779100246
85.0 1.3975500828213347
85.0 1.3934661974160232
85.0 1.392207360311715
85.0 1.394174293287196
85.0 1.3946212753656995
85.0 1.3967679240579438
85.0 1.3996612382097378
85.0 1.4020200196380497
85.0 1.399612257153134
85.0 1.398274742729806
85.0 1.3974567351349296
85.0 1.3934441918649456
85.0 1.3925104755049396
85.0 1.3977996025311543
85.0 1.3950755926278933
85.0 1.3922447472854669
85.0 1.389589003232996
85.0 1.393856863254227
85.0 1.3865675087418228
85.0 1.380505756929044
85.0 1.3831938100570054
85.0 1.3878032989143305
85.0 1.3914147900800946
85.0 1.3856802191176465
85.0 1.3835914248079655
85.0 1.3861893144778692
85.0 1.3887520411693657
85.0 1.3895476876855195
85.0 1.3787357921074899
85.0 1.363726145624514
85.0 1.3534643336230459
85.0 1.3579960815925498
85.0 1.3666665446162072
85.0 1.3533704080273778
85.0 1.3567129307998138
85.0 1.3617650096904592
85.0 1.3598210958977701
85.0 1.3496295539076086
85.0 1.3462104139221835
85.0 1.3385563528985869
85.0 1.3448993555874138
85.0 1.3409644457089342
85.0 1.3414365096230492
85.0 1.3410228498042656
85.0 1.3446479674098935
85.0 1.3404598286351994
85.0 1.3477223715313955
85.0 1.355501206284405
85.0 1.3621816096534651
85.0 1.3532139334275322
85.0 1.3573676228259042
85.0 1.3523396095923579
85.0 1.3584139691197044
85.0 1.353990950706772
85.0 1.36377545445975
85.0 1.353605762025752
85.0 1.3529838360526154
85.0 1.3529789432986887
85.0 1.351435319509536
85.0 1.3628748384253384
85.0 1.352459578657047
85.0 1.353980431294732
85.0 1.3549098328100708
85.0 1.3509910512464407
85.0 1.354568175777475
85.0 1.3575125033428945
85.0 1.3544287316806793
85.0 1.3576068949568152
85.0 1.35642179041929
85.0 1.3606688275040646
85.0 1.3536407784226554
85.0 1.3494268442102648
85.0 1.351544648929282
85.0 1.3538798866642476
85.0 1.3520325910276176
85.0 1.364196341070926
85.0 1.3514818497944874
85.0 1.344635384897536
85.0 1.344638461182072
85.0 1.3543261828896753
85.0 1.356074830560017
85.0 1.3489522259753703
85.0 1.3488172324160546
85.0 1.352262634304926
85.0 1.352011768091163
85.0 1.3463089257481493
85.0 1.346907273784939
85.0 1.353057428531888
85.0 1.3467354152156314
85.0 1.346636958887671
85.0 1.3461988501351274
85.0 1.3498731404356916
85.0 1.3504105578053824
85.0 1.3470376806664628
85.0 1.3466289378509015
85.0 1.3427034232621395
85.0 1.3260785819790715
85.0 1.3361632607810596
85.0 1.3403823339308045
85.0 1.3324453199995736
85.0 1.3247458509654588
85.0 1.3311588467388755
85.0 1.3418219306793884
