63.0 1.5169693395800221
63.0 1.5528961110988422
63.0 1.5562719006329806
63.0 1.560275570577005
63.0 1.5600395386199464
63.0 1.5457646331882342
63.0 1.5613994141219978
63.0 1.5625988587014754
63.0 1.5634242014800452
63.0 1.5683423029898855
63.0 1.563226739111363
63.0 1.560285982045233
63.0 1.559422069678287
63.0 1.5618105473690154
63.0 1.5664644588016488
63.0 1.5644678295637497
63.0 1.5624310925952092
63.0 1.5678316694873944
63.0 1.5701133117389527
63.0 1.5676816500330477
63.0 1.5676951377858102
63.0 1.5695641086480858
63.0 1.5694838931867996
63.0 1.5762308578282718
63.0 1.5753075529364955
63.0 1.572945695223647
63.0 1.5739700385131656
63.0 1.5732604044997252
63.0 1.5718353394314182
63.0 1.56926714602393
63.0 1.572484042777761
63.0 1.5744019946966399
63.0 1.57594584481461
63.0 1.574186785676039
63.0 1.5638145117906073
63.0 1.5677707388202955
63.0 1.5698846149655872
63.0 1.5708406924043155
63.0 1.5701325965331416
63.0 1.568361587784074
63.0 1.571125705417978
63.0 1.5686658855919235
63.0 1.5723266881397224
63.0 1.5714107184316388
63.0 1.5741748360655425
63.0 1.5719036052822106
63.0 1.5712502875090655
63.0 1.57153837680726
63.0 1.574202994185691
63.0 1.5695818553000072
63.0 1.5738809497259212
63.0 1.577431840550017
63.0 1.5709000849291468
63.0 1.5720401369837933
63.0 1.5778341004710739
63.0 1.57095793931171
63.0 1.5692760193498896
63.0 1.5785911773988517
63.0 1.569353158526642
63.0 1.5708688505244637
63.0 1.5684105688406766
63.0 1.5721693335016829
63.0 1.5703300589018228
63.0 1.5684907843019626
63.0 1.5723652577280973
63.0 1.5726270573738435
63.0 1.5742743363210163
63.0 1.575718686183512
63.0 1.576278300742607
63.0 1.5768691497063874
63.0 1.5779706321726565
63.0 1.5767399531884962
63.0 1.5752539574530897
63.0 1.576544028962081
63.0 1.5735527526970796
63.0 1.5771676504728112
63.0 1.581720523507703
63.0 1.568698658138873
63.0 1.5755050153051766
63.0 1.5773140716788647
63.0 1.5775699103938678
63.0 1.5746974191785292
63.0 1.5702988244971423
63.0 1.5694599939658092
63.0 1.574982432192192
63.0 1.566887541659166
63.0 1.5646518041796724
63.0 1.5748162042281946
63.0 1.5738423801375472
63.0 1.5703019007816774
63.0 1.5732307082373111
63.0 1.5696397378790716
63.0 1.5565168341124997
63.0 1.5665030283900254
63.0 1.567545118331465
63.0 1.5609836664481773
63.0 1.5554233444864949
63.0 1.5561858881302666
63.0 1.5592172721259108
63.0 1.5632876697784603
63.0 1.5637597336925766
63.0 1.5651759254349236
63.0 1.5664525091911534
63.0 1.565391134455526
63.0 1.5687059933225653
63.0 1.5686778352024158
63.0 1.565667274143227
63.0 1.565802267702543
63.0 1.5647304814986867
63.0 1.5645538420664606
63.0 1.561832908447735
63.0 1.5603172164499148
63.0 1.5616354460790554
63.0 1.5632371505795903
63.0 1.561537483965848
63.0 1.5585759039632614
63.0 1.5580251627301254
63.0 1.5586144735516354
63.0 1.5611795906745902
63.0 1.562713029324335
63.0 1.56541349553425
63.0 1.572899790451578
63.0 1.573111565113206
63.0 1.5745281149299937
63.0 1.5737517532080292
63.0 1.5720119788636446
63.0 1.5742758744632834
63.0 1.5729175371035007
63.0 1.5692790956344227
63.0 1.5705572175329205
63.0 1.573045195479123
63.0 1.5737043102936932
63.0 1.5739804499813943
63.0 1.577127542742167
63.0 1.573970038513167
63.0 1.5750803943053977
63.0 1.579143456774254
63.0 1.5785421963422468
63.0 1.570690672949969
63.0 1.5624087315164872
63.0 1.5643787407765057
63.0 1.5754055150497022
63.0 1.5787693549733453
63.0 1.5789741525257184
63.0 1.578148809747151
63.0 1.583017930200387
63.0 1.5819654287907217
63.0 1.5839323617662042
63.0 1.5846597424315652
63.0 1.5823661505695112
63.0 1.5858190792804014
63.0 1.586173896287122
63.0 1.5804007557362973
63.0 1.5805388255801467
63.0 1.5798692992973489
63.0 1.5790335450505526
63.0 1.5806560724875418
63.0 1.5799776728787838
63.0 1.583862557773146
63.0 1.5827417905126877
63.0 1.577440713875979
63.0 1.5791122223695713
63.0 1.578935582937345
63.0 1.5793972353832342
63.0 1.5795754129577275
63.0 1.577381321351146
63.0 1.5738304305270505
63.0 1.5695521590375932
63.0 1.5692166268250596
63.0 1.561309611732671
63.0 1.548613475760704
63.0 1.551878059065505
63.0 1.5603731771625708
63.0 1.5568654703536535
63.0 1.5597884807678593
63.0 1.5525397559498582
63.0 1.556472083758555
63.0 1.5524595404885708
63.0 1.5476706354966177
63.0 1.549802258293833
63.0 1.5324839707822204
63.0 1.5181408915225392
63.0 1.5207543795637304
63.0 1.5373155862993548
63.0 1.532279221703608
63.0 1.5187139502853386
63.0 1.519808427893348
63.0 1.5179339903150768
63.0 1.5255739029350497
63.0 1.5090574629824158
63.0 1.5190583558238293
63.0 1.5225587274490533
63.0 1.513286753415271
63.0 1.517351354026395
63.0 1.5346931367575944
63.0 1.5145933889615593
63.0 1.5287636577472388
63.0 1.5186791428345723
63.0 1.51917782672657
63.0 1.5186834017337298
63.0 1.5189040774703244
63.0 1.520053002850933
63.0 1.5209720488435452
63.0 1.5220248805786483
63.0 1.51540216770283
63.0 1.5116440888948992
63.0 1.5085076530786028
63.0 1.4949058577723529
63.0 1.496480258175208
63.0 1.4990054709335665
63.0 1.5137598335078948
63.0 1.5126696147990446
63.0 1.501667592036025
63.0 1.506341474115925
63.0 1.5114554998521803
63.0 1.4990833540082011
63.0 1.50588954728519
63.0 1.4951390765890111
63.0 1.5072988980585962
63.0 1.4998547709779342
63.0 1.4906169159950444
63.0 1.5028752215415915
63.0 1.5029093405924852
63.0 1.493639593100846
63.0 1.4865970400881607
63.0 1.485538386109425
63.0 1.4895598027053687
63.0 1.4867736795203896
63.0 1.4912775714986795
63.0 1.490787760932644
63.0 1.4927442824398942
63.0 1.4872353319662748
63.0 1.4891428724169267
63.0 1.4947127535576468
63.0 1.4936186062750658
63.0 1.4961258690154553
63.0 1.4793618030229223
63.0 1.4908456153152037
63.0 1.4924369083475102
63.0 1.4894679931612334
63.0 1.5023683527235088
63.0 1.4941369027398903
63.0 1.482373874475372
63.0 1.4892286907345182
63.0 1.4921184343870273
63.0 1.4913222936561241
63.0 1.4930886879783865
63.0 1.4989437460220898
63.0 1.4912246315725475
63.0 1.4893121528636533
63.0 1.4957473271182584
63.0 1.490758290999044
63.0 1.489471561113724
63.0 1.5022611592099033
