219.0 0.8213887628062425
219.0 0.8636679172163171
219.0 0.8668660536865133
219.0 0.8720866122855094
219.0 0.8626977216697608
219.0 0.8509660664970353
219.0 0.8713414849682278
219.0 0.8784410400742804
219.0 0.8739885195840553
219.0 0.8688060641076895
219.0 0.8774401017910017
219.0 0.8589667848034747
219.0 0.8690589904274771
219.0 0.8748256480837989
219.0 0.8795212053893431
219.0 0.8770702588892512
219.0 0.8876770265894716
219.0 0.877040562626836
219.0 0.8732744627821347
219.0 0.8824662213546315
219.0 0.8780328192224826
219.0 0.8702688464751835
219.0 0.8810160744507097
219.0 0.8717437448892804
219.0 0.8818815249599247
219.0 0.880462256933042
219.0 0.8824619624554733
219.0 0.8836644833194883
219.0 0.8825228931225738
219.0 0.8698928762065722
219.0 0.8816944740594695
219.0 0.8789141479159108
219.0 0.878372280008739
219.0 0.8892328263179377
219.0 0.8866974054573988
219.0 0.8755163528306954
219.0 0.8826462925990353
219.0 0.8826713744346512
219.0 0.8844173013481055
219.0 0.8829714133433393
219.0 0.877781075517315
219.0 0.8751125547673699
219.0 0.8888795474534872
219.0 0.8787895658248216
219.0 0.8846695418148166
219.0 0.8883554261982307
219.0 0.8930864768076181
219.0 0.8866926310884757
219.0 0.8879338814829842
219.0 0.8871085387044141
219.0 0.888376249134684
219.0 0.8883585024827646
219.0 0.8842985162984426
219.0 0.8870298613853944
219.0 0.8860976831676597
219.0 0.8859862333016891
219.0 0.8759170746094825
219.0 0.881256720834571
219.0 0.8948204541105753
219.0 0.8789453823205948
219.0 0.8834871857831901
219.0 0.8854266187425929
219.0 0.8955879425065786
219.0 0.8929634328587948
219.0 0.8874648938534028
219.0 0.894482531466583
219.0 0.8951960940537504
219.0 0.8938481681621949
219.0 0.8973797741921049
219.0 0.8964059501014555
219.0 0.8955196766557868
219.0 0.8949303658342752
219.0 0.9011948550934058
219.0 0.8905213596846594
219.0 0.881534398664538
219.0 0.8849769159071993
219.0 0.8871501845773224
219.0 0.8845121871767754
219.0 0.873065406330601
219.0 0.8699835031360867
219.0 0.8741846354487901
219.0 0.8856938851043319
219.0 0.8771670383878318
219.0 0.8808367142615916
219.0 0.8846236370427486
219.0 0.8842584085678004
219.0 0.8743906130689966
219.0 0.8839942184905945
219.0 0.8860679869052437
219.0 0.8912919243652018
219.0 0.886344126592944
219.0 0.8761505804422652
219.0 0.8840310127940633
219.0 0.8917817349312348
219.0 0.8887815853402755
219.0 0.8924111534833918
219.0 0.8945265677709544
219.0 0.8968587292213857
219.0 0.898983016834906
219.0 0.8986787190270568
219.0 0.8995545810044966
219.0 0.895276309515039
219.0 0.8960927789676477
219.0 0.8956993923725515
219.0 0.8976663253480345
219.0 0.89821706658117
219.0 0.9011281273848848
219.0 0.9016001912990005
219.0 0.9023082871701739
219.0 0.9021509325321352
219.0 0.9043538974646754
219.0 0.9052980252929076
219.0 0.9055340572499644
219.0 0.90710760363035
219.0 0.906445412531243
219.0 0.9026575707015736
219.0 0.90375997221636
219.0 0.899658340159128
219.0 0.8995306817835054
219.0 0.9004748096117366
219.0 0.9010641204332486
219.0 0.9016387608873725
219.0 0.8926915520702516
219.0 0.8943942949685278
219.0 0.8937293831125303
219.0 0.8920875708813542
219.0 0.8956785694360939
219.0 0.8928269011572112
219.0 0.8900373461600497
219.0 0.8920652098026322
219.0 0.8965737162077219
219.0 0.8933286613337421
219.0 0.8959354243296072
219.0 0.8960630827052313
219.0 0.8937413327230276
219.0 0.888371990235526
219.0 0.8871027416629907
219.0 0.8882195803497221
219.0 0.884484307383757
219.0 0.8865024696604892
219.0 0.8850760606350344
219.0 0.8818028476409062
219.0 0.8853834347274194
219.0 0.8879011089360367
219.0 0.8875285452773968
219.0 0.8838484579354089
219.0 0.8837416224962421
219.0 0.8816975503440062
219.0 0.8841944016161698
219.0 0.8834670209508071
219.0 0.8852187449056863
219.0 0.8841959397584358
219.0 0.8832919196608457
219.0 0.8808899542173565
219.0 0.8816381578191732
219.0 0.8796044971351659
219.0 0.8802235042190926
219.0 0.881776227663024
219.0 0.8828376023986502
219.0 0.8826817859028793
219.0 0.8806377137506428
219.0 0.8855720237701372
219.0 0.8848045353741313
219.0 0.8834002932422791
219.0 0.8868991267252374
219.0 0.8856522392314229
219.0 0.8859742836911928
219.0 0.8891911804450247
219.0 0.888717578388641
219.0 0.8911990734403398
219.0 0.8877468028335211
219.0 0.8854996377072945
219.0 0.8821900816669271
219.0 0.8779712027023013
219.0 0.8767285741076486
219.0 0.8790310392956632
219.0 0.8815263524255592
219.0 0.8837501402945578
219.0 0.8846942681227884
219.0 0.8813546577455688
219.0 0.8763856984443995
219.0 0.8755486973704465
219.0 0.883250097315288
219.0 0.8880164621735201
219.0 0.888978500542991
219.0 0.891031967984944
219.0 0.8846630337181045
219.0 0.8924104424281063
219.0 0.8883562532852101
219.0 0.8901600345812295
219.0 0.888922020413376
219.0 0.8937035902216325
219.0 0.8975973484419534
219.0 0.890151161255266
219.0 0.8910270232327084
219.0 0.8904924905092262
219.0 0.8825460812882745
219.0 0.885138173916757
219.0 0.89057424411278
219.0 0.8847370966103225
219.0 0.8897932679640155
219.0 0.8862157571620356
219.0 0.8719944472137314
219.0 0.8888418049520902
219.0 0.8876300526876784
219.0 0.880801004117219
219.0 0.8619328489042013
219.0 0.8663529672249681
219.0 0.8802951514776453
219.0 0.8716916875481496
219.0 0.8817265355511327
219.0 0.8766213831408376
219.0 0.8768531561987393
219.0 0.8753791100738284
219.0 0.8845338372002141
219.0 0.8792535834999641
219.0 0.8753239764481565
219.0 0.8746293683297448
219.0 0.8670331616887108
219.0 0.8661677111795013
219.0 0.8672707317880389
219.0 0.869105391961099
219.0 0.8632504978067179
219.0 0.8665105785757249
219.0 0.8705157866620182
219.0 0.8690355879680327
219.0 0.8629002952267991
219.0 0.8640982016640091
219.0 0.8639111507635552
219.0 0.8751604692410464
219.0 0.862811206439555
219.0 0.863299834390965
219.0 0.8648421463666707
219.0 0.8778786821028833
219.0 0.867255705893006
219.0 0.8640550176488287
219.0 0.8686614861671289
219.0 0.8663161924915795
219.0 0.8704934255832926
219.0 0.8669409966169316
219.0 0.8670701931348223
219.0 0.8790962288619256
219.0 0.8647561338639551
219.0 0.8637422020426642
219.0 0.8808656994687261
219.0 0.8768724409929312
219.0 0.86675583938639
219.0 0.8772496190783694
219.0 0.8755734961579735
219.0 0.8714066745344905
219.0 0.8776295179207042
219.0 0.866350147653147
219.0 0.859088290610031
219.0 0.8707946471066073
