50.0 1.7840383817845942
50.0 1.8230349152491105
50.0 1.8190658863197384
50.0 1.8190971207244206
50.0 1.8255090751171188
50.0 1.8159281888486822
50.0 1.8261504432797693
50.0 1.8310195637330067
50.0 1.8332047820136264
50.0 1.8341296250476702
50.0 1.8301571895083277
50.0 1.8353548373158375
50.0 1.8236716689849608
50.0 1.8292470168416706
50.0 1.8339529856154424
50.0 1.8347100625432207
50.0 1.826827304746259
50.0 1.8304213795855329
50.0 1.8280417752207678
50.0 1.8319162486468994
50.0 1.8332899422271485
50.0 1.8306222485641837
50.0 1.8319147105046338
50.0 1.8295905700909716
50.0 1.829477251757302
50.0 1.8321186557678166
50.0 1.827825028057899
50.0 1.8379269592970513
50.0 1.8300087081962486
50.0 1.841152729376843
50.0 1.8357151210385507
50.0 1.8323427381143804
50.0 1.832033495554297
50.0 1.833883181622384
50.0 1.8287725624960967
50.0 1.827225305768158
50.0 1.8397365376344972
50.0 1.8353795888260187
50.0 1.8367082299233857
50.0 1.8310122285493142
50.0 1.8352148990042862
50.0 1.8317990017395067
50.0 1.8356260322513038
50.0 1.8283163767662005
50.0 1.829152131012999
50.0 1.8274374385042258
50.0 1.8268851591288227
50.0 1.8295296394238718
50.0 1.8385563778492056
50.0 1.8267085196965969
50.0 1.8256887908338797
50.0 1.8278461813197848
50.0 1.8277224515178854
50.0 1.8291371051179675
50.0 1.8271019062916927
50.0 1.8268242284617235
50.0 1.8209358733605223
50.0 1.8282549241353443
50.0 1.8218620906475145
50.0 1.8310685447896098
50.0 1.8240454404604363
50.0 1.825409574861645
50.0 1.8294919221246893
50.0 1.8312837538102134
50.0 1.834355245536501
50.0 1.8339468330463728
50.0 1.8340731171690485
50.0 1.8387121943449771
50.0 1.8298363276631826
50.0 1.8324565784118099
50.0 1.832236754964405
50.0 1.8302640249474968
50.0 1.8285863638848323
50.0 1.824998441614626
50.0 1.8332506867856946
50.0 1.8283965922274885
50.0 1.8323601544408685
50.0 1.8311472221086282
50.0 1.8363448699161393
50.0 1.8365404638171205
50.0 1.8407979123701226
50.0 1.83390400455884
50.0 1.8412151981862108
50.0 1.8442330944290921
50.0 1.8434864289695434
50.0 1.8449234436483462
50.0 1.8395228667561598
50.0 1.8503313557242216
50.0 1.8390299799055898
50.0 1.8338060424456322
50.0 1.8313061148889342
50.0 1.8227379265608825
50.0 1.825800300112656
50.0 1.8359214567331903
50.0 1.8406659950953412
50.0 1.8406743464575441
50.0 1.8424115664811525
50.0 1.84411892380623
50.0 1.8428897829643376
50.0 1.8413829642924748
50.0 1.8469810035533412
50.0 1.8476192954314559
50.0 1.8480022705583257
50.0 1.8463307620647322
50.0 1.848996917585428
50.0 1.848484745940669
50.0 1.850236469895549
50.0 1.8517803200135206
50.0 1.8518485858643117
50.0 1.8527140363735246
50.0 1.8511701862555536
50.0 1.8514062182126114
50.0 1.8517714466875588
50.0 1.8487030312458055
50.0 1.8453673494423124
50.0 1.837440725724295
50.0 1.841341318419565
50.0 1.8431154034531678
50.0 1.845404380888422
50.0 1.8442419677550534
50.0 1.8427085291053091
50.0 1.8407905771864286
50.0 1.829216798615497
50.0 1.8378749019559164
50.0 1.8383797384169815
50.0 1.8354968357334154
50.0 1.8347960750459331
50.0 1.8350331231815011
50.0 1.826693219421642
50.0 1.8269252668594702
50.0 1.8266610767822642
50.0 1.8294564288208512
50.0 1.8374919268290475
50.0 1.830068100721086
50.0 1.832379439235061
50.0 1.844215347777175
50.0 1.8479621628276859
50.0 1.852111237799253
50.0 1.8397745852591194
50.0 1.8345803440615784
50.0 1.8409136211352553
50.0 1.8462474703189142
50.0 1.8504767607517687
50.0 1.8475865228845072
50.0 1.848039302004438
50.0 1.8504100330432438
50.0 1.8513348760772876
50.0 1.8510082171907154
50.0 1.8506445268580332
50.0 1.8522670542950226
50.0 1.8500359312423353
50.0 1.8425248848148268
50.0 1.8422349270489309
50.0 1.8431107890263712
50.0 1.8480481753304
50.0 1.8471217941540885
50.0 1.84495893695219
50.0 1.8487666826698002
50.0 1.8507262804615932
50.0 1.8495341710658073
50.0 1.8530835237476346
50.0 1.8522076617701944
50.0 1.8532528279961678
50.0 1.8506742231204516
50.0 1.8411943752497595
50.0 1.8459639954475204
50.0 1.8453419120790584
50.0 1.838131756849428
50.0 1.8378941867501004
50.0 1.8260261915141138
50.0 1.810607635779463
50.0 1.8227382829503904
50.0 1.8207783548331684
50.0 1.813881040411916
50.0 1.8101326872191341
50.0 1.8158745933652807
50.0 1.8176841717027246
50.0 1.8098051760433742
50.0 1.8060849809707458
50.0 1.8092557813141823
50.0 1.7879751568685185
50.0 1.7964364825249595
50.0 1.7958313004966522
50.0 1.796036950338218
50.0 1.794419889617219
50.0 1.7941859177661887
50.0 1.7942295959961168
50.0 1.792422050015693
50.0 1.7888977791694753
50.0 1.7915332222492455
50.0 1.796591453708963
50.0 1.8023982190959287
50.0 1.8021741367493673
50.0 1.7999141697234526
50.0 1.7962731739336006
50.0 1.7982163715774129
50.0 1.7973821554728824
50.0 1.799487680255975
50.0 1.7911753567069981
50.0 1.789120873086536
50.0 1.7923724108550192
50.0 1.7946060882284822
50.0 1.7908771837192117
50.0 1.8007565707540707
50.0 1.7988384549458742
50.0 1.796481403298156
50.0 1.7869304356737579
50.0 1.7887704788682963
50.0 1.775771196959806
50.0 1.7760498350227805
50.0 1.7801746804479273
50.0 1.7852605480640305
50.0 1.7880227972302383
50.0 1.7880089791520386
50.0 1.780708882845976
50.0 1.7857966189297823
50.0 1.7889788746689599
50.0 1.7782685117034274
50.0 1.7776785150288372
50.0 1.777208841546178
50.0 1.774534664988717
50.0 1.7832169978755557
50.0 1.7902921595458692
50.0 1.7845968440248736
50.0 1.7839184444161127
50.0 1.7890363987260955
50.0 1.7866803380546736
50.0 1.7953764890197081
50.0 1.786113388311886
50.0 1.786061330970743
50.0 1.774841708755668
50.0 1.7768560846454848
50.0 1.7843007336899042
50.0 1.7833700936144394
50.0 1.7905401411134216
50.0 1.7813541795823482
50.0 1.7773030667239873
50.0 1.7851484375471964
50.0 1.7846427487969396
50.0 1.7880047202528841
50.0 1.786493973007294
50.0 1.7845567362942263
50.0 1.7832351000551163
50.0 1.790638103226627
50.0 1.785363646567799
50.0 1.7792268156842925
50.0 1.7701630458128519
50.0 1.7749178040048994
50.0 1.7788126061527407
50.0 1.7752867971642574
50.0 1.7779664404377156
50.0 1.7742832768111911
50.0 1.782220812706184
50.0 1.781457938736981
