74.0 1.6095583094057337
74.0 1.6378611544326225
74.0 1.6394836818696128
74.0 1.638492111127045
74.0 1.639002744629536
74.0 1.6398978914011642
74.0 1.6424660848086545
74.0 1.6427406863540868
74.0 1.642593743184277
74.0 1.6480151430129157
74.0 1.644363213791079
74.0 1.6437931877637553
74.0 1.6492932649114127
74.0 1.6455240887821787
74.0 1.6476499145379677
74.0 1.6474420407010577
74.0 1.6437546181753786
74.0 1.6403699553152804
74.0 1.6491848913299787
74.0 1.6469418186667943
74.0 1.6486237386286133
74.0 1.6509751848732335
74.0 1.6504822980226628
74.0 1.6500889114275652
74.0 1.653386023642684
74.0 1.651585318631201
74.0 1.650945488610818
74.0 1.648730574067783
74.0 1.6507777225045532
74.0 1.646321273440599
74.0 1.6474253102276475
74.0 1.6397019671747497
74.0 1.6433419467860924
74.0 1.6452703101732014
74.0 1.6451796832436854
74.0 1.6445919105644449
74.0 1.6458121780803752
74.0 1.6477879843818188
74.0 1.6486430234228044
74.0 1.643333073460135
74.0 1.639701967174749
74.0 1.6457616588815052
74.0 1.6483580104091422
74.0 1.6475816486871773
74.0 1.650405158845912
74.0 1.6391126563532388
74.0 1.640911823222453
74.0 1.6456251271799196
74.0 1.6434399088993012
74.0 1.6477864462395524
74.0 1.6386004847084805
74.0 1.646244134263849
74.0 1.6476499145379684
74.0 1.6429188639285823
74.0 1.6460852414835427
74.0 1.6491432454570676
74.0 1.6383228068785105
74.0 1.6443647519333453
74.0 1.6426114898361965
74.0 1.641940425411132
74.0 1.6378225848442456
74.0 1.6396128783875032
74.0 1.6379429080361794
74.0 1.6467161981779637
74.0 1.6431147881549955
74.0 1.6492041761241656
74.0 1.651634299687805
74.0 1.648191782445142
74.0 1.6508772227600264
74.0 1.6551466209235253
74.0 1.661008850261599
74.0 1.6556780773624717
74.0 1.6535537897489516
74.0 1.654419240258162
74.0 1.659316518831548
74.0 1.653188561274002
74.0 1.6531395802173976
74.0 1.6477598262616695
74.0 1.6474925598999293
74.0 1.6483629551613777
74.0 1.6487321122100496
74.0 1.6528441557355091
74.0 1.6515155146381408
74.0 1.6472565279428708
74.0 1.6466463941849026
74.0 1.6512810208233502
74.0 1.650898045696481
74.0 1.6539159419393639
74.0 1.6545735186116686
74.0 1.6552519182204266
74.0 1.6522741297081869
74.0 1.6502640127175279
74.0 1.645470493298774
74.0 1.6521850409209418
74.0 1.659245176696223
74.0 1.6594916201215082
74.0 1.6562747233676776
74.0 1.661706534664544
74.0 1.6630633338820606
74.0 1.6598375638022682
74.0 1.6619232818274134
74.0 1.6615788762889205
74.0 1.6591101831369055
74.0 1.6594738734695866
74.0 1.6599266525895144
74.0 1.6612344707504283
74.0 1.6625422889113397
74.0 1.6581363590462583
74.0 1.6581363590462586
74.0 1.6595822470510204
74.0 1.660947919594498
74.0 1.6615684648206923
74.0 1.6595525507886064
74.0 1.6602903429221954
74.0 1.6579581814717648
74.0 1.6481131051261217
74.0 1.646195153207242
74.0 1.6470012111916237
74.0 1.6454677725418827
74.0 1.6485658842460524
74.0 1.6538773723509899
74.0 1.6549877281432221
74.0 1.643074158460598
74.0 1.6457778673911596
74.0 1.6425150658652565
74.0 1.6454438733208934
74.0 1.648267383479627
74.0 1.6387651745302085
74.0 1.6370639697742002
74.0 1.6440469663727326
74.0 1.6434190859628444
74.0 1.6488493591174451
74.0 1.653087522876261
74.0 1.6525857626997291
74.0 1.6555161082976322
74.0 1.6521715531681793
74.0 1.6505089180005452
74.0 1.6514144762404
74.0 1.6483622693082998
74.0 1.640071454548857
74.0 1.6461623806602914
74.0 1.6425505591690956
74.0 1.6363662853712542
74.0 1.6362594499320866
74.0 1.6395118399897588
74.0 1.6392862195009288
74.0 1.6324679127241302
74.0 1.633257762198859
74.0 1.6378507429643963
74.0 1.6421706603267616
74.0 1.6448264043792298
74.0 1.6456131775694232
74.0 1.6431741806798246
74.0 1.642160248858534
74.0 1.644718030797795
74.0 1.6474123444386404
74.0 1.6427807940847285
74.0 1.6445799609539453
74.0 1.6428891676661628
74.0 1.641530830306379
74.0 1.6410780511864513
74.0 1.6375938880708794
74.0 1.639443574138967
74.0 1.6400729926911217
74.0 1.636651298384913
74.0 1.6431726425375568
74.0 1.6390027446295325
74.0 1.6351741759754674
74.0 1.6315326582218561
74.0 1.6260974125660146
74.0 1.6223657937938467
74.0 1.63043765865009
74.0 1.6275620911502173
74.0 1.6310679294914345
74.0 1.6315608163420083
74.0 1.6278197983329186
74.0 1.6172103098758097
74.0 1.6155021002615384
74.0 1.6226078104834565
74.0 1.6071633206240017
74.0 1.5890036747718477
74.0 1.5767397495254591
74.0 1.5813856790447007
74.0 1.5848940436400472
74.0 1.5766626214054336
74.0 1.5753554890975963
74.0 1.5744973737720755
74.0 1.5745309986082172
74.0 1.5683173588733903
74.0 1.5708485208347718
74.0 1.5721602675694093
74.0 1.579997450919737
74.0 1.5903273930791761
74.0 1.5924187417096347
74.0 1.592937232359576
74.0 1.590596361472504
74.0 1.6046079291162032
74.0 1.605671363957855
74.0 1.6065031896309245
74.0 1.603990982138301
74.0 1.6029755121747398
74.0 1.6016083014889972
74.0 1.6086819250170445
74.0 1.6044529649096202
74.0 1.5972216564181043
74.0 1.5973276395680847
74.0 1.5944145186583423
74.0 1.5781523037628635
74.0 1.5680727319174999
74.0 1.5766003164853872
74.0 1.578276961369539
74.0 1.577472441527425
74.0 1.5763972487136009
74.0 1.581367407564582
74.0 1.5744927845474859
74.0 1.5806915622766013
74.0 1.580047639793173
74.0 1.5862631479956988
74.0 1.5851632036716996
74.0 1.5856514760954672
74.0 1.5852580895003705
74.0 1.577767535683882
74.0 1.5749544369933743
74.0 1.5779457132583765
74.0 1.5870321745339744
74.0 1.5823412316552297
74.0 1.5766066606927813
74.0 1.580767685274842
74.0 1.5826752257254932
74.0 1.5825668521440583
74.0 1.5754724056795626
74.0 1.5860464008328286
74.0 1.579455252687129
74.0 1.583549549560668
74.0 1.578678890965164
74.0 1.5754191657237981
74.0 1.583588119149045
74.0 1.5713456917867128
74.0 1.578662682455508
74.0 1.5851319692670125
74.0 1.5693652710584718
74.0 1.5780598838812363
74.0 1.5858979195207528
74.0 1.5739493784980445
74.0 1.5858014955498114
74.0 1.5772225914921723
74.0 1.5773548642945954
74.0 1.5747738689874253
74.0 1.584760943750642
74.0 1.5665096742058633
74.0 1.5710872987509372
74.0 1.5870869526320015
74.0 1.5769198318265911
74.0 1.5774883197116496
