152.0 1.1034003962154997
152.0 1.1508959763508093
152.0 1.144157885035296
152.0 1.1535389185035925
152.0 1.1546146332811726
152.0 1.1364340200186411
152.0 1.151231508563342
152.0 1.1607425908387174
152.0 1.1540743035162626
152.0 1.1582264547723673
152.0 1.154262892558987
152.0 1.1605377932863425
152.0 1.1560605212859358
152.0 1.149401107289442
152.0 1.1566039273353765
152.0 1.159278956182033
152.0 1.1532609103481906
152.0 1.1565356614845868
152.0 1.157282326944136
152.0 1.160555539938264
152.0 1.155500906726841
152.0 1.1522172822644838
152.0 1.1583155435596155
152.0 1.1570759912494948
152.0 1.1516175599747454
152.0 1.1576282706248968
152.0 1.1618664343837104
152.0 1.1618070418588797
152.0 1.16386306362161
152.0 1.1605289199603837
152.0 1.1610134276997446
152.0 1.1581092078649708
152.0 1.1586807720345622
152.0 1.1623296249718662
152.0 1.15776581850499
152.0 1.1594571337565278
152.0 1.1568295478242083
152.0 1.161168749980763
152.0 1.1608926102930635
152.0 1.1590934434238471
152.0 1.1628595432685467
152.0 1.158523417396525
152.0 1.159948482464832
152.0 1.1584728981976535
152.0 1.157086402717723
152.0 1.156986902462245
152.0 1.164649836811803
152.0 1.15983857074113
152.0 1.1623345697241028
152.0 1.1586985186864835
152.0 1.1600568560462665
152.0 1.1608139329740446
152.0 1.1603225842657414
152.0 1.1614522248521595
152.0 1.1611301803923892
152.0 1.1631495010344426
152.0 1.1641480766352725
152.0 1.1644033933865172
152.0 1.1675312013531023
152.0 1.163892759884026
152.0 1.1658581547172409
152.0 1.1605185084921557
152.0 1.1639313294724007
152.0 1.1642356272802508
152.0 1.1659561168304484
152.0 1.1681903161676719
152.0 1.1673634352468358
152.0 1.1714072129215034
152.0 1.1701468376749267
152.0 1.1687306459325795
152.0 1.1653475212147495
152.0 1.1675608976155172
152.0 1.1675119165589136
152.0 1.1609608761438557
152.0 1.164971028982383
152.0 1.1706694207879138
152.0 1.1631163981620585
152.0 1.161315693150575
152.0 1.1625745302548836
152.0 1.1623687447205016
152.0 1.1669418905315903
152.0 1.168171031373485
152.0 1.166980460119967
152.0 1.1683476708057112
152.0 1.1698529513353053
152.0 1.1652198628391266
152.0 1.1683966518623143
152.0 1.1685732912945432
152.0 1.1699316286543258
152.0 1.1669804601199676
152.0 1.16998060971093
152.0 1.1576929104783915
152.0 1.154947475480111
152.0 1.1604799389037825
152.0 1.164551874698599
152.0 1.161994092759336
152.0 1.1601235837547932
152.0 1.162378606028472
152.0 1.161523566987488
152.0 1.1625166758723229
152.0 1.1629694549922511
152.0 1.1648858687688626
152.0 1.1644924821737659
152.0 1.1650625082010893
152.0 1.1645414632303699
152.0 1.16497495755611
152.0 1.164158488103501
152.0 1.164030829727878
152.0 1.1642371654225196
152.0 1.1637843863025923
152.0 1.1642178806283319
152.0 1.1642475768907483
152.0 1.1633034490625163
152.0 1.1628121003542118
152.0 1.1639907219972336
152.0 1.161641092222008
152.0 1.1604239529889173
152.0 1.1592403865936591
152.0 1.1637843863025916
152.0 1.1624083022908864
152.0 1.1631163981620611
152.0 1.1613349779447628
152.0 1.1629082565939015
152.0 1.1671154536792827
152.0 1.1686014494146904
152.0 1.1656711038167884
152.0 1.1657112115474308
152.0 1.1666969852485747
152.0 1.1661709677766134
152.0 1.1654524604372127
152.0 1.1661624525250929
152.0 1.1655330339729377
152.0 1.164922900214972
152.0 1.1675979290616278
152.0 1.1687186963220852
152.0 1.1694773113921306
152.0 1.169604969767754
152.0 1.1691818869102417
152.0 1.1660361684024183
152.0 1.163150847538387
152.0 1.1657794773982209
152.0 1.165700800079202
152.0 1.1648754573006332
152.0 1.1674895554801914
152.0 1.1631727144023554
152.0 1.1645696213505172
152.0 1.1674806821542303
152.0 1.1699686601004333
152.0 1.1655330339729353
152.0 1.164550336556328
152.0 1.168778088846915
152.0 1.164735849314514
152.0 1.164951058335117
152.0 1.1686296075348364
152.0 1.165187090292174
152.0 1.168056505222978
152.0 1.1672890168269727
152.0 1.1681174358900772
152.0 1.1665037817790478
152.0 1.1679111001954354
152.0 1.167099575495061
152.0 1.1645353106612977
152.0 1.1696909822704644
152.0 1.1697295518588406
152.0 1.1672801435010138
152.0 1.1678798657907525
152.0 1.1672905549692427
152.0 1.1641122278037854
152.0 1.1605732865901863
152.0 1.1624792888985693
152.0 1.148157821038211
152.0 1.1495863204654926
152.0 1.1515033641496755
152.0 1.1523935661690674
152.0 1.150205627131557
152.0 1.150223373783478
152.0 1.1444294102961976
152.0 1.153762314997078
152.0 1.1453037341313697
152.0 1.143348750766382
152.0 1.1375754888611065
152.0 1.1286347998388464
152.0 1.124974931487541
152.0 1.1195654838161873
152.0 1.126551556699252
152.0 1.1282677873502878
152.0 1.121050296936972
152.0 1.1233095781098057
152.0 1.125641739560234
152.0 1.126253411460468
152.0 1.134719327509873
152.0 1.1293025421080323
152.0 1.1197296768763725
152.0 1.127256931813531
152.0 1.1269584310471097
152.0 1.1186884392241199
152.0 1.1282734179556018
152.0 1.1314254554686116
152.0 1.133776901713228
152.0 1.131118603339982
152.0 1.1355180503105635
152.0 1.1230469261748626
152.0 1.1308375189000432
152.0 1.1211586705184013
152.0 1.1225555774665632
152.0 1.124620472555255
152.0 1.113794567260706
152.0 1.1163122414693263
152.0 1.1148803354320747
152.0 1.109749251443772
152.0 1.1096763711661763
152.0 1.1108324652943624
152.0 1.1073527527162719
152.0 1.1188442557198957
152.0 1.1102017002382676
152.0 1.1123186526680953
152.0 1.1093763574596982
152.0 1.1137317681259058
152.0 1.1156794163072041
152.0 1.1129939759923193
152.0 1.1061995684365091
152.0 1.1129257101415295
152.0 1.1185623189907703
152.0 1.1133800274037216
152.0 1.107575652448212
152.0 1.1045755028572508
152.0 1.1101423077134362
152.0 1.1080477163623295
152.0 1.1109587771660447
152.0 1.1067398982014176
152.0 1.108243640588746
152.0 1.1071035885340983
152.0 1.1167407910428282
152.0 1.1140167811395696
152.0 1.1128767290849237
152.0 1.114010984098142
152.0 1.1156794163072024
152.0 1.111462075484842
152.0 1.1075282095338752
152.0 1.1201254539029266
152.0 1.1078147606898077
152.0 1.1077017726815674
152.0 1.1117825818023435
152.0 1.1060688337763513
152.0 1.1109603153083127
152.0 1.110930619045896
152.0 1.1099849530753965
152.0 1.1152667449179166
152.0 1.1087855084959177
152.0 1.1036016787666039
152.0 1.1172737856240422
152.0 1.0981312978813635
152.0 1.1041123122690923
152.0 1.1090215404529764
