184.0 1.1915919530903691
184.0 1.2302971198455492
184.0 1.2355804498303384
184.0 1.2307039941934086
184.0 1.2309666461283466
184.0 1.2248282771025745
184.0 1.2386295804779037
184.0 1.235090639264301
184.0 1.2413358437292425
184.0 1.2360436404184927
184.0 1.2439842525980191
184.0 1.237856295040472
184.0 1.241888123104646
184.0 1.2412988122831345
184.0 1.2431157258042738
184.0 1.2443375314624712
184.0 1.2465212116008255
184.0 1.238790011400477
184.0 1.2432537956481229
184.0 1.2412290082900777
184.0 1.2435997393288818
184.0 1.2412587045524917
184.0 1.243059409563974
184.0 1.2448095953765883
184.0 1.243814948349486
184.0 1.2468255094086749
184.0 1.247573713010491
184.0 1.24892010075978
184.0 1.2496193233049935
184.0 1.248271397413437
184.0 1.2505144700766229
184.0 1.2410627803260763
184.0 1.248241701151021
184.0 1.2425873456498593
184.0 1.2446819370009654
184.0 1.236438565155859
184.0 1.2439337333991476
184.0 1.2494723801351828
184.0 1.248783569058198
184.0 1.255264805480197
184.0 1.2459319007793141
184.0 1.2469145981959222
184.0 1.2507994830902844
184.0 1.244673063675004
184.0 1.2475633015422636
184.0 1.2389473660385149
184.0 1.2450055196030014
184.0 1.2444443669016396
184.0 1.2389265431020593
184.0 1.243863929406089
184.0 1.2386118338259828
184.0 1.2476820865919271
184.0 1.2389369545702893
184.0 1.2368898061335176
184.0 1.2457344384106313
184.0 1.2492942025606888
184.0 1.247377788784076
184.0 1.248771619447702
184.0 1.248378232852604
184.0 1.2449773614828545
184.0 1.245407779524059
184.0 1.2450456273336445
184.0 1.2489690818163843
184.0 1.2487820309159303
184.0 1.2483797709948725
184.0 1.2428322509328775
184.0 1.2426941810890277
184.0 1.2439634296615636
184.0 1.2466087622458029
184.0 1.2497157472759337
184.0 1.2455859570985521
184.0 1.2479551499950927
184.0 1.2534448156745248
184.0 1.2515550218757934
184.0 1.2531308789403248
184.0 1.2550970393739291
184.0 1.2558051352451034
184.0 1.2546650831904573
184.0 1.2558749392381623
184.0 1.2559536165571812
184.0 1.256819067066394
184.0 1.2542716965953624
184.0 1.2513799205858336
184.0 1.2516263640111214
184.0 1.2545374248148344
184.0 1.25264916915837
184.0 1.2452608363542477
184.0 1.248547537101139
184.0 1.2554904259690256
184.0 1.2502487418571477
184.0 1.2507801982960949
184.0 1.2401848582426116
184.0 1.2441265813410265
184.0 1.2489482588799274
184.0 1.2509167299976773
184.0 1.2506417703778059
184.0 1.2549099884734756
184.0 1.2551074508421574
184.0 1.2523344598822925
184.0 1.2486366258883848
184.0 1.2428337890751435
184.0 1.233724966720824
184.0 1.234148049578337
184.0 1.239143290264928
184.0 1.2442187464128085
184.0 1.2422622249055546
184.0 1.2434335113648842
184.0 1.2415155594460057
184.0 1.2431484983512235
184.0 1.2449877729510834
184.0 1.245174823851538
184.0 1.2474757508972851
184.0 1.2469057248699622
184.0 1.247967099605589
184.0 1.2480932198389447
184.0 1.243240635673998
184.0 1.2470495917552373
184.0 1.2433934036342396
184.0 1.2444162087814914
184.0 1.2447710257882125
184.0 1.2449580766886676
184.0 1.2500319946942793
184.0 1.247402870619691
184.0 1.2456646344175715
184.0 1.246049147686707
184.0 1.2465701926574269
184.0 1.2464039646934284
184.0 1.2439024989944634
184.0 1.2383316428597249
184.0 1.2464952219780066
184.0 1.2471803264153947
184.0 1.2472886999968282
184.0 1.247888422286566
184.0 1.2450159310712265
184.0 1.2483099670018099
184.0 1.251701965045604
184.0 1.2439217837886511
184.0 1.2507578372173724
184.0 1.2480990168803694
184.0 1.243899422709931
184.0 1.2455651341620986
184.0 1.2494604305246872
184.0 1.2456156533609681
184.0 1.2482906822076247
184.0 1.2471402186847504
184.0 1.2429302130460846
184.0 1.2409528686023739
184.0 1.2447590761777156
184.0 1.2476909599178867
184.0 1.2469828640467122
184.0 1.2485949800154754
184.0 1.249469303850647
184.0 1.2494114494680837
184.0 1.2498731019139715
184.0 1.2505129319343542
184.0 1.254771918629625
184.0 1.2520182124639496
184.0 1.2558140085710656
184.0 1.2560396290598956
184.0 1.2529133592355775
184.0 1.2518504463576836
184.0 1.2512700088621322
184.0 1.255242444401475
184.0 1.2497157472759353
184.0 1.2450529625173388
184.0 1.2476597255132031
184.0 1.247404408761956
184.0 1.2466265088977233
184.0 1.2481614856897336
184.0 1.2379209626429708
184.0 1.232844984531334
184.0 1.232088043743871
184.0 1.2341685169871492
184.0 1.2373750022727517
184.0 1.2330477497266923
184.0 1.228318237259571
184.0 1.2368138495713883
184.0 1.2275002296646957
184.0 1.2304899677874288
184.0 1.2203583402858613
184.0 1.2138065638590332
184.0 1.1965083674736965
184.0 1.1945520545505897
184.0 1.2017507155920941
184.0 1.210323136755228
184.0 1.2047315803888663
184.0 1.209098940665571
184.0 1.2015989915593646
184.0 1.2016607745156551
184.0 1.2008451573522367
184.0 1.2094947176921274
184.0 1.2012054410749504
184.0 1.2134953113516165
184.0 1.2028561266320887
184.0 1.1997016986876226
184.0 1.205470224811646
184.0 1.2054895096058384
184.0 1.2126907915095027
184.0 1.2082196720781624
184.0 1.2066075561094
184.0 1.2047177623106704
184.0 1.2142658760321574
184.0 1.212153538029131
184.0 1.2006562379840833
184.0 1.2071270629378525
184.0 1.1959710921467652
184.0 1.1818926051562169
184.0 1.1702572352673237
184.0 1.1566593829404312
184.0 1.1647008166771593
184.0 1.1791518673263484
184.0 1.1727312312460134
184.0 1.1712324336109197
184.0 1.1756085007774668
184.0 1.174234476871793
184.0 1.173956799041823
184.0 1.1840225511240579
184.0 1.1750454796084104
184.0 1.1810224015330975
184.0 1.1821185811726913
184.0 1.189220362820886
184.0 1.1891792389117317
184.0 1.181116435072582
184.0 1.1927622164297067
184.0 1.1927349105987486
184.0 1.1839392593782339
184.0 1.1739591894732826
184.0 1.1834895565428485
184.0 1.1831347395361238
184.0 1.181298541220796
184.0 1.1813756803975535
184.0 1.1832670123385498
184.0 1.1843091022799888
184.0 1.1926577714219924
184.0 1.1853808884838397
184.0 1.1918308905011574
184.0 1.1861171424751618
184.0 1.180265324605316
184.0 1.1803069704782325
184.0 1.1852339453140301
184.0 1.1896310018531524
184.0 1.1865506368009047
184.0 1.1901812211225262
184.0 1.1807450514817637
184.0 1.1856843062534963
184.0 1.1932477403475763
184.0 1.1893876069633917
184.0 1.1841242476258707
184.0 1.1896721257623089
184.0 1.1832480578697953
184.0 1.1798970198458385
184.0 1.174722063442487
184.0 1.165388967103279
184.0 1.1668442503977583
