13.0 2.2172045941276997
13.0 2.2423400458686147
13.0 2.242389026925219
13.0 2.2486357695324273
13.0 2.2435024590019848
13.0 2.2446425110566306
13.0 2.243698383228398
13.0 2.2448488467512733
13.0 2.2474733563990585
13.0 2.243107534264621
13.0 2.2432456041084703
13.0 2.2467876216066083
13.0 2.247563983328573
13.0 2.2471320271451005
13.0 2.249116706772503
13.0 2.244770169432254
13.0 2.2451635560273506
13.0 2.247169058591209
13.0 2.2495309163040553
13.0 2.244357498042969
13.0 2.24280323645677
13.0 2.2436775602919448
13.0 2.247604091059215
13.0 2.243156515321224
13.0 2.24661098217438
13.0 2.247010165810902
13.0 2.2434993827174488
13.0 2.2418486971603104
13.0 2.241584507083105
13.0 2.2500905308631514
13.0 2.246570874443738
13.0 2.248604535127743
13.0 2.2442506626038012
13.0 2.2533564086735853
13.0 2.2483893261071404
13.0 2.249973283955756
13.0 2.242397900251179
13.0 2.2428907871017496
13.0 2.244953291758983
13.0 2.2496585746796782
13.0 2.2446810806450053
13.0 2.2500029802181714
13.0 2.2506605568904736
13.0 2.2517130583001412
13.0 2.247247735910229
13.0 2.248252794405558
13.0 2.2512039629399165
13.0 2.2478505344845012
13.0 2.249942049551073
13.0 2.2442892321921764
13.0 2.2431950849096
13.0 2.2493334539353733
13.0 2.246993957301251
13.0 2.244050123950583
13.0 2.24398339624206
13.0 2.2417210387846893
13.0 2.245821132699653
13.0 2.2488822129577115
13.0 2.245133859764934
13.0 2.252679547207095
13.0 2.2520188942502575
13.0 2.248794662312733
13.0 2.25029840470006
13.0 2.246973134364794
13.0 2.2438067568098337
13.0 2.249422542722621
13.0 2.2478875659306112
13.0 2.252107983037505
13.0 2.253740921942722
13.0 2.254921081728012
13.0 2.2512232477341048
13.0 2.2492354918221666
13.0 2.246167076380413
13.0 2.24603941800479
13.0 2.2470429383578527
13.0 2.2483314717245784
13.0 2.239388877334257
13.0 2.2434029587465094
13.0 2.245990436948187
13.0 2.251034658691382
13.0 2.2481251360299366
13.0 2.251460817833431
13.0 2.2496392898854918
13.0 2.247877154462384
13.0 2.2447894542264426
13.0 2.2426532170024256
13.0 2.2444465868302164
13.0 2.24656046297551
13.0 2.2461670763804142
13.0 2.240294435574114
13.0 2.2372364316005884
13.0 2.238406179917651
13.0 2.240467146432615
13.0 2.241602253735026
13.0 2.244397605773613
13.0 2.248705573525485
13.0 2.248044920568649
13.0 2.2470622231520405
13.0 2.2504557593380983
13.0 2.2510466083018783
13.0 2.2477911419596697
13.0 2.2512633554647477
13.0 2.247544698534385
13.0 2.2471810082017045
13.0 2.2472002929958914
13.0 2.2498753218425485
13.0 2.25227574914377
13.0 2.2548913854655948
13.0 2.259496315841626
13.0 2.258118693687654
13.0 2.2555119306917897
13.0 2.253062522333962
13.0 2.2525013696325997
13.0 2.2471794700594363
13.0 2.2506620950327414
13.0 2.2495903088288856
13.0 2.244787916084174
13.0 2.2507912915506325
13.0 2.2525607621574326
13.0 2.2556588738616
13.0 2.2554999810812952
13.0 2.2521376792999197
13.0 2.2481428826818566
13.0 2.247001292484944
13.0 2.2494082026806668
13.0 2.248546680745181
13.0 2.2529541487525293
13.0 2.248723320177407
13.0 2.241552750714664
13.0 2.242259830407328
13.0 2.245506423423574
13.0 2.24687363410932
13.0 2.2470236535636645
13.0 2.249481935247451
13.0 2.251263355464747
13.0 2.2426859895493756
13.0 2.2484784148943864
13.0 2.2421618682941182
13.0 2.2373948024171324
13.0 2.2446266328724085
13.0 2.247926135518984
13.0 2.246726690939507
13.0 2.2437176680225868
13.0 2.2475848062650274
13.0 2.2473784705703856
13.0 2.2405304675311717
13.0 2.2452302837358755
13.0 2.2491375297089595
13.0 2.249324580609413
13.0 2.2505641329195343
13.0 2.2511653933515405
13.0 2.2508491459331963
13.0 2.242743843931939
13.0 2.245913297771436
13.0 2.248980175070921
13.0 2.246413519805701
13.0 2.242184229372845
13.0 2.248990586539149
13.0 2.252099109711546
13.0 2.2542932013181254
13.0 2.2515587799466377
13.0 2.2476619454417817
13.0 2.2451161131130135
13.0 2.242163406436388
13.0 2.240500771268755
13.0 2.2395848015606714
13.0 2.2419080896851415
13.0 2.2412505130128397
13.0 2.245291214402972
13.0 2.2403691843194067
13.0 2.23896123599545
13.0 2.2375682576210156
13.0 2.238179021286551
13.0 2.239028263286112
13.0 2.235575334575223
13.0 2.2368519183314537
13.0 2.2333233885860797
13.0 2.2291326677415992
13.0 2.2297532129677937
13.0 2.227685241594568
13.0 2.231487520596184
13.0 2.2221194529168904
13.0 2.2191182871474204
13.0 2.225511972924439
13.0 2.2184649693742773
13.0 2.221800651177772
13.0 2.2186165269708895
13.0 2.2159978143645302
13.0 2.2113037952012524
13.0 2.214571211153955
13.0 2.2153980920747913
13.0 2.2091097035946725
13.0 2.2092805459854716
13.0 2.203424113688824
13.0 2.201065332260513
13.0 2.198134986662613
13.0 2.19907364777485
13.0 2.194734115292861
13.0 2.2003884707940227
13.0 2.2025200935912372
13.0 2.2050778755305007
13.0 2.2085099813049305
13.0 2.2016828012021725
13.0 2.197820607711967
13.0 2.1906159191983305
13.0 2.1991859499300097
13.0 2.1965903986932585
13.0 2.204945136709824
13.0 2.2005454738516175
13.0 2.197423978396221
13.0 2.2031945646262705
13.0 2.2084818231847856
13.0 2.2074470684270393
13.0 2.203782006980081
13.0 2.201124724785344
13.0 2.206054775905679
13.0 2.20356679795948
13.0 2.205402996274803
13.0 2.2026878596975026
13.0 2.1998064951562037
13.0 2.203220854278719
13.0 2.205406072559341
13.0 2.2049637049076387
13.0 2.204252532751931
13.0 2.2116096311513713
13.0 2.2087193932841105
13.0 2.2059656871184354
13.0 2.2055129079985085
13.0 2.2040253741208344
13.0 2.202974410853435
13.0 2.2016947508126696
13.0 2.2048329702474816
13.0 2.207726284399275
13.0 2.2059375289982865
13.0 2.204910109424233
13.0 2.2018505673084414
13.0 2.2001212044322838
13.0 2.200643787545272
13.0 2.2017348585433143
13.0 2.197333873430467
13.0 2.191827313388307
13.0 2.190779756730875
13.0 2.1879231436997557
13.0 2.192091503465512
13.0 2.1914695839863683
13.0 2.2004947842694325
13.0 2.201702085996361
13.0 2.196108661162297
13.0 2.199147380341635
13.0 2.1970454538068376
13.0 2.2021074222019563
13.0 2.202172967295856
13.0 2.2051241358302125
13.0 2.205178913928241
