223.0 0.8259188308300734
223.0 0.8526039210672998
223.0 0.8682854565155311
223.0 0.8720266661629433
223.0 0.8712693975968354
223.0 0.859043867144034
223.0 0.8654003550388294
223.0 0.8716390766092695
223.0 0.8769031217998705
223.0 0.8696864836757402
223.0 0.8815698351321902
223.0 0.8485507733051282
223.0 0.8618989672350923
223.0 0.8658860731418193
223.0 0.8809600569018664
223.0 0.8724255194740276
223.0 0.8762675758808552
223.0 0.8853540371564531
223.0 0.8701279990382488
223.0 0.8803541820430586
223.0 0.8698885604712221
223.0 0.8771804693044049
223.0 0.8853910686025611
223.0 0.8835132244143272
223.0 0.880318688739217
223.0 0.8748170734492902
223.0 0.8766474747231912
223.0 0.8907634873745959
223.0 0.8941288654405094
223.0 0.8762274681502132
223.0 0.8833959775069314
223.0 0.8870359571182741
223.0 0.8725354311977321
223.0 0.8934431306480581
223.0 0.882220432148445
223.0 0.8721613293968244
223.0 0.8835548702872376
223.0 0.8785997373312878
223.0 0.8789915857841156
223.0 0.8783043128493973
223.0 0.8923134900616386
223.0 0.8835000921892082
223.0 0.8843223586832423
223.0 0.8809022025193063
223.0 0.8905528927807977
223.0 0.8905513546385323
223.0 0.8837939785288338
223.0 0.8849551838453686
223.0 0.8844145237550272
223.0 0.8888189154778394
223.0 0.8845005362577375
223.0 0.8876017242464416
223.0 0.8862136906242413
223.0 0.8913365896864567
223.0 0.8931878138968115
223.0 0.8927558577133395
223.0 0.8833843834240793
223.0 0.8841102259471758
223.0 0.885973730093459
223.0 0.8910947606879727
223.0 0.8850811679384073
223.0 0.8982840929811452
223.0 0.892675642252052
223.0 0.8988926885968448
223.0 0.8882874590388903
223.0 0.898273681512919
223.0 0.8999660129429669
223.0 0.9065957306770435
223.0 0.8973280155424196
223.0 0.897479573139031
223.0 0.902209085606152
223.0 0.8926594337423981
223.0 0.9017057872873511
223.0 0.8927469843873752
223.0 0.9035116009403881
223.0 0.9018943763300741
223.0 0.8890522266780043
223.0 0.9063685720459442
223.0 0.8948519872067108
223.0 0.8928795875152366
223.0 0.8997909116530061
223.0 0.8937906124710835
223.0 0.8926609718846651
223.0 0.8930944662104057
223.0 0.9016598825152847
223.0 0.8948149557606037
223.0 0.8948930031720526
223.0 0.8937994857970448
223.0 0.8921858316860154
223.0 0.9000134558573024
223.0 0.9025712377965643
223.0 0.8912926895224016
223.0 0.8973619187056864
223.0 0.8991881130787361
223.0 0.8984742201661365
223.0 0.8968938631126109
223.0 0.8987681065057571
223.0 0.9018156990110552
223.0 0.8995340567594943
223.0 0.899021885114735
223.0 0.9004870579136866
223.0 0.899651303666889
223.0 0.9022283704003379
223.0 0.8997388543118693
223.0 0.899394448773375
223.0 0.9022565285204861
223.0 0.9007319631967033
223.0 0.8998561012192634
223.0 0.898341947363708
223.0 0.8983523588319363
223.0 0.8980673458182739
223.0 0.8993662906532272
223.0 0.9005167541761006
223.0 0.9018245723370131
223.0 0.901854268599429
223.0 0.898645487838195
223.0 0.9005746085586649
223.0 0.900999229558444
223.0 0.8999868358794206
223.0 0.8990828157818319
223.0 0.8982663463292236
223.0 0.8959920392613558
223.0 0.893333218924351
223.0 0.8914376280841939
223.0 0.8946456515120661
223.0 0.8945091198104823
223.0 0.8946576011225604
223.0 0.89504057624943
223.0 0.8950182151707072
223.0 0.8890356626407041
223.0 0.8906257730583852
223.0 0.8914125462485791
223.0 0.8930053774231543
223.0 0.8939880748397622
223.0 0.8892169164997329
223.0 0.8905440194548332
223.0 0.8942194923700171
223.0 0.8918641175516726
223.0 0.8947335151746671
223.0 0.8989119456420258
223.0 0.9016668621713322
223.0 0.9027490598434129
223.0 0.9028871296872639
223.0 0.9015793115263508
223.0 0.903803099395348
223.0 0.900460082408162
223.0 0.9017590272431127
223.0 0.9001364998061233
223.0 0.8975224016265662
223.0 0.9002656963240137
223.0 0.9005418360117156
223.0 0.8996852588284637
223.0 0.9004646968349638
223.0 0.8996675121765425
223.0 0.8972879078117768
223.0 0.8991464672058238
223.0 0.8966970588479972
223.0 0.8958998741895772
223.0 0.8959889629768261
223.0 0.8975922056196255
223.0 0.8983211244272563
223.0 0.8957841654244487
223.0 0.8948103413338019
223.0 0.8947806450713863
223.0 0.8946040056391591
223.0 0.893305060804207
223.0 0.898910435248767
223.0 0.8940204918590761
223.0 0.8924083758903124
223.0 0.8913231019336962
223.0 0.8859581822346717
223.0 0.8844609227418481
223.0 0.8889300098161654
223.0 0.8847913463128254
223.0 0.8918040391737732
223.0 0.8861288607361532
223.0 0.8872835831581833
223.0 0.8890858263119358
223.0 0.8877259508098858
223.0 0.8892015350770646
223.0 0.8914000850244814
223.0 0.8870523418537543
223.0 0.8844061687594985
223.0 0.8961865947759134
223.0 0.8998097879683394
223.0 0.8990817491989116
223.0 0.8925564764725414
223.0 0.9003006424618898
223.0 0.8966053627887607
223.0 0.8881234046658194
223.0 0.903433917144469
223.0 0.897087674281783
223.0 0.9044521078649183
223.0 0.894390806320162
223.0 0.9035247105100958
223.0 0.8929433801731312
223.0 0.8983053874769409
223.0 0.8975675953433497
223.0 0.8948524587660517
223.0 0.8950722822134561
223.0 0.8931319692158552
223.0 0.8959955871052316
223.0 0.8935951598040072
223.0 0.8975614427742796
223.0 0.8919205750258802
223.0 0.8909660357294195
223.0 0.8836488148954109
223.0 0.890470872885201
223.0 0.8816185269370501
223.0 0.8901311034760124
223.0 0.882117114257349
223.0 0.8825256931835914
223.0 0.8774691940512622
223.0 0.8814262733701416
223.0 0.8829482843731452
223.0 0.8740103044096286
223.0 0.8745714571109905
223.0 0.8769360355807284
223.0 0.8813704790936034
223.0 0.8771589353126668
223.0 0.8806994146685361
223.0 0.8784343364542726
223.0 0.8853251679810253
223.0 0.8839267228905981
223.0 0.8867027901349938
223.0 0.8827627716149602
223.0 0.8712878326486332
223.0 0.882632036954801
223.0 0.879363438387477
223.0 0.8802111422447662
223.0 0.8763382069609039
223.0 0.8758067505219557
223.0 0.8749085274657911
223.0 0.8721771823788419
223.0 0.8810229972705746
223.0 0.8751013754076689
223.0 0.8886519764585579
223.0 0.8893716664125821
223.0 0.8736419996501434
223.0 0.875557230812134
223.0 0.8881112911660047
223.0 0.8752795529821653
223.0 0.8803237747253593
223.0 0.8845160337121093
223.0 0.8780452087583404
223.0 0.8699830907722588
223.0 0.8760663261723608
223.0 0.8775284226867759
223.0 0.8804186605540365
223.0 0.8817488397936688
223.0 0.8794166783432364
223.0 0.8778253853109327
223.0 0.8793784642825104
223.0 0.879866736706274
