250.0 0.6842585562408623
250.0 0.7217912756245943
250.0 0.725000837194732
250.0 0.7253676038119484
250.0 0.7264852947878718
250.0 0.7246651107970807
250.0 0.7306775537746184
250.0 0.7379455633868099
250.0 0.733186354657275
250.0 0.7357827061849119
250.0 0.7377897468910392
250.0 0.7374052336219021
250.0 0.7349187938179685
250.0 0.736725295870878
250.0 0.7403772250927158
250.0 0.7347167170224845
250.0 0.7385394886351228
250.0 0.7375433034657541
250.0 0.7286619700679648
250.0 0.7400447691647187
250.0 0.7383628492028974
250.0 0.7329946893300193
250.0 0.7333124748906324
250.0 0.7316305549288107
250.0 0.7348698127613648
250.0 0.7422951770115959
250.0 0.7334713676709368
250.0 0.7407320420994369
250.0 0.7387859320604109
250.0 0.7427568294574832
250.0 0.7402021238027571
250.0 0.7431428808688869
250.0 0.7466046829057363
250.0 0.7424733545860899
250.0 0.7418809674800448
250.0 0.7429053107695617
250.0 0.7423055884798245
250.0 0.7445961040573444
250.0 0.7416480118075218
250.0 0.7448633704190851
250.0 0.7444996800864037
250.0 0.7431220579324324
250.0 0.7452567570141817
250.0 0.7408388775386044
250.0 0.7404559024117339
250.0 0.7422566074232199
250.0 0.74164801180752
250.0 0.7401917123345274
250.0 0.7444981419441364
250.0 0.7414995304954413
250.0 0.74481438936248
250.0 0.7448440856248961
250.0 0.7379991588702154
250.0 0.7408508271490962
250.0 0.7449524592063307
250.0 0.7429959376990776
250.0 0.741254625212424
250.0 0.7407825612983082
250.0 0.7409953798874526
250.0 0.7414802457012543
250.0 0.7417381167732767
250.0 0.7424837660543175
250.0 0.7400744654271358
250.0 0.7419627210836001
250.0 0.744480395292217
250.0 0.7412220165547938
250.0 0.7418840437645802
250.0 0.74078256129831
250.0 0.7409399159363498
250.0 0.7416480118075226
250.0 0.7403104973841944
250.0 0.740939915936348
250.0 0.7415693344885044
250.0 0.7416480118075233
250.0 0.7364556950231854
250.0 0.7392090149179236
250.0 0.7370060499853822
250.0 0.7396024015130179
250.0 0.742277430359674
250.0 0.7404763672737524
250.0 0.7431324694006602
250.0 0.7441656860161394
250.0 0.7394450468749819
250.0 0.7416480118075223
250.0 0.7407038839792899
250.0 0.7386582736847885
250.0 0.731452735428757
250.0 0.7447164272492733
250.0 0.7430642035498694
250.0 0.7444803952922167
250.0 0.745817909715544
250.0 0.7439082012150547
250.0 0.740717232092033
250.0 0.7422373226290321
250.0 0.7412546252124254
250.0 0.7407617383618532
250.0 0.7372864485722416
250.0 0.7405850989296264
250.0 0.7428281715928107
250.0 0.7435362674639839
250.0 0.7426708169547716
250.0 0.7428281715928106
250.0 0.7431428808688887
250.0 0.744323040654178
250.0 0.7433789128259461
250.0 0.7433002355069274
250.0 0.7450311365253524
250.0 0.7441656860161395
250.0 0.7462112963106415
250.0 0.7484929385622016
250.0 0.7482569066051437
250.0 0.7469193921818149
250.0 0.7445590726112353
250.0 0.7467620375437763
250.0 0.7477061653720066
250.0 0.7501644470557939
250.0 0.7458653526298813
250.0 0.7478234122794033
250.0 0.7466239676999253
250.0 0.7490139835329201
250.0 0.7502238395806264
250.0 0.7459455680911676
250.0 0.7394314793749044
250.0 0.7389016408255396
250.0 0.741175947893406
250.0 0.7444803952922174
250.0 0.7434575901449652
250.0 0.7454349345886762
250.0 0.7444875947830917
250.0 0.7469871360688495
250.0 0.7505161877779808
250.0 0.749444401574125
250.0 0.7511945873867382
250.0 0.7490124453906521
250.0 0.7460716883245223
250.0 0.746475486387847
250.0 0.7455803396162198
250.0 0.7412041060135532
250.0 0.7405610852708298
250.0 0.7405014491093673
250.0 0.7484231345691424
250.0 0.7445486611430067
250.0 0.7445976421996109
250.0 0.7420799679909917
250.0 0.7470856201458133
250.0 0.747459721946722
250.0 0.7474003294218912
250.0 0.7442042556045162
250.0 0.7478531085418211
250.0 0.7449420477381065
250.0 0.7465155941184924
250.0 0.7492885850783567
250.0 0.7469282655077772
250.0 0.7509408087777609
250.0 0.7482850647252935
250.0 0.7491609267027326
250.0 0.7476363613789491
250.0 0.7447638701636115
250.0 0.7467990689898856
250.0 0.7409769473824573
250.0 0.7419210752106891
250.0 0.7442220022564365
250.0 0.7397863761289388
250.0 0.7420873031746872
250.0 0.7404647757376965
250.0 0.7427657027834448
250.0 0.7395889137602569
250.0 0.7460315805938803
250.0 0.7495142055671837
250.0 0.7492454010631758
250.0 0.745251348790489
250.0 0.7378767820662545
250.0 0.7380848158452817
250.0 0.7445112741692551
250.0 0.7394477676318716
250.0 0.742624556655058
250.0 0.7439636092206535
250.0 0.7413286881046413
250.0 0.7379054556561663
250.0 0.7398338190432758
250.0 0.7375622604813052
250.0 0.722620269097258
250.0 0.7235764605262999
250.0 0.717663353914918
250.0 0.7278999483879527
250.0 0.7295031910307544
250.0 0.7289034687410146
250.0 0.7297110648676619
250.0 0.7239957786994037
250.0 0.7222440547445225
250.0 0.7277514670758752
250.0 0.7224608019073921
250.0 0.7252843120661262
250.0 0.7263472249440224
250.0 0.7263827182478634
250.0 0.7246132476410619
250.0 0.7202875332372677
250.0 0.722359763509652
250.0 0.7223582253673838
250.0 0.7173348265606415
250.0 0.7230501127289033
250.0 0.7163135595556569
250.0 0.7215270855473912
250.0 0.7240046520253642
250.0 0.7275702132168456
250.0 0.7242850506122237
250.0 0.7085585680781339
250.0 0.7112321667263362
250.0 0.7112984002201098
250.0 0.7136111945822451
250.0 0.716699255439417
250.0 0.7115350660319364
250.0 0.7135745237573689
250.0 0.7145514241325529
250.0 0.7246444820457462
250.0 0.7178427393062431
250.0 0.7116777503025898
250.0 0.7100490702965299
250.0 0.7140126325099106
250.0 0.7111266535418097
250.0 0.7104675387272417
250.0 0.7035396757543817
250.0 0.7012549572182876
250.0 0.7054753743251823
250.0 0.7070874902939457
250.0 0.7090825813895754
250.0 0.7068024772802858
250.0 0.7095442338354653
250.0 0.7085064027931832
250.0 0.7105550893722191
250.0 0.7019098131337024
250.0 0.6996162212716444
250.0 0.7081635353969583
250.0 0.711891421180925
250.0 0.7129527959165525
250.0 0.7112782111384257
250.0 0.7113881228621282
250.0 0.7060677614312312
250.0 0.7140928479712
250.0 0.7156902935725753
250.0 0.7169892384075299
250.0 0.7168214723012608
250.0 0.7162290851952146
250.0 0.7145857348217696
250.0 0.7139354933331594
250.0 0.7140365317309018
250.0 0.7079945866760712
250.0 0.7139844743897654
250.0 0.7052913997092647
250.0 0.7067060533093431
250.0 0.7095280253258117
250.0 0.7180000939442853
250.0 0.7147311398493137
250.0 0.7120472376766958
