107.00000000000001 0.9090945071250891
107.00000000000001 0.9360061278074342
107.00000000000001 0.9443512239033609
107.00000000000001 0.9506732372196226
107.00000000000001 0.9558283868650286
107.00000000000001 0.9325419353391312
107.00000000000001 0.950505471113354
107.00000000000001 0.9529564176134491
107.00000000000001 0.950089723439536
107.00000000000001 0.9483129176490421
107.00000000000001 0.9453794957666041
107.00000000000001 0.9325385287291602
107.00000000000001 0.9515714602757824
107.00000000000001 0.9469165049156323
107.00000000000001 0.9558007507086387
107.00000000000001 0.953336316455782
107.00000000000001 0.9573149045641938
107.00000000000001 0.9566068086930214
107.00000000000001 0.9554251107654624
107.00000000000001 0.9625195572299646
107.00000000000001 0.9515139362186537
107.00000000000001 0.9533320575566259
107.00000000000001 0.9625565886760719
107.00000000000001 0.9558481936229742
107.00000000000001 0.9551713321564839
107.00000000000001 0.9570684611389086
107.00000000000001 0.9583762792998196
107.00000000000001 0.9611731694806751
107.00000000000001 0.9597465662700994
107.00000000000001 0.9601280032547014
107.00000000000001 0.9495451347754704
107.00000000000001 0.9653920484453012
107.00000000000001 0.9577291140957457
107.00000000000001 0.9594006225893397
107.00000000000001 0.9593115338020909
107.00000000000001 0.9513470224015782
107.00000000000001 0.9571575499261546
107.00000000000001 0.9558319851133218
107.00000000000001 0.9566974356225318
107.00000000000001 0.9596277812204377
107.00000000000001 0.9585664064848094
107.00000000000001 0.9674183739456163
107.00000000000001 0.9549576612781497
107.00000000000001 0.9645562941985051
107.00000000000001 0.9569542905160492
107.00000000000001 0.9561675173258555
107.00000000000001 0.9631177413774362
107.00000000000001 0.9609772452542609
107.00000000000001 0.9640337110855199
107.00000000000001 0.9651961242188887
107.00000000000001 0.950422534895177
107.00000000000001 0.9645073131419034
107.00000000000001 0.9660615747280998
107.00000000000001 0.9680670772919588
107.00000000000001 0.9659427896784372
107.00000000000001 0.964424543359839
107.00000000000001 0.9658135931605476
107.00000000000001 0.9623236330035493
107.00000000000001 0.9684507105228989
107.00000000000001 0.9683625017738479
107.00000000000001 0.9667623076665741
107.00000000000001 0.9672995888959525
107.00000000000001 0.9689622240635868
107.00000000000001 0.9673693928890124
107.00000000000001 0.9670249873505189
107.00000000000001 0.9674272472715761
107.00000000000001 0.9697891049844223
107.00000000000001 0.9690513128508325
107.00000000000001 0.9703398462175584
107.00000000000001 0.9682838244548271
107.00000000000001 0.9696807314029872
107.00000000000001 0.9693259143962659
107.00000000000001 0.9694254146517416
107.00000000000001 0.9681843241993537
107.00000000000001 0.9604726311748107
107.00000000000001 0.9640722806738938
107.00000000000001 0.968806407567815
107.00000000000001 0.9596783004193085
107.00000000000001 0.9676439944344473
107.00000000000001 0.9643796547662778
107.00000000000001 0.9613810433175853
107.00000000000001 0.967862279739586
107.00000000000001 0.9646365096597929
107.00000000000001 0.965344605530968
107.00000000000001 0.9607026437088257
107.00000000000001 0.9634563498745028
107.00000000000001 0.9600716870144036
107.00000000000001 0.9609074412612
107.00000000000001 0.9640842302843894
107.00000000000001 0.9656072574659045
107.00000000000001 0.9696302122041165
107.00000000000001 0.9602035565226076
107.00000000000001 0.9555099475950408
107.00000000000001 0.9684901601494711
107.00000000000001 0.9709306951813373
107.00000000000001 0.9720733015567595
107.00000000000001 0.9686876225181507
107.00000000000001 0.9682259700722639
107.00000000000001 0.9688064075678151
107.00000000000001 0.9677836024205629
107.00000000000001 0.9681769890156597
107.00000000000001 0.9677836024205635
107.00000000000001 0.968255666334679
107.00000000000001 0.965108573573907
107.00000000000001 0.9689637622058533
107.00000000000001 0.9688064075678143
107.00000000000001 0.9700652446721231
107.00000000000001 0.9695145034389876
107.00000000000001 0.9698292127150665
107.00000000000001 0.9695145034389876
107.00000000000001 0.9699865673531037
107.00000000000001 0.969121116843891
107.00000000000001 0.9695145034389874
107.00000000000001 0.9688850848868328
107.00000000000001 0.9698573708352127
107.00000000000001 0.9634413799249767
107.00000000000001 0.9653102948417457
107.00000000000001 0.9675668552576925
107.00000000000001 0.9680180962353547
107.00000000000001 0.9689710973895469
107.00000000000001 0.9685672993262237
107.00000000000001 0.9688017931410144
107.00000000000001 0.9679346167984072
107.00000000000001 0.9706321944149131
107.00000000000001 0.9719326773921336
107.00000000000001 0.9714903097404336
107.00000000000001 0.9688553886244206
107.00000000000001 0.9684604638870563
107.00000000000001 0.9616486400047599
107.00000000000001 0.9618573661308601
107.00000000000001 0.9594006225893394
107.00000000000001 0.9610914158771215
107.00000000000001 0.9606683330196092
107.00000000000001 0.9594376540354488
107.00000000000001 0.9598503254247347
107.00000000000001 0.9579828927047254
107.00000000000001 0.9646318952329918
107.00000000000001 0.9599185912755238
107.00000000000001 0.9593698823994086
107.00000000000001 0.9545473525713204
107.00000000000001 0.9548967306110503
107.00000000000001 0.9587727421794537
107.00000000000001 0.9623236330035492
107.00000000000001 0.9623236330035496
107.00000000000001 0.9626368041373594
107.00000000000001 0.9637560332555498
107.00000000000001 0.9646720029636342
107.00000000000001 0.9663820810456034
107.00000000000001 0.965878782726804
107.00000000000001 0.9658386749961608
107.00000000000001 0.9616984733505548
107.00000000000001 0.9628770949935762
107.00000000000001 0.9627004555613485
107.00000000000001 0.9645501416294371
107.00000000000001 0.9630151648374264
107.00000000000001 0.9637425455027866
107.00000000000001 0.9653666110820448
107.00000000000001 0.9649747626292163
107.00000000000001 0.9636565330000768
107.00000000000001 0.9623857462852717
107.00000000000001 0.9611878398480634
107.00000000000001 0.9649346548985742
107.00000000000001 0.9619626634277597
107.00000000000001 0.9618573661308594
107.00000000000001 0.9615083461655649
107.00000000000001 0.9582841142280405
107.00000000000001 0.9587932095882664
107.00000000000001 0.959520590253627
107.00000000000001 0.9591167921903025
107.00000000000001 0.9552800360633535
107.00000000000001 0.9592421160799732
107.00000000000001 0.9560726622404756
107.00000000000001 0.9554918384739872
107.00000000000001 0.9499651413484445
107.00000000000001 0.9538797225052248
107.00000000000001 0.949827071504595
107.00000000000001 0.9519424857921567
107.00000000000001 0.9517940044800778
107.00000000000001 0.9522942265143405
107.00000000000001 0.9458338130287983
107.00000000000001 0.9465307295690868
107.00000000000001 0.9335476038791399
107.00000000000001 0.936018976144815
107.00000000000001 0.9468820303371003
107.00000000000001 0.9459788625287022
107.00000000000001 0.9434168216902833
107.00000000000001 0.9456984639418418
107.00000000000001 0.9499381658429256
107.00000000000001 0.9482473725551436
107.00000000000001 0.9393923288098026
107.00000000000001 0.9438904237466672
107.00000000000001 0.938647201492517
107.00000000000001 0.9384913849967517
107.00000000000001 0.9428467956629588
107.00000000000001 0.9426419981105846
107.00000000000001 0.9420511491468045
107.00000000000001 0.9388165057410538
107.00000000000001 0.9427118021036425
107.00000000000001 0.9430191761960268
107.00000000000001 0.9472261055501587
107.00000000000001 0.9350399944281251
107.00000000000001 0.9434183598325498
107.00000000000001 0.9387675246844519
107.00000000000001 0.9317398059284768
107.00000000000001 0.9261980829079084
107.00000000000001 0.9289756882945743
107.00000000000001 0.9323168090650522
107.00000000000001 0.9355753239427907
107.00000000000001 0.9300720456826814
107.00000000000001 0.9246470337465589
107.00000000000001 0.9240664601106937
107.00000000000001 0.9286297446138152
107.00000000000001 0.9308103484676314
107.00000000000001 0.9220875775247211
107.00000000000001 0.9251324492731278
107.00000000000001 0.9319384509117848
107.00000000000001 0.9232291677216322
107.00000000000001 0.9251872273711542
107.00000000000001 0.9320290778412987
107.00000000000001 0.927475022191784
107.00000000000001 0.9293378404849902
107.00000000000001 0.9264757607378803
107.00000000000001 0.9307065893129998
107.00000000000001 0.9266419887018792
107.00000000000001 0.9245948402651086
107.00000000000001 0.9304007533628861
107.00000000000001 0.9128912045254204
107.00000000000001 0.9200315557619912
107.00000000000001 0.9184283131191888
107.00000000000001 0.9257765381926646
107.00000000000001 0.916609861455786
107.00000000000001 0.9193739790896869
107.00000000000001 0.9194526564087071
107.00000000000001 0.9285333206428781
107.00000000000001 0.9233375413030661
107.00000000000001 0.9243113653937174
107.00000000000001 0.9230421168211785
107.00000000000001 0.9238481748055585
107.00000000000001 0.923086838978626
107.00000000000001 0.9257603296830124
107.00000000000001 0.9273651104680791
107.00000000000001 0.9274052181987268
107.00000000000001 0.925104291152977
107.00000000000001 0.9366386226441307
107.00000000000001 0.9212668491729513
107.00000000000001 0.9281457310892061
107.00000000000001 0.9180098446884788
107.00000000000001 0.9220979889929465
107.00000000000001 0.9273797808354695
107.00000000000001 0.9276975663960819
107.00000000000001 0.9259427661566654
107.00000000000001 0.9160768668745689
107.00000000000001 0.9275552376530694
107.00000000000001 0.9298692969239375
