16.0 2.1775047336395787
16.0 2.2107492495193606
16.0 2.210980336724183
16.0 2.214048752165935
16.0 2.2150908421073754
16.0 2.2096501574845475
16.0 2.214816240561941
16.0 2.2129056238267535
16.0 2.2100539555478713
16.0 2.215246658603147
16.0 2.2093473978189655
16.0 2.208022163331565
16.0 2.205123904427537
16.0 2.2122584586226792
16.0 2.217961795180447
16.0 2.212966554493854
16.0 2.212386116998303
16.0 2.2151012535756043
16.0 2.2182379348681467
16.0 2.213496472790534
16.0 2.209758531065983
16.0 2.219213297101063
16.0 2.2185750052229465
16.0 2.214047214023668
16.0 2.215209627157038
16.0 2.2162902866868524
16.0 2.213840878329026
16.0 2.218435397236828
16.0 2.2144124424986167
16.0 2.2137251695638978
16.0 2.2127393958627555
16.0 2.2137598105785483
16.0 2.2154367857881354
16.0 2.218839195300154
16.0 2.218237934868147
16.0 2.212396528466532
16.0 2.214068036960124
16.0 2.2159281344964388
16.0 2.2161537549852706
16.0 2.214676632575823
16.0 2.208783168833069
16.0 2.2185422326759983
16.0 2.21460836672503
16.0 2.2175595352593893
16.0 2.2137814858041955
16.0 2.217512092345053
16.0 2.2143545881160507
16.0 2.2173636110329733
16.0 2.2171765601325193
16.0 2.2170681865510855
16.0 2.2133124981746137
16.0 2.2187917523858176
16.0 2.214902253064653
16.0 2.219881285241592
16.0 2.2208462360062797
16.0 2.2233198739105298
16.0 2.2134821327485814
16.0 2.2184249857686016
16.0 2.2160662043402883
16.0 2.2160854891344774
16.0 2.223099720137691
16.0 2.2202657985107286
16.0 2.2242501836605646
16.0 2.222912669237237
16.0 2.2173755606434686
16.0 2.2203815072758557
16.0 2.2156238366885885
16.0 2.2134401565502366
16.0 2.2250176720565698
16.0 2.229482994446484
16.0 2.227535346265188
16.0 2.226828788536281
16.0 2.2243585572419997
16.0 2.2230788972012343
16.0 2.2181102764925225
16.0 2.2199109815040083
16.0 2.220195994517668
16.0 2.215623836688589
16.0 2.212366832204114
16.0 2.2146148496195335
16.0 2.2123089778215497
16.0 2.218237082578956
16.0 2.2151502346322047
16.0 2.2120104770551245
16.0 2.2122915614950607
16.0 2.2202762099789557
16.0 2.213340656294761
16.0 2.217293807039915
16.0 2.2160260966096446
16.0 2.219764038334198
16.0 2.2235717840518086
16.0 2.221280224546772
16.0 2.2069050810082014
16.0 2.2079296679343523
16.0 2.2188094990377394
16.0 2.216665404666272
16.0 2.220344475829748
16.0 2.2262973320973347
16.0 2.2191137968455883
16.0 2.224398664972645
16.0 2.226680307224204
16.0 2.2245664310789106
16.0 2.2194686138523085
16.0 2.2185526441442245
16.0 2.2227537764569316
16.0 2.22376924642049
16.0 2.22163454733874
16.0 2.2206414384539053
16.0 2.2212025911552677
16.0 2.2217533323884036
16.0 2.2261874203736327
16.0 2.224360095384269
16.0 2.22552984370133
16.0 2.227388403095378
16.0 2.226010780941406
16.0 2.224238234050071
16.0 2.2266490728195216
16.0 2.2268970543870745
16.0 2.2260790467921985
16.0 2.2212677807215258
16.0 2.2187798027753223
16.0 2.210555715724401
16.0 2.2119189978364204
16.0 2.2123548825936186
16.0 2.2165768378427795
16.0 2.215248196745412
16.0 2.2155258745753805
16.0 2.2149350256116027
16.0 2.2153125340224786
16.0 2.2116275019282585
16.0 2.2153075892702425
16.0 2.2174422883519918
16.0 2.2154649439082807
16.0 2.2106359311856876
16.0 2.212317851147511
16.0 2.2167133695443635
16.0 2.219035119526567
16.0 2.214252011576044
16.0 2.2103110328230042
16.0 2.205801451747102
16.0 2.206926147581284
16.0 2.2066870393396916
16.0 2.2068563435882274
16.0 2.210209772043644
16.0 2.2078124210269543
16.0 2.211568109403426
16.0 2.2088633842943537
16.0 2.2058142536467877
16.0 2.211153899871874
16.0 2.2069735904956236
16.0 2.2075169965450656
16.0 2.2062878557031724
16.0 2.2093547330026575
16.0 2.2080661996359328
16.0 2.2096115878961715
16.0 2.2061883554476993
16.0 2.20670786227615
16.0 2.2107917476814603
16.0 2.212436636197173
16.0 2.2110204444548263
16.0 2.2149631837317525
16.0 2.2165189834602175
16.0 2.2142045686617084
16.0 2.214949695978991
16.0 2.2160527165875292
16.0 2.2089029700612417
16.0 2.2085486750182777
16.0 2.206419772977954
16.0 2.2091572706339755
16.0 2.192633825823088
16.0 2.184685878459871
16.0 2.1911453317124088
16.0 2.1982076355375306
16.0 2.196427753462501
16.0 2.201013399044343
16.0 2.2047409293006672
16.0 2.1998436507272823
16.0 2.206964717169664
16.0 2.2035399465789216
16.0 2.196236773988321
16.0 2.1814245071324203
16.0 2.1766139576581165
16.0 2.164659706282787
16.0 2.1626550213176254
16.0 2.1690179946537187
16.0 2.1757463603540805
16.0 2.1791735213762813
16.0 2.181621391591839
16.0 2.186150720933385
16.0 2.1821921034722376
16.0 2.1780647037263177
16.0 2.1779339690661588
16.0 2.1750278530146794
16.0 2.176618815721554
16.0 2.1765995309273665
16.0 2.1768132018057016
16.0 2.1781240962511483
16.0 2.1753584404749757
16.0 2.176134802196941
16.0 2.167734075713794
16.0 2.1666359998574913
16.0 2.167517328550923
16.0 2.1681883929759893
16.0 2.1655415222494803
16.0 2.1664709797103288
16.0 2.1666237199215646
16.0 2.155670905275989
16.0 2.1361376476984866
16.0 2.13770996899016
16.0 2.1459605676798175
16.0 2.147412610800446
16.0 2.1475610921125248
16.0 2.1487948473812186
16.0 2.147822561432839
16.0 2.147166522902804
16.0 2.155334624038859
16.0 2.1549794767067056
16.0 2.1515963519888754
16.0 2.1522628019871397
16.0 2.151712060754005
16.0 2.149921767210749
16.0 2.149007335644932
16.0 2.1487183940575467
16.0 2.1486967188319
16.0 2.144433117709828
16.0 2.150947126678779
16.0 2.152294036391824
16.0 2.157536736682212
16.0 2.156553023087093
16.0 2.1580574513274975
16.0 2.1557647117546326
16.0 2.1596584699749557
16.0 2.154139793886186
16.0 2.1489375316518746
16.0 2.1477188022782094
16.0 2.149066728169764
16.0 2.140846047728813
16.0 2.141024225303307
16.0 2.1496401608070568
16.0 2.146525154740157
16.0 2.149035493765083
16.0 2.1465251547401567
16.0 2.1435446202688144
16.0 2.1444829510556214
16.0 2.1457086852875475
16.0 2.1400080694866714
16.0 2.144513499607228
16.0 2.1444675948351595
16.0 2.132204344536376
16.0 2.147221301000835
16.0 2.1562232879159877
16.0 2.1478481626854182
16.0 2.1430220346090363
16.0 2.1398397788698555
