145.0 0.9666533246798265
145.0 1.011851008474745
145.0 1.0125021022525444
145.0 1.0075334815438322
145.0 1.014178389062258
145.0 1.0110026162175818
145.0 1.0098325401218806
145.0 1.0128468633186833
145.0 1.0158212174719483
145.0 1.012169315999114
145.0 1.0129576273315757
145.0 1.0121873929764669
145.0 1.0201454214824786
145.0 1.0138592569977056
145.0 1.019682230894325
145.0 1.0177214504879115
145.0 1.0129112005957472
145.0 1.0208195621920786
145.0 1.0141751488884048
145.0 1.0202094284341137
145.0 1.0203934030500323
145.0 1.0232897934863612
145.0 1.0308388875384886
145.0 1.023251223897986
145.0 1.0241687317483374
145.0 1.0243006490231181
145.0 1.0230907929754123
145.0 1.0259308671714453
145.0 1.0234976673232707
145.0 1.0211863288092964
145.0 1.0277617626600946
145.0 1.0278457428057912
145.0 1.026094018850906
145.0 1.0360713679989741
145.0 1.0270797925520523
145.0 1.0193712837558606
145.0 1.0077814883135974
145.0 1.0151370485707694
145.0 1.0275904260545436
145.0 1.0169555002341746
145.0 1.0249242705338433
145.0 1.0316504122388626
145.0 1.0227644896164851
145.0 1.0325116038489193
145.0 1.0331556927684595
145.0 1.0247194729814708
145.0 1.0308771268014334
145.0 1.0237367755648639
145.0 1.0256052244633849
145.0 1.0196185794703356
145.0 1.0225238432326242
145.0 1.0339914470152567
145.0 1.0247283463074326
145.0 1.0303472085047527
145.0 1.0287752002666362
145.0 1.0296850174056487
145.0 1.030838557213057
145.0 1.0357581968651661
145.0 1.0331290727905786
145.0 1.035753582438363
145.0 1.0371842781119822
145.0 1.037990858060119
145.0 1.0250681374191222
145.0 1.0326184392880853
145.0 1.0250133593210924
145.0 1.0311042854325285
145.0 1.0269046912620925
145.0 1.0280478196012726
145.0 1.0301111765476954
145.0 1.02554481576004
145.0 1.0245278076542155
145.0 1.0302669930434658
145.0 1.031427868034568
145.0 1.028868547953039
145.0 1.0201234159313994
145.0 1.035057436177683
145.0 1.0251869224687837
145.0 1.035882778956252
145.0 1.0290482636697975
145.0 1.0416231014558126
145.0 1.0479323583767008
145.0 1.0427990478462574
145.0 1.0391918407818623
145.0 1.0387791693925768
145.0 1.0398910633270755
145.0 1.0341179227762498
145.0 1.034321346075676
145.0 1.0367617172182233
145.0 1.0345884485480987
145.0 1.0354153294689357
145.0 1.041896565890936
145.0 1.0450021011525303
145.0 1.0370614005992775
145.0 1.0377636994290245
145.0 1.0395524548300148
145.0 1.0352163289579894
145.0 1.0385400611509887
145.0 1.0376449143793616
145.0 1.03985829078013
145.0 1.0393164228729552
145.0 1.0403392280202068
145.0 1.0399859491557542
145.0 1.041459995280665
145.0 1.044598214715477
145.0 1.0434670359867917
145.0 1.046940787634136
145.0 1.0467730215278692
145.0 1.047935434661239
145.0 1.049940937225098
145.0 1.0499602220192863
145.0 1.049449588516795
145.0 1.0486821001207896
145.0 1.0462326917629627
145.0 1.043910941780759
145.0 1.0405976210559886
145.0 1.039503473773411
145.0 1.0403986205450382
145.0 1.0419039010746316
145.0 1.044431986751478
145.0 1.043330504285208
145.0 1.0408024186083622
145.0 1.0432013077673177
145.0 1.0389561391502427
145.0 1.0384019913071396
145.0 1.037686560252273
145.0 1.032810104615343
145.0 1.0310302225403172
145.0 1.0343701632429667
145.0 1.0380757681430224
145.0 1.0362845169135575
145.0 1.0272395124193439
145.0 1.0257550548262035
145.0 1.023011760128756
145.0 1.020808795196214
145.0 1.026467765124177
145.0 1.0267809362579858
145.0 1.0267512399955692
145.0 1.0236026090925299
145.0 1.0167947697294646
145.0 1.0191768724695014
145.0 1.028522248744634
145.0 1.0300201940905356
145.0 1.0257241759491567
145.0 1.0285164517032084
145.0 1.0322648048959886
145.0 1.0330322932919926
145.0 1.034037351787323
145.0 1.0367108424917113
145.0 1.0397406883450888
145.0 1.03976304942381
145.0 1.0357609176220524
145.0 1.0386110477586703
145.0 1.0378242745684778
145.0 1.039463010515122
145.0 1.0330901476745575
145.0 1.0341754216311738
145.0 1.0361512279326166
145.0 1.0337774206092774
145.0 1.0335845726673973
145.0 1.038069179851497
145.0 1.037829219320714
145.0 1.0396990424721824
145.0 1.0441273334159853
145.0 1.042415717191748
145.0 1.043716200168968
145.0 1.046894527334424
145.0 1.0494657970264478
145.0 1.0489459346703511
145.0 1.040830221200869
145.0 1.036264518517284
145.0 1.0350091465152431
145.0 1.0432841667849762
145.0 1.04201617802758
145.0 1.0442681240167253
145.0 1.0450960211160716
145.0 1.0458314228182037
145.0 1.041911896909191
145.0 1.0407525600603558
145.0 1.040851374462753
145.0 1.0418603615318078
145.0 1.033819675134743
145.0 1.029036508691922
145.0 1.0278259087463313
145.0 1.0260407536929397
145.0 1.0273045355494792
145.0 1.0316562092802903
145.0 1.0249107827810846
145.0 1.030743315856739
145.0 1.0289707689654075
145.0 1.0224228048348845
145.0 1.0292068009224637
145.0 1.0238625402705774
145.0 1.0249728960628086
145.0 1.0164074797579328
145.0 1.0291323825026037
145.0 1.0231127985264916
145.0 1.02449775586416
145.0 1.0249193005794042
145.0 1.019195141085181
145.0 1.016931245485542
145.0 1.0191792629009602
145.0 1.013300139200155
145.0 1.0199329332187719
145.0 1.0170234105573248
145.0 1.0127451390678677
145.0 1.0084624170409242
145.0 1.0007233041951142
145.0 1.0039177041774046
145.0 0.9945792222699232
145.0 0.9974887162873767
145.0 1.0010179066836151
145.0 1.0008214882424422
145.0 1.0065871297202618
145.0 1.0034214380183797
145.0 1.0002774215421428
145.0 1.0055677563851915
145.0 1.0038056209620843
145.0 1.0096497481205855
145.0 1.0044512480238923
145.0 1.00013286880379
145.0 1.0033258663366307
145.0 1.0014749976539175
145.0 1.0006836100369256
145.0 1.0005127676461187
145.0 1.0059237560065308
145.0 1.0040088803721894
145.0 1.0011201806471983
145.0 1.0011275158308917
145.0 1.0012208635172937
145.0 1.0088066586900988
145.0 0.99816167692915
145.0 0.9938475566082019
145.0 0.992974415387655
145.0 1.001464586185692
145.0 0.9972916119931335
145.0 1.000427937758032
145.0 1.0003777740868067
145.0 0.998412379253592
145.0 0.9957254007964388
145.0 1.0042626589811683
145.0 1.0011024339952765
145.0 1.002185814281982
145.0 1.0039317411954407
145.0 1.0033559181266902
145.0 1.000168362107628
145.0 0.9977015626255294
145.0 1.0079026385925125
145.0 0.9993522481826673
145.0 1.0043741088471387
145.0 0.9992646975376898
145.0 1.002215510544399
145.0 0.9966563963995566
145.0 0.9999623819406355
145.0 0.9968535032405932
