233.0 0.5833638481596146
233.0 0.6259406383852096
233.0 0.6256726861703925
233.0 0.6297342356991936
233.0 0.6272353243210055
233.0 0.6050542560860932
233.0 0.6315095033474186
233.0 0.62683938340513
233.0 0.6307179492943096
233.0 0.6286428091735051
233.0 0.6241575135895331
233.0 0.6305066688474344
233.0 0.6353797178743912
233.0 0.6249466772111818
233.0 0.6373570623181019
233.0 0.6292961269466516
233.0 0.6322638595183036
233.0 0.6283086486671262
233.0 0.6165338372282259
233.0 0.6239313988859508
233.0 0.6402993575265025
233.0 0.6369235679923634
233.0 0.6292992032311855
233.0 0.6298588177902804
233.0 0.6392765523792522
233.0 0.6343792738058649
233.0 0.6289297158570782
233.0 0.6402561735113251
233.0 0.6437908558257679
233.0 0.6354599333356803
233.0 0.6369933719854254
233.0 0.6435435601112919
233.0 0.6374002463332809
233.0 0.6368761250780295
233.0 0.6365315556502162
233.0 0.6394443184855177
233.0 0.6457415802915965
233.0 0.6339488557646623
233.0 0.6396387045696643
233.0 0.6402519146121629
233.0 0.6415747586681061
233.0 0.6423168097008541
233.0 0.6435193305648669
233.0 0.6432150327570191
233.0 0.6493148321944147
233.0 0.6351853317902464
233.0 0.6386976530259694
233.0 0.6361948130740538
233.0 0.6373528034189455
233.0 0.6366832771361477
233.0 0.6396047494080894
233.0 0.6393478945145781
233.0 0.6406379660235699
233.0 0.6417409866321044
233.0 0.6462923215247323
233.0 0.6460385429157516
233.0 0.6394458566277859
233.0 0.6433056596865369
233.0 0.638171305228574
233.0 0.6332704561559003
233.0 0.644592654910991
233.0 0.6502975296110249
233.0 0.6467466387869254
233.0 0.650523150099855
233.0 0.6479163871039882
233.0 0.6488323568120719
233.0 0.6532992173442526
233.0 0.6516736136227275
233.0 0.6528938811386609
233.0 0.6493460665990979
233.0 0.6472395256374994
233.0 0.6554130934895471
233.0 0.6476521970267841
233.0 0.6468357275741745
233.0 0.6552573289920826
233.0 0.63569596529274
233.0 0.6402773519754237
233.0 0.6414143277455341
233.0 0.6355625098756899
233.0 0.6488888369416891
233.0 0.640536927625826
233.0 0.6351290155499506
233.0 0.6314446693088077
233.0 0.6369578786815835
233.0 0.6414424858656829
233.0 0.6397621040461295
233.0 0.6541086819386007
233.0 0.6517893223878554
233.0 0.6490579773009031
233.0 0.6497379150519287
233.0 0.6539583321588227
233.0 0.6491161100105929
233.0 0.6480685750556651
233.0 0.6493950476557016
233.0 0.650005181413671
233.0 0.6462371853522639
233.0 0.6477933431551687
233.0 0.6490610535854381
233.0 0.6493757628615152
233.0 0.6518147597511135
233.0 0.6533883061315003
233.0 0.6550405298309053
233.0 0.6570861401254071
233.0 0.6571648174444269
233.0 0.6585023318677556
233.0 0.6607052968002962
233.0 0.6585810091867745
233.0 0.6598398462910832
233.0 0.6595251370150064
233.0 0.6602332328861799
233.0 0.6606266194812762
233.0 0.6585810091867742
233.0 0.6574008494014844
233.0 0.6566140762112902
233.0 0.656790715643517
233.0 0.6543418812477573
233.0 0.6527146596366544
233.0 0.654087173149071
233.0 0.6547879338365518
233.0 0.6546217058725508
233.0 0.6541318953065148
233.0 0.6521946585934468
233.0 0.6477783172601377
233.0 0.6502662952063388
233.0 0.6507904164615914
233.0 0.6512431955815203
233.0 0.6543710035481044
233.0 0.6541750793216894
233.0 0.651890002711157
233.0 0.6525687603943532
233.0 0.6506627580859686
233.0 0.6485874515290512
233.0 0.6466799110784001
233.0 0.6479580329768977
233.0 0.6480961028207475
233.0 0.6472603485739501
233.0 0.6510175750926901
233.0 0.6512728918439366
233.0 0.6444964013233596
233.0 0.6446269378511986
233.0 0.6460906002568886
233.0 0.6491293194362261
233.0 0.6502011056400802
233.0 0.647585469318256
233.0 0.6513916768935993
233.0 0.6500244662078548
233.0 0.6508409356604645
233.0 0.6513619806311831
233.0 0.6495331174995508
233.0 0.652021095445754
233.0 0.6497097569317781
233.0 0.6476938428996915
233.0 0.6491293194362263
233.0 0.6480575332323724
233.0 0.6489719647981894
233.0 0.6482341726646
233.0 0.6471920827231603
233.0 0.6492064586129794
233.0 0.6450766684355993
233.0 0.6475245386511572
233.0 0.6489407303935054
233.0 0.6477991401965925
233.0 0.6451345228181641
233.0 0.6441013062026854
233.0 0.6431571783744524
233.0 0.6422516201345982
233.0 0.6450350225626901
233.0 0.6451819657325001
233.0 0.6512119611768392
233.0 0.6402607879381255
233.0 0.634514567394811
233.0 0.6372068486786394
233.0 0.6406422249227256
233.0 0.640505693221142
233.0 0.6447839647106005
233.0 0.6449413193486395
233.0 0.6481790390389273
233.0 0.6508436564173562
233.0 0.6521811708406843
233.0 0.6532159255984341
233.0 0.6458245796342124
233.0 0.6365063522943664
233.0 0.6334189611417581
233.0 0.6473757018114397
233.0 0.6428822213013775
233.0 0.6478018609534876
233.0 0.6468993789981667
233.0 0.6491320401931244
233.0 0.6525136267686846
233.0 0.6467805939485044
233.0 0.6463189415026136
233.0 0.6542742240495246
233.0 0.6466024163740086
233.0 0.6425914112462903
233.0 0.6452159208940759
233.0 0.6418119732397899
233.0 0.6469942648268361
233.0 0.6362258835894199
233.0 0.6363936496956885
233.0 0.6379687342183422
233.0 0.642824366918813
233.0 0.6433855196201737
233.0 0.6494675724056544
233.0 0.647231834926163
233.0 0.6391384825354003
233.0 0.6400856866481679
233.0 0.6352097382139756
233.0 0.6387808675712702
233.0 0.6315297241253115
233.0 0.6194160489651261
233.0 0.6381422973660299
233.0 0.6319237128789691
233.0 0.6309186543836378
233.0 0.6369501879702456
233.0 0.6342917231608864
233.0 0.6346064324369635
233.0 0.6371048218513935
233.0 0.6382360005800818
233.0 0.6367337963350221
233.0 0.6342828498349283
233.0 0.6304380726712061
233.0 0.6366848152784175
233.0 0.636289890541054
233.0 0.6299154895582224
233.0 0.6388476724803152
233.0 0.6383844818921592
233.0 0.6425350950059937
233.0 0.6406557126754922
233.0 0.6374195311274693
233.0 0.638993077507856
233.0 0.6322403158249595
233.0 0.635206154726704
233.0 0.6317813841359634
233.0 0.6315083207327982
233.0 0.6325816450789189
233.0 0.638482444005366
233.0 0.6420807777437991
233.0 0.6375576009713204
233.0 0.6398095469604682
233.0 0.6253923127857485
233.0 0.6348335910680657
233.0 0.6306606168755047
233.0 0.6321925173829791
233.0 0.6243471465597709
233.0 0.6250031850898095
233.0 0.6239907914107847
233.0 0.6256399388256548
233.0 0.6226710236393785
233.0 0.6255049452663393
233.0 0.6260051673006037
233.0 0.6310301042496118
233.0 0.6327864426312929
233.0 0.6313173412586153
233.0 0.6223621114047235
