182.0 1.2307228580049658
182.0 1.264664508127435
182.0 1.2698498759990158
182.0 1.2732538236533015
182.0 1.2741370208144345
182.0 1.2682200133783346
182.0 1.2734690326739055
182.0 1.27143383384763
182.0 1.276078871954303
182.0 1.2695679392698902
182.0 1.278989932758019
182.0 1.2675801833579514
182.0 1.2728194770383714
182.0 1.2766994171804988
182.0 1.2748481929701445
182.0 1.282364184149889
182.0 1.2714666063945816
182.0 1.2704927823039343
182.0 1.278381337142322
182.0 1.2802977509189326
182.0 1.2757448778840383
182.0 1.270697579856309
182.0 1.2800825418983286
182.0 1.2778305959091838
182.0 1.2797975288846686
182.0 1.2812033091587889
182.0 1.2768671832867644
182.0 1.2845671490824309
182.0 1.283958553466731
182.0 1.2754405800761897
182.0 1.2738951918159516
182.0 1.2734736471007069
182.0 1.2813220942084498
182.0 1.284930839415111
182.0 1.2743568442618403
182.0 1.2777904881785433
182.0 1.2816472149527562
182.0 1.280605125011317
182.0 1.283142084014122
182.0 1.2883941795942295
182.0 1.2770542341872215
182.0 1.2798970291401417
182.0 1.2811454547762244
182.0 1.2851387132520193
182.0 1.2829149253830254
182.0 1.282432450000681
182.0 1.2806421564574237
182.0 1.276209084650704
182.0 1.2737779449085553
182.0 1.2760403023659304
182.0 1.2784792992555265
182.0 1.2859833408247785
182.0 1.2871650387523355
182.0 1.2862683538384398
182.0 1.2858171128607794
182.0 1.2868784875964059
182.0 1.2871635006100677
182.0 1.2852143142865042
182.0 1.2861777269089245
182.0 1.2872630008655415
182.0 1.2840846737000857
182.0 1.2870358422344435
182.0 1.2896233204361205
182.0 1.2861125373426683
182.0 1.2887088888703049
182.0 1.288757869926909
182.0 1.2889746170897796
182.0 1.2857681318041763
182.0 1.2820999940726816
182.0 1.2835458820774457
182.0 1.283624559396465
182.0 1.2855914923719471
182.0 1.28469634560032
182.0 1.277230873619444
182.0 1.2778214789465914
182.0 1.2815982338961518
182.0 1.2908034802214108
182.0 1.2860338600236492
182.0 1.2910989047032997
182.0 1.2911615958942848
182.0 1.2928001094593096
182.0 1.2956621892064208
182.0 1.2913349366603593
182.0 1.2947967386972081
182.0 1.2921217098505506
182.0 1.2922790644885895
182.0 1.2897494406694767
182.0 1.2869467534471968
182.0 1.285109016989604
182.0 1.2868696142704443
182.0 1.2841633510191055
182.0 1.2719524883868911
182.0 1.2822022150850465
182.0 1.2895446431171007
182.0 1.2892893263658567
182.0 1.2895253583229127
182.0 1.286239673754531
182.0 1.2808203340319158
182.0 1.2809271694710853
182.0 1.2869540886308881
182.0 1.286403347397754
182.0 1.2871619624677988
182.0 1.286070891469757
182.0 1.2840461041117108
182.0 1.2855706694354931
182.0 1.285836397654967
182.0 1.2877053685172415
182.0 1.2876756722548257
182.0 1.2871056462275017
182.0 1.2823834689440736
182.0 1.274445933049083
182.0 1.2725102344782837
182.0 1.2803289853236126
182.0 1.2789529013119112
182.0 1.2824740958735916
182.0 1.2736195463430011
182.0 1.2741948751969985
182.0 1.2777770004257771
182.0 1.2803957130321368
182.0 1.2799251872602888
182.0 1.2791592370065517
182.0 1.2806733908621062
182.0 1.278550971716285
182.0 1.274573591424708
182.0 1.2733949697816858
182.0 1.2773377090586127
182.0 1.2776435450087291
182.0 1.2675088412226216
182.0 1.2631724222624594
182.0 1.277524759959066
182.0 1.2767067523641884
182.0 1.2784985840497123
182.0 1.2784006219365054
182.0 1.2768270755561195
182.0 1.2734350775123287
182.0 1.2757464160263052
182.0 1.2735226281573093
182.0 1.2683492098962197
182.0 1.2731053423412222
182.0 1.2646957425321155
182.0 1.2673264047489692
182.0 1.2671393538485158
182.0 1.2701098071770627
182.0 1.2725383925984335
182.0 1.2688316852785664
182.0 1.2714546567840848
182.0 1.27096330807578
182.0 1.2714322957053612
182.0 1.2706069529267938
182.0 1.271117586429285
182.0 1.267585980399375
182.0 1.267722512100961
182.0 1.2676037270512956
182.0 1.2659202689472073
182.0 1.2641700831345943
182.0 1.265154318693469
182.0 1.266150503862838
182.0 1.268451430908587
182.0 1.2667502261525774
182.0 1.268638481809041
182.0 1.2740672168213736
182.0 1.2716876124566066
182.0 1.2762628465702193
182.0 1.2796667942245077
182.0 1.2788993058285019
182.0 1.2761263148686401
182.0 1.2745631799564812
182.0 1.27693391099529
182.0 1.2761159034004126
182.0 1.2716466524367778
182.0 1.2665622952139302
182.0 1.268868330901234
182.0 1.2637840317231943
182.0 1.267752208363377
182.0 1.272501005624683
182.0 1.2673395369740925
182.0 1.2628445183217654
182.0 1.2636980192204814
182.0 1.2523299156933254
182.0 1.256625933834703
182.0 1.2371325900872534
182.0 1.227901958560014
182.0 1.22829636117065
182.0 1.2374283124663499
182.0 1.2261581710523985
182.0 1.235290892627704
182.0 1.2372905981501416
182.0 1.2353606966207693
182.0 1.2435759103457256
182.0 1.2468194270774398
182.0 1.2343394296157877
182.0 1.2369519896530763
182.0 1.233341706304146
182.0 1.2416444706740852
182.0 1.229275923078404
182.0 1.2444888037692765
182.0 1.234958436699708
182.0 1.2422368577801304
182.0 1.2299080623874452
182.0 1.2302389801731777
182.0 1.2231368429973424
182.0 1.2220577216097932
182.0 1.213009829922573
182.0 1.220132434507217
182.0 1.2136022170286183
182.0 1.209848066794411
182.0 1.210049266098495
182.0 1.2143850616450884
182.0 1.2047239599153634
182.0 1.2130098299225684
182.0 1.2124671097262054
182.0 1.2124107934859085
182.0 1.2100743731363217
182.0 1.211982929765479
182.0 1.2035675329149513
182.0 1.2174988850973631
182.0 1.2277975928521199
182.0 1.2204089297225647
182.0 1.2214525578062716
182.0 1.2011225750946066
182.0 1.2215327732675545
182.0 1.2230839585692206
182.0 1.2094415479741982
182.0 1.2102610937113414
182.0 1.2206835312680022
182.0 1.2201462777876277
182.0 1.2271886669109837
182.0 1.2133295091530885
182.0 1.2137066872385347
182.0 1.203212907546551
182.0 1.21626139289326
182.0 1.2188473329526683
182.0 1.2206345502113927
182.0 1.2115168545311144
182.0 1.2160118731834448
182.0 1.2218548177273256
182.0 1.2147144664907625
182.0 1.2146758969023808
182.0 1.212471393827573
182.0 1.2103590558245478
182.0 1.221137848530195
182.0 1.2131528697208658
182.0 1.226560786501101
182.0 1.2246501697659082
182.0 1.2069165385818874
182.0 1.2171623367063122
182.0 1.2238009277663515
182.0 1.2137672623779945
182.0 1.220580954727988
182.0 1.2021943612984622
182.0 1.2039020489489716
182.0 1.2185071863133428
182.0 1.2154290452564345
182.0 1.2010689796112017
