134.0 1.185491208255878
134.0 1.2369961691353262
134.0 1.233730291324892
134.0 1.2345740666084581
134.0 1.239062602366282
134.0 1.2202426532981232
134.0 1.235345483578189
134.0 1.2393788497846285
134.0 1.2378245881984298
134.0 1.2420835748937007
134.0 1.2408351492576197
134.0 1.2346582106434703
134.0 1.2410711812146764
134.0 1.2434137541333363
134.0 1.2422127714115923
134.0 1.2410222001580744
134.0 1.2342841088425625
134.0 1.2388296466937623
134.0 1.2401181800604857
134.0 1.245606307597651
134.0 1.2459611246043707
134.0 1.2477514181476255
134.0 1.2464806314328225
134.0 1.2483600137633257
134.0 1.2487341155642342
134.0 1.2492848567973713
134.0 1.2492254642725367
134.0 1.2471115881272423
134.0 1.247789987736003
134.0 1.240413604542376
134.0 1.2398524518410123
134.0 1.238140835616775
134.0 1.2404031930741484
134.0 1.2426848353257076
134.0 1.2377088794333027
134.0 1.237481720802205
134.0 1.2454192566971958
134.0 1.2456464153282938
134.0 1.2457443774415005
134.0 1.2439629572242044
134.0 1.247041784134185
134.0 1.2459507131361431
134.0 1.2464717581068618
134.0 1.246207568029656
134.0 1.244239096911906
134.0 1.2497866169738998
134.0 1.2494495466191016
134.0 1.257093196174469
134.0 1.24994397161194
134.0 1.2507396181280928
134.0 1.2546541992848712
134.0 1.256769613572432
134.0 1.251615480105534
134.0 1.2514477139992675
134.0 1.2613032018131363
134.0 1.252224075721232
134.0 1.252549196465537
134.0 1.253189026485919
134.0 1.2450154586338713
134.0 1.2488424891456698
134.0 1.2501962120786512
134.0 1.2501398958383547
134.0 1.2474737403176581
134.0 1.2428718862261614
134.0 1.2486940078335902
134.0 1.2450644396904749
134.0 1.2438337607063137
134.0 1.2459210168737265
134.0 1.24752425951653
134.0 1.2491645336054404
134.0 1.2466765556592385
134.0 1.247090765190791
134.0 1.2426046198644218
134.0 1.2485069569331386
134.0 1.252382968501541
134.0 1.2498845790871091
134.0 1.2487044193018204
134.0 1.2486137923723062
134.0 1.2551351365249455
134.0 1.2575999011032355
134.0 1.2575652600885854
134.0 1.2563361192466915
134.0 1.2598854719285213
134.0 1.254792269128721
134.0 1.2551470861354406
134.0 1.2550981050788375
134.0 1.2530871357989855
134.0 1.2527169625718029
134.0 1.248183374331098
134.0 1.2484491025505724
134.0 1.252146936544479
134.0 1.2494980658891774
134.0 1.2448993943411002
134.0 1.2547803195182257
134.0 1.2534250584429747
134.0 1.2568051068762727
134.0 1.255212275701698
134.0 1.2549407504407981
134.0 1.2545473638457025
134.0 1.2560422329070697
134.0 1.2537605906555094
134.0 1.2514002710849297
134.0 1.251951012318065
134.0 1.253367204060413
134.0 1.25478339580276
134.0 1.2555701689929541
134.0 1.2562782648641277
134.0 1.2547047184837419
134.0 1.2564356195021669
134.0 1.2592680029868617
134.0 1.259897421539016
134.0 1.2574584246494167
134.0 1.2565142968211853
134.0 1.2563569421831466
134.0 1.254003957796261
134.0 1.2497345596327636
134.0 1.2498710913343436
134.0 1.2528639057416122
134.0 1.25160660677957
134.0 1.259002274767386
134.0 1.257458424649416
134.0 1.256304884842007
134.0 1.2514482082140173
134.0 1.2504604021558545
134.0 1.246134687752067
134.0 1.2424249041476605
134.0 1.2467864673829376
134.0 1.2440104001385368
134.0 1.2430536130449312
134.0 1.246387255997412
134.0 1.2440505078691844
134.0 1.2514862835876424
134.0 1.252037024820779
134.0 1.2532765771308987
134.0 1.2560302832965748
134.0 1.2548011424546819
134.0 1.251152289517378
134.0 1.2524481580677962
134.0 1.2423055971342407
134.0 1.2433734547643696
134.0 1.2452349265536289
134.0 1.2459831301554487
134.0 1.247103897415907
134.0 1.2463795930350803
134.0 1.2428568603311314
134.0 1.2435263866139294
134.0 1.2427901326226083
134.0 1.237536498900233
134.0 1.233733367609426
134.0 1.2361931874354792
134.0 1.2338371267640569
134.0 1.236522567078939
134.0 1.2400171416627397
134.0 1.2481714247206008
134.0 1.2508271687730712
134.0 1.2517014926082435
134.0 1.247954677557733
134.0 1.2478864117069413
134.0 1.2501977502209163
134.0 1.2554780039211701
134.0 1.2518974168346582
134.0 1.2508730735451403
134.0 1.2491036029383387
134.0 1.251140339906882
134.0 1.2520339485362426
134.0 1.246720922289038
134.0 1.2495355591218131
134.0 1.2497033252280778
134.0 1.2479516012731995
134.0 1.2393128109234706
134.0 1.2301823592431484
134.0 1.2410715847934322
134.0 1.2456332579009644
134.0 1.247114308884135
134.0 1.2392465769822039
134.0 1.2366872569006755
134.0 1.240012527235941
134.0 1.2375125996792444
134.0 1.2287408476797286
134.0 1.2297042603021455
134.0 1.2220590726045093
134.0 1.2154310074505077
134.0 1.2076076138520329
134.0 1.2103049176659548
134.0 1.2140116249858197
134.0 1.2145075881209275
134.0 1.2038613985431388
134.0 1.2101774231796494
134.0 1.2269000349376007
134.0 1.211832559274266
134.0 1.2133868208604641
134.0 1.213327428335633
134.0 1.2157648870829665
134.0 1.2075037685859407
134.0 1.2033755165508244
134.0 1.2137609226613773
134.0 1.206068292049406
134.0 1.2075037685859416
134.0 1.207160901189715
134.0 1.207315179543217
134.0 1.2162369509970807
134.0 1.2257584447406855
134.0 1.2071385401109898
134.0 1.2168040646291889
134.0 1.1988463510985974
134.0 1.2119498061816645
134.0 1.1872275035517585
134.0 1.197617461853676
134.0 1.1879842376277863
134.0 1.1960419037999244
134.0 1.194453389569321
134.0 1.195488144327063
134.0 1.1985596360533526
134.0 1.1993078396551708
134.0 1.1940781051537865
134.0 1.1897018715511194
134.0 1.18717070958974
134.0 1.194486162116269
134.0 1.183430377433729
134.0 1.1902945889826013
134.0 1.192281492605351
134.0 1.1983237679856134
134.0 1.1943641343459581
134.0 1.1988284405573613
134.0 1.1972004464043782
134.0 1.1928505024541607
134.0 1.20517160713551
134.0 1.2024981164311221
134.0 1.193646148970317
134.0 1.1994563209672504
134.0 1.1917162474409404
134.0 1.1923769003977764
134.0 1.1929662112192896
134.0 1.191740146661926
134.0 1.197324698170031
134.0 1.1974508184033874
134.0 1.1982746230396917
134.0 1.202141761282133
134.0 1.2050543602281154
134.0 1.1934278636651776
134.0 1.1921794380290964
134.0 1.197564136737056
134.0 1.191869673505253
134.0 1.1900355075469466
134.0 1.1886594235352417
134.0 1.1916880893207917
134.0 1.196141462100214
134.0 1.2034985604996513
134.0 1.1951425561739486
134.0 1.1886821426884084
134.0 1.2067540268418566
134.0 1.17654773337987
134.0 1.1887249711759444
134.0 1.1980015596365288
