160.0 1.1841719978115832
160.0 1.2224710385114794
160.0 1.2257304334274133
160.0 1.222630783580974
160.0 1.2302566864844233
160.0 1.215548617052404
160.0 1.2293615397127957
160.0 1.2283580193597312
160.0 1.2328457028283675
160.0 1.2310079663707743
160.0 1.2382759759829687
160.0 1.2334761375590313
160.0 1.232985310814485
160.0 1.2326883481903284
160.0 1.2300815851944638
160.0 1.2354598010079259
160.0 1.2251515340741284
160.0 1.2305922186969562
160.0 1.2358859601499737
160.0 1.2318244358233854
160.0 1.2418758478636702
160.0 1.2329540764098033
160.0 1.23841250768455
160.0 1.2413027455518093
160.0 1.2348037624778905
160.0 1.2387792743017667
160.0 1.2354138962358567
160.0 1.2367915183898286
160.0 1.235010098172532
160.0 1.228558558012948
160.0 1.2309574471719047
160.0 1.2254500348405537
160.0 1.2252749335505932
160.0 1.237922697118515
160.0 1.225636727666568
160.0 1.234716211832911
160.0 1.2389736603859105
160.0 1.240627422227586
160.0 1.2425068045580892
160.0 1.2393091925984459
160.0 1.2445315919161362
160.0 1.2418461516012511
160.0 1.2418357401330262
160.0 1.2433973369029163
160.0 1.2413339799564926
160.0 1.2468429304301127
160.0 1.2394249013635732
160.0 1.2418481839582711
160.0 1.2400365732638077
160.0 1.2411870367866829
160.0 1.2437047109952983
160.0 1.245446023481953
160.0 1.2482101411158548
160.0 1.242966918861714
160.0 1.2448551745181753
160.0 1.232045441885411
160.0 1.2428288490178592
160.0 1.2367483343746506
160.0 1.236824621262212
160.0 1.2414631764743833
160.0 1.2261373077752709
160.0 1.2359526878584963
160.0 1.2409614162978504
160.0 1.240890074162524
160.0 1.2369234356646084
160.0 1.2335819568196884
160.0 1.234546907584374
160.0 1.2396327752004832
160.0 1.2401449468452417
160.0 1.2405383334403381
160.0 1.2408619160423768
160.0 1.2339279005004484
160.0 1.2279380127867539
160.0 1.2346344582293542
160.0 1.2351703374567782
160.0 1.2428986530109174
160.0 1.2467241453804485
160.0 1.2466751643238458
160.0 1.2453866309571204
160.0 1.2447140283897882
160.0 1.2468413922878434
160.0 1.2493293702340484
160.0 1.2461734041473151
160.0 1.249123034539405
160.0 1.250263086594052
160.0 1.2521632918610095
160.0 1.252482587814881
160.0 1.2533538631145273
160.0 1.2538660347592863
160.0 1.2527244445623733
160.0 1.2478850203715504
160.0 1.235892937259229
160.0 1.2375510936928804
160.0 1.2424370005650327
160.0 1.2443653639521395
160.0 1.2426225133232196
160.0 1.233598165329345
160.0 1.2315243969146927
160.0 1.2360209537092883
160.0 1.2366800685238581
160.0 1.2325205820840615
160.0 1.2316046123759767
160.0 1.2332969438060255
160.0 1.2297757492443449
160.0 1.2330801966431573
160.0 1.2370260122046177
160.0 1.2396416485264434
160.0 1.241835740133024
160.0 1.2433603054568063
160.0 1.2416976702891727
160.0 1.2439110466899423
160.0 1.2464391323667876
160.0 1.2479933939529864
160.0 1.2499306306660534
160.0 1.2437313309731801
160.0 1.2467239902056513
160.0 1.255048063012277
160.0 1.2487489327384975
160.0 1.252074203073764
160.0 1.2535779454610907
160.0 1.2515813162231928
160.0 1.24674189203237
160.0 1.2487126456377644
160.0 1.24900424948974
160.0 1.248159621916982
160.0 1.244911490758468
160.0 1.2487489327384957
160.0 1.2473882049472536
160.0 1.249235994798636
160.0 1.2524180866484997
160.0 1.2511655685493728
160.0 1.252393171249
160.0 1.2514401700948068
160.0 1.2476131395830083
160.0 1.2481935770785588
160.0 1.2491762744951664
160.0 1.25015163672808
160.0 1.2458837767068478
160.0 1.2359333258637915
160.0 1.237714631643281
160.0 1.2486937991128233
160.0 1.2514980244773695
160.0 1.2511150493505014
160.0 1.2503699220332174
160.0 1.2502214407211403
160.0 1.2501917444587252
160.0 1.2508998403298974
160.0 1.2535139385094547
160.0 1.251674663909596
160.0 1.2475641585264041
160.0 1.2441409260779295
160.0 1.2453804783880518
160.0 1.245932757763453
160.0 1.2454606938493376
160.0 1.2486448180562193
160.0 1.2467461509315305
160.0 1.2430587284058483
160.0 1.2426653418107518
160.0 1.2472301644561405
160.0 1.2445478004257904
160.0 1.2485395207593197
160.0 1.2452840544171122
160.0 1.2437506157673694
160.0 1.2447437246522053
160.0 1.2453048773535687
160.0 1.2478699944765204
160.0 1.2497092690763807
160.0 1.2496217184314018
160.0 1.2452069152403626
160.0 1.2351440478043334
160.0 1.2288131611621143
160.0 1.2230683426207565
160.0 1.2309362687078078
160.0 1.2307746551706118
160.0 1.2263583138373029
160.0 1.2301807299222953
160.0 1.233801424739454
160.0 1.2182661440611635
160.0 1.2116799406676997
160.0 1.2105769200591605
160.0 1.195952147159786
160.0 1.1890314892151532
160.0 1.2003764162812134
160.0 1.2150060632921562
160.0 1.2019058509297407
160.0 1.2085529849903052
160.0 1.2110201400000502
160.0 1.205750297768023
160.0 1.2175133260325457
160.0 1.2107369954540863
160.0 1.209309539954325
160.0 1.2052990567903659
160.0 1.2079428512323374
160.0 1.2046414801180634
160.0 1.2110930202776433
160.0 1.2103255318816397
160.0 1.2204259249785236
160.0 1.2180478587560315
160.0 1.2103864625487355
160.0 1.2207926915957426
160.0 1.2113988562277644
160.0 1.2210360587364908
160.0 1.2172996551542103
160.0 1.2096887781457877
160.0 1.211882869752373
160.0 1.2083126941340894
160.0 1.2072106897040618
160.0 1.1876077295833214
160.0 1.18954361979245
160.0 1.1926420618220481
160.0 1.1940732542572114
160.0 1.1923340018765844
160.0 1.1938906538942406
160.0 1.1956070509813916
160.0 1.1875932281988382
160.0 1.1935641866459938
160.0 1.1943540361207203
160.0 1.1970290649673763
160.0 1.2031689721354166
160.0 1.196335994991236
160.0 1.2004954814310291
160.0 1.1941924225835252
160.0 1.1906519432276563
160.0 1.207114787696878
160.0 1.2035727701987449
160.0 1.204782626246446
160.0 1.2045882401623003
160.0 1.2066427237827635
160.0 1.1982909783562212
160.0 1.2018449454648517
160.0 1.1960020009209689
160.0 1.2016266601597148
160.0 1.2007018171256718
160.0 1.2026182309022813
160.0 1.2052458168346027
160.0 1.1953309364959044
160.0 1.2038072640135336
160.0 1.1887694846126196
160.0 1.1957405316006537
160.0 1.2020273819385048
160.0 1.1983800671434677
160.0 1.1911907348502941
160.0 1.1981945543852814
160.0 1.2004746584945745
160.0 1.199215821390263
160.0 1.1960671904872244
160.0 1.1957316582746926
160.0 1.2000203412323753
160.0 1.1961103745024038
160.0 1.1911356012246181
160.0 1.1924934166206467
160.0 1.1917016709292083
160.0 1.1855885753773767
160.0 1.1857418098033625
