248.0 0.673830828502444
248.0 0.7100601525137399
248.0 0.7128377579004039
248.0 0.7121312001714983
248.0 0.7124058017169329
248.0 0.7029394138499954
248.0 0.7155039134211015
248.0 0.7206001925054353
248.0 0.7168919470433005
248.0 0.7222331314106532
248.0 0.7241213870671179
248.0 0.720540799980603
248.0 0.7203063061658145
248.0 0.7174411501341686
248.0 0.719274627692602
248.0 0.7168992822269946
248.0 0.7175348533482159
248.0 0.7170982827379433
248.0 0.7110636728668028
248.0 0.7242521217272756
248.0 0.7249008250736177
248.0 0.7225328147917014
248.0 0.7210514334830983
248.0 0.7176490239710784
248.0 0.7198936347765305
248.0 0.7267979540560424
248.0 0.7148567482170259
248.0 0.7283329308480513
248.0 0.7217938400434896
248.0 0.7260007693976199
248.0 0.7257068830579976
248.0 0.7275075880694815
248.0 0.7258850606324924
248.0 0.7245564195351251
248.0 0.7234365045638586
248.0 0.7199827235637757
248.0 0.7211925796114835
248.0 0.7234638103948152
248.0 0.7245475462091658
248.0 0.7290514381874532
248.0 0.7286580515923565
248.0 0.7264743714540036
248.0 0.7282646649972601
248.0 0.7230021579489274
248.0 0.7259325035468269
248.0 0.7271037900061591
248.0 0.7257261678521857
248.0 0.7231105315303595
248.0 0.7285986590675252
248.0 0.7239863935078004
248.0 0.7256980097320385
248.0 0.7263274282841925
248.0 0.7177026194544837
248.0 0.7214791307674073
248.0 0.7275372843318976
248.0 0.7261997699085706
248.0 0.7256563638591267
248.0 0.7273799296938597
248.0 0.7281963991464678
248.0 0.7281667028840527
248.0 0.7333901183802515
248.0 0.7324152781110951
248.0 0.7280093482460146
248.0 0.7288747987552282
248.0 0.7308417317307101
248.0 0.7263333892149386
248.0 0.7266718338226863
248.0 0.7296615719454209
248.0 0.7296615719454216
248.0 0.7282453802030731
248.0 0.7278519936079766
248.0 0.7289534760742464
248.0 0.7291895080313056
248.0 0.7225019359146638
248.0 0.7214680893916138
248.0 0.7249409328042613
248.0 0.7222659039576046
248.0 0.7233673864238739
248.0 0.7257277059944535
248.0 0.7188105570662513
248.0 0.7260320038023046
248.0 0.7321005688350191
248.0 0.7332020513012899
248.0 0.7365851760191205
248.0 0.7354050162338305
248.0 0.7285600894791501
248.0 0.7258878091383918
248.0 0.7321792461540371
248.0 0.7279306709269958
248.0 0.7261997699085714
248.0 0.7298189265834585
248.0 0.7341220640209044
248.0 0.7334919253726713
248.0 0.7305655920430092
248.0 0.7290321533932664
248.0 0.7278827060488997
248.0 0.7299658697532692
248.0 0.7319223912605229
248.0 0.7309990863687471
248.0 0.7309204090497279
248.0 0.7308417317307092
248.0 0.7309204090497284
248.0 0.7319432141969805
248.0 0.7332807286203082
248.0 0.7328873420252119
248.0 0.7327299873871735
248.0 0.7317071822399226
248.0 0.7295042173073816
248.0 0.7295042173073816
248.0 0.72848141216013
248.0 0.7302123131785548
248.0 0.7305270224546324
248.0 0.7302123131785547
248.0 0.7284027348411098
248.0 0.728686209712505
248.0 0.7277677416291499
248.0 0.7282037343301611
248.0 0.7268380617866848
248.0 0.7258746491642659
248.0 0.7249305213360342
248.0 0.7260320038023047
248.0 0.726297732021778
248.0 0.7252659178557469
248.0 0.7263451749361146
248.0 0.7268291884607245
248.0 0.7291108307122854
248.0 0.7283240575220915
248.0 0.7306804485189466
248.0 0.7299093618746504
248.0 0.7322698453345466
248.0 0.7331870254062594
248.0 0.7339560519445312
248.0 0.7346745592839337
248.0 0.7353143893043164
248.0 0.7346656859579739
248.0 0.7320500496361481
248.0 0.7316670745092791
248.0 0.7300919899866251
248.0 0.7286812714542642
248.0 0.7267173805203168
248.0 0.7227067334670371
248.0 0.7261789469721159
248.0 0.7266807071486472
248.0 0.7282245572666184
248.0 0.7264149789291744
248.0 0.7233658482816085
248.0 0.7238973047205556
248.0 0.7231298163245489
248.0 0.7257855603770186
248.0 0.7248310210805585
248.0 0.7249393946619934
248.0 0.7278801517281238
248.0 0.7280567911603507
248.0 0.7258048451712061
248.0 0.728862849144732
248.0 0.7250180719810131
248.0 0.7281354684793715
248.0 0.7269152009634386
248.0 0.7286565134500904
248.0 0.7247419322933134
248.0 0.7281250570111437
248.0 0.7265603839567172
248.0 0.7281443418053304
248.0 0.7281740380677457
248.0 0.7318124795368223
248.0 0.7309470290276098
248.0 0.7347235403405354
248.0 0.7356186871121649
248.0 0.734811090985515
248.0 0.7282636210697445
248.0 0.7202933988691108
248.0 0.7189991833462587
248.0 0.7171934988920478
248.0 0.7257304267513449
248.0 0.7234784807622012
248.0 0.721611048042192
248.0 0.7251129578096872
248.0 0.7280047338192124
248.0 0.7274138848554337
248.0 0.7270100867921105
248.0 0.7096940782435961
248.0 0.7086752879113779
248.0 0.7033059111808754
248.0 0.71353236601882
248.0 0.7077977950563707
248.0 0.7145270130459198
248.0 0.7157160461571687
248.0 0.7111824579164656
248.0 0.7027728581073588
248.0 0.7072158194185474
248.0 0.70807393474407
248.0 0.7093296955638413
248.0 0.7120374969574504
248.0 0.7113189896180515
248.0 0.7078675990494259
248.0 0.7113992050793355
248.0 0.708961746332004
248.0 0.7124308835525478
248.0 0.7144171013222183
248.0 0.7024863069514322
248.0 0.7045438668564303
248.0 0.7062138372077553
248.0 0.7052342160756832
248.0 0.7100022981311762
248.0 0.7121474086811541
248.0 0.7077295292055779
248.0 0.6979192083123944
248.0 0.7007590908700991
248.0 0.685885882905912
248.0 0.7031655285535783
248.0 0.7077665606516864
248.0 0.7038743405736301
248.0 0.6991506251479354
248.0 0.6932764461993678
248.0 0.6941731311132662
248.0 0.6876787624661475
248.0 0.7002879564456937
248.0 0.6907086083195255
248.0 0.7021168195773266
248.0 0.7031350102977683
248.0 0.6926767239096283
248.0 0.6902558291995985
248.0 0.7024700984417809
248.0 0.7006308238419188
248.0 0.7028218391639623
248.0 0.6989786001425112
248.0 0.7014577047627556
248.0 0.6976202627827305
248.0 0.6894644415826002
248.0 0.6942460113908591
248.0 0.6995501643121042
248.0 0.7024211173851752
248.0 0.7018703761520394
248.0 0.7068123768828718
248.0 0.7050799377221784
248.0 0.697969282748025
248.0 0.6989519801646323
248.0 0.7078379027870133
248.0 0.702183547285851
248.0 0.6962233558345712
248.0 0.6943381764626436
248.0 0.689773353817255
248.0 0.6946972523685224
248.0 0.6984560170295271
248.0 0.7021820091435791
248.0 0.7055979064083658
248.0 0.6888234289475962
248.0 0.7004214118627398
248.0 0.6881596997062288
248.0 0.6958357662809
248.0 0.6847734987038601
248.0 0.6896472335838971
248.0 0.6929960476125127
248.0 0.6928089967120566
