209.99999999999997 0.8708304410705071
209.99999999999997 0.9077383978859971
209.99999999999997 0.9103417845676983
209.99999999999997 0.906917369504597
209.99999999999997 0.9129236296172661
209.99999999999997 0.8949363862603775
209.99999999999997 0.9136105722265526
209.99999999999997 0.907945805257164
209.99999999999997 0.9169624625396995
209.99999999999997 0.9103406019530721
209.99999999999997 0.910104569996014
209.99999999999997 0.9018477103981463
209.99999999999997 0.9196830658329912
209.99999999999997 0.9098257095514234
209.99999999999997 0.9168754338584786
209.99999999999997 0.906169165902785
209.99999999999997 0.9204278628248435
209.99999999999997 0.9167076677522121
209.99999999999997 0.907321167567922
209.99999999999997 0.9204128369298117
209.99999999999997 0.9155186346409618
209.99999999999997 0.9226381629410768
209.99999999999997 0.9164627624691918
209.99999999999997 0.9140148922536345
209.99999999999997 0.9259086551783122
209.99999999999997 0.9239135640826809
209.99999999999997 0.9219747892273464
209.99999999999997 0.9228120816164093
209.99999999999997 0.9107235770799427
209.99999999999997 0.91408161996216
209.99999999999997 0.9168441994537959
209.99999999999997 0.9216064844678619
209.99999999999997 0.9251828126552201
209.99999999999997 0.9243158240037391
209.99999999999997 0.9243335706556587
209.99999999999997 0.9212666933561707
209.99999999999997 0.9178658219864201
209.99999999999997 0.9148463876012729
209.99999999999997 0.9166351430022595
209.99999999999997 0.9208258638467414
209.99999999999997 0.9166633011224089
209.99999999999997 0.9267266627731899
209.99999999999997 0.9186228989141987
209.99999999999997 0.9162907374637685
209.99999999999997 0.9103127993605679
209.99999999999997 0.9193502795795646
209.99999999999997 0.9146338993375629
209.99999999999997 0.9277223259788016
209.99999999999997 0.9188589308712594
209.99999999999997 0.9200109325363994
209.99999999999997 0.9223311443763341
209.99999999999997 0.9268855555534976
209.99999999999997 0.9300712179026454
209.99999999999997 0.9355578072975402
209.99999999999997 0.9284486904656518
209.99999999999997 0.9184181013618274
209.99999999999997 0.9333162727766243
209.99999999999997 0.9310643267874763
209.99999999999997 0.9181701197942714
209.99999999999997 0.9282007088981014
209.99999999999997 0.9254873046481884
209.99999999999997 0.9266880931848114
209.99999999999997 0.9321168281971438
209.99999999999997 0.9160473703230186
209.99999999999997 0.9245935018337026
209.99999999999997 0.9336577659199007
209.99999999999997 0.9327670696857572
209.99999999999997 0.9283017472958429
209.99999999999997 0.9336518049891556
209.99999999999997 0.9289014695855823
209.99999999999997 0.9261967444765102
209.99999999999997 0.926728200915457
209.99999999999997 0.9311148459863513
209.99999999999997 0.929964382463477
209.99999999999997 0.9415878027418781
209.99999999999997 0.94304410221487
209.99999999999997 0.9351466740505208
209.99999999999997 0.9407416370268535
209.99999999999997 0.9291567863368274
209.99999999999997 0.9371414070717131
209.99999999999997 0.928784222678185
209.99999999999997 0.931567625106278
209.99999999999997 0.9273190498792344
209.99999999999997 0.9345573632290112
209.99999999999997 0.9330624941676438
209.99999999999997 0.9376257786707667
209.99999999999997 0.9385282606260866
209.99999999999997 0.9419410816063336
209.99999999999997 0.9425126457759221
209.99999999999997 0.9397574014679798
209.99999999999997 0.9344771477677237
209.99999999999997 0.9257878659681305
209.99999999999997 0.9291973882822228
209.99999999999997 0.9326185883736755
209.99999999999997 0.9331797410750382
209.99999999999997 0.9261313632719238
209.99999999999997 0.929184092167785
209.99999999999997 0.9267370742414157
209.99999999999997 0.9299154014068707
209.99999999999997 0.9317249797443138
209.99999999999997 0.9331797410750381
209.99999999999997 0.9319000810342745
209.99999999999997 0.9290468746131236
209.99999999999997 0.927768752714627
209.99999999999997 0.9275238474316089
209.99999999999997 0.9244835901100041
209.99999999999997 0.9262545988590727
209.99999999999997 0.9245815522232125
209.99999999999997 0.9228417778788259
209.99999999999997 0.9231757719490927
209.99999999999997 0.9224973723403338
209.99999999999997 0.9221633782700688
209.99999999999997 0.9229798477226773
209.99999999999997 0.9248488185849536
209.99999999999997 0.92821999369229
209.99999999999997 0.9234761888616992
209.99999999999997 0.9296643435547856
209.99999999999997 0.9287499119889684
209.99999999999997 0.9296257739664076
209.99999999999997 0.9312884091340389
209.99999999999997 0.9304437815612812
209.99999999999997 0.9283002091535714
209.99999999999997 0.9251653963287263
209.99999999999997 0.9250343313431362
209.99999999999997 0.9291953559252002
209.99999999999997 0.9287232920110834
209.99999999999997 0.9291552481945555
209.99999999999997 0.9301355551797067
209.99999999999997 0.9218232316307327
209.99999999999997 0.9197286402796255
209.99999999999997 0.9176178404188643
209.99999999999997 0.9186614685025714
209.99999999999997 0.9198134701677115
209.99999999999997 0.9176490748235466
209.99999999999997 0.9234415001685606
209.99999999999997 0.925812231207368
209.99999999999997 0.9268855555534917
209.99999999999997 0.9249251054725095
209.99999999999997 0.9289367192527854
209.99999999999997 0.9308588433820251
209.99999999999997 0.9311503392901862
209.99999999999997 0.9326051006209103
209.99999999999997 0.9312587128716221
209.99999999999997 0.9287900197196075
209.99999999999997 0.9260555983481192
209.99999999999997 0.9256429269588353
209.99999999999997 0.9258982437100823
209.99999999999997 0.9250432046690981
209.99999999999997 0.9217773268586612
209.99999999999997 0.9229293285238035
209.99999999999997 0.9244315327688638
209.99999999999997 0.9224364416732337
209.99999999999997 0.92503279320087
209.99999999999997 0.9243246973296951
209.99999999999997 0.9243023362509742
209.99999999999997 0.9230924802032697
209.99999999999997 0.9255299389506011
209.99999999999997 0.9271524663875921
209.99999999999997 0.9280773094216355
209.99999999999997 0.9272994095574034
209.99999999999997 0.9267205102041186
209.99999999999997 0.9242903866404806
209.99999999999997 0.925479419751731
209.99999999999997 0.927142054919363
209.99999999999997 0.9265809022180008
209.99999999999997 0.92738696020238
209.99999999999997 0.9247906086747444
209.99999999999997 0.9254690082835019
209.99999999999997 0.9290584686959739
209.99999999999997 0.9260820266876775
209.99999999999997 0.9248994270194183
209.99999999999997 0.9259539022938029
209.99999999999997 0.9310970741322163
209.99999999999997 0.9325723280739631
209.99999999999997 0.9304970215170449
209.99999999999997 0.9346372231626541
209.99999999999997 0.9314558197126642
209.99999999999997 0.9264621171683391
209.99999999999997 0.9303246409839785
209.99999999999997 0.9279404221924104
209.99999999999997 0.9164881750777328
209.99999999999997 0.9123201921194737
209.99999999999997 0.9192915537769374
209.99999999999997 0.9233003288379705
209.99999999999997 0.9137189206057773
209.99999999999997 0.9101195706888391
209.99999999999997 0.9134002827559757
209.99999999999997 0.916168850927361
209.99999999999997 0.9121691095570641
209.99999999999997 0.9205563482874483
209.99999999999997 0.9208652605220982
209.99999999999997 0.9187868776806456
209.99999999999997 0.9095951191081513
209.99999999999997 0.9170710025572522
209.99999999999997 0.9127375974421224
209.99999999999997 0.9138849846804604
209.99999999999997 0.9185774657014736
209.99999999999997 0.9181084780718898
209.99999999999997 0.9117475648418212
209.99999999999997 0.9152510127515806
209.99999999999997 0.9136859841695101
209.99999999999997 0.9068128992946839
209.99999999999997 0.9057815763491176
209.99999999999997 0.9050920542168404
209.99999999999997 0.9078954524944085
209.99999999999997 0.8933560014578459
209.99999999999997 0.8880778439462332
209.99999999999997 0.8842900598566621
209.99999999999997 0.8820342174440929
209.99999999999997 0.8886201144875278
209.99999999999997 0.8957016506610384
209.99999999999997 0.8902428638586454
209.99999999999997 0.8993073195831652
209.99999999999997 0.9007817212357222
209.99999999999997 0.8975794948492742
209.99999999999997 0.8900341629347589
209.99999999999997 0.891233607514236
209.99999999999997 0.9051564166961175
209.99999999999997 0.9027679390053918
209.99999999999997 0.8959260885352478
209.99999999999997 0.9067195516082797
209.99999999999997 0.898854895990881
209.99999999999997 0.9017019498429599
209.99999999999997 0.893871249387136
209.99999999999997 0.9014111397878773
209.99999999999997 0.8936621929356064
209.99999999999997 0.8975975970288415
209.99999999999997 0.902103027149398
209.99999999999997 0.8947652135441437
209.99999999999997 0.9082576046848231
209.99999999999997 0.8963966143070913
209.99999999999997 0.9058081963269969
209.99999999999997 0.8966280318373521
209.99999999999997 0.8959438351871678
209.99999999999997 0.9080377812374218
209.99999999999997 0.8914264554561162
209.99999999999997 0.8897237125578408
209.99999999999997 0.8952357393159965
209.99999999999997 0.8983099517991743
209.99999999999997 0.9019618810210133
209.99999999999997 0.8840693570566779
209.99999999999997 0.8984360720325297
209.99999999999997 0.8996474662225052
209.99999999999997 0.8830064441787836
209.99999999999997 0.8975424634031695
209.99999999999997 0.892780178389103
209.99999999999997 0.8900546303435708
209.99999999999997 0.888874470558283
209.99999999999997 0.8968178034946991
209.99999999999997 0.8896998133368512
209.99999999999997 0.8904599665491638
209.99999999999997 0.8858801180087414
209.99999999999997 0.8934007236152922
209.99999999999997 0.902424716081525
