78.0 1.6638618406055588
78.0 1.689128986792138
78.0 1.694865095896858
78.0 1.6973650234535542
78.0 1.6948650958968554
78.0 1.6901251719615107
78.0 1.695506464059506
78.0 1.6995575769178661
78.0 1.6964000726888668
78.0 1.6978147262889471
78.0 1.6974244159783856
78.0 1.6897510701606009
78.0 1.6959577050371664
78.0 1.7008565217528204
78.0 1.6951605203787445
78.0 1.701436959248371
78.0 1.695170931846973
78.0 1.6948859188333123
78.0 1.6982497587569547
78.0 1.7026556886220359
78.0 1.699755039286549
78.0 1.7020366815381096
78.0 1.7055088950431865
78.0 1.7049878500724667
78.0 1.7016135986805965
78.0 1.7048972231429527
78.0 1.7023899604025619
78.0 1.7034231770180408
78.0 1.7028724357849052
78.0 1.701260319816145
78.0 1.6983477208701612
78.0 1.701188977680817
78.0 1.7002849575832295
78.0 1.6994299185422441
78.0 1.6971452000061495
78.0 1.6955940147044857
78.0 1.7024879225157683
78.0 1.6996659504993028
78.0 1.7016922759996158
78.0 1.702872435784906
78.0 1.706010655219718
78.0 1.7025785494452832
78.0 1.6946884564646287
78.0 1.696174452200035
78.0 1.7050368311290707
78.0 1.7025087454522256
78.0 1.694845811102668
78.0 1.6990172471529603
78.0 1.6973249157229107
78.0 1.6990558167413357
78.0 1.698996424216505
78.0 1.6973056309287227
78.0 1.6986030376214074
78.0 1.7025072073099579
78.0 1.7083397403856144
78.0 1.703029790422945
78.0 1.6966835475602626
78.0 1.7017501303821798
78.0 1.6997446278183213
78.0 1.7037972788189502
78.0 1.7013864400494987
78.0 1.7018392191694265
78.0 1.705860635765373
78.0 1.710661490367818
78.0 1.7122454482164309
78.0 1.7047309951789527
78.0 1.7042396464706489
78.0 1.7059616741631138
78.0 1.7047518181154093
78.0 1.7053411289369207
78.0 1.7085179179601093
78.0 1.705902281638282
78.0 1.7089706970800362
78.0 1.704918046079408
78.0 1.701789086241494
78.0 1.7045632290726864
78.0 1.7049076346111804
78.0 1.7013671552553098
78.0 1.7020278082121463
78.0 1.7026027789917055
78.0 1.7062748452969225
78.0 1.7076821637133115
78.0 1.708449652109316
78.0 1.709374495143361
78.0 1.7082433164146742
78.0 1.7065317001904385
78.0 1.7034825695428728
78.0 1.706580681247042
78.0 1.7094828687247963
78.0 1.7102399456525745
78.0 1.7082240316204875
78.0 1.704287089384988
78.0 1.6969269147010142
78.0 1.7047903877037869
78.0 1.706196167977906
78.0 1.703255410911777
78.0 1.704258931264838
78.0 1.7077103218334597
78.0 1.708537202754296
78.0 1.706865694260703
78.0 1.7048601916968436
78.0 1.7034143036920821
78.0 1.7022341439067925
78.0 1.7029214168415105
78.0 1.6997550392865513
78.0 1.698919285039754
78.0 1.701200927291315
78.0 1.7000415904424808
78.0 1.7004735466259528
78.0 1.6988895887773388
78.0 1.7023722137506452
78.0 1.7044668051017513
78.0 1.7040927033008422
78.0 1.7054213443982105
78.0 1.7056647115389612
78.0 1.6999464050316704
78.0 1.69949664625077
78.0 1.7030506133594019
78.0 1.6907071475993323
78.0 1.7012707312843727
78.0 1.7041135262372973
78.0 1.7033950188978952
78.0 1.7003933311646646
78.0 1.7011519462347087
78.0 1.7055490027738311
78.0 1.7013582819293518
78.0 1.6981236385235996
78.0 1.6974541122408027
78.0 1.6932545180703638
78.0 1.6913543128034045
78.0 1.7024863843735032
78.0 1.6977063527075142
78.0 1.6997550392865504
78.0 1.7081052465708235
78.0 1.7072799037922544
78.0 1.7062570986450027
78.0 1.7094531724623787
78.0 1.70363838603864
78.0 1.6926939740215552
78.0 1.6971690714781336
78.0 1.7018272695589296
78.0 1.7026541504797643
78.0 1.7029985560182606
78.0 1.6972462384038882
78.0 1.7014354211061011
78.0 1.7017238407297302
78.0 1.698043423062309
78.0 1.6974510359562631
78.0 1.7001750458595235
78.0 1.70108947742534
78.0 1.6999864568168037
78.0 1.6977988481047257
78.0 1.697145200006147
78.0 1.6956206346823637
78.0 1.6906149825275434
78.0 1.6934384926862789
78.0 1.692641308027858
78.0 1.689808924543162
78.0 1.692210889986651
78.0 1.6917091298101197
78.0 1.6895462726082222
78.0 1.6889361388502566
78.0 1.6851685008632886
78.0 1.6892092022534229
78.0 1.68781383344753
78.0 1.6880691501987775
78.0 1.6866039773998251
78.0 1.6829921559086283
78.0 1.6789796126386467
78.0 1.6706034460273542
78.0 1.672949229108593
78.0 1.6742328329733391
78.0 1.6669134691808982
78.0 1.6700412771474833
78.0 1.6645604847940114
78.0 1.6641524278315314
78.0 1.6666701020401478
78.0 1.6680670089883103
78.0 1.665519638517277
78.0 1.6694103204530641
78.0 1.6614039967435268
78.0 1.6461541777893396
78.0 1.6423266146905835
78.0 1.6554769081646337
78.0 1.65579606797819
78.0 1.6440137549194827
78.0 1.647999678211587
78.0 1.6524426395227783
78.0 1.6567698920688385
78.0 1.649087672925092
78.0 1.6510191125967348
78.0 1.6504059025542317
78.0 1.6384053041903894
78.0 1.6388357222315917
78.0 1.6283982587799049
78.0 1.6343005958486223
78.0 1.6450454333926932
78.0 1.6409927823920634
78.0 1.647854603509475
78.0 1.6381629532281456
78.0 1.6430097126026617
78.0 1.641435150043764
78.0 1.6461202958810794
78.0 1.6460504918880214
78.0 1.6485360794027677
78.0 1.640749415251311
78.0 1.637760915688708
78.0 1.6221570925174358
78.0 1.6329256961364709
78.0 1.6329726406043295
78.0 1.6336326077080947
78.0 1.6291078927933464
78.0 1.636548282938606
78.0 1.6282188985907886
78.0 1.6353904842320415
78.0 1.6288170827382582
78.0 1.6316525425074873
78.0 1.6358490603933933
78.0 1.6252830862768908
78.0 1.6258160808581092
78.0 1.630439610175249
78.0 1.631290390317077
78.0 1.6377700885968065
78.0 1.631279978848849
78.0 1.6319182707269622
78.0 1.6306698450908839
78.0 1.622585366026078
78.0 1.62585432012105
78.0 1.6363272768765769
78.0 1.632045076813396
78.0 1.6320990026222333
78.0 1.6300325693912758
78.0 1.6293744707552158
78.0 1.6297357706564373
78.0 1.6330704362814263
78.0 1.6341382939115545
78.0 1.6296808286690916
78.0 1.6290886054523661
78.0 1.6258112999951888
78.0 1.623357468848891
78.0 1.6375214186293843
78.0 1.6334109132461896
78.0 1.6222926597542884
78.0 1.6361229735389562
78.0 1.628189366217695
78.0 1.6244203539777793
78.0 1.6260369204840237
78.0 1.6290908319945048
78.0 1.6271433477025259
78.0 1.6253155007494047
78.0 1.6293783993289435
78.0 1.6282485948532042
78.0 1.6355864084584575
78.0 1.6260857376513105
