40.0 1.6638277748213801
40.0 1.702464710416262
40.0 1.6996828461304394
40.0 1.7027824959768751
40.0 1.7045832009883597
40.0 1.6876035704475734
40.0 1.707298337565659
40.0 1.7071498562535818
40.0 1.7040428712234514
40.0 1.7105746268443223
40.0 1.708586870932384
40.0 1.7046634164496466
40.0 1.7056599319444488
40.0 1.7040116368187685
40.0 1.7119121412676508
40.0 1.7092178276268066
40.0 1.7120397996432737
40.0 1.7089817956697477
40.0 1.7009640443134706
40.0 1.7050479297187835
40.0 1.71344711805966
40.0 1.7120903188421448
40.0 1.712649933401239
40.0 1.7210402484161573
40.0 1.7075447809909445
40.0 1.716045007729566
40.0 1.71111495660923
40.0 1.7083612504435546
40.0 1.7162602167501666
40.0 1.7186799288455783
40.0 1.7169877613048479
40.0 1.710231759448097
40.0 1.7145204424057818
40.0 1.7135955993717389
40.0 1.716485837238998
40.0 1.699791219711875
40.0 1.7054397781716109
40.0 1.70589255729154
40.0 1.7050078219881386
40.0 1.7128473957699224
40.0 1.706945058701206
40.0 1.7125415598198048
40.0 1.7110081211700623
40.0 1.7173809840106264
40.0 1.7142354293921218
40.0 1.707041482672146
40.0 1.7095888531431789
40.0 1.7123737937135401
40.0 1.7100832781360176
40.0 1.707553654316906
40.0 1.7043135441951616
40.0 1.711195172070517
40.0 1.7077719396220437
40.0 1.7082914464504946
40.0 1.7177639591374942
40.0 1.7102286831635618
40.0 1.7146079930507627
40.0 1.719211385284525
40.0 1.7155208864743103
40.0 1.7174106802730424
40.0 1.717067812876816
40.0 1.7159752037365044
40.0 1.7133981370030567
40.0 1.717429965067229
40.0 1.7125118635573886
40.0 1.7099115834560266
40.0 1.7125519712880328
40.0 1.7153457851843505
40.0 1.7190436191782579
40.0 1.7142531760440418
40.0 1.7141567520731023
40.0 1.713515383910452
40.0 1.7175977311734956
40.0 1.7140765366118142
40.0 1.7140996875402268
40.0 1.7142917456324163
40.0 1.7108877979781283
40.0 1.7084680858827186
40.0 1.7138509161229831
40.0 1.7094197127839639
40.0 1.7055867213414184
40.0 1.7034254022817885
40.0 1.7034207878549883
40.0 1.6987001487138305
40.0 1.7061270511063287
40.0 1.7038172507346208
40.0 1.700813666784684
40.0 1.706214601751309
40.0 1.7020728619634338
40.0 1.70589101914927
40.0 1.706600653162711
40.0 1.6985245795908461
40.0 1.7085837946478477
40.0 1.713524257236412
40.0 1.7149211641845716
40.0 1.7145262394472067
40.0 1.7138759979585965
40.0 1.7194458790993152
40.0 1.7218952874571416
40.0 1.72505279168614
40.0 1.7245896010979853
40.0 1.7253081084373856
40.0 1.7265773570099219
40.0 1.726566945541695
40.0 1.7275793392207184
40.0 1.7290148157572547
40.0 1.7275110733699257
40.0 1.7283869353473658
40.0 1.7272661680869077
40.0 1.7252383044443258
40.0 1.7265758188676554
40.0 1.72571190650071
40.0 1.7268029774987534
40.0 1.7241680563827388
40.0 1.7216280210953976
40.0 1.7261699606983079
40.0 1.7239794673400188
40.0 1.7246042714653715
40.0 1.7178781297603538
40.0 1.7171715720314487
40.0 1.716435318040125
40.0 1.7165807230676666
40.0 1.7153878758204995
40.0 1.71451582797898
40.0 1.70478799854073
40.0 1.7038141744500814
40.0 1.7078386673305617
40.0 1.7092548590729102
40.0 1.7076319241099713
40.0 1.7104029044153213
40.0 1.7163462292528755
40.0 1.7205458234233164
40.0 1.720278557061575
40.0 1.7188534919932674
40.0 1.7214112739325278
40.0 1.7234688338375257
40.0 1.7188461568095752
40.0 1.7206260388846022
40.0 1.7201221106582332
40.0 1.71911034688678
40.0 1.717332002954021
40.0 1.7158757034810324
40.0 1.7193745369639895
40.0 1.719995082190184
40.0 1.7175576234428525
40.0 1.7194057713686717
40.0 1.7226226681225039
40.0 1.720940748160683
40.0 1.7189441189227848
40.0 1.7195334297442963
40.0 1.718608586710251
40.0 1.721874464520686
40.0 1.7221995852649914
40.0 1.7240388598648515
40.0 1.721176780117741
40.0 1.721066868394038
40.0 1.7223272436406136
40.0 1.7243342843467397
40.0 1.7232328018804686
40.0 1.7208026783168309
40.0 1.719031669567763
40.0 1.7174878194497942
40.0 1.719710069176522
40.0 1.7159736655942408
40.0 1.7207729820544178
40.0 1.7195928222691275
40.0 1.715468829133174
40.0 1.7088703458037788
40.0 1.7092147513422726
40.0 1.7083978960662187
40.0 1.706570935645287
40.0 1.705842038092671
40.0 1.7008479800207017
40.0 1.6970433105876266
40.0 1.6930307673176401
40.0 1.6956062959088234
40.0 1.7008792144253824
40.0 1.7059978545884393
40.0 1.7009193221560241
40.0 1.6873170192916453
40.0 1.67394161016672
40.0 1.6732095868780545
40.0 1.6701966288934158
40.0 1.678210395730459
40.0 1.6561481402942162
40.0 1.6659804147401727
40.0 1.6682216189356585
40.0 1.6705788622217017
40.0 1.6660602998760266
40.0 1.6664980531009241
40.0 1.669392905394987
40.0 1.6678594667452447
40.0 1.6738389429907103
40.0 1.6653923117354947
40.0 1.6637291546041066
40.0 1.6615384696074949
40.0 1.65038573899026
40.0 1.6468927025487252
40.0 1.6498597492673046
40.0 1.6472140611554182
40.0 1.6497931879948933
40.0 1.6536176641859164
40.0 1.6551611839784526
40.0 1.662754314334953
40.0 1.6661598001315048
40.0 1.6604757483679247
40.0 1.6516638886377626
40.0 1.6563270037217925
40.0 1.6551676668729596
40.0 1.6511559758921663
40.0 1.6421500604032884
40.0 1.6494651826043807
40.0 1.6470326686092818
40.0 1.6608266368009197
40.0 1.6522385290918873
40.0 1.6533666315360376
40.0 1.651359590829912
40.0 1.659120487292673
40.0 1.65712385805478
40.0 1.652990991592862
40.0 1.6489117206143522
40.0 1.6471688699854345
40.0 1.6516889704733768
40.0 1.6478249085154693
40.0 1.6527117756206258
40.0 1.6588902523770457
40.0 1.6520958448212348
40.0 1.6515778761350504
40.0 1.647425724878944
40.0 1.6598760260781864
40.0 1.6537912525358174
40.0 1.6616366233590274
40.0 1.6511710017871892
40.0 1.6517425659567806
40.0 1.6446897653651886
40.0 1.6530577193013856
40.0 1.6541607399099232
40.0 1.6576152067630796
40.0 1.6552830453126461
40.0 1.6533635552514998
40.0 1.6503321712558578
40.0 1.6520750218847802
40.0 1.6495187780877845
40.0 1.6555711346108475
40.0 1.6507629448247085
40.0 1.652345364531054
40.0 1.652222650907666
40.0 1.6568364546096552
40.0 1.6579271952822643
40.0 1.6643563743631278
40.0 1.6579464800764525
40.0 1.6608575408801651
40.0 1.658338328529281
40.0 1.6562510723618686
