208.0 0.8597686002340683
208.0 0.9066274994393538
208.0 0.9094346649481267
208.0 0.9112858891584787
208.0 0.9121267520468286
208.0 0.8929270983214582
208.0 0.9131698859157857
208.0 0.913258974703033
208.0 0.9181156235820157
208.0 0.9102557488275337
208.0 0.9142995265022035
208.0 0.9077365364766503
208.0 0.9185600513397393
208.0 0.9127780374629567
208.0 0.9146069005945877
208.0 0.9076370362211775
208.0 0.9170651822783749
208.0 0.9206739274850346
208.0 0.9045894437158783
208.0 0.9183347611763433
208.0 0.915735003038739
208.0 0.9211772258038334
208.0 0.9187679251766507
208.0 0.9201278006787021
208.0 0.9289604833453208
208.0 0.9274656142839522
208.0 0.9187902862553741
208.0 0.9210823399751583
208.0 0.9064159164160525
208.0 0.9141629948006222
208.0 0.9054980782402704
208.0 0.9203430096993034
208.0 0.9225000698597776
208.0 0.9283503495873539
208.0 0.9237573688218177
208.0 0.9266788410937573
208.0 0.9195890090560594
208.0 0.9216643156129792
208.0 0.9254126688057571
208.0 0.9272712281998075
208.0 0.9197656484882871
208.0 0.9285389386300771
208.0 0.9237693184323105
208.0 0.9193039960423984
208.0 0.9185187609944725
208.0 0.9257748209961724
208.0 0.926804961327117
208.0 0.9306592976698712
208.0 0.9276734881208649
208.0 0.9268080376116514
208.0 0.9233165393123847
208.0 0.9294549083381602
208.0 0.9285003690416987
208.0 0.9319887910564292
208.0 0.9299655418406476
208.0 0.9212620556919241
208.0 0.9303782132299366
208.0 0.9272014242067447
208.0 0.9111809473892237
208.0 0.9190382678229287
208.0 0.9210005863716059
208.0 0.9238776920137459
208.0 0.9259915681590392
208.0 0.9091634952148694
208.0 0.918350994888204
208.0 0.9217631300153794
208.0 0.9251943835006231
208.0 0.9237010525815217
208.0 0.925963410038894
208.0 0.9229736719161603
208.0 0.9221379176693637
208.0 0.9213407330109429
208.0 0.9250979595296819
208.0 0.9252360293735338
208.0 0.935838182646951
208.0 0.9411392592836629
208.0 0.9415816269353616
208.0 0.9457812211058009
208.0 0.9425554510260096
208.0 0.9395098908777292
208.0 0.9349430358753223
208.0 0.9362998350928384
208.0 0.9317662468521325
208.0 0.9359064484977418
208.0 0.9334377553457263
208.0 0.9356110240158523
208.0 0.9297754146556615
208.0 0.9330308809978693
208.0 0.9343016677126719
208.0 0.9366338291631039
208.0 0.9357787901221185
208.0 0.9308847542693829
208.0 0.936926835464528
208.0 0.9365551518440838
208.0 0.9287364009987571
208.0 0.9218776284168745
208.0 0.9260228025637267
208.0 0.9260717836203313
208.0 0.92776411505038
208.0 0.9284722109215534
208.0 0.928078824326457
208.0 0.927655741468945
208.0 0.9278130961069826
208.0 0.9304584286912234
208.0 0.9304777134854112
208.0 0.9300041114290274
208.0 0.9313817335829987
208.0 0.9331022231331959
208.0 0.9326108744248902
208.0 0.9337806227419524
208.0 0.9341547245428605
208.0 0.9348138393574309
208.0 0.9346861809818082
208.0 0.9349711939954697
208.0 0.936474936382798
208.0 0.9319815703105471
208.0 0.9347040915230517
208.0 0.9304329913279672
208.0 0.9291178379833605
208.0 0.9259811566908144
208.0 0.9216346193505639
208.0 0.9212323594295053
208.0 0.9237053114806782
208.0 0.9257732828539033
208.0 0.924330471133674
208.0 0.9255403271813784
208.0 0.9285107805099235
208.0 0.9283622991978464
208.0 0.9222787082701009
208.0 0.9207275229684379
208.0 0.9208671309545534
208.0 0.9226485511718495
208.0 0.9265423093921721
208.0 0.9274968486886324
208.0 0.9251573520545084
208.0 0.9274582791002564
208.0 0.9250578517990322
208.0 0.9277521654398758
208.0 0.9244514029781622
208.0 0.9228202181028377
208.0 0.922782006588902
208.0 0.9194092933392977
208.0 0.9227418988582576
208.0 0.9223099426747841
208.0 0.9281127794880257
208.0 0.9312598722487974
208.0 0.9282685959837972
208.0 0.9284556468842504
208.0 0.9317897905454777
208.0 0.9340120402722072
208.0 0.935793460489502
208.0 0.9375540577703433
208.0 0.9375941655009875
208.0 0.9424914440743715
208.0 0.9439670283415519
208.0 0.9440457056605691
208.0 0.9426889064430527
208.0 0.9420490764226702
208.0 0.944860636970911
208.0 0.9422939817056898
208.0 0.942472159280185
208.0 0.9414790503953494
208.0 0.9422554121173141
208.0 0.9390994460305818
208.0 0.9382517421732901
208.0 0.9397674341711116
208.0 0.9341323634641377
208.0 0.9380083750325408
208.0 0.9369157658922311
208.0 0.9284996554396169
208.0 0.9299864297634014
208.0 0.9250523360790279
208.0 0.9307697061551207
208.0 0.9274949550187256
208.0 0.9304887856045028
208.0 0.9324932719898522
208.0 0.9284020514008484
208.0 0.9316648529267489
208.0 0.9270286881460346
208.0 0.9314184095014653
208.0 0.9228935673929759
208.0 0.9157312131521232
208.0 0.9063416140447829
208.0 0.9092315442251278
208.0 0.9175918326521959
208.0 0.9230596592166624
208.0 0.9164739777869556
208.0 0.9119808276023276
208.0 0.913066431884377
208.0 0.9123008119560714
208.0 0.9139310301043962
208.0 0.9133017779883583
208.0 0.9147176394052737
208.0 0.9118258633957446
208.0 0.9110167291268321
208.0 0.9116446095367196
208.0 0.916789869677658
208.0 0.9120337372326565
208.0 0.915874255497217
208.0 0.916327034617142
208.0 0.9140554483061664
208.0 0.9166371294664201
208.0 0.9182600124310532
208.0 0.9179299217323003
208.0 0.9190749437413936
208.0 0.9089371636707525
208.0 0.8994959130076018
208.0 0.8917377718095671
208.0 0.8900469207894768
208.0 0.8960584490383219
208.0 0.9033746177137296
208.0 0.9023826914435149
208.0 0.9111355141764922
208.0 0.8978093509998119
208.0 0.9037548720837075
208.0 0.9017034647477815
208.0 0.9080065235952851
208.0 0.9130789034586315
208.0 0.8953556837428329
208.0 0.9035130430852274
208.0 0.9012981285421897
208.0 0.897126692491898
208.0 0.9007427728822485
208.0 0.9039758781457343
208.0 0.8967375647959607
208.0 0.8962107227838142
208.0 0.8931897502563966
208.0 0.9051012598329937
208.0 0.8983720418434417
208.0 0.8960830644081882
208.0 0.9002649119267092
208.0 0.8960726529399609
208.0 0.8985621690284373
208.0 0.891736527067938
208.0 0.8998803986575736
208.0 0.8990014603956007
208.0 0.9022407182281513
208.0 0.8982000168380208
208.0 0.9016008882077688
208.0 0.8984152258586209
208.0 0.8939171309217598
208.0 0.8960310070670506
208.0 0.89685788798789
208.0 0.8958277476569464
208.0 0.8931214844056041
208.0 0.9044436831606948
208.0 0.9018785660377395
208.0 0.8902416580065753
208.0 0.907716896154823
208.0 0.902365300319243
208.0 0.8857836708003558
208.0 0.9043025370323063
208.0 0.9063913313419891
208.0 0.8907599544713987
