191.0 1.0404099218203973
191.0 1.0811650934620576
191.0 1.0830251909983728
191.0 1.0923048557434933
191.0 1.092974382026291
191.0 1.0827937734681163
191.0 1.0862748602991517
191.0 1.0831293056806512
191.0 1.088776325998119
191.0 1.089117655252077
191.0 1.1026042493513295
191.0 1.0786982687777453
191.0 1.0891176552520758
191.0 1.0959641201490244
191.0 1.094659378272647
191.0 1.0900143401659732
191.0 1.0953169549449504
191.0 1.1035113457334529
191.0 1.0914440196610828
191.0 1.0937121741598816
191.0 1.0929196039282607
191.0 1.0965179376666945
191.0 1.0996561571015075
191.0 1.0972541916580174
191.0 1.0959687345758269
191.0 1.0955055439876733
191.0 1.097965363813725
191.0 1.0986599719321375
191.0 1.1099065696527408
191.0 1.101121329900457
191.0 1.0941101751817823
191.0 1.1050270377312763
191.0 1.0991663465354704
191.0 1.1010040829930636
191.0 1.0988589724430862
191.0 1.093508914749772
191.0 1.1003850759091347
191.0 1.09873285220973
191.0 1.100166790603998
191.0 1.101879944970502
191.0 1.0985666242457321
191.0 1.1003569177889885
191.0 1.0918894635973202
191.0 1.0954075818744633
191.0 1.102588040841677
191.0 1.1063838369487926
191.0 1.102598452309903
191.0 1.0962008379591575
191.0 1.105399601389917
191.0 1.1014063429141194
191.0 1.0926746986452422
191.0 1.0915805513626675
191.0 1.0853249354294958
191.0 1.0879093373466382
191.0 1.0969186594454843
191.0 1.0967138618931085
191.0 1.1002222545551055
191.0 1.0988782572372766
191.0 1.1038736618131866
191.0 1.098044041132746
191.0 1.1041784815847933
191.0 1.1005543801576683
191.0 1.1021857809206193
191.0 1.1031403202170798
191.0 1.1001891516827222
191.0 1.102318025974038
191.0 1.1045549738171603
191.0 1.1055303360500746
191.0 1.103927093407273
191.0 1.1003376329948005
191.0 1.0979372056935772
191.0 1.0984181429336537
191.0 1.1049394870862972
191.0 1.1014776850494459
191.0 1.1017327299675603
191.0 1.1057648298648626
191.0 1.1066406918423013
191.0 1.105686152545845
191.0 1.105490228319429
191.0 1.10763380072714
191.0 1.1031893012736818
191.0 1.1031700164794942
191.0 1.1031893012736826
191.0 1.1037296310385911
191.0 1.1030705162240189
191.0 1.1015933938145723
191.0 1.101608750035035
191.0 1.1059622922335468
191.0 1.101792394325523
191.0 1.1024900787284675
191.0 1.108048010258691
191.0 1.1128805657315648
191.0 1.0979420559374784
191.0 1.1044273154415336
191.0 1.1078891174783823
191.0 1.105307242133009
191.0 1.1081405056559026
191.0 1.110032689886092
191.0 1.1118630911599943
191.0 1.1098753352480566
191.0 1.1083122003358994
191.0 1.1094522523905446
191.0 1.1111148875581784
191.0 1.109796657929038
191.0 1.1111935648771973
191.0 1.1112128496713851
191.0 1.112914054427393
191.0 1.1142114611200777
191.0 1.1132673332918466
191.0 1.1133251876744104
191.0 1.1115051978687382
191.0 1.1127061805904823
191.0 1.111653679180815
191.0 1.1094210179858592
191.0 1.1044122895465032
191.0 1.1039321248483043
191.0 1.1064177921103635
191.0 1.1052480437933
191.0 1.1079928766330156
191.0 1.1087619031712879
191.0 1.1085956752072892
191.0 1.109394398007977
191.0 1.1043783343849265
191.0 1.104740486575341
191.0 1.1073487877134751
191.0 1.1087071250732585
191.0 1.1074779842313662
191.0 1.1037608654432716
191.0 1.0995680844927695
191.0 1.0985828327553844
191.0 1.0974146225805883
191.0 1.0974651417794596
191.0 1.096393355575605
191.0 1.0959806841863204
191.0 1.0973077871414216
191.0 1.1031002124864349
191.0 1.1037103462444025
191.0 1.1060602543467535
191.0 1.107994056700849
191.0 1.10293244638017
191.0 1.1034889846547313
191.0 1.1041392261433403
191.0 1.0959760697595198
191.0 1.1008139558080738
191.0 1.1002053601923758
191.0 1.103627054498582
191.0 1.1030184588828824
191.0 1.1031268324643186
191.0 1.1063718873382993
191.0 1.107857883073705
191.0 1.1103948420765097
191.0 1.10914641644043
191.0 1.109116720178014
191.0 1.1071008061459284
191.0 1.1102864684950775
191.0 1.1074749079468373
191.0 1.107543173797628
191.0 1.1065500649127928
191.0 1.1081428960873683
191.0 1.1065500649127935
191.0 1.1066094574376246
191.0 1.1091167201780143
191.0 1.1049082526816154
191.0 1.1080256491799725
191.0 1.1059800388854708
191.0 1.1068053816640386
191.0 1.1090677391214114
191.0 1.110188506381868
191.0 1.1010218296449827
191.0 1.0921717306518774
191.0 1.0840174475940179
191.0 1.0905669498668111
191.0 1.089959206540302
191.0 1.0965742539069905
191.0 1.0902206758606159
191.0 1.095097131497546
191.0 1.0948402766040333
191.0 1.090030548675626
191.0 1.0914972596168455
191.0 1.0821300442267423
191.0 1.0712892834204824
191.0 1.0347474356264013
191.0 1.0394667502203077
191.0 1.0590050402494215
191.0 1.0631055976358461
191.0 1.0716858784932302
191.0 1.0715256392089811
191.0 1.0685672993802457
191.0 1.0754364556813476
191.0 1.0730737456793114
191.0 1.0658997696066048
191.0 1.073109733197903
191.0 1.055483953631558
191.0 1.063694416789397
191.0 1.0588805963979526
191.0 1.0595581437175141
191.0 1.0516830791786882
191.0 1.0477997324265933
191.0 1.0466354508255218
191.0 1.0514173509592126
191.0 1.051662256242231
191.0 1.0516129448601959
191.0 1.0657507966265654
191.0 1.062694852759066
191.0 1.0592623889101942
191.0 1.0664776805303802
191.0 1.0683099067371256
191.0 1.0652548157361525
191.0 1.0657434094445668
191.0 1.0518779846797948
191.0 1.06236887972557
191.0 1.0604911994266528
191.0 1.0762311137680016
191.0 1.0647616415176677
191.0 1.0669487282659893
191.0 1.0680911707520946
191.0 1.0565522248341361
191.0 1.066100338555618
191.0 1.057781365676028
191.0 1.0642552669143366
191.0 1.0621205678325838
191.0 1.0615104340746189
191.0 1.0570437374317594
191.0 1.0552783592879997
191.0 1.0668459575408575
191.0 1.0647349660417722
191.0 1.05914939835516
191.0 1.0600761098569031
191.0 1.0488332742739135
191.0 1.055853824282312
191.0 1.055678559103031
191.0 1.052488968180155
191.0 1.056239711804395
191.0 1.0615525741622818
191.0 1.060166078682348
191.0 1.0681411679872044
191.0 1.0624902190960102
191.0 1.055700262077684
191.0 1.0539589495910318
191.0 1.0597081909208692
191.0 1.0585800884767171
191.0 1.0554580775515559
191.0 1.0496567788805828
191.0 1.0594216397649405
191.0 1.0556377932683194
191.0 1.0590610257167925
191.0 1.0594231779072056
191.0 1.0567319405508975
191.0 1.0613442061106202
191.0 1.0623862960520614
191.0 1.0632783665391528
191.0 1.0591381648935483
191.0 1.059245355860358
191.0 1.0569544847551928
