242.99999999999997 0.6527118256152619
242.99999999999997 0.6894286862982448
242.99999999999997 0.6959186296100913
242.99999999999997 0.7015245260184085
242.99999999999997 0.704759169424159
242.99999999999997 0.6875446869941453
242.99999999999997 0.7013463484439141
242.99999999999997 0.7055459426143524
242.99999999999997 0.7003131318284347
242.99999999999997 0.7099742335581574
242.99999999999997 0.7132875542829298
242.99999999999997 0.7136423712896476
242.99999999999997 0.7106734561033705
242.99999999999997 0.7076524835759552
242.99999999999997 0.7093062454176259
242.99999999999997 0.7026927361932023
242.99999999999997 0.7034841238101959
242.99999999999997 0.704918062204466
242.99999999999997 0.697677855184779
242.99999999999997 0.7098673981189908
242.99999999999997 0.7113711405063163
242.99999999999997 0.7063994435130699
242.99999999999997 0.7076420721077271
242.99999999999997 0.7085476303475817
242.99999999999997 0.7091103211912126
242.99999999999997 0.7118551540309294
242.99999999999997 0.705489626374056
242.99999999999997 0.7089737894896292
242.99999999999997 0.7099773098426925
242.99999999999997 0.7082641554761896
242.99999999999997 0.7065436659259898
242.99999999999997 0.7108500955355977
242.99999999999997 0.7101346644807293
242.99999999999997 0.7128972439723679
242.99999999999997 0.7122647491356784
242.99999999999997 0.7112153240105453
242.99999999999997 0.7102711961823147
242.99999999999997 0.709267675829251
242.99999999999997 0.7126523386893506
242.99999999999997 0.7182087320773033
242.99999999999997 0.7197332974010864
242.99999999999997 0.7172646042490713
242.99999999999997 0.7180810737016808
242.99999999999997 0.7129477631712402
242.99999999999997 0.7116295335420948
242.99999999999997 0.7120229201371945
242.99999999999997 0.7096803472185346
242.99999999999997 0.7111366466915252
242.99999999999997 0.71022221512571
242.99999999999997 0.7069088944009384
242.99999999999997 0.7085611181003454
242.99999999999997 0.7095839232475966
242.99999999999997 0.7049419614254562
242.99999999999997 0.7060924249483262
242.99999999999997 0.7139898531126766
242.99999999999997 0.7116295335420976
242.99999999999997 0.7106067283948456
242.99999999999997 0.7101346644807318
242.99999999999997 0.7121802747752329
242.99999999999997 0.7140685304316982
242.99999999999997 0.7174076188451581
242.99999999999997 0.7161928180452174
242.99999999999997 0.7132520609790889
242.99999999999997 0.7116295335420989
242.99999999999997 0.7110001149899438
242.99999999999997 0.7074606518125842
242.99999999999997 0.7050993160634944
242.99999999999997 0.7090331820144615
242.99999999999997 0.708954504695443
242.99999999999997 0.7059647665727077
242.99999999999997 0.7057287346156506
242.99999999999997 0.7066728624438816
242.99999999999997 0.7110787923089646
242.99999999999997 0.71029201911877
242.99999999999997 0.7070598740882876
242.99999999999997 0.7136751438365995
242.99999999999997 0.7112643050671498
242.99999999999997 0.7202053613152022
242.99999999999997 0.7234311313949949
242.99999999999997 0.7188425734179353
242.99999999999997 0.7173328700998644
242.99999999999997 0.7168222365973719
242.99999999999997 0.7117082108611166
242.99999999999997 0.7157994314501199
242.99999999999997 0.7157207541311005
242.99999999999997 0.7147766263028681
242.99999999999997 0.7138489011694126
242.99999999999997 0.7199693293581444
242.99999999999997 0.7228803901618603
242.99999999999997 0.7242965819042083
242.99999999999997 0.7248473231373422
242.99999999999997 0.7140157352391746
242.99999999999997 0.7146754522123075
242.99999999999997 0.7183853715095297
242.99999999999997 0.7160354634071798
242.99999999999997 0.7144139521486982
242.99999999999997 0.7147854996288313
242.99999999999997 0.7182280168714924
242.99999999999997 0.7176876871065851
242.99999999999997 0.7172943005114881
242.99999999999997 0.7157207541311021
242.99999999999997 0.71485530362189
242.99999999999997 0.715091335578948
242.99999999999997 0.7155633994930635
242.99999999999997 0.7156420768120829
242.99999999999997 0.7146979489838512
242.99999999999997 0.7146979489838515
242.99999999999997 0.7141472077507159
242.99999999999997 0.7154060448550247
242.99999999999997 0.7146979489838506
242.99999999999997 0.7159567860881599
242.99999999999997 0.7158781087691409
242.99999999999997 0.7146979489838514
242.99999999999997 0.7135177891985616
242.99999999999997 0.7149532657350971
242.99999999999997 0.7193432094721465
242.99999999999997 0.7229728855590747
242.99999999999997 0.7258581786740989
242.99999999999997 0.7236953214722007
242.99999999999997 0.7217387999649455
242.99999999999997 0.7200672914713532
242.99999999999997 0.7161824065769907
242.99999999999997 0.7142076164540564
242.99999999999997 0.7174308322130704
242.99999999999997 0.7217789076955872
242.99999999999997 0.7254767416894946
242.99999999999997 0.7242965819042037
242.99999999999997 0.7251966734280676
242.99999999999997 0.7191103339944284
242.99999999999997 0.717954267615249
242.99999999999997 0.7208317035828227
242.99999999999997 0.7201236077116487
242.99999999999997 0.7185604727994902
242.99999999999997 0.7208910961076542
242.99999999999997 0.7187386503739849
242.99999999999997 0.7191617332314972
242.99999999999997 0.7181092318218298
242.99999999999997 0.7155618613507964
242.99999999999997 0.7088709970619941
242.99999999999997 0.7079062621849335
242.99999999999997 0.7070751223649366
242.99999999999997 0.7094844229921201
242.99999999999997 0.7097397397433675
242.99999999999997 0.7107922411530324
242.99999999999997 0.7091400174536284
242.99999999999997 0.7120213819949268
242.99999999999997 0.7143520053030907
242.99999999999997 0.7148834617420377
242.99999999999997 0.7172140850502006
242.99999999999997 0.7211286662069787
242.99999999999997 0.720056880003124
242.99999999999997 0.7186005805301325
242.99999999999997 0.7175095095320895
242.99999999999997 0.7156702349322307
242.99999999999997 0.718483333622737
242.99999999999997 0.717243781312616
242.99999999999997 0.7183348523106602
242.99999999999997 0.7179815734462066
242.99999999999997 0.7171843887877865
242.99999999999997 0.7182858712540566
242.99999999999997 0.7211286662069796
242.99999999999997 0.7228194594947611
242.99999999999997 0.7200657533290838
242.99999999999997 0.7193576574579119
242.99999999999997 0.7153154179255103
242.99999999999997 0.7197109363223652
242.99999999999997 0.7187668084941334
242.99999999999997 0.714948651308296
242.99999999999997 0.7183229027001651
242.99999999999997 0.7179266037098535
242.99999999999997 0.7180569091415538
242.99999999999997 0.711052753234635
242.99999999999997 0.7144422767049609
242.99999999999997 0.7128702684668411
242.99999999999997 0.707999609871338
242.99999999999997 0.7047753779338133
242.99999999999997 0.7048347704586448
242.99999999999997 0.7019534059173458
242.99999999999997 0.7063682091083879
242.99999999999997 0.7098998151382994
242.99999999999997 0.7000665310078259
242.99999999999997 0.7011785328861359
242.99999999999997 0.6927544485859982
242.99999999999997 0.6930879507037782
242.99999999999997 0.7042527948208278
242.99999999999997 0.7072336596176009
242.99999999999997 0.6969373422943017
242.99999999999997 0.7009410122383244
242.99999999999997 0.7022858618453427
242.99999999999997 0.7068684311426522
242.99999999999997 0.7117984822629878
242.99999999999997 0.7021018872294252
242.99999999999997 0.7011592975434591
242.99999999999997 0.7036087059012845
242.99999999999997 0.7103927019888663
242.99999999999997 0.699780137247219
242.99999999999997 0.7102635054709762
242.99999999999997 0.6970946969323366
242.99999999999997 0.7006158914940186
242.99999999999997 0.7049832517707235
242.99999999999997 0.6926694822730707
242.99999999999997 0.7006961069553058
242.99999999999997 0.699308073333108
242.99999999999997 0.6981634068516591
242.99999999999997 0.6915128661811233
242.99999999999997 0.6925580324070981
242.99999999999997 0.6905646003855382
242.99999999999997 0.690494901789499
242.99999999999997 0.6857230293998916
242.99999999999997 0.6871255049613518
242.99999999999997 0.6971880446187421
242.99999999999997 0.6852260158432721
242.99999999999997 0.681935056197226
242.99999999999997 0.6932290968321618
242.99999999999997 0.6932337112589686
242.99999999999997 0.6899647571639957
242.99999999999997 0.6807136060666693
242.99999999999997 0.6876711653019423
242.99999999999997 0.6926501974788816
242.99999999999997 0.6902081243047473
242.99999999999997 0.690827131388672
242.99999999999997 0.6817927274542157
242.99999999999997 0.6885736472572636
242.99999999999997 0.6783648805789388
242.99999999999997 0.6832251277062172
242.99999999999997 0.6781913174312473
242.99999999999997 0.6855395425047286
242.99999999999997 0.6851149215049466
242.99999999999997 0.6869302968838155
242.99999999999997 0.6843161987042595
242.99999999999997 0.6896797441503334
242.99999999999997 0.684182743287213
242.99999999999997 0.6952909156363188
242.99999999999997 0.6911464550915564
242.99999999999997 0.6959874174246413
242.99999999999997 0.6909297079286848
242.99999999999997 0.6870583107870839
242.99999999999997 0.6890784837183241
242.99999999999997 0.6859641635045102
242.99999999999997 0.6902617197881572
242.99999999999997 0.6784778685871766
242.99999999999997 0.6805219407394112
242.99999999999997 0.6904248714676186
242.99999999999997 0.6801196808183542
242.99999999999997 0.6819470058077167
242.99999999999997 0.6901934539373636
242.99999999999997 0.6861704991991515
242.99999999999997 0.6831688114659206
242.99999999999997 0.6838961921312826
242.99999999999997 0.675766990909035
242.99999999999997 0.691101732934109
242.99999999999997 0.6838726484379379
242.99999999999997 0.6843844645550473
242.99999999999997 0.6825393929137639
