88.0 1.4716858269136002
88.0 1.5172136192374388
88.0 1.5246108253675232
88.0 1.5250250348990742
88.0 1.5236489508873712
88.0 1.5142223429724377
88.0 1.5194107871285534
88.0 1.5281439695396997
88.0 1.5274968043356247
88.0 1.5239370401855667
88.0 1.527131575860675
88.0 1.5109371803678162
88.0 1.5207097319635074
88.0 1.5278292602636223
88.0 1.5266506386205998
88.0 1.529797731381372
88.0 1.5289635152768426
88.0 1.5316354678389634
88.0 1.53443969320351
88.0 1.5374695390568887
88.0 1.5325425642210868
88.0 1.5229215702220105
88.0 1.5315968982505883
88.0 1.5225949113354353
88.0 1.531469239874966
88.0 1.5241669195735568
88.0 1.5257138459760609
88.0 1.5294637373111069
88.0 1.5312243345919483
88.0 1.5290198315171393
88.0 1.5272419817991287
88.0 1.5317423032781314
88.0 1.533602400814445
88.0 1.5344381550612447
88.0 1.5250734939919202
88.0 1.5229200320797405
88.0 1.5321090698953477
88.0 1.5367213354550726
88.0 1.5337925279994375
88.0 1.532287247469842
88.0 1.5347262443594396
88.0 1.536563980817033
88.0 1.5404118342652866
88.0 1.540008036201963
88.0 1.541885880390199
88.0 1.536417037647221
88.0 1.5349237067281216
88.0 1.531164942067114
88.0 1.5416810828378222
88.0 1.5375393430499467
88.0 1.5313697396194905
88.0 1.5392999403307879
88.0 1.5353333018328705
88.0 1.542060981680156
88.0 1.5436183195508888
88.0 1.536563980817033
88.0 1.5336651999492448
88.0 1.5360919169029166
88.0 1.5385100908560596
88.0 1.5364675568460942
88.0 1.531273315648551
88.0 1.5341056991332462
88.0 1.5344115350833627
88.0 1.5327488999157297
88.0 1.5309481949042454
88.0 1.5312461737069103
88.0 1.5315567905199443
88.0 1.5278500832000754
88.0 1.5339973255518107
88.0 1.5312123849814525
88.0 1.5282835775258155
88.0 1.5326895073908977
88.0 1.5373507540072244
88.0 1.5351404538909916
88.0 1.5304938776420496
88.0 1.5319413037890803
88.0 1.5310388218337607
88.0 1.530248972359031
88.0 1.5315864867823599
88.0 1.5265897079534994
88.0 1.5300410985221211
88.0 1.5267381892655782
88.0 1.5335075149857724
88.0 1.5282554194056688
88.0 1.535720891386542
88.0 1.5398788396840701
88.0 1.5297690512974655
88.0 1.5263567522809767
88.0 1.5339587559634351
88.0 1.537341880681266
88.0 1.5418754689219698
88.0 1.5274772481557972
88.0 1.5341891295661745
88.0 1.5438038323090786
88.0 1.5467534627011685
88.0 1.5458169978352663
88.0 1.5476878649142494
88.0 1.5438261933878008
88.0 1.5458629303563418
88.0 1.543787623799424
88.0 1.5419186529371474
88.0 1.5397349727987932
88.0 1.5405514422514022
88.0 1.54095370217246
88.0 1.541296569568685
88.0 1.539672503989428
88.0 1.5371162601924353
88.0 1.533979578899891
88.0 1.5304703339487056
88.0 1.5282777804843939
88.0 1.5299300041837987
88.0 1.5305401379417658
88.0 1.527265386805371
88.0 1.5304317643603322
88.0 1.5282642927316308
88.0 1.5262776674360088
88.0 1.5313164996637294
88.0 1.5338727434607236
88.0 1.5363117403503244
88.0 1.5399012007627955
88.0 1.5415742473986576
88.0 1.5403346950885366
88.0 1.537479950525119
88.0 1.5331631094472848
88.0 1.5285076598723828
88.0 1.5296596615375242
88.0 1.529769573261227
88.0 1.5261785747064869
88.0 1.5234618999869192
88.0 1.5258206814152313
88.0 1.5255981372109362
88.0 1.523148728853109
88.0 1.5264041951953167
88.0 1.524769718147831
88.0 1.5264871314134933
88.0 1.5296373004588006
88.0 1.528917254977133
88.0 1.524287242765491
88.0 1.5185019649130487
88.0 1.52233874229501
88.0 1.5320674240224443
88.0 1.5376268936949333
88.0 1.5346579785086523
88.0 1.5347544024795927
88.0 1.5362284486045035
88.0 1.5338650527493896
88.0 1.5329031782692366
88.0 1.5359715937109901
88.0 1.5359627203850303
88.0 1.5360221129098621
88.0 1.5316963985060683
88.0 1.531173815393083
88.0 1.527535373924007
88.0 1.5310446188751912
88.0 1.5307684791874894
88.0 1.530908087173607
88.0 1.5315479171939885
88.0 1.5370746143195262
88.0 1.539966390329053
88.0 1.537125133518397
88.0 1.5380588498784011
88.0 1.5398877130100332
88.0 1.5398892511523015
88.0 1.5428404196866579
88.0 1.5425361218788094
88.0 1.535081061366164
88.0 1.5368682786248855
88.0 1.5335534197578464
88.0 1.53023702274854
88.0 1.5213626942090137
88.0 1.512089512358393
88.0 1.50416818497306
88.0 1.503786417663024
88.0 1.5140619120498688
88.0 1.5152139137150136
88.0 1.5130425135125842
88.0 1.5162609484086833
88.0 1.5054937497858885
88.0 1.4931303133785516
88.0 1.4968674028139142
88.0 1.5018310787703912
88.0 1.4899787700803
88.0 1.4788019763527571
88.0 1.4952634743180382
88.0 1.4906853278092027
88.0 1.4913287560778747
88.0 1.494559992873664
88.0 1.4875785344173984
88.0 1.501504419883816
88.0 1.4953305575542035
88.0 1.4931557507418114
88.0 1.4963784445370651
88.0 1.4916562672536409
88.0 1.5029977508029178
88.0 1.4936914660799139
88.0 1.4951284807587177
88.0 1.494796024830721
88.0 1.4892276818322692
88.0 1.4784893271827009
88.0 1.477868423882064
88.0 1.4805992747542702
88.0 1.4748276723457128
88.0 1.4833857534668957
88.0 1.4801089422244726
88.0 1.4622624617193187
88.0 1.4593611794819723
88.0 1.4543845683499415
88.0 1.4397551507502022
88.0 1.4442155902416054
88.0 1.4552764422349633
88.0 1.4682757518924578
88.0 1.470500914014402
88.0 1.477445835239305
88.0 1.4684810714085914
88.0 1.4684281895272633
88.0 1.478676047757722
88.0 1.4844428693033633
88.0 1.4802344018069635
88.0 1.4822206195766359
88.0 1.4758928092189505
88.0 1.471981140457385
88.0 1.4838895737494504
88.0 1.4777704895178652
88.0 1.4818905540800962
88.0 1.4812170992235738
88.0 1.4749742851900882
88.0 1.4766394746784999
88.0 1.4788874920939172
88.0 1.483528437737546
88.0 1.4815654333357888
88.0 1.4748988480449212
88.0 1.4774317145846827
88.0 1.4773050723875703
88.0 1.4755390083907374
88.0 1.4859996852103363
88.0 1.480994033055518
88.0 1.476694416665846
88.0 1.4759839303632158
88.0 1.4745177136367447
88.0 1.470385891102346
88.0 1.4662525026766813
88.0 1.4689857439803413
88.0 1.4574909982560664
88.0 1.4633561399893558
88.0 1.4745771364573812
88.0 1.4641523084692656
88.0 1.4681595489125767
88.0 1.4775953604788996
88.0 1.4663440096443898
88.0 1.4792984614516174
88.0 1.4788344185742726
88.0 1.4805882026351747
88.0 1.470858835054663
88.0 1.4697261181837096
