7.0 2.3103446597436115
7.0 2.328880090012865
7.0 2.3259779025351097
7.0 2.323794222396758
7.0 2.3342494325003655
7.0 2.3258205478970724
7.0 2.331827329973496
7.0 2.3284658804813123
7.0 2.332528942950168
7.0 2.3339154384301004
7.0 2.3287910012256177
7.0 2.3258784022796357
7.0 2.331908397723974
7.0 2.3282027065826147
7.0 2.330493744123894
7.0 2.327533702263575
7.0 2.32759155664614
7.0 2.328278829580858
7.0 2.3346057876493536
7.0 2.3332756084097195
7.0 2.3342004514437633
7.0 2.333189595907007
7.0 2.3335413366291915
7.0 2.3290181598567146
7.0 2.331039018641036
7.0 2.3339451346925166
7.0 2.331152858938464
7.0 2.3365117899577386
7.0 2.3316040999161243
7.0 2.330089946060571
7.0 2.3328556018367412
7.0 2.3299414647484915
7.0 2.3304432249250224
7.0 2.333198469232966
7.0 2.316989403372721
7.0 2.323173677170564
7.0 2.328958767331884
7.0 2.326813656781908
7.0 2.331250821051671
7.0 2.3324205693687325
7.0 2.3276598224969316
7.0 2.324570584118722
7.0 2.3302087311102326
7.0 2.3273748094832705
7.0 2.330455174535519
7.0 2.329147356374606
7.0 2.3291546915582986
7.0 2.3322439299365074
7.0 2.32923183073505
7.0 2.335883909547851
7.0 2.326133719030882
7.0 2.3376934878852937
7.0 2.3339169765723677
7.0 2.3353717379030914
7.0 2.3400954533287845
7.0 2.3318312585472234
7.0 2.3320672905042805
7.0 2.3376726649488413
7.0 2.338036355281522
7.0 2.330100357528799
7.0 2.3383124949692213
7.0 2.3354785733422587
7.0 2.331939632128657
7.0 2.3383437293739053
7.0 2.332560177354852
7.0 2.334674053500146
7.0 2.3275410374472694
7.0 2.33402688829607
7.0 2.3359344287467225
7.0 2.3413022330919566
7.0 2.3355587888035476
7.0 2.334773553755619
7.0 2.3348996739889762
7.0 2.332646189857563
7.0 2.331593688447899
7.0 2.3320746256879743
7.0 2.3282363314187577
7.0 2.3296163440041875
7.0 2.3301597500536295
7.0 2.3326195698796837
7.0 2.334988762776224
7.0 2.329724717585623
7.0 2.3271684737886282
7.0 2.330394243868421
7.0 2.335275313932153
7.0 2.333407881212145
7.0 2.331682777235145
7.0 2.332301784319072
7.0 2.3306406872937075
7.0 2.326104022768466
7.0 2.3328837599568883
7.0 2.330927238449634
7.0 2.325495427152768
7.0 2.331026738705109
7.0 2.3391289644218287
7.0 2.339111217769908
7.0 2.3383822989622787
7.0 2.336691505674499
7.0 2.3373313356948793
7.0 2.333511640366775
7.0 2.332254341404733
7.0 2.3319500435968834
7.0 2.3295287933592044
7.0 2.3275128793271187
7.0 2.330888668861257
7.0 2.3319500435968843
7.0 2.3297856482527175
7.0 2.334074331210405
7.0 2.3324919115040585
7.0 2.3359922831292854
7.0 2.337497563658878
7.0 2.336366384930191
7.0 2.3374381711340466
7.0 2.3395936931522505
7.0 2.335313883520525
7.0 2.3330371860212007
7.0 2.3326862975882046
7.0 2.3349293702513867
7.0 2.3360045630652113
7.0 2.3333751086651917
7.0 2.3376564564391846
7.0 2.3384817992177545
7.0 2.336482093695321
7.0 2.3396692941867356
7.0 2.333268273226023
7.0 2.3381728869831018
7.0 2.3352440795274667
7.0 2.3364435241069454
7.0 2.334564141776442
7.0 2.3374069367293635
7.0 2.335539504009356
7.0 2.3348433577486785
7.0 2.339417053720027
7.0 2.3360902452424908
7.0 2.3387860970256047
7.0 2.3378226844031853
7.0 2.3457409355039878
7.0 2.336602416887251
7.0 2.3323731264543968
7.0 2.3341410589189304
7.0 2.3358646247536625
7.0 2.3361793340297385
7.0 2.3385292421320902
7.0 2.3364878907367457
7.0 2.3311601941221554
7.0 2.325891890032396
7.0 2.3271403156684776
7.0 2.3281986141195694
7.0 2.3323715883121285
7.0 2.3300112687415506
7.0 2.3265494667047006
7.0 2.329883610365928
7.0 2.3359151439525334
7.0 2.3319203473344694
7.0 2.3271877585828165
7.0 2.330691206492576
7.0 2.326147206783644
7.0 2.327643613987278
7.0 2.330477535614241
7.0 2.3317155497820936
7.0 2.334941319861887
7.0 2.3337507486083697
7.0 2.3386970082383587
7.0 2.3367805944617444
7.0 2.334871515868825
7.0 2.333887280309949
7.0 2.336483631837589
7.0 2.3281615826734625
7.0 2.3364346507809834
7.0 2.3312789791718203
7.0 2.3265825695770834
7.0 2.327935962184632
7.0 2.32863364658758
7.0 2.3260565798541304
7.0 2.325131736820086
7.0 2.3254761423585797
7.0 2.3287894630833494
7.0 2.3281631208157285
7.0 2.333336539076816
7.0 2.32262601222196
7.0 2.3167414218051636
7.0 2.310521299175837
7.0 2.3030172576065886
7.0 2.307559719173254
7.0 2.3108271351259577
7.0 2.320029660694326
7.0 2.322683866604528
7.0 2.3244261952696896
7.0 2.3219252515344806
7.0 2.3186697851922737
7.0 2.3175401446058563
7.0 2.317825157619519
7.0 2.3194773813189253
7.0 2.316987865230456
7.0 2.3165632442306756
7.0 2.3193096152126573
7.0 2.3166939788908323
7.0 2.31376363329293
7.0 2.3121989602385034
7.0 2.314241494248471
7.0 2.317321859300718
7.0 2.3182868100654055
7.0 2.316071895522371
7.0 2.3120963836984942
7.0 2.3210316429051217
7.0 2.3155242305737693
7.0 2.3085960120732683
7.0 2.3024753896994166
7.0 2.304219778470604
7.0 2.3029385802875733
7.0 2.3053567542407114
7.0 2.30618824958835
7.0 2.310839084736452
7.0 2.3085366195484354
7.0 2.3043755949663747
7.0 2.3038144422650104
7.0 2.3097360641279137
7.0 2.3075924917202046
7.0 2.30691988915287
7.0 2.3080229097614082
7.0 2.3057917867087174
7.0 2.301090432361749
7.0 2.2989765562164557
7.0 2.300469887135555
7.0 2.3009989531430444
7.0 2.3025274470405512
7.0 2.303679448705693
7.0 2.3045136648102234
7.0 2.3060744092909244
7.0 2.3003784079168517
7.0 2.2968090845877565
7.0 2.2990833916556235
7.0 2.3037743345343644
7.0 2.302968276549985
7.0 2.30609608451657
7.0 2.303842600385159
7.0 2.2988770559609835
7.0 2.299623721420532
7.0 2.2974030098360703
7.0 2.2975275919271567
7.0 2.3001713863691315
7.0 2.29724104077123
7.0 2.295815975702922
7.0 2.2865226567689256
7.0 2.287107875127391
7.0 2.2874032996092786
7.0 2.2898511698248374
7.0 2.2885424993747354
7.0 2.2968522686029336
7.0 2.2954241272500893
7.0 2.301669331715032
7.0 2.3102216157947923
7.0 2.2998315952574426
7.0 2.2966829643544022
