130.0 1.1164321987559933
130.0 1.1577946759024065
130.0 1.15564769688473
130.0 1.1529340984496965
130.0 1.1660554640740002
130.0 1.1564749081309995
130.0 1.1634783973405507
130.0 1.163191846184624
130.0 1.1675206368729525
130.0 1.1659856600809424
130.0 1.1602615005867198
130.0 1.1583686305034555
130.0 1.1626515164197162
130.0 1.1676097256602
130.0 1.1697934057985535
130.0 1.1678739157374056
130.0 1.159023486418867
130.0 1.1648367347003363
130.0 1.1623190604917177
130.0 1.1655151343090948
130.0 1.1649836778701457
130.0 1.1698824945857995
130.0 1.1700101529614226
130.0 1.1723793458579612
130.0 1.1655344191032824
130.0 1.1599676142471014
130.0 1.163882195403876
130.0 1.1679437197304647
130.0 1.1673544089089551
130.0 1.1702743430386278
130.0 1.1657808625285673
130.0 1.1651691906283346
130.0 1.1702253619820249
130.0 1.1697934057985515
130.0 1.1648698375727178
130.0 1.1639608727228956
130.0 1.1708459072082211
130.0 1.1726554855456646
130.0 1.1718004465046798
130.0 1.1689472400835275
130.0 1.1745838489327693
130.0 1.1701081150746282
130.0 1.1682391442123552
130.0 1.1675607446035958
130.0 1.1724387383827943
130.0 1.1770421306165568
130.0 1.176765990928856
130.0 1.1726539474033963
130.0 1.1713372559165232
130.0 1.1641672084175396
130.0 1.169557373841496
130.0 1.1686518156016408
130.0 1.1627197822705104
130.0 1.1664384392008722
130.0 1.1710225466404465
130.0 1.1696152282240593
130.0 1.1712778633916916
130.0 1.1691045947215675
130.0 1.1688195817079043
130.0 1.1721922949575074
130.0 1.1699195260319075
130.0 1.1707464069527433
130.0 1.168964986735449
130.0 1.1698200257764357
130.0 1.1727831439212868
130.0 1.1738445186569129
130.0 1.1706098752511616
130.0 1.168770600651301
130.0 1.1730785684031768
130.0 1.1733739928850657
130.0 1.174347816975713
130.0 1.1729613214957797
130.0 1.1747412035708087
130.0 1.174456190557147
130.0 1.1760236403139699
130.0 1.1764231235326295
130.0 1.1725872196948721
130.0 1.1766680288156484
130.0 1.182009213183002
130.0 1.1799304722671096
130.0 1.1787047657841894
130.0 1.1769827380917262
130.0 1.1732255115729875
130.0 1.175723900987417
130.0 1.1752028560166963
130.0 1.1798552293070637
130.0 1.172930087091097
130.0 1.1692411264231475
130.0 1.170548944584061
130.0 1.1734704168560035
130.0 1.1711887746044418
130.0 1.1668202624564075
130.0 1.1629542760852951
130.0 1.1735579675009822
130.0 1.170165969457192
130.0 1.1699082345254792
130.0 1.1613954000722948
130.0 1.1673439974407254
130.0 1.171839016093053
130.0 1.1720557632559214
130.0 1.1773375550984435
130.0 1.1738653415933655
130.0 1.172498130907621
130.0 1.1665186546621527
130.0 1.166744275150984
130.0 1.1683668025879737
130.0 1.1695172661108488
130.0 1.172940498559323
130.0 1.1762939270147383
130.0 1.1781332016145984
130.0 1.180238204433932
130.0 1.1814777567440524
130.0 1.1848905777242993
130.0 1.1870148653378212
130.0 1.1864240163740425
130.0 1.180846083900754
130.0 1.1800055790868416
130.0 1.1798047101081925
130.0 1.1824708656288891
130.0 1.1814970415382409
130.0 1.1812417247869966
130.0 1.180601894766613
130.0 1.1767917586175458
130.0 1.1760964646460568
130.0 1.1796681784066094
130.0 1.1790684561168707
130.0 1.1835233670385552
130.0 1.1810739586807286
130.0 1.1788795154937037
130.0 1.1761882438943947
130.0 1.1736485944304962
130.0 1.1755665463493747
130.0 1.178811601223356
130.0 1.1776997072888578
130.0 1.1807102683480477
130.0 1.1819988017147711
130.0 1.1790387598544547
130.0 1.1750069317902818
130.0 1.1728454770378343
130.0 1.1766111906115952
130.0 1.1805513755677421
130.0 1.1807384264681966
130.0 1.1785458730038827
130.0 1.1831284423011927
130.0 1.1846530076249757
130.0 1.1811021168008786
130.0 1.1771192697933086
130.0 1.1774443905376106
130.0 1.1814762186017846
130.0 1.1805128059793641
130.0 1.1767258831982104
130.0 1.178407803160033
130.0 1.1783379991669733
130.0 1.1736277714940424
130.0 1.1764200472480957
130.0 1.17739540948101
130.0 1.1814866300700135
130.0 1.1824500426924331
130.0 1.1796963365267565
130.0 1.1753289762500516
130.0 1.177591333707424
130.0 1.1726049663467908
130.0 1.1761068761142854
130.0 1.1762835155465112
130.0 1.1730384606725321
130.0 1.1772083585805555
130.0 1.1722798456024859
130.0 1.1749147667185014
130.0 1.1711872364621756
130.0 1.1588089662456276
130.0 1.1490479887152136
130.0 1.1502765899261425
130.0 1.1484788320003685
130.0 1.144055155483365
130.0 1.1463472092031528
130.0 1.1517092165069631
130.0 1.147506546051989
130.0 1.1447825361487267
130.0 1.147126647209654
130.0 1.1476847236264829
130.0 1.1472341449846164
130.0 1.1286687270497415
130.0 1.1256358929043764
130.0 1.1332050206423987
130.0 1.141966361173686
130.0 1.1484105661495776
130.0 1.1308759354765026
130.0 1.1361072081201538
130.0 1.1379954637766152
130.0 1.1400233274191947
130.0 1.1422752734083395
130.0 1.1367100066944256
130.0 1.1383028378690008
130.0 1.1356455556742622
130.0 1.1316033161418626
130.0 1.1350948144411277
130.0 1.1329215457710045
130.0 1.138497223953143
130.0 1.1322952035033809
130.0 1.1311520751642021
130.0 1.136138442524833
130.0 1.1383653066783668
130.0 1.1378026158347323
130.0 1.1320310134261746
130.0 1.14000250448274
130.0 1.1355965746176562
130.0 1.1221657393972702
130.0 1.1206606863511672
130.0 1.1174741443968965
130.0 1.1317597907417036
130.0 1.1250241176066529
130.0 1.1332644131672271
130.0 1.1249319525348749
130.0 1.1266362335754165
130.0 1.1204905293659515
130.0 1.116978208130228
130.0 1.1212742262716096
130.0 1.1235871029278526
130.0 1.1301203966909903
130.0 1.1213247454704822
130.0 1.1193223191911565
130.0 1.1162330808129461
130.0 1.1241289708350255
130.0 1.120686453592364
130.0 1.1203138899337242
130.0 1.1149148511838083
130.0 1.1195938444520568
130.0 1.1172929174063102
130.0 1.1254086308757936
130.0 1.1247302312670344
130.0 1.1196844713815708
130.0 1.1096642937459713
130.0 1.1186230966459434
130.0 1.1146209648441865
130.0 1.1165597396995213
130.0 1.1182995140439074
130.0 1.121927544044753
130.0 1.118927394453793
130.0 1.1167822839038137
130.0 1.119705294318024
130.0 1.1239152999566933
130.0 1.1221843989382676
130.0 1.1115926571330763
130.0 1.116923430032204
130.0 1.1240919393889173
130.0 1.123688141325598
130.0 1.115870928622536
130.0 1.124703611289152
130.0 1.1218102971373585
130.0 1.1136961218101442
130.0 1.117960905546837
130.0 1.1252408647695296
130.0 1.123204127800986
130.0 1.118743419837875
