241.0 0.6479327033138226
241.0 0.6744304916947671
241.0 0.6789441067414121
241.0 0.6866258316704051
241.0 0.688570403567166
241.0 0.6768776735104562
241.0 0.689582797246189
241.0 0.6918748509659756
241.0 0.6888048973819549
241.0 0.6934707584250862
241.0 0.697265016389934
241.0 0.6953501407555871
241.0 0.6955757612444188
241.0 0.6925058076603972
241.0 0.6965198890726496
241.0 0.6924167188731531
241.0 0.6902850960759351
241.0 0.6923010101080223
241.0 0.6821659507942756
241.0 0.6935999549429759
241.0 0.6966475474482734
241.0 0.6924464151355672
241.0 0.6877080293424901
241.0 0.6923291682281717
241.0 0.6931190177028999
241.0 0.6972800422849644
241.0 0.6943273356083377
241.0 0.7014796364554022
241.0 0.7001822297627168
241.0 0.6984690753962136
241.0 0.6960316166488808
241.0 0.6989291896998324
241.0 0.6994741338915411
241.0 0.7003781539891322
241.0 0.7003156851797654
241.0 0.6992469752604443
241.0 0.6974670931854172
241.0 0.6976333211494146
241.0 0.6973587196039821
241.0 0.7002312108193212
241.0 0.7024831568084655
241.0 0.69736913107221
241.0 0.7035059619557154
241.0 0.7007032747334389
241.0 0.6926292071368607
241.0 0.6949108493884217
241.0 0.6971138143209632
241.0 0.6964739843005802
241.0 0.6966996047894107
241.0 0.6949895267074417
241.0 0.6983726514252723
241.0 0.6993167792535058
241.0 0.6994741338915441
241.0 0.6949301341826083
241.0 0.7003395844007556
241.0 0.6951750394656288
241.0 0.6932586256890171
241.0 0.694989526707443
241.0 0.6959336545356746
241.0 0.6967204277258701
241.0 0.7057579079448603
241.0 0.708964393230464
241.0 0.7053452365555775
241.0 0.703801386437607
241.0 0.7029359359283934
241.0 0.7013000846279597
241.0 0.6996314885295823
241.0 0.7038800637566267
241.0 0.7030932905664334
241.0 0.7030146132474122
241.0 0.7017557761431039
241.0 0.7025425493332966
241.0 0.7029359359283947
241.0 0.6992381019344851
241.0 0.7005645749820147
241.0 0.706083028689165
241.0 0.702492030134425
241.0 0.7063977379652404
241.0 0.7099382173211097
241.0 0.7062858220810189
241.0 0.7059746551077285
241.0 0.7047455142658365
241.0 0.6990020699774268
241.0 0.7022278400572186
241.0 0.7015984215050635
241.0 0.694517462793325
241.0 0.706948479198378
241.0 0.7100168946401292
241.0 0.71017424927817
241.0 0.7074992204315138
241.0 0.7083646709407265
241.0 0.6999218390604128
241.0 0.6973323285017161
241.0 0.7007819520524569
241.0 0.703958741075645
241.0 0.7043695162482231
241.0 0.7032491070622031
241.0 0.7028572586093751
241.0 0.7024638720142796
241.0 0.7036440317995698
241.0 0.7033293225234922
241.0 0.7035653544805505
241.0 0.7028572586093765
241.0 0.7040374183946657
241.0 0.7038800637566269
241.0 0.7023851946952605
241.0 0.7025425493332994
241.0 0.7001822297627206
241.0 0.7003395844007589
241.0 0.6990020699774306
241.0 0.699474133891546
241.0 0.6996314885295842
241.0 0.7028572586093753
241.0 0.7078139297075912
241.0 0.704105684245454
241.0 0.7045614772104193
241.0 0.704334711344253
241.0 0.7051952171012311
241.0 0.7066025355176178
241.0 0.7100064831719026
241.0 0.7128195818624117
241.0 0.7122777139552365
241.0 0.7089278559991077
241.0 0.7112549088079848
241.0 0.7100955719591491
241.0 0.7113544090634581
241.0 0.7104889585542462
241.0 0.7054536101370112
241.0 0.702349509753093
241.0 0.6989585278878128
241.0 0.7012212434196236
241.0 0.701546364163927
241.0 0.7026879543608416
241.0 0.7019605736954786
241.0 0.7038488293519432
241.0 0.7089435702940102
241.0 0.7068296941487162
241.0 0.7070553146375467
241.0 0.7049035053054412
241.0 0.707319504714753
241.0 0.7089539817622355
241.0 0.7086689687485739
241.0 0.7140977037609071
241.0 0.7132025569892795
241.0 0.7166940552885451
241.0 0.7169108024514156
241.0 0.7164580233314874
241.0 0.7111079656381742
241.0 0.7128388666565997
241.0 0.7092494062441259
241.0 0.7060236361643334
241.0 0.7058855663204822
241.0 0.7067510168296958
241.0 0.708156797103816
241.0 0.7081375123096276
241.0 0.7056688191576135
241.0 0.7074487012326413
241.0 0.7064066112912014
241.0 0.7093369568891043
241.0 0.7071235804883357
241.0 0.7070850108999601
241.0 0.7043698743226599
241.0 0.7091394945204215
241.0 0.7053629832074957
241.0 0.7028838785872529
241.0 0.7046043681374514
241.0 0.7014661487026398
241.0 0.699539323457799
241.0 0.7019871936733586
241.0 0.7057529354436176
241.0 0.6962365290865556
241.0 0.6927637372247225
241.0 0.692636186792911
241.0 0.6932717579141345
241.0 0.6950886714352732
241.0 0.697892896799821
241.0 0.701837174219014
241.0 0.7028719289767619
241.0 0.7029000870969088
241.0 0.7022498456082982
241.0 0.6893987731787604
241.0 0.6792561816565901
241.0 0.6920973392247673
241.0 0.6846631575940825
241.0 0.6899167913164552
241.0 0.6841093400764121
241.0 0.6799556506780413
241.0 0.6879155476517549
241.0 0.6815901277255242
241.0 0.687099078199143
241.0 0.6850742908410983
241.0 0.688711194167907
241.0 0.6823799772002563
241.0 0.686058526399973
241.0 0.6850712145565633
241.0 0.6817386090376044
241.0 0.6873084901783215
241.0 0.6833939090215451
241.0 0.6857156590037498
241.0 0.6887856125877687
241.0 0.6849007276934073
241.0 0.6843588597862313
241.0 0.6889607138777276
241.0 0.6920395407877082
241.0 0.6941742398694569
241.0 0.6780276428185797
241.0 0.6837212043096854
241.0 0.6665498781458415
241.0 0.6758026016284373
241.0 0.6693928889863876
241.0 0.6797196187209823
241.0 0.6743680228854027
241.0 0.6716752473868272
241.0 0.6706686507492288
241.0 0.6631530150971261
241.0 0.6777083191157001
241.0 0.6833094346610995
241.0 0.6816838309395742
241.0 0.6769246222100403
241.0 0.6801947589196337
241.0 0.6725734704429893
241.0 0.6773789394722352
241.0 0.6732179148901727
241.0 0.6809579884164803
241.0 0.6713103744395219
241.0 0.6712806781771086
241.0 0.6702000186472904
241.0 0.6698050939099257
241.0 0.6854915766571849
241.0 0.679503227085759
241.0 0.6806463554249382
241.0 0.6746148218383321
241.0 0.6682982752380643
241.0 0.6751655630714674
241.0 0.68010141123323
241.0 0.680236404792545
241.0 0.6698837712289459
241.0 0.6752650633269436
241.0 0.6731376994288875
241.0 0.6734227124425488
241.0 0.6690152444352016
241.0 0.6692362504972279
241.0 0.6691872694406246
241.0 0.6672041279554891
241.0 0.6656957711413597
241.0 0.6704522591140016
241.0 0.6764286590749334
241.0 0.6723702110328815
241.0 0.6755766963184864
241.0 0.6743787898812742
241.0 0.6725676734015634
241.0 0.6710920891343852
241.0 0.6757949816236237
241.0 0.6665970704820584
