253.00000000000003 0.6903733191919816
253.00000000000003 0.7323062793431827
253.00000000000003 0.7342867000714294
253.00000000000003 0.7297561881152588
253.00000000000003 0.7367658046916712
253.00000000000003 0.722979663351683
253.00000000000003 0.7356242144947567
253.00000000000003 0.7401770875296491
253.00000000000003 0.738092907646771
253.00000000000003 0.7400926131692052
253.00000000000003 0.7439478018011508
253.00000000000003 0.7411019305636924
253.00000000000003 0.7431417438167699
253.00000000000003 0.7396679921694251
253.00000000000003 0.7397096380423354
253.00000000000003 0.7362729178411
253.00000000000003 0.7384804972004414
253.00000000000003 0.7399441318571269
253.00000000000003 0.7258195762051936
253.00000000000003 0.7407428546578158
253.00000000000003 0.7436153458731534
253.00000000000003 0.7381611734975634
253.00000000000003 0.736195778664349
253.00000000000003 0.7388989656311528
253.00000000000003 0.7424143631514082
253.00000000000003 0.7494062330758998
253.00000000000003 0.7394913527371989
253.00000000000003 0.745729222018448
253.00000000000003 0.7456906524300717
253.00000000000003 0.743269402192393
253.00000000000003 0.7389293477466445
253.00000000000003 0.7450419490837279
253.00000000000003 0.7481890418445009
253.00000000000003 0.7467134575773222
253.00000000000003 0.7460384645785324
253.00000000000003 0.7443323150702864
253.00000000000003 0.7442343529570803
253.00000000000003 0.7432589907241652
253.00000000000003 0.7409507284947255
253.00000000000003 0.7413826846781975
253.00000000000003 0.7450612338779163
253.00000000000003 0.7438201434255279
253.00000000000003 0.7485913017655573
253.00000000000003 0.746906305519202
253.00000000000003 0.7464550645415405
253.00000000000003 0.7472923569306054
253.00000000000003 0.7464284445636602
253.00000000000003 0.7427691801581272
253.00000000000003 0.7453744050117268
253.00000000000003 0.7422674199815956
253.00000000000003 0.7449825565588961
253.00000000000003 0.7489654035664663
253.00000000000003 0.7456312599052389
253.00000000000003 0.7455036015296131
253.00000000000003 0.7492118469917503
253.00000000000003 0.7444615115881767
253.00000000000003 0.7422971162440122
253.00000000000003 0.7427603068321676
253.00000000000003 0.7428509337616829
253.00000000000003 0.743339206185452
253.00000000000003 0.7447941314054943
253.00000000000003 0.7429666425268106
253.00000000000003 0.7391114538948663
253.00000000000003 0.7384330542861098
253.00000000000003 0.7407146965376692
253.00000000000003 0.740776121419519
253.00000000000003 0.7428389841511898
253.00000000000003 0.7483463964825424
253.00000000000003 0.744333853212559
253.00000000000003 0.7426029521941327
253.00000000000003 0.741973533641978
253.00000000000003 0.742602952194132
253.00000000000003 0.7449632717647123
253.00000000000003 0.7454353356788276
253.00000000000003 0.7433417605062298
253.00000000000003 0.7408720511757079
253.00000000000003 0.7405573418996295
253.00000000000003 0.7435470800223624
253.00000000000003 0.749211846991752
253.00000000000003 0.7404908365727237
253.00000000000003 0.7439894476740612
253.00000000000003 0.746772850102154
253.00000000000003 0.7454353356788265
253.00000000000003 0.7448059171266714
253.00000000000003 0.7455140129978449
253.00000000000003 0.7430750161082467
253.00000000000003 0.7397872991828464
253.00000000000003 0.7444125305315735
253.00000000000003 0.7448059171266718
253.00000000000003 0.7412654377708037
253.00000000000003 0.7443338532125557
253.00000000000003 0.7446821595757664
253.00000000000003 0.7441402764600796
253.00000000000003 0.7453165506291632
253.00000000000003 0.7463007861880394
253.00000000000003 0.7506473235282892
253.00000000000003 0.7454442090047863
253.00000000000003 0.7471751100232112
253.00000000000003 0.7474022686543079
253.00000000000003 0.7475596232923463
253.00000000000003 0.7474022686543075
253.00000000000003 0.7474022686543077
253.00000000000003 0.7479530098874426
253.00000000000003 0.7473235913352883
253.00000000000003 0.7485037511205782
253.00000000000003 0.7487397830776358
253.00000000000003 0.7495265562678296
253.00000000000003 0.7494478789488099
253.00000000000003 0.7518081985193894
253.00000000000003 0.7507853933721385
253.00000000000003 0.7509427480101771
253.00000000000003 0.7496839109058686
253.00000000000003 0.7477956552494053
253.00000000000003 0.7493692016297919
253.00000000000003 0.7505879310034569
253.00000000000003 0.7490297408435342
253.00000000000003 0.7489222195512909
253.00000000000003 0.7496734994376422
253.00000000000003 0.7525845602413551
253.00000000000003 0.7501262785575683
253.00000000000003 0.7490544923537148
253.00000000000003 0.7461121971453168
253.00000000000003 0.743182158071038
253.00000000000003 0.740585500019776
253.00000000000003 0.7385904089241445
253.00000000000003 0.7422095655990337
253.00000000000003 0.7456713676358847
253.00000000000003 0.7409082303326231
253.00000000000003 0.739161565567786
253.00000000000003 0.7466050839958885
253.00000000000003 0.7457068609397248
253.00000000000003 0.7460809627406323
253.00000000000003 0.7516581790650437
253.00000000000003 0.7536949160335844
253.00000000000003 0.7556915452714836
253.00000000000003 0.7555638868958601
253.00000000000003 0.7543837271105711
253.00000000000003 0.7515987865402126
253.00000000000003 0.746594679021654
253.00000000000003 0.7434931264645172
253.00000000000003 0.7443219036020587
253.00000000000003 0.7442447644253065
253.00000000000003 0.7441660871062883
253.00000000000003 0.747676870199742
253.00000000000003 0.7508239629605151
253.00000000000003 0.7527018071487508
253.00000000000003 0.7521614773838422
253.00000000000003 0.749958512451302
253.00000000000003 0.7495354295937899
253.00000000000003 0.7480598453266114
253.00000000000003 0.7479811680075916
253.00000000000003 0.7466139573218478
253.00000000000003 0.7458761651882586
253.00000000000003 0.7490826504738626
253.00000000000003 0.7474007305120415
253.00000000000003 0.7481385226456303
253.00000000000003 0.7467905967540744
253.00000000000003 0.7505968043294174
253.00000000000003 0.7492488784378611
253.00000000000003 0.749878296990015
253.00000000000003 0.7461804629961074
253.00000000000003 0.7474288886321893
253.00000000000003 0.7430719398237128
253.00000000000003 0.7416943176697403
253.00000000000003 0.7423133247536671
253.00000000000003 0.7445965051474946
253.00000000000003 0.7390385736172721
253.00000000000003 0.745441132720252
253.00000000000003 0.7531723329205983
253.00000000000003 0.746266475498819
253.00000000000003 0.7447132300911309
253.00000000000003 0.7437561364738952
253.00000000000003 0.7406984628258009
253.00000000000003 0.7346369026513463
253.00000000000003 0.7364434047042573
253.00000000000003 0.7422686025962196
253.00000000000003 0.7406861828898734
253.00000000000003 0.7352501126938505
253.00000000000003 0.7415516333990868
253.00000000000003 0.7348640612824454
253.00000000000003 0.733471900954202
253.00000000000003 0.7180252777354003
253.00000000000003 0.7238968629053821
253.00000000000003 0.7242275973198123
253.00000000000003 0.7280665774421012
253.00000000000003 0.7314408288339721
253.00000000000003 0.7246479594204321
253.00000000000003 0.7270098171332794
253.00000000000003 0.7282196731809807
253.00000000000003 0.7356539107571749
253.00000000000003 0.7236355657414084
253.00000000000003 0.7264783606943308
253.00000000000003 0.7273422730612762
253.00000000000003 0.7310312337292209
253.00000000000003 0.7312360312815969
253.00000000000003 0.7305472202046105
253.00000000000003 0.7336468700510482
253.00000000000003 0.7240289523365041
253.00000000000003 0.7330560210872695
253.00000000000003 0.7275219887780369
253.00000000000003 0.7281409958619647
253.00000000000003 0.7279227105568271
253.00000000000003 0.7205671502996568
253.00000000000003 0.7222444558346715
253.00000000000003 0.7231855073783696
253.00000000000003 0.7213832642246182
253.00000000000003 0.7093831058149516
253.00000000000003 0.7111541965736002
253.00000000000003 0.7020625273390545
253.00000000000003 0.7124206688912336
253.00000000000003 0.7118602323387486
253.00000000000003 0.7137990071940846
253.00000000000003 0.7125667900676564
253.00000000000003 0.7103965976820652
253.00000000000003 0.7165901003335113
253.00000000000003 0.7085160327369391
253.00000000000003 0.713034950610256
253.00000000000003 0.7129412473962078
253.00000000000003 0.7181370267360163
253.00000000000003 0.7137087357922123
253.00000000000003 0.7166317462064251
253.00000000000003 0.7173695383400114
253.00000000000003 0.7226617416507626
253.00000000000003 0.7170073861495979
253.00000000000003 0.7193083131953457
253.00000000000003 0.7246286746262429
253.00000000000003 0.7155510866766083
253.00000000000003 0.7187737804718662
253.00000000000003 0.7118663849078185
253.00000000000003 0.7130465446931089
253.00000000000003 0.7135544574387087
253.00000000000003 0.7116542521717547
253.00000000000003 0.7067998020858997
253.00000000000003 0.7121278542281361
253.00000000000003 0.7122940821921342
253.00000000000003 0.7055008572509486
253.00000000000003 0.710885225633476
253.00000000000003 0.7060947824992599
253.00000000000003 0.7121097520485709
253.00000000000003 0.7102453956130996
253.00000000000003 0.7063146059466664
253.00000000000003 0.7141703882381016
253.00000000000003 0.7107872635202702
253.00000000000003 0.7202227447611589
253.00000000000003 0.7161581441500381
253.00000000000003 0.7127676842485169
253.00000000000003 0.7168454170847569
253.00000000000003 0.716235283326794
253.00000000000003 0.7104281876143941
253.00000000000003 0.7156579221157727
253.00000000000003 0.7183745968353438
253.00000000000003 0.7149868576907124
253.00000000000003 0.7192593321387445
253.00000000000003 0.7155348781669526
