64.0 1.4943035302906378
64.0 1.5361593667998668
64.0 1.5327129209834822
64.0 1.536487041864951
64.0 1.539409036100651
64.0 1.521145131092299
64.0 1.5398514037523507
64.0 1.5404615375103177
64.0 1.5387973642004176
64.0 1.542812983754935
64.0 1.5378146667838086
64.0 1.5323354125726056
64.0 1.5395559792704616
64.0 1.5446152269086875
64.0 1.5505842916859263
64.0 1.5494234166948249
64.0 1.543049015711994
64.0 1.5512241217063099
64.0 1.5430875853003683
64.0 1.5467364382376734
64.0 1.54585324107654
64.0 1.548725732291878
64.0 1.5471417744432652
64.0 1.5500914048353553
64.0 1.5492556505885589
64.0 1.5469844198052267
64.0 1.5464529633662791
64.0 1.5477414967330052
64.0 1.5510266593376278
64.0 1.552778383292508
64.0 1.5498866072829822
64.0 1.5508010388487976
64.0 1.5509391086926485
64.0 1.5517748629394463
64.0 1.5560917040172788
64.0 1.5536928148583238
64.0 1.5493551508440315
64.0 1.547573730626737
64.0 1.549542201744488
64.0 1.550899000962005
64.0 1.55770535812831
64.0 1.5584832579925418
64.0 1.552906041668131
64.0 1.5554534121391659
64.0 1.5546874618854276
64.0 1.55446917658029
64.0 1.555448797712362
64.0 1.5501315125659973
64.0 1.551234533174537
64.0 1.5477831426059154
64.0 1.5495510750704486
64.0 1.5618470979161834
64.0 1.5546280693605945
64.0 1.549346277518072
64.0 1.556871142023777
64.0 1.553259320532582
64.0 1.5467869574365438
64.0 1.548629308320939
64.0 1.545579655709614
64.0 1.5465331788275674
64.0 1.5486118919944496
64.0 1.5534479095753049
64.0 1.551184013975665
64.0 1.5539465934673014
64.0 1.5507698044441132
64.0 1.5466256742247788
64.0 1.5496609867941507
64.0 1.5516649512157408
64.0 1.552540813193181
64.0 1.5471120781808503
64.0 1.5507104119192827
64.0 1.5499726197856922
64.0 1.5481526299800208
64.0 1.5455192470062762
64.0 1.5465092796065762
64.0 1.553220750944207
64.0 1.5506783252254084
64.0 1.5480369212148912
64.0 1.5500825315093947
64.0 1.5538639875745583
64.0 1.5568993001439262
64.0 1.5581878335106525
64.0 1.5539006886952336
64.0 1.5521296799461646
64.0 1.553724049263006
64.0 1.550970343097331
64.0 1.5528818121217085
64.0 1.5567627684423448
64.0 1.556004153372299
64.0 1.5551282913948599
64.0 1.554016397460361
64.0 1.5511992345033103
64.0 1.542692531364181
64.0 1.5469323624640896
64.0 1.5443182642845315
64.0 1.5442796946961557
64.0 1.5430208575918465
64.0 1.5493374041921135
64.0 1.5496224172057758
64.0 1.5527783832925082
64.0 1.55305452298021
64.0 1.5537136377947802
64.0 1.555857210202489
64.0 1.5558082291458857
64.0 1.553919973489421
64.0 1.557166566505669
64.0 1.5567241988539686
64.0 1.5556018934512443
64.0 1.5576475037457458
64.0 1.5568013380307215
64.0 1.5564658058181886
64.0 1.555462285465125
64.0 1.555687905953955
64.0 1.554509284310933
64.0 1.5536334223334947
64.0 1.5488414410570095
64.0 1.5507609311181552
64.0 1.5500439619210222
64.0 1.5512731027629176
64.0 1.5493165812556629
64.0 1.5503112282827658
64.0 1.554343056346938
64.0 1.5574797376394824
64.0 1.561934648561166
64.0 1.5641881326925773
64.0 1.5646601966066933
64.0 1.566873573007462
64.0 1.5639521007355195
64.0 1.5587964291263525
64.0 1.5552856460328999
64.0 1.554617657892369
64.0 1.5544707147225576
64.0 1.5515299576564288
64.0 1.5526017438602833
64.0 1.5552173801821074
64.0 1.5535844412768902
64.0 1.5589730685585788
64.0 1.5595832023165443
64.0 1.5570165470513202
64.0 1.5586390744883116
64.0 1.5580570988504934
64.0 1.5608108050161684
64.0 1.5584327387936696
64.0 1.5591007269342005
64.0 1.5579695482055151
64.0 1.5585499857010663
64.0 1.5571723635470947
64.0 1.558529162764611
64.0 1.558558859027026
64.0 1.5602407789888462
64.0 1.5629856118285628
64.0 1.5589626570903505
64.0 1.5646868165845722
64.0 1.5634561376004108
64.0 1.5618544330998765
64.0 1.5613526729233462
64.0 1.5598578038619784
64.0 1.5602704752512626
64.0 1.5591689927849932
64.0 1.5617742176385905
64.0 1.5621201613193498
64.0 1.5580081177938898
64.0 1.5576131930565251
64.0 1.553955466793262
64.0 1.5532770671845046
64.0 1.5542597646011125
64.0 1.5545239546783172
64.0 1.5476211735410745
64.0 1.5487018330708902
64.0 1.5418326490207825
64.0 1.5316630605833954
64.0 1.528712744338228
64.0 1.5307985421106862
64.0 1.5374949875532862
64.0 1.5414600879089349
64.0 1.5379998240143526
64.0 1.539520460764409
64.0 1.5321599557550039
64.0 1.5338299261063277
64.0 1.5326378167105437
64.0 1.49472980949434
64.0 1.4959762539103223
64.0 1.50704837380115
64.0 1.515051622911081
64.0 1.517211595466766
64.0 1.4962521942029494
64.0 1.5064247817243532
64.0 1.500184522011648
64.0 1.5089617407271576
64.0 1.5053113496475876
64.0 1.5065123323693315
64.0 1.5111261360713244
64.0 1.5008371539317173
64.0 1.5049106278688003
64.0 1.5052816533851723
64.0 1.4993928040692166
64.0 1.50217620649731
64.0 1.5110223769166904
64.0 1.5017681495348272
64.0 1.4977702766322265
64.0 1.4961284644010517
64.0 1.5093790265432463
64.0 1.501874984973997
64.0 1.5069697259160628
64.0 1.5044134821190671
64.0 1.499841324289987
64.0 1.5023357073528343
64.0 1.496227910261935
64.0 1.5003510938140283
64.0 1.4931556206410463
64.0 1.4913992822593642
64.0 1.497599434241429
64.0 1.4942845753743883
64.0 1.4892997461560242
64.0 1.4888199915305727
64.0 1.4894169930634173
64.0 1.4925062314416266
64.0 1.4994225003316328
64.0 1.497241896477818
64.0 1.5019594593344427
64.0 1.4973352441642225
64.0 1.503553828651283
64.0 1.4861260334173751
64.0 1.4970502311505611
64.0 1.4909743309341539
64.0 1.485941703273807
64.0 1.4879961868942695
64.0 1.4873239398545837
64.0 1.4923874463919669
64.0 1.4967420047689857
64.0 1.4842435748023364
64.0 1.4957837007881198
64.0 1.4856164160933891
64.0 1.4968720535760665
64.0 1.4889756415902278
64.0 1.4920232340955293
64.0 1.4850828995484158
64.0 1.4830763808060492
64.0 1.4858939022850337
64.0 1.4921693249761467
64.0 1.4929789534598163
64.0 1.4948102070229041
64.0 1.486859016939036
64.0 1.486690401090375
64.0 1.477869504144933
64.0 1.4778171164783636
64.0 1.483183382681332
64.0 1.4869109129376543
64.0 1.4839169159157601
64.0 1.4845151000632348
64.0 1.4805708226440362
64.0 1.4855305700267907
64.0 1.4783354406921927
64.0 1.4824510295147253
