252.0 0.6822888426434536
252.0 0.7301819383004314
252.0 0.7309717877751578
252.0 0.7326671954897427
252.0 0.7360873516536824
252.0 0.7256457654431482
252.0 0.736884536312103
252.0 0.7421840748065439
252.0 0.7395209955703829
252.0 0.7408407633417916
252.0 0.7467222774740507
252.0 0.74388681770482
252.0 0.7444406352224912
252.0 0.7414582322834503
252.0 0.7409595483914526
252.0 0.7396664005979269
252.0 0.7429368928351622
252.0 0.7420787775096449
252.0 0.7294352728408823
252.0 0.7444614581589466
252.0 0.7459964349509567
252.0 0.7404724585823076
252.0 0.7352130278185104
252.0 0.737444150871198
252.0 0.7418546951630809
252.0 0.7475684431890756
252.0 0.7385382981537756
252.0 0.7459073461637106
252.0 0.7461048085323919
252.0 0.7437028430889019
252.0 0.7440008218915668
252.0 0.7473933418991154
252.0 0.752507367635371
252.0 0.7478846906074206
252.0 0.7495403209167945
252.0 0.7496140534835768
252.0 0.751542416870685
252.0 0.747636709039867
252.0 0.7472359872610785
252.0 0.7497239652072805
252.0 0.7500876555399603
252.0 0.748531855811495
252.0 0.7512084228004191
252.0 0.7503398960066715
252.0 0.7501246869860686
252.0 0.7514340432892492
252.0 0.7486224827410086
252.0 0.7454946747744231
252.0 0.7490440274562548
252.0 0.7450715919169122
252.0 0.7468811702543574
252.0 0.7487204448542173
252.0 0.7440295019754743
252.0 0.7430541397425561
252.0 0.7492029202365594
252.0 0.7475506965371551
252.0 0.7421308348507825
252.0 0.7451903769665755
252.0 0.7451132377898236
252.0 0.7459177576319375
252.0 0.7480302595242825
252.0 0.74463963573344
252.0 0.7442952301949494
252.0 0.744010217181289
252.0 0.7469212779850024
252.0 0.747147914652343
252.0 0.7473146645800992
252.0 0.7494389521936206
252.0 0.7479440831322557
252.0 0.7469212779850032
252.0 0.7447969903714816
252.0 0.7479440831322537
252.0 0.74621318211383
252.0 0.7451116996475599
252.0 0.7429247490395506
252.0 0.7466852460279455
252.0 0.745269054285596
252.0 0.7473933418991172
252.0 0.7528220769114496
252.0 0.7437414126772788
252.0 0.7466555497655273
252.0 0.7492029202365605
252.0 0.7473933418991179
252.0 0.7500683707457741
252.0 0.7502257253838118
252.0 0.7483374697273497
252.0 0.7369123363578121
252.0 0.7468426006659812
252.0 0.7477867284942139
252.0 0.7467639233469644
252.0 0.7500683707457748
252.0 0.7488459351800019
252.0 0.74681934434055
252.0 0.7498412121146762
252.0 0.7502257253838134
252.0 0.751800946046778
252.0 0.7483760393157249
252.0 0.7523099052666904
252.0 0.7532154635065461
252.0 0.7511698532120437
252.0 0.7509338212549858
252.0 0.75046175734087
252.0 0.7510911758930249
252.0 0.752192658359295
252.0 0.7517992717641984
252.0 0.7511698532120437
252.0 0.7514058851691018
252.0 0.7499110161077347
252.0 0.7509338212549856
252.0 0.7495963068316572
252.0 0.7495176295126372
252.0 0.7492029202365604
252.0 0.7493602748745997
252.0 0.7491242429175426
252.0 0.7519076453456337
252.0 0.7529468228918574
252.0 0.753567204228734
252.0 0.7534410839953769
252.0 0.7529690200812602
252.0 0.754523281667458
252.0 0.7530581088685071
252.0 0.7480998996280229
252.0 0.7416010591884102
252.0 0.7441957299394737
252.0 0.7453477316046144
252.0 0.7484161470463682
252.0 0.7516419171261597
252.0 0.7488946938549856
252.0 0.7464361125890624
252.0 0.7515077758560341
252.0 0.7513330048915081
252.0 0.7522385631313633
252.0 0.7545603131135671
252.0 0.7573244307474707
252.0 0.7587406224898179
252.0 0.7572264686342637
252.0 0.7551318772831582
252.0 0.750411238142
252.0 0.7484637043985127
252.0 0.7450760147053921
252.0 0.7477659055577563
252.0 0.7487397296484027
252.0 0.7461329666525383
252.0 0.7507259474180744
252.0 0.7495754838952012
252.0 0.7495353761645583
252.0 0.7462710364963907
252.0 0.7472344491188111
252.0 0.7467920814671112
252.0 0.7469301513109613
252.0 0.7474215000192657
252.0 0.7482869505284784
252.0 0.748739729648405
252.0 0.7511386188073611
252.0 0.7540793758734923
252.0 0.7551318772831592
252.0 0.755298105247158
252.0 0.7531842291018639
252.0 0.7519832463801186
252.0 0.74976099665339
252.0 0.748767887768555
252.0 0.7473219997637925
252.0 0.7472923035013768
252.0 0.7462293906234815
252.0 0.7469968790194863
252.0 0.7424038982539507
252.0 0.7481265196059042
252.0 0.7485688872576037
252.0 0.7539011982989953
252.0 0.7490559493177428
252.0 0.7466168015268136
252.0 0.742587806110543
252.0 0.744759933723159
252.0 0.7412873898926493
252.0 0.744324570929718
252.0 0.7422909102457118
252.0 0.7416911879559731
252.0 0.7460496749067196
252.0 0.7433241268611909
252.0 0.7436581209314586
252.0 0.7242527094207054
252.0 0.7278703626438159
252.0 0.7283103463580554
252.0 0.7247844376927842
252.0 0.7357711042353383
252.0 0.7329699551553246
252.0 0.7332950758996285
252.0 0.7395996728894021
252.0 0.7359299970156402
252.0 0.7349264766625829
252.0 0.7310223069740284
252.0 0.726850870923741
252.0 0.7304210465420244
252.0 0.7286411644669955
252.0 0.7215467180024959
252.0 0.7378537459759473
252.0 0.7278840875392165
252.0 0.7250115963238781
252.0 0.7332815881468687
252.0 0.7246864755795749
252.0 0.7253529255778365
252.0 0.7248986083156423
252.0 0.7208771917197022
252.0 0.7238549802319376
252.0 0.7179406935527235
252.0 0.7150222975653182
252.0 0.7163220491851492
252.0 0.7146874299508527
252.0 0.7113964078653028
252.0 0.7162568748274061
252.0 0.7266858255743668
252.0 0.7146273728279574
252.0 0.715299975395289
252.0 0.72302076412741
252.0 0.7262750478549915
252.0 0.7178430869671646
252.0 0.7147465134052607
252.0 0.7251496661677319
252.0 0.7180347522944229
252.0 0.7259395156424604
252.0 0.7258608383234408
252.0 0.7217013518836466
252.0 0.7213569463451532
252.0 0.7140071831294047
252.0 0.7221688013709587
252.0 0.719236917630787
252.0 0.7143338420159777
252.0 0.7091604237548922
252.0 0.7164253570825474
252.0 0.7172611113293438
252.0 0.7208760091050767
252.0 0.7196437919786483
252.0 0.7180343967667742
252.0 0.7160007360827686
252.0 0.7138779866115174
252.0 0.7070076224935793
252.0 0.714437601170609
252.0 0.719885620977129
252.0 0.7169818953571101
252.0 0.7156547924020101
252.0 0.7163763760259431
252.0 0.7196021461057365
252.0 0.7139076828739328
252.0 0.7232035561287048
252.0 0.7139863601929509
252.0 0.7115681862398082
252.0 0.7104917856091507
252.0 0.7198590009992532
252.0 0.7134059226974019
252.0 0.726334440379823
252.0 0.7143442534842049
252.0 0.7187293604128315
252.0 0.7126696687060783
252.0 0.7209130405511858
