6.0 2.274073651154617
6.0 2.295380534241463
6.0 2.3004960981199893
6.0 2.2984489496832174
6.0 2.2990012290586206
6.0 2.292341815062128
6.0 2.2975360562596694
6.0 2.3042652742492216
6.0 2.3005940602331942
6.0 2.293296354358587
6.0 2.295252875865843
6.0 2.2974380941464623
6.0 2.2979601552956894
6.0 2.3019018783941076
6.0 2.3031252221945766
6.0 2.302788151839776
6.0 2.3012130673171214
6.0 2.297397986415818
6.0 2.29996464168104
6.0 2.3013808334233876
6.0 2.3020711826426408
6.0 2.295419103829841
6.0 2.3013912448916156
6.0 2.2987459123073744
6.0 2.3032216461655164
6.0 2.304088634816995
6.0 2.2999453568868513
6.0 2.304342413425974
6.0 2.3017846314867128
6.0 2.3023176260679272
6.0 2.3053251108425825
6.0 2.3005916698017375
6.0 2.3036744252854433
6.0 2.3044774069852894
6.0 2.2974870752030654
6.0 2.2936392217548134
6.0 2.2947704004834977
6.0 2.2983035446556745
6.0 2.294800096745915
6.0 2.295805155241246
6.0 2.298077924166843
6.0 2.300654990900292
6.0 2.3014506374164476
6.0 2.2996989134615657
6.0 2.3021394484934325
6.0 2.294516621874519
6.0 2.2960114909358866
6.0 2.3036536023489886
6.0 2.2983718105064663
6.0 2.3000730152624747
6.0 2.295221641461159
6.0 2.3015975805862565
6.0 2.3000521923260187
6.0 2.3013141057148627
6.0 2.3008493769844383
6.0 2.3035853364981973
6.0 2.3061639413739123
6.0 2.3059456560687748
6.0 2.30406781188054
6.0 2.306517220238365
6.0 2.3023650689822612
6.0 2.3010927441251914
6.0 2.3036536023489873
6.0 2.3009835182545664
6.0 2.2934506327120903
6.0 2.3042236283763105
6.0 2.2981566014858634
6.0 2.297259916571967
6.0 2.299415438590174
6.0 2.299266957278094
6.0 2.303968311625064
6.0 2.3014120678280707
6.0 2.3005554906448182
6.0 2.3007128452828574
6.0 2.297455840798383
6.0 2.3005867250495027
6.0 2.303172665108912
6.0 2.2974573789406487
6.0 2.3086326345259267
6.0 2.307410828867725
6.0 2.302063847458947
6.0 2.2954815726392073
6.0 2.3058476939555685
6.0 2.3042251665185773
6.0 2.303034595265061
6.0 2.304520591000467
6.0 2.3045922634612257
6.0 2.3053933766933734
6.0 2.307165923584709
6.0 2.3092813378722696
6.0 2.3072727590238764
6.0 2.2951332385269887
6.0 2.296212359914537
6.0 2.2961391493115104
6.0 2.300261604305195
6.0 2.303443338080619
6.0 2.302148321819392
6.0 2.3003314082982556
6.0 2.303695248221899
6.0 2.3015293147354674
6.0 2.2975939106422345
6.0 2.300751414871232
6.0 2.301806992565436
6.0 2.3052094020774536
6.0 2.3062426186929326
6.0 2.304747749631565
6.0 2.3061238336432694
6.0 2.3037129948738198
6.0 2.302041486380226
6.0 2.299335223128886
6.0 2.302562531350946
6.0 2.296603878041934
6.0 2.3038317799234815
6.0 2.2956092310148306
6.0 2.2967878526578516
6.0 2.2986914645347776
6.0 2.303043468591021
6.0 2.302967867556535
6.0 2.302121701841513
6.0 2.3024942655001546
6.0 2.302719885988985
6.0 2.3047743696094467
6.0 2.3009608268504103
6.0 2.301562087282417
6.0 2.3007039719568962
6.0 2.3003803893548596
6.0 2.305031224502959
6.0 2.3071940817048553
6.0 2.3006969670986352
6.0 2.2980130649260193
6.0 2.297978423911368
6.0 2.294417121619044
6.0 2.2916603391688337
6.0 2.299934945418622
6.0 2.3030835763216624
6.0 2.3035764631722344
6.0 2.3078755575981496
6.0 2.3096820596510566
6.0 2.3031043992581175
6.0 2.2986721797405893
6.0 2.2993633812490324
6.0 2.3009978582965176
6.0 2.2943280328317974
6.0 2.2899413877609045
6.0 2.293216138897298
6.0 2.2994748311150013
6.0 2.3028996017057435
6.0 2.302002916791847
6.0 2.29618813036811
6.0 2.299081444519905
6.0 2.29394813398946
6.0 2.2933943164717885
6.0 2.2935933169827374
6.0 2.297890873266385
6.0 2.298459361151441
6.0 2.3005034333036782
6.0 2.305335522310808
6.0 2.301585630975762
6.0 2.3009592887081407
6.0 2.302838671038645
6.0 2.3030835763216615
6.0 2.303448804796612
6.0 2.2987177541872237
6.0 2.2964642700558153
6.0 2.3012605102314576
6.0 2.2993144001924306
6.0 2.301520441409505
6.0 2.305849232097835
6.0 2.3050400978289174
6.0 2.292182922281822
6.0 2.2894292161161465
6.0 2.2901862930439227
6.0 2.2911720667450655
6.0 2.2942196592503636
6.0 2.287364321027456
6.0 2.285400794661941
6.0 2.2847351969528673
6.0 2.2843433485000375
6.0 2.2843641714364944
6.0 2.2749931913619825
6.0 2.2704747954524254
6.0 2.2596161176109253
6.0 2.2615473933932475
6.0 2.263055750207376
6.0 2.2681223330292926
6.0 2.2632813706962063
6.0 2.2656015825361435
6.0 2.2640889668228565
6.0 2.25980915719113
6.0 2.2637638460785525
6.0 2.2676263698941903
6.0 2.265506696707471
6.0 2.2664909322663482
6.0 2.264284891049273
6.0 2.262928091831756
6.0 2.263930074042551
6.0 2.262401580145044
6.0 2.258092238140221
6.0 2.2659693653318715
6.0 2.263357657583771
6.0 2.265188058857672
6.0 2.2644140875671614
6.0 2.266812976726118
6.0 2.2616083240603477
6.0 2.2698042529911193
6.0 2.2557268099280896
6.0 2.24135029213657
6.0 2.242303509178389
6.0 2.2460476034720083
6.0 2.2428581789852475
6.0 2.2420990697004495
6.0 2.25651358311828
6.0 2.256311861850439
6.0 2.260355639525109
6.0 2.257591521891206
6.0 2.261093431658698
6.0 2.2615477489208926
6.0 2.2617749075519913
6.0 2.257778572791659
6.0 2.2592823151789863
6.0 2.257493559777997
6.0 2.253519586096388
6.0 2.254040631067106
6.0 2.2549091578608516
6.0 2.2534632698560895
6.0 2.2546997458816778
6.0 2.253075680302419
6.0 2.2502506320014173
6.0 2.2517397040213583
6.0 2.2524670846867187
6.0 2.251089462532749
6.0 2.2513671403627167
6.0 2.2572768126151264
6.0 2.2516120456457362
6.0 2.2581036935359626
6.0 2.2624888004645882
6.0 2.2603942091134823
6.0 2.2607386146519777
6.0 2.2569027108142174
6.0 2.2545423912436378
6.0 2.2494935550736392
6.0 2.250183904292893
6.0 2.2570720150627515
6.0 2.2571877238278795
6.0 2.2569532300130892
6.0 2.2599398918512854
6.0 2.25786458529437
6.0 2.2574654016578495
6.0 2.2585163649252493
6.0 2.263962846589503
6.0 2.2609464884888864
6.0 2.263860625577135
6.0 2.271383951940572
6.0 2.258789428328414
