218.0 0.8340257071154723
218.0 0.8684023746186513
218.0 0.8800096444322089
218.0 0.8829539719976249
218.0 0.8781278716702461
218.0 0.8575764996199053
218.0 0.877039876956738
218.0 0.8916631165006698
218.0 0.885308686165106
218.0 0.8841841567670348
218.0 0.8891188223141698
218.0 0.8635229007419948
218.0 0.8839291955434316
218.0 0.8862062233681889
218.0 0.8952899638868947
218.0 0.8860369191196563
218.0 0.8956046731629712
218.0 0.8889752857543282
218.0 0.8864808249136218
218.0 0.8901984379164698
218.0 0.8839141696484017
218.0 0.8772910986981458
218.0 0.8882934795356007
218.0 0.8889189695140295
218.0 0.8918073389135915
218.0 0.8914212875021883
218.0 0.8897690638027819
218.0 0.8930661760178988
218.0 0.8956432427513488
218.0 0.8835327326638003
218.0 0.8905928684390838
218.0 0.8918281618500442
218.0 0.8944229752354174
218.0 0.8968322758625998
218.0 0.9000938670248695
218.0 0.8965607506016979
218.0 0.8984297214639719
218.0 0.8973178275294752
218.0 0.895163843653539
218.0 0.897102618508871
218.0 0.8849847732376331
218.0 0.8944141019094499
218.0 0.8994139570228503
218.0 0.8891041519467827
218.0 0.8929817016574523
218.0 0.897200580622079
218.0 0.9053814836578217
218.0 0.8987556424991611
218.0 0.8996692737740951
218.0 0.8975970435017122
218.0 0.8986672915632992
218.0 0.8980289996851848
218.0 0.8911543766680903
218.0 0.9000699955528839
218.0 0.8981076770042045
218.0 0.9008984146159882
218.0 0.8862347370159789
218.0 0.8909746609513273
218.0 0.8882443320428831
218.0 0.8822133204200355
218.0 0.8934203349205496
218.0 0.8997880588237559
218.0 0.9035364120165359
218.0 0.8985099369252604
218.0 0.8974782584520479
218.0 0.9014788521115362
218.0 0.9012042505661052
218.0 0.8942702350241791
218.0 0.9006936170636143
218.0 0.9034963042858929
218.0 0.8988142347331122
218.0 0.9044790017025021
218.0 0.9066835047773105
218.0 0.9058951934448491
218.0 0.9107731872240467
218.0 0.9104391931537821
218.0 0.9051678127794854
218.0 0.9119934547399798
218.0 0.8995045839523645
218.0 0.9001829835611225
218.0 0.9048056605890726
218.0 0.9069106634084055
218.0 0.9035275386905747
218.0 0.9038422479666534
218.0 0.9058878582611571
218.0 0.9121419360520585
218.0 0.908721094035045
218.0 0.9128172593762813
218.0 0.9153083136070165
218.0 0.9154448453086014
218.0 0.9104480664797405
218.0 0.906883221884631
218.0 0.9104675736555499
218.0 0.9137941597514627
218.0 0.9141192804957686
218.0 0.912607847397106
218.0 0.909775105837971
218.0 0.9023709225986324
218.0 0.9026011575142633
218.0 0.8996796852423209
218.0 0.8992373175906204
218.0 0.8967181052397349
218.0 0.8954993758660696
218.0 0.8972599731469105
218.0 0.8979576575498571
218.0 0.8948491343774607
218.0 0.8989106587040502
218.0 0.8973371123236642
218.0 0.8997865206814899
218.0 0.9011136236365903
218.0 0.9029336134422626
218.0 0.9061400987278666
218.0 0.9048234072409937
218.0 0.9052464900985061
218.0 0.905959530721914
218.0 0.901483253645006
218.0 0.904550152199508
218.0 0.9006338690111431
218.0 0.9008938001891891
218.0 0.9013866870397591
218.0 0.9024110303292763
218.0 0.8993618996817121
218.0 0.8950435204616103
218.0 0.8954280337307465
218.0 0.8959729779224539
218.0 0.8966320927370252
218.0 0.8981076770042037
218.0 0.8978909298413343
218.0 0.8932339421241657
218.0 0.8910591353117718
218.0 0.8958526547305239
218.0 0.8989611779029204
218.0 0.8982530820317465
218.0 0.8974381507214049
218.0 0.8958750158092468
218.0 0.8954519329517339
218.0 0.8941738110532361
218.0 0.8945810157265262
218.0 0.8940850590854167
218.0 0.8945982404146917
218.0 0.8962591735507377
218.0 0.8930615615910925
218.0 0.891676604253428
218.0 0.8953181220070369
218.0 0.8972761816565596
218.0 0.9011892246710715
218.0 0.9011521932249621
218.0 0.9047906346940396
218.0 0.9044462291555467
218.0 0.9031681072570494
218.0 0.907005549237075
218.0 0.9102401926428276
218.0 0.9077537528388929
218.0 0.9096508818213164
218.0 0.9122769296113692
218.0 0.9113505484350585
218.0 0.911941397398837
218.0 0.9139291533107743
218.0 0.9108013453441899
218.0 0.9177635190062655
218.0 0.9133992350140947
218.0 0.9138875074378651
218.0 0.9101422305296202
218.0 0.9086651081201752
218.0 0.9077016954977548
218.0 0.9067664409954843
218.0 0.9066090863574457
218.0 0.9066283711516325
218.0 0.9035198479792378
218.0 0.8943828675047707
218.0 0.8913139885915607
218.0 0.8863784404594323
218.0 0.8915443314510066
218.0 0.8899322154822451
218.0 0.8915651543874623
218.0 0.8956548368341961
218.0 0.8952020577142722
218.0 0.8940114864607521
218.0 0.8976217698096812
218.0 0.9033829607500108
218.0 0.8973069378287746
218.0 0.8918534578002557
218.0 0.9001303633929228
218.0 0.9028214499742151
218.0 0.8999013519552177
218.0 0.8962557417385616
218.0 0.8967929952189344
218.0 0.8940809349261717
218.0 0.8961901966446622
218.0 0.8916642991152975
218.0 0.893120598588287
218.0 0.8912936039243552
218.0 0.8918289889370281
218.0 0.898294180738692
218.0 0.9025325083868265
218.0 0.8952501587326829
218.0 0.8979335389415408
218.0 0.8923964580967809
218.0 0.888546544542502
218.0 0.8971478122256573
218.0 0.8978657976013015
218.0 0.8857010313794799
218.0 0.8915987540213968
218.0 0.8899326870415828
218.0 0.8847137195360711
218.0 0.876792392150737
218.0 0.8744058913190162
218.0 0.8605347146445033
218.0 0.8743934073370974
218.0 0.8814170989889104
218.0 0.876002542676008
218.0 0.8700188075313822
218.0 0.8742909264517706
218.0 0.8758158473031978
218.0 0.8863111651374471
218.0 0.8845922137295177
218.0 0.8816572537048164
218.0 0.8789081619659412
218.0 0.8850654602582587
218.0 0.8735831861082409
218.0 0.8841290231413649
218.0 0.8856219985328206
218.0 0.8713547838124427
218.0 0.8760344629337701
218.0 0.8759168579519346
218.0 0.87723951036955
218.0 0.8769500745674138
218.0 0.8825296813232794
218.0 0.8702570357347815
218.0 0.8839573007123687
218.0 0.8723424234344925
218.0 0.880614969578259
218.0 0.8786905347648785
218.0 0.873601068900476
218.0 0.8751469791244728
218.0 0.8813455929642696
218.0 0.8769318059517351
218.0 0.8714363432308804
218.0 0.8751816201391248
218.0 0.8763930143290959
218.0 0.8825796785583971
218.0 0.8806984277601911
218.0 0.8729426399389818
218.0 0.8827431857655046
218.0 0.8858452260433973
218.0 0.8756226412868797
218.0 0.8751377754730744
218.0 0.8857749278355854
218.0 0.8815659383754286
218.0 0.8825892654864385
218.0 0.8823209829461858
218.0 0.8760013600613883
218.0 0.8823742229019499
218.0 0.8751000607206877
