17.0 2.1100613122463003
17.0 2.1433421737191143
17.0 2.1372928934805886
17.0 2.1470608306494765
17.0 2.1433911547757183
17.0 2.138315698627838
17.0 2.146155272409622
17.0 2.148889693781109
17.0 2.1478059579667597
17.0 2.143990877065455
17.0 2.146952457068043
17.0 2.141911641934814
17.0 2.145564423445841
17.0 2.1486150922356746
17.0 2.146422538771362
17.0 2.146147937225929
17.0 2.145338802957012
17.0 2.146530912352798
17.0 2.1485260034484286
17.0 2.148969909242396
17.0 2.1449276697099937
17.0 2.14947013127666
17.0 2.1447599036037293
17.0 2.1459786329773936
17.0 2.150089138360587
17.0 2.150442417225039
17.0 2.1505820252111576
17.0 2.14699989998238
17.0 2.1468247986924194
17.0 2.149155422000583
17.0 2.149450846482472
17.0 2.1488615356609606
17.0 2.1459890444456233
17.0 2.1472968626065354
17.0 2.1488407127245077
17.0 2.147129096500271
17.0 2.150769076111614
17.0 2.153484212688912
17.0 2.151171336032669
17.0 2.1513406402812025
17.0 2.152194141179921
17.0 2.14880214313613
17.0 2.149952606659004
17.0 2.150335581785871
17.0 2.15563819656485
17.0 2.1524020150168295
17.0 2.1455990644604923
17.0 2.1495785048580944
17.0 2.1462547726650962
17.0 2.1394854469449016
17.0 2.14176708919646
17.0 2.1464996779481145
17.0 2.142478261352168
17.0 2.1390712374133467
17.0 2.1426028434432576
17.0 2.1435589208819845
17.0 2.1433406355768474
17.0 2.145761885814524
17.0 2.150679987324367
17.0 2.1431744076128485
17.0 2.1456535122330904
17.0 2.139684447455849
17.0 2.1516241151525963
17.0 2.150503347892138
17.0 2.1494701312766598
17.0 2.1517116657975768
17.0 2.1477184073217797
17.0 2.1474927868329488
17.0 2.1559424943726984
17.0 2.1543793594605396
17.0 2.1544966063679354
17.0 2.148910516717565
17.0 2.1481310787110632
17.0 2.146520500884569
17.0 2.154783157523864
17.0 2.1439642570875748
17.0 2.1449662392983706
17.0 2.1398433402361547
17.0 2.143422389180398
17.0 2.1377267740772634
17.0 2.1422495645788033
17.0 2.1427216284929202
17.0 2.1427914324859776
17.0 2.1389613256896456
17.0 2.1435292246195683
17.0 2.146763868025321
17.0 2.149311238496355
17.0 2.1446604033482544
17.0 2.1468544949548356
17.0 2.14916583346881
17.0 2.1514386023944105
17.0 2.1484596060653387
17.0 2.1447994893706177
17.0 2.157545737015501
17.0 2.15819597850411
17.0 2.146717963253252
17.0 2.151339102138936
17.0 2.1476813758756723
17.0 2.146784690961776
17.0 2.153542067071477
17.0 2.1518705585778832
17.0 2.146314165189927
17.0 2.1473547169891
17.0 2.1441200735833466
17.0 2.148092509122688
17.0 2.146412127303134
17.0 2.147111349848347
17.0 2.148203958988658
17.0 2.149127263880434
17.0 2.145230429375577
17.0 2.1473280970112176
17.0 2.149275745192512
17.0 2.1477318950745423
17.0 2.145833227949852
17.0 2.1467966405722705
17.0 2.1450449166173895
17.0 2.1489980673625424
17.0 2.151466760514558
17.0 2.15355401668197
17.0 2.1511832856431625
17.0 2.149933321864814
17.0 2.1518616852519195
17.0 2.144907069155156
17.0 2.1434787054206956
17.0 2.147323482584414
17.0 2.146824798692417
17.0 2.1403123278657343
17.0 2.132826032948405
17.0 2.127730248078822
17.0 2.1303552796903658
17.0 2.1312454817097573
17.0 2.136878683949033
17.0 2.1394260544200674
17.0 2.1379712930893433
17.0 2.1383928378045893
17.0 2.1411777783749484
17.0 2.1416305574948744
17.0 2.1366441901342417
17.0 2.132396961411142
17.0 2.1322652105724766
17.0 2.1386570278817927
17.0 2.1410381703888306
17.0 2.1418932094298153
17.0 2.1403285363753897
17.0 2.1401279977221725
17.0 2.1354771625740727
17.0 2.140515587275841
17.0 2.1347706048451656
17.0 2.132735406018892
17.0 2.132873475862744
17.0 2.1376342227345435
17.0 2.1390993955334956
17.0 2.1383928378045907
17.0 2.1359731257091794
17.0 2.137004804182393
17.0 2.1349784786820782
17.0 2.1395938205263354
17.0 2.143322888924924
17.0 2.139555250937956
17.0 2.1393473771010463
17.0 2.1364363162973317
17.0 2.13102532793692
17.0 2.130021807583857
17.0 2.1322544687788136
17.0 2.1402899667870114
17.0 2.142151602465594
17.0 2.140298840112973
17.0 2.1359434294467645
17.0 2.140940208275623
17.0 2.13532288422057
17.0 2.1295273825910224
17.0 2.128914858401598
17.0 2.1246212306916754
17.0 2.1199866040532283
17.0 2.126446165249582
17.0 2.1254643201221644
17.0 2.116315390037203
17.0 2.1212276945056154
17.0 2.1166597955756945
17.0 2.115346180373356
17.0 2.1031444134487205
17.0 2.0983512218086093
17.0 2.1005278688922004
17.0 2.0966503191815327
17.0 2.0950045783766282
17.0 2.092303781841283
17.0 2.091794686481058
17.0 2.088441258025644
17.0 2.092127142409055
17.0 2.102670589010719
17.0 2.1009347432400585
17.0 2.095348653589688
17.0 2.106284800933373
17.0 2.1031033974833835
17.0 2.104635983843937
17.0 2.108625835709764
17.0 2.1154159843664155
17.0 2.114618799707995
17.0 2.107159124768546
17.0 2.108429911483349
17.0 2.098519290043808
17.0 2.0975430755217053
17.0 2.099174145959221
17.0 2.1050710163119413
17.0 2.109048918567275
17.0 2.1003662553550053
17.0 2.093071928341358
17.0 2.087334444983694
17.0 2.0848669621953078
17.0 2.0884878209017823
17.0 2.0872298638356677
17.0 2.090604115227537
17.0 2.0925355548991793
17.0 2.096320939538069
17.0 2.0878985378292763
17.0 2.082568617219343
17.0 2.0798935883726846
17.0 2.0778464399359167
17.0 2.0791527199545627
17.0 2.0853593548311258
17.0 2.0748759866073674
17.0 2.081122729214578
17.0 2.0824513703119476
17.0 2.0805631146554826
17.0 2.0795966257485285
17.0 2.0754267278405036
17.0 2.0812264883692135
17.0 2.079492674955572
17.0 2.0764619768130057
17.0 2.0725023431733485
17.0 2.0705210701559147
17.0 2.0739629015455003
17.0 2.0710117330111415
17.0 2.0659439675746003
17.0 2.0718432283587815
17.0 2.0793626261484923
17.0 2.0782816362932466
17.0 2.074812829398136
17.0 2.0707536955030044
17.0 2.0734464710015814
17.0 2.0706939726527422
17.0 2.0783556991854617
17.0 2.0678137907260643
17.0 2.0707610306866973
17.0 2.078699582760196
17.0 2.0751046556317325
17.0 2.073239449453865
17.0 2.0738128820911523
17.0 2.071799028165093
17.0 2.056226549604579
17.0 2.055588232524254
17.0 2.058036266629133
17.0 2.0561347148582305
17.0 2.064325013183691
