239.00000000000003 0.6185184957568841
239.00000000000003 0.6616312879147372
239.00000000000003 0.6535495270600294
239.00000000000003 0.6667456691786352
239.00000000000003 0.6660715284690373
239.00000000000003 0.6615374182645738
239.00000000000003 0.6665837001137948
239.00000000000003 0.6656989648103959
239.00000000000003 0.6694338302504125
239.00000000000003 0.666922308610863
239.00000000000003 0.6687554306416534
239.00000000000003 0.6733144562456149
239.00000000000003 0.674032963585017
239.00000000000003 0.6658500004432504
239.00000000000003 0.6758217189860034
239.00000000000003 0.6711678075533726
239.00000000000003 0.6710906683766179
239.00000000000003 0.6714663083197957
239.00000000000003 0.657355737182171
239.00000000000003 0.6724281827999479
239.00000000000003 0.6769143281263165
239.00000000000003 0.6683072659485281
239.00000000000003 0.6668717894119947
239.00000000000003 0.6688668805076251
239.00000000000003 0.6740048054648693
239.00000000000003 0.676237466659827
239.00000000000003 0.6756554910220077
239.00000000000003 0.6769945435876019
239.00000000000003 0.6828880073303579
239.00000000000003 0.6732967095936949
239.00000000000003 0.6705791825849333
239.00000000000003 0.6807340234544208
239.00000000000003 0.6751672185982356
239.00000000000003 0.6778229626507064
239.00000000000003 0.6699786105528017
239.00000000000003 0.6800228512987099
239.00000000000003 0.6750083258179317
239.00000000000003 0.6716757202989693
239.00000000000003 0.6795627369950906
239.00000000000003 0.6768788348224732
239.00000000000003 0.6771742593043627
239.00000000000003 0.6744695341952913
239.00000000000003 0.6733383554666047
239.00000000000003 0.6782757417706342
239.00000000000003 0.6744398379328733
239.00000000000003 0.673287836267733
239.00000000000003 0.6747154556568196
239.00000000000003 0.6756288710441238
239.00000000000003 0.6772024174245092
239.00000000000003 0.6746550469534759
239.00000000000003 0.6799561235901865
239.00000000000003 0.6790625149608266
239.00000000000003 0.6769382273473041
239.00000000000003 0.6709363900231122
239.00000000000003 0.6795345788749418
239.00000000000003 0.6745169771096262
239.00000000000003 0.673265475189011
239.00000000000003 0.6746565850957454
239.00000000000003 0.6696092870680147
239.00000000000003 0.6682436145245405
239.00000000000003 0.6780871527279111
239.00000000000003 0.6798091804203765
239.00000000000003 0.6817865248640885
239.00000000000003 0.6820225568211459
239.00000000000003 0.6809210743548753
239.00000000000003 0.6820542854405821
239.00000000000003 0.6805662573481558
239.00000000000003 0.686379505629625
239.00000000000003 0.6832813939254558
239.00000000000003 0.6842552180161028
239.00000000000003 0.681894898445523
239.00000000000003 0.6824456396786588
239.00000000000003 0.679691933512983
239.00000000000003 0.6736337799484958
239.00000000000003 0.673620076308107
239.00000000000003 0.6811868025743487
239.00000000000003 0.6776744813386286
239.00000000000003 0.6792985469178848
239.00000000000003 0.6817375438074839
239.00000000000003 0.6790165824397503
239.00000000000003 0.6780292983453482
239.00000000000003 0.6813441572123866
239.00000000000003 0.674577907776726
239.00000000000003 0.6800066427890588
239.00000000000003 0.6831537355498293
239.00000000000003 0.6815801891694432
239.00000000000003 0.6878743746909889
239.00000000000003 0.6884251159241251
239.00000000000003 0.6871662788198183
239.00000000000003 0.6856714097584515
239.00000000000003 0.6862221509915858
239.00000000000003 0.6823465321881159
239.00000000000003 0.6772848594279393
239.00000000000003 0.6812357836309536
239.00000000000003 0.682602994316699
239.00000000000003 0.6837426882969057
239.00000000000003 0.680632985056682
239.00000000000003 0.6847272819302213
239.00000000000003 0.6851993458443373
239.00000000000003 0.6866942149057038
239.00000000000003 0.686536860267665
239.00000000000003 0.6856714097584523
239.00000000000003 0.6859074417155105
239.00000000000003 0.6856714097584526
239.00000000000003 0.6868515695437425
239.00000000000003 0.6860647963535496
239.00000000000003 0.6861434736725687
239.00000000000003 0.6844912499731627
239.00000000000003 0.6845699272921815
239.00000000000003 0.6835471221449304
239.00000000000003 0.6821309304025823
239.00000000000003 0.679534578874945
239.00000000000003 0.6797706108320027
239.00000000000003 0.6829177035927757
239.00000000000003 0.6881578495623865
239.00000000000003 0.689247274474349
239.00000000000003 0.6909600148209073
239.00000000000003 0.6886966411850256
239.00000000000003 0.6885898057458577
239.00000000000003 0.6858569225166368
239.00000000000003 0.6848341173693855
239.00000000000003 0.6849424909508203
239.00000000000003 0.683208677537179
239.00000000000003 0.6833110901878678
239.00000000000003 0.680636061341211
239.00000000000003 0.6830750582308114
239.00000000000003 0.6792985469178834
239.00000000000003 0.6805727402426565
239.00000000000003 0.6749775856280015
239.00000000000003 0.6749173408139794
239.00000000000003 0.6767481001623166
239.00000000000003 0.6776640698703982
239.00000000000003 0.6816870246086114
239.00000000000003 0.6823357279549537
239.00000000000003 0.6818547907148773
239.00000000000003 0.681795398190046
239.00000000000003 0.6819824490905011
239.00000000000003 0.6844199078378329
239.00000000000003 0.6826514534095419
239.00000000000003 0.6827707604229619
239.00000000000003 0.6835054762720156
239.00000000000003 0.6828286148055254
239.00000000000003 0.6839004010093801
239.00000000000003 0.6825436017918652
239.00000000000003 0.6802322632778892
239.00000000000003 0.6803896179159284
239.00000000000003 0.679602844725735
239.00000000000003 0.6827796337489228
239.00000000000003 0.6862414357857719
239.00000000000003 0.6840577556474197
239.00000000000003 0.6852379154327093
239.00000000000003 0.6875492539466846
239.00000000000003 0.6862310243175462
239.00000000000003 0.6873622030462317
239.00000000000003 0.6849721872132359
239.00000000000003 0.6873517915780047
239.00000000000003 0.6860825430054663
239.00000000000003 0.685335877545918
239.00000000000003 0.6844110345118749
239.00000000000003 0.6834075141588115
239.00000000000003 0.6824144052739763
239.00000000000003 0.678695748343615
239.00000000000003 0.6795997684412033
239.00000000000003 0.6801505096743388
239.00000000000003 0.674485742704949
239.00000000000003 0.6807799282264937
239.00000000000003 0.6850285034535339
239.00000000000003 0.6862190747070521
239.00000000000003 0.6889342112843506
239.00000000000003 0.6794794452492734
239.00000000000003 0.6742145200204753
239.00000000000003 0.6699843772984304
239.00000000000003 0.6761792567496199
239.00000000000003 0.6811613652110935
239.00000000000003 0.672377663601078
239.00000000000003 0.6768919670475958
239.00000000000003 0.6718743652822792
239.00000000000003 0.670881256397442
239.00000000000003 0.6739064878240183
239.00000000000003 0.6680473347704797
239.00000000000003 0.6664603591296318
239.00000000000003 0.6557757506051114
239.00000000000003 0.6607672547824911
239.00000000000003 0.6596018861298908
239.00000000000003 0.6688399050020986
239.00000000000003 0.6693432033208985
239.00000000000003 0.6712241237936669
239.00000000000003 0.6667811624824772
239.00000000000003 0.6706957436392554
239.00000000000003 0.6744144005696165
239.00000000000003 0.6671062832267823
239.00000000000003 0.6727309424655297
239.00000000000003 0.6714142509786594
239.00000000000003 0.6699803125843917
239.00000000000003 0.6704820727609209
239.00000000000003 0.6708561745618321
239.00000000000003 0.672901784856331
239.00000000000003 0.6708754593560201
239.00000000000003 0.6718180490419826
239.00000000000003 0.6693478177477008
239.00000000000003 0.6690925009964565
239.00000000000003 0.6647949447128088
239.00000000000003 0.6714454853833418
239.00000000000003 0.663408449232874
239.00000000000003 0.6657375343987723
239.00000000000003 0.6659809015395219
239.00000000000003 0.6600396151054866
239.00000000000003 0.6594088782458903
239.00000000000003 0.6494952707103209
239.00000000000003 0.6515014985850667
239.00000000000003 0.6514001601576921
239.00000000000003 0.6521097941711375
239.00000000000003 0.6564474581854256
239.00000000000003 0.6537947904174899
239.00000000000003 0.6566094272502659
239.00000000000003 0.6559904201663385
239.00000000000003 0.6509774328278287
239.00000000000003 0.6528313777950703
239.00000000000003 0.6513677431383897
239.00000000000003 0.6460146091605399
239.00000000000003 0.6522092944266112
239.00000000000003 0.6489985502418517
239.00000000000003 0.6506268747202644
239.00000000000003 0.6505289126070569
239.00000000000003 0.6459077737213731
239.00000000000003 0.6559784705558437
239.00000000000003 0.6427799657547881
239.00000000000003 0.6520504016463065
239.00000000000003 0.6462340770802976
239.00000000000003 0.6511151471440321
239.00000000000003 0.6462270974242531
239.00000000000003 0.6509743565432877
239.00000000000003 0.6522478640149884
239.00000000000003 0.6514240593786843
239.00000000000003 0.6484566823346746
239.00000000000003 0.6535259859134842
239.00000000000003 0.6600357359832764
239.00000000000003 0.6476907320809348
239.00000000000003 0.6615410165128701
239.00000000000003 0.6687407602742691
239.00000000000003 0.6593901089214687
239.00000000000003 0.6586314938514205
239.00000000000003 0.6611669147119624
239.00000000000003 0.6606427934567075
239.00000000000003 0.6513557935278907
239.00000000000003 0.6550462923381075
239.00000000000003 0.6520519397885719
239.00000000000003 0.6428185353431659
239.00000000000003 0.6518398070525022
239.00000000000003 0.6548889377000686
239.00000000000003 0.6429863014494315
239.00000000000003 0.6460577931757168
239.00000000000003 0.6490325054034205
239.00000000000003 0.6535560377035426
