95.0 1.3614899772447664
95.0 1.4042106595578507
95.0 1.403395728247512
95.0 1.4017958922146754
95.0 1.4073519552771978
95.0 1.3921694314996047
95.0 1.398222309986422
95.0 1.4070862270577251
95.0 1.4045373184444254
95.0 1.408447640702043
95.0 1.405012458643076
95.0 1.3843184300710831
95.0 1.4009953009462859
95.0 1.4129411212121052
95.0 1.415568707144424
95.0 1.4163643536605777
95.0 1.409627800487332
95.0 1.4125076268863639
95.0 1.415617688201027
95.0 1.4131860264951226
95.0 1.4141004580609375
95.0 1.4165483282764983
95.0 1.4117114584064512
95.0 1.4196865477113085
95.0 1.4154796183571778
95.0 1.417298070020583
95.0 1.4182942551899527
95.0 1.4204274161294344
95.0 1.4210286765614402
95.0 1.4163643536605797
95.0 1.4210424946396345
95.0 1.4137487173387524
95.0 1.4146126297056978
95.0 1.4154587954207227
95.0 1.406893709441277
95.0 1.4060722952364355
95.0 1.41561615005876
95.0 1.415832897221631
95.0 1.416120986519826
95.0 1.4164816005679741
95.0 1.4117624995690827
95.0 1.4168749871630697
95.0 1.411432764397974
95.0 1.4107470296055244
95.0 1.4094376733023426
95.0 1.4205342515686024
95.0 1.4208281379082233
95.0 1.4143359680542402
95.0 1.4112368401715607
95.0 1.417097531367366
95.0 1.4136415263719404
95.0 1.4145902686269762
95.0 1.4153072378241078
95.0 1.415985637432869
95.0 1.4141687239117295
95.0 1.4132141846152706
95.0 1.4106857434107807
95.0 1.4143735214641067
95.0 1.4062542097463306
95.0 1.4029132528651678
95.0 1.4083523993457263
95.0 1.4143511603853816
95.0 1.4261068534662096
95.0 1.423215077456684
95.0 1.418560313734859
95.0 1.4183613132239106
95.0 1.4211725434467197
95.0 1.4171183543038237
95.0 1.419520319747311
95.0 1.418605888181498
95.0 1.4215674681840824
95.0 1.4228664130190345
95.0 1.4202685233491297
95.0 1.416072005463224
95.0 1.4255071246824793
95.0 1.4218821774601578
95.0 1.41810753461493
95.0 1.410292356815683
95.0 1.4126499556293728
95.0 1.4124736465225765
95.0 1.4092845775634608
95.0 1.4071437259126456
95.0 1.4080970825944816
95.0 1.401554915505383
95.0 1.4104558640227898
95.0 1.4101322814207533
95.0 1.4071538070554386
95.0 1.4075968605602143
95.0 1.41166146117134
95.0 1.4170797847154457
95.0 1.424625472157606
95.0 1.4186222560559332
95.0 1.4079912355848194
95.0 1.4152790797039623
95.0 1.4165155557295475
95.0 1.4150899686974825
95.0 1.4112634601494431
95.0 1.4153400103710634
95.0 1.4172386774957546
95.0 1.415734935108426
95.0 1.4181546472038373
95.0 1.4211355120006102
95.0 1.4225428304169971
95.0 1.4191878638193158
95.0 1.4188330468125943
95.0 1.4153727829180116
95.0 1.4144849713300778
95.0 1.4134428813886386
95.0 1.4165112968303917
95.0 1.4161283217035225
95.0 1.416215872348501
95.0 1.4150565354996678
95.0 1.4186652807063294
95.0 1.419175914208822
95.0 1.4232493881459045
95.0 1.422756291901701
95.0 1.4277246000402857
95.0 1.4255310303974638
95.0 1.4208906067175924
95.0 1.4207718216679304
95.0 1.4129233745601868
95.0 1.4199553522153217
95.0 1.4164816005679746
95.0 1.414188008705919
95.0 1.4182317863805887
95.0 1.4223453680483167
95.0 1.4232420529622127
95.0 1.427600539912958
95.0 1.4283328653305527
95.0 1.4290047820448084
95.0 1.4275203244516685
95.0 1.4241564845280261
95.0 1.4271165263883445
95.0 1.4268122285804956
95.0 1.4296268654132716
95.0 1.4267053931413294
95.0 1.4330099901311022
95.0 1.426753852234176
95.0 1.418974227631478
95.0 1.4189154585202215
95.0 1.4242247503788201
95.0 1.4225605770689191
95.0 1.4258264548793556
95.0 1.419403072839918
95.0 1.419181711250246
95.0 1.4243921609574424
95.0 1.4261558345228171
95.0 1.4295790669712902
95.0 1.4223511650897405
95.0 1.423223950782646
95.0 1.418022374401413
95.0 1.4157391940075883
95.0 1.4158683905254783
95.0 1.4144240406629829
95.0 1.4153473455547583
95.0 1.4247396427804717
95.0 1.4241754137945726
95.0 1.4276402921159572
95.0 1.4252992573395664
95.0 1.4272974247197319
95.0 1.4288655043841247
95.0 1.4306242331972663
95.0 1.4300750301063978
95.0 1.4330543567609029
95.0 1.4323150264850462
95.0 1.432559931768065
95.0 1.4243686172640972
95.0 1.42575511274403
95.0 1.4252622258934564
95.0 1.4138598116770842
95.0 1.416057309893631
95.0 1.4103741104192429
95.0 1.4075448032190843
95.0 1.417197031622844
95.0 1.4156238155678904
95.0 1.4126310011606182
95.0 1.4135894690308053
95.0 1.4077202348344717
95.0 1.4044133970042025
95.0 1.4025592603986297
95.0 1.388286251183627
95.0 1.3754050689192225
95.0 1.368256940282519
95.0 1.3879921732056817
95.0 1.3851894859833993
95.0 1.385550291669868
95.0 1.3833473267373304
95.0 1.392760446899499
95.0 1.3981907200540997
95.0 1.3880131877804556
95.0 1.3859556278754623
95.0 1.389571708265816
95.0 1.378034300490126
95.0 1.3900750065846108
95.0 1.3872352879162269
95.0 1.3864261536473073
95.0 1.3982204163165097
95.0 1.3876035926757098
95.0 1.3851714090060425
95.0 1.390092586800419
95.0 1.3946270273303145
95.0 1.3903857872869647
95.0 1.3810109063877365
95.0 1.3864840080298733
95.0 1.381908773916262
95.0 1.3875677438442249
95.0 1.3695330675915318
95.0 1.3655060212604246
95.0 1.3660831572502163
95.0 1.3649141149336461
95.0 1.3738333320667375
95.0 1.3696185481119436
95.0 1.3812022161873538
95.0 1.37075195083598
95.0 1.3657567101493895
95.0 1.3621308789416753
95.0 1.369413228595823
95.0 1.372805226639612
95.0 1.3551168395767863
95.0 1.358617211202011
95.0 1.365298108785823
95.0 1.356543442787364
95.0 1.3552950171512823
95.0 1.3537477352211273
95.0 1.356745164055199
95.0 1.356345980418676
95.0 1.360232403455308
95.0 1.3654247509829394
95.0 1.3639314200638375
95.0 1.3659978532947967
95.0 1.3605945556457193
95.0 1.3668709945153472
95.0 1.3593550033355963
95.0 1.3556155234687788
95.0 1.3622838107912358
95.0 1.3668872030249974
95.0 1.3520557593187257
95.0 1.3671556520013626
95.0 1.3583113752518952
95.0 1.3712665129122
95.0 1.3509720235043758
95.0 1.3630717640492571
95.0 1.3619011659897984
95.0 1.3427074706483757
95.0 1.3679569291228273
95.0 1.358054328720058
95.0 1.350710032220306
95.0 1.357864887388143
95.0 1.3510525692910964
95.0 1.350096161526935
95.0 1.3623771584776398
95.0 1.3594483510220012
95.0 1.3694792956534803
95.0 1.3741910614686752
