24.0 2.135114626347829
24.0 2.167826341831513
24.0 2.1776536715252366
24.0 2.182877608985191
24.0 2.1782533938149733
24.0 2.176660562640399
24.0 2.1838915408064823
24.0 2.1840033209978853
24.0 2.1811258850303124
24.0 2.1852780362864155
24.0 2.181942354482921
24.0 2.1812342586117457
24.0 2.182622292233946
24.0 2.1836450973811976
24.0 2.187590912942657
24.0 2.1869896525106522
24.0 2.18243677947576
24.0 2.1798388898058554
24.0 2.187068329829671
24.0 2.186242987051102
24.0 2.1905390051924813
24.0 2.187251452156401
24.0 2.190215422590443
24.0 2.1919879694817794
24.0 2.1845475793365177
24.0 2.1881312427075645
24.0 2.185937151100986
24.0 2.1809789418605017
24.0 2.18736375431156
24.0 2.184375554331095
24.0 2.183536723799763
24.0 2.183446096870247
24.0 2.183449173154781
24.0 2.188160938969981
24.0 2.1872900217447757
24.0 2.1825821845033038
24.0 2.1870787412978983
24.0 2.1831834449353096
24.0 2.1843026740535
24.0 2.1887888193798686
24.0 2.182996394034856
24.0 2.1901174604772358
24.0 2.186891690397444
24.0 2.1851013968541877
24.0 2.18684270934084
24.0 2.188867496698887
24.0 2.1870683298296703
24.0 2.188539985523125
24.0 2.1888971929613033
24.0 2.192122963041096
24.0 2.185157713094485
24.0 2.1889758702803213
24.0 2.1844704401597657
24.0 2.187795710495032
24.0 2.1941716496201313
24.0 2.1841483956999963
24.0 2.1885913570111857
24.0 2.1895716639963356
24.0 2.187855103019862
24.0 2.187215272999482
24.0 2.183267067006562
24.0 2.180849745342611
24.0 2.1798300164798934
24.0 2.1784612676518824
24.0 2.1727147470789396
24.0 2.1747723069839346
24.0 2.178363305538676
24.0 2.178118400255656
24.0 2.1834773312749287
24.0 2.175894612386659
24.0 2.1783752551491693
24.0 2.1780798306672815
24.0 2.183499692353653
24.0 2.177999615205995
24.0 2.182611880765718
24.0 2.1819141963627735
24.0 2.188190635232398
24.0 2.184641282550566
24.0 2.1787967998644153
24.0 2.1787196606876615
24.0 2.183979091451461
24.0 2.1939757253937167
24.0 2.191398658660268
24.0 2.1926173880339355
24.0 2.195862442907914
24.0 2.1900611442369406
24.0 2.18958600403829
24.0 2.1849930232727544
24.0 2.185071700591774
24.0 2.1834862046008943
24.0 2.1873478761273435
24.0 2.1727290593718878
24.0 2.1785702498858797
24.0 2.1800926684148356
24.0 2.1894166997897573
24.0 2.193730298146944
24.0 2.190628093979731
24.0 2.1981826547478525
24.0 2.1951439355685154
24.0 2.1929128125158277
24.0 2.194772910052141
24.0 2.194517593300896
24.0 2.1929425087782417
24.0 2.192636672828125
24.0 2.1960182594036883
24.0 2.193029537459463
24.0 2.1885423759545852
24.0 2.1849899469882215
24.0 2.185580795952001
24.0 2.1868322978726167
24.0 2.1889373006919493
24.0 2.1912960821202607
24.0 2.188416255721229
24.0 2.1833319262473907
24.0 2.1827306658153836
24.0 2.1764383487615397
24.0 2.1921927670341574
24.0 2.1918394881697036
24.0 2.192341248346235
24.0 2.1928341351968066
24.0 2.1788160846586035
24.0 2.1930211860972606
24.0 2.1833017080212156
24.0 2.184048895444524
24.0 2.1887784079116415
24.0 2.184113232721589
24.0 2.1862429870511035
24.0 2.1859475625692135
24.0 2.1838826674805234
24.0 2.179777959138756
24.0 2.181725607320053
24.0 2.1791470024443362
24.0 2.1793517999967116
24.0 2.1838410216076136
24.0 2.184143781273196
24.0 2.179332515202524
24.0 2.1804563587475183
24.0 2.1783713265754474
24.0 2.1768173953146817
24.0 2.1744586138863706
24.0 2.1771607846746632
24.0 2.1789036353035836
24.0 2.1807324984352148
24.0 2.1833897806299514
24.0 2.174641572323778
24.0 2.173835514339397
24.0 2.1659276747068246
24.0 2.1656723579555797
24.0 2.1731112099585723
24.0 2.1754240866148127
24.0 2.1817078606681313
24.0 2.186833836014881
24.0 2.189449472336706
24.0 2.1947817833781005
24.0 2.1919567350770963
24.0 2.1906786131785996
24.0 2.1905598281289365
24.0 2.1875581403957085
24.0 2.1895563077758724
24.0 2.189409364606061
24.0 2.1883464517281666
24.0 2.1881104197711085
24.0 2.18581836605132
24.0 2.181964715561641
24.0 2.1878759259563174
24.0 2.1778333872419937
24.0 2.1786363689418398
24.0 2.177178531326586
24.0 2.1748864776067958
24.0 2.1708684676208208
24.0 2.174871399713462
24.0 2.174750962083724
24.0 2.1785665649487855
24.0 2.1710713967054955
24.0 2.1725993686392435
24.0 2.17380922468695
24.0 2.1651466985580567
24.0 2.1639680769150336
24.0 2.1655936806365563
24.0 2.1526122533238032
24.0 2.149097871982058
24.0 2.1405235045733653
24.0 2.1357749515260296
24.0 2.140997020518287
24.0 2.143885720243277
24.0 2.1389771779124747
24.0 2.14464774192329
24.0 2.139343258676617
24.0 2.141804616644935
24.0 2.1436558408552915
24.0 2.143753802968499
24.0 2.145600412752051
24.0 2.142052598212491
24.0 2.1483186256138858
24.0 2.1475465227910795
24.0 2.1474253473099583
24.0 2.141942686488787
24.0 2.139046296052457
24.0 2.135528177775311
24.0 2.131612058476269
24.0 2.122260199306632
24.0 2.1273841145473584
24.0 2.1265903364989023
24.0 2.1313123498930127
24.0 2.121550373654866
24.0 2.1304310186527826
24.0 2.125287985053984
24.0 2.1096924595616726
24.0 2.109713612823562
24.0 2.1094217865899636
24.0 2.117598952690304
24.0 2.123827262792514
24.0 2.1250482161615274
24.0 2.12609286042374
24.0 2.1310212095124883
24.0 2.133907188480589
24.0 2.131946052546532
24.0 2.133524213353721
24.0 2.1393552082871086
24.0 2.1387674356078654
24.0 2.137391351596161
24.0 2.1298842337423767
24.0 2.1276469581206188
24.0 2.1242430104663317
24.0 2.123681857764969
24.0 2.1238199276088197
24.0 2.122148419115228
24.0 2.1232633893342605
24.0 2.120429467707299
24.0 2.1246814495443065
24.0 2.1162116049211814
24.0 2.120686652926244
24.0 2.1126658252854336
24.0 2.1197909841908578
24.0 2.1198910064100915
24.0 2.1191863171488845
24.0 2.1208103827281404
24.0 2.1156722913347794
24.0 2.1182793846560783
24.0 2.12333555600977
24.0 2.117746059749433
24.0 2.1212201417222087
24.0 2.12234535952015
24.0 2.1193179040982337
24.0 2.1152964875022877
24.0 2.1155661442954874
24.0 2.1180740928889557
24.0 2.115190504352311
24.0 2.1208265912377944
24.0 2.116023346203892
24.0 2.102784211708435
24.0 2.1111260676305075
24.0 2.111030165623325
24.0 2.1071758292805676
