110.0 1.1092999642052481
110.0 1.1604013186597015
110.0 1.1635361314845472
110.0 1.1657614574958093
110.0 1.1700951929363737
110.0 1.1591167138667025
110.0 1.172025946754938
110.0 1.165026741646754
110.0 1.1744151102987423
110.0 1.1738416776614515
110.0 1.1601977289241612
110.0 1.1650267416467546
110.0 1.160705286142118
110.0 1.167591858769708
110.0 1.17100775603449
110.0 1.1705607739559851
110.0 1.1628430615084024
110.0 1.1731409169739708
110.0 1.171654921238565
110.0 1.1710181675027171
110.0 1.1699641279507833
110.0 1.1693956400657286
110.0 1.1738906587180542
110.0 1.1727594799893688
110.0 1.1749624449219118
110.0 1.1745007924760207
110.0 1.1754048125736112
110.0 1.1727104989327652
110.0 1.1722978275434817
110.0 1.172808461045973
110.0 1.1773644103654002
110.0 1.174273633844926
110.0 1.1789171338093303
110.0 1.1767141688767917
110.0 1.1762895478770135
110.0 1.1643082343073534
110.0 1.1754537936302132
110.0 1.1716668708490605
110.0 1.1701423055252782
110.0 1.1733592022791086
110.0 1.1736739115551857
110.0 1.1782773037889496
110.0 1.1806079270971124
110.0 1.1727178341164577
110.0 1.1781303606191393
110.0 1.1762613897568621
110.0 1.182209631597646
110.0 1.1850065217785013
110.0 1.180363021814095
110.0 1.1816635047913135
110.0 1.1777859550806464
110.0 1.184632419977593
110.0 1.1819469796627085
110.0 1.179576248623902
110.0 1.1764677254515044
110.0 1.1746526803980681
110.0 1.1747175396388925
110.0 1.1710864333535096
110.0 1.1790572360102005
110.0 1.1794678750424674
110.0 1.1776192051528882
110.0 1.1848283442040073
110.0 1.1792970326516643
110.0 1.1799858437286495
110.0 1.176434952904555
110.0 1.1771164287978488
110.0 1.1751286728859114
110.0 1.1792896974679723
110.0 1.1789942729860836
110.0 1.1747160014966243
110.0 1.1780798414202678
110.0 1.1769382512233535
110.0 1.182249739328291
110.0 1.1790417159004183
110.0 1.1687916336746156
110.0 1.180745996940961
110.0 1.1780725062365731
110.0 1.1758383068993505
110.0 1.1759185223606363
110.0 1.1804319457689547
110.0 1.183364709547323
110.0 1.1821147457689754
110.0 1.1777473854922695
110.0 1.1750114259785145
110.0 1.1744622228876467
110.0 1.1745779316527751
110.0 1.177500942066984
110.0 1.1754553317724805
110.0 1.181406649897801
110.0 1.1804640602118346
110.0 1.1843385336379704
110.0 1.177790634493745
110.0 1.1708641700231357
110.0 1.1779433097186847
110.0 1.1838263619932121
110.0 1.1813160229682873
110.0 1.1759347308702888
110.0 1.1773806188750544
110.0 1.178344031497474
110.0 1.1794158177013294
110.0 1.1809403830251117
110.0 1.1811081491313777
110.0 1.1823477014414991
110.0 1.1780501451578533
110.0 1.1799191160201277
110.0 1.1785623168026114
110.0 1.1802650597008877
110.0 1.179890957899979
110.0 1.1830885698596223
110.0 1.182282511875241
110.0 1.1814764538908606
110.0 1.1838560582556266
110.0 1.1832177663775114
110.0 1.1813487955152366
110.0 1.1773347141029846
110.0 1.1667017126958208
110.0 1.171175522140754
110.0 1.1742782482717247
110.0 1.179845053127908
110.0 1.1804729335377955
110.0 1.1831865319728283
110.0 1.1804297495226168
110.0 1.1752861721277128
110.0 1.188159411580699
110.0 1.1874513157095248
110.0 1.1856239907201607
110.0 1.1900210472592807
110.0 1.1939741980044325
110.0 1.18590216276488
110.0 1.184063740454213
110.0 1.185669895492231
110.0 1.1850894579966795
110.0 1.186219098583098
110.0 1.1821872705189245
110.0 1.185509464569657
110.0 1.1814448639585335
110.0 1.1814969212996718
110.0 1.181281190315309
110.0 1.1787084384265245
110.0 1.1692544661883348
110.0 1.1711516229197652
110.0 1.1718701302591665
110.0 1.1721312440518388
110.0 1.1686574924044948
110.0 1.1658845014446315
110.0 1.1699019894668525
110.0 1.1716310220175792
110.0 1.1662387964875973
110.0 1.16743329631484
110.0 1.163797245277222
110.0 1.1622400712958074
110.0 1.1630090978340784
110.0 1.1659715301258535
110.0 1.1663248089903073
110.0 1.1680676596192252
110.0 1.171319719351465
110.0 1.1727239614833178
110.0 1.1788461219994382
110.0 1.1744722788282307
110.0 1.1766382123146624
110.0 1.1735505120787217
110.0 1.1736573475178878
110.0 1.1734332651713246
110.0 1.1695275573405086
110.0 1.1678545107046467
110.0 1.1685818913700077
110.0 1.1714528444430794
110.0 1.171394990060517
110.0 1.173519277674037
110.0 1.176702549591728
110.0 1.1740058455194238
110.0 1.1695587917451904
110.0 1.1716132753656527
110.0 1.1678784099256339
110.0 1.1685537332498597
110.0 1.1705430273040658
110.0 1.1681098274558939
110.0 1.156642553998695
110.0 1.146439062398044
110.0 1.1612217166860368
110.0 1.1523857443940513
110.0 1.1480358929194519
110.0 1.1458518977008039
110.0 1.1546662257334972
110.0 1.156228344467148
110.0 1.1506357719222706
110.0 1.162296223646783
110.0 1.145291511270386
110.0 1.1579095785758904
110.0 1.1549109671271947
110.0 1.1445818772569436
110.0 1.1505050372621168
110.0 1.1508197465381915
110.0 1.1543957191979004
110.0 1.1489180031289623
110.0 1.1493781174325852
110.0 1.1425779128353528
110.0 1.1549198404531558
110.0 1.1529826037400859
110.0 1.1502096127802228
110.0 1.1479873630534971
110.0 1.1544805490859893
110.0 1.1444869914282672
110.0 1.1510823984731284
110.0 1.1441514592157351
110.0 1.144918947611741
110.0 1.161193558565889
110.0 1.1582597551822862
110.0 1.1511900607531402
110.0 1.1502592796899025
110.0 1.145640173161242
110.0 1.1524984237793632
110.0 1.1632447994657025
110.0 1.1559375344120568
110.0 1.1491311772457538
110.0 1.1499307523356301
110.0 1.1495728590443766
110.0 1.152170748714281
110.0 1.1470713933454146
110.0 1.142733373803478
110.0 1.1398358007525262
110.0 1.1301573078985292
110.0 1.1298881478668783
110.0 1.129413007668228
110.0 1.1309464463179717
110.0 1.1198143747478728
110.0 1.1254243636192343
110.0 1.1282714174713115
110.0 1.1291623053437858
110.0 1.1258621168441305
110.0 1.125632237456143
110.0 1.1271479294539648
110.0 1.1433716656815962
110.0 1.127572550453742
110.0 1.132533480451118
110.0 1.1390370779518388
110.0 1.1259025801024203
110.0 1.1406538083474054
110.0 1.1427588111667382
110.0 1.1271051009664312
110.0 1.131047840243358
110.0 1.1460617204232806
110.0 1.1369648476794594
110.0 1.1352370229455713
110.0 1.1321358349568704
110.0 1.1251335535641467
110.0 1.1348837440811175
110.0 1.1319726832774015
110.0 1.132644930317089
110.0 1.1293242744086307
110.0 1.1266804799666537
110.0 1.134107026831507
110.0 1.1347949856193056
110.0 1.129898914862754
