147.0 1.0048311586095526
147.0 1.0343266631924846
147.0 1.0311700112526723
147.0 1.0372593992218464
147.0 1.0396509531971068
147.0 1.022293292281688
147.0 1.0417054368175698
147.0 1.0396019721405039
147.0 1.0388344837444974
147.0 1.040921739911912
147.0 1.037489634137477
147.0 1.0426881342341767
147.0 1.0461842469602443
147.0 1.0366403921379177
147.0 1.0475232995258423
147.0 1.0464515133219858
147.0 1.0446018272538982
147.0 1.050936120506086
147.0 1.0447992896225797
147.0 1.0489186683317329
147.0 1.0456751516000191
147.0 1.0454969740255255
147.0 1.0456751516000224
147.0 1.0434394141205292
147.0 1.0423305964705678
147.0 1.0516530897032208
147.0 1.0399895616941746
147.0 1.0523122045177906
147.0 1.05642424804325
147.0 1.054831416868677
147.0 1.0526180404679082
147.0 1.0467766340662903
147.0 1.050720911485484
147.0 1.049264612012493
147.0 1.0470215393493114
147.0 1.047327375299427
147.0 1.050002404146082
147.0 1.0531005158502518
147.0 1.0514779884132612
147.0 1.0467959188604794
147.0 1.0531599083750827
147.0 1.0523434389224744
147.0 1.052883768687381
147.0 1.0570497380216795
147.0 1.057181324971029
147.0 1.0485268198789026
147.0 1.0578196168491427
147.0 1.0529624460064013
147.0 1.0531302121126678
147.0 1.0505041643226145
147.0 1.054595384911618
147.0 1.05782115499141
147.0 1.0579488133670334
147.0 1.0607322157951233
147.0 1.0581655605299027
147.0 1.055348147442224
147.0 1.0527649836377193
147.0 1.0558735068101144
147.0 1.0512893993705408
147.0 1.0510726522076697
147.0 1.0489875922865937
147.0 1.0534537947147047
147.0 1.0559714689233233
147.0 1.0555291012716228
147.0 1.0549783600384888
147.0 1.051614520114844
147.0 1.0527368255175702
147.0 1.0518713750083588
147.0 1.0529238764180258
147.0 1.053710649608219
147.0 1.052687844460967
147.0 1.0531599083750822
147.0 1.0544187454793914
147.0 1.0521860842844362
147.0 1.0541113713870074
147.0 1.0581551490616743
147.0 1.050925709037859
147.0 1.0542895489615005
147.0 1.0467083682154998
147.0 1.0453012721807315
147.0 1.0506318226982378
147.0 1.052530489822928
147.0 1.0494620743811747
147.0 1.050248847571368
147.0 1.0522157805468515
147.0 1.0518119824835266
147.0 1.0536259836094484
147.0 1.055527563129356
147.0 1.054014947416067
147.0 1.051665039313715
147.0 1.05840159248696
147.0 1.0545815455784093
147.0 1.0480660197222047
147.0 1.0522246538728104
147.0 1.0549887715067146
147.0 1.0501003662592887
147.0 1.0482209839287866
147.0 1.0513993110942423
147.0 1.0522944578658706
147.0 1.053631972289199
147.0 1.0525289516806604
147.0 1.052784268431906
147.0 1.052312204517791
147.0 1.0520969954971893
147.0 1.0523627237166626
147.0 1.0537106496082183
147.0 1.0546547774364508
147.0 1.0560709691787982
147.0 1.056621710411933
147.0 1.055569209002266
147.0 1.0564643557738937
147.0 1.0566409952061209
147.0 1.0544677265359959
147.0 1.053415225126329
147.0 1.056798349844159
147.0 1.0575806724968686
147.0 1.0555869556541868
147.0 1.0559016649302637
147.0 1.054455776925501
147.0 1.0544958846561432
147.0 1.0554415506266435
147.0 1.0547407899391614
147.0 1.0544072900836488
147.0 1.055928284908145
147.0 1.057690420331253
147.0 1.055258758625347
147.0 1.0553285626184061
147.0 1.0569213937929796
147.0 1.0526788141871748
147.0 1.0560663547519962
147.0 1.056370652559846
147.0 1.055781341738336
147.0 1.0579843066708752
147.0 1.0583479970035548
147.0 1.0556922529510855
147.0 1.0561747283334304
147.0 1.0591347701937484
147.0 1.0571978638061128
147.0 1.0477976014891395
147.0 1.0511260560527524
147.0 1.0530083507784689
147.0 1.055163872796674
147.0 1.0482105724605575
147.0 1.0521741346739406
147.0 1.0526951796446586
147.0 1.0509241708955903
147.0 1.0525378250066215
147.0 1.0525081287442042
147.0 1.0521830079999
147.0 1.0510325444770254
147.0 1.0522319890565035
147.0 1.0534923643030791
147.0 1.055733898823996
147.0 1.0530692814455669
147.0 1.0555958289801455
147.0 1.0550925306613477
147.0 1.0540415673939485
147.0 1.0519766723052604
147.0 1.0547986443217272
147.0 1.0556359367107917
147.0 1.0571990716229498
147.0 1.0547303784709334
147.0 1.0585350479040097
147.0 1.057256926005512
147.0 1.0524175018146904
147.0 1.0535783768057916
147.0 1.055475505788215
147.0 1.0559772659647475
147.0 1.055456220994027
147.0 1.0563890573158345
147.0 1.0502164980851512
147.0 1.0476474740909785
147.0 1.0529813752729429
147.0 1.0503182960367827
147.0 1.0505824861139876
147.0 1.0436781668344763
147.0 1.0499827638242498
147.0 1.0488797432157149
147.0 1.0465981009641534
147.0 1.040648320981099
147.0 1.0351543686535054
147.0 1.0246233658770885
147.0 1.0175589716501423
147.0 1.0120174423671977
147.0 1.0218888083652873
147.0 1.0185323036253378
147.0 1.0188412158599889
147.0 1.025124137624117
147.0 1.0258762697996613
147.0 1.0168981821054988
147.0 1.017938733904669
147.0 1.028048000327518
147.0 1.0251191928718826
147.0 1.0221977205999389
147.0 1.0293172489000548
147.0 1.0264655806211693
147.0 1.0260455740481949
147.0 1.0266927392522682
147.0 1.0314045050674663
147.0 1.0329556903691317
147.0 1.0317354228531972
147.0 1.0190564248805956
147.0 1.023649405646126
147.0 1.0289149889789964
147.0 1.0221070936704255
147.0 1.018357202335382
147.0 1.0208014717558567
147.0 1.006275808501683
147.0 1.005375386652391
147.0 1.0160999535195674
147.0 1.0077178259775303
147.0 1.0007059854057732
147.0 1.0051259249873754
147.0 0.99926385953862
147.0 1.002621738531522
147.0 1.0050445269114678
147.0 1.0097740393785868
147.0 1.0105608125687768
147.0 1.0058386352853508
147.0 1.001630167788952
147.0 0.9984148091773931
147.0 1.001551490469933
147.0 1.0190074438239942
147.0 1.008397955366882
147.0 1.0080639612966142
147.0 1.008880430749222
147.0 1.0105384514900544
147.0 1.0134822848407203
147.0 1.0188219310658033
147.0 1.0141518111235173
147.0 1.016148440361418
147.0 1.0141294500447944
147.0 1.016942548735303
147.0 1.009303513606736
147.0 1.005969369945509
147.0 1.0137865826485692
147.0 1.0126376572679598
147.0 1.0168846943527363
147.0 1.0033626069496435
147.0 1.008772057167787
147.0 1.0126762268563372
147.0 1.004915330393576
147.0 0.9985779608568524
147.0 1.0134005312371637
147.0 1.008807550471633
147.0 1.0122145744104523
147.0 1.0089085888693707
147.0 1.008561107046344
147.0 0.9980511188447087
147.0 1.0079316884941898
147.0 1.0109823572840229
147.0 1.0035481197078315
147.0 1.0046079563011927
147.0 1.006879187084526
