226.0 0.616601369132219
226.0 0.6357630029071087
226.0 0.6406408050479873
226.0 0.6369168730399551
226.0 0.6355689446016036
226.0 0.6372612785784444
226.0 0.6480711392526607
226.0 0.6480161972653151
226.0 0.6476199260240073
226.0 0.6384110537014482
226.0 0.6449426731820049
226.0 0.6540129259479485
226.0 0.6423922264264378
226.0 0.6465938529538962
226.0 0.6493859900208427
226.0 0.6409760346840905
226.0 0.6524697616830545
226.0 0.6546527559683312
226.0 0.6355723815073709
226.0 0.6485841909356181
226.0 0.6510648336981281
226.0 0.6481819310145611
226.0 0.6490238378304239
226.0 0.6621868493276423
226.0 0.6530331383797621
226.0 0.650771963537014
226.0 0.6499471427221997
226.0 0.6595875854047883
226.0 0.6533391407659911
226.0 0.6560365306913712
226.0 0.6551888268340831
226.0 0.6578831404749261
226.0 0.6511010128550427
226.0 0.6528774883201043
226.0 0.6615053734343465
226.0 0.6615663041014501
226.0 0.65858816006156
226.0 0.6542551104740761
226.0 0.6536434385738414
226.0 0.6485116661856628
226.0 0.6583968502619504
226.0 0.6637202879773835
226.0 0.649008811935394
226.0 0.6536569263266067
226.0 0.6632705851419901
226.0 0.6599140804020419
226.0 0.6572359752708502
226.0 0.6577986661144816
226.0 0.6594524279561556
226.0 0.6608909807772245
226.0 0.6570581532240009
226.0 0.6643142132256973
226.0 0.6613854057700619
226.0 0.659406523184085
226.0 0.656783551678565
226.0 0.6491518517336902
226.0 0.6602088164840568
226.0 0.6663540264787753
226.0 0.6600413807032226
226.0 0.661533887082139
226.0 0.6574766216547078
226.0 0.6634873323048583
226.0 0.6627911860441807
226.0 0.6622493181370064
226.0 0.6597968334946447
226.0 0.6608895011272562
226.0 0.6656027465924201
226.0 0.6609295503656007
226.0 0.6642829788210145
226.0 0.6644403334590518
226.0 0.6586567814400014
226.0 0.6641063393887887
226.0 0.661331810286657
226.0 0.666094095300727
226.0 0.6672942152920851
226.0 0.6704155508053604
226.0 0.671873388420617
226.0 0.6768848376168612
226.0 0.6609950954594985
226.0 0.6659113007526323
226.0 0.6628729396477351
226.0 0.6685377066171232
226.0 0.6599796254959382
226.0 0.6509213223404912
226.0 0.6674570470873085
226.0 0.6510890884467573
226.0 0.6612519503530139
226.0 0.6656281839556785
226.0 0.6688211814885201
226.0 0.6627036353992029
226.0 0.6653400946574839
226.0 0.6571369666833335
226.0 0.6671758056473814
226.0 0.6686935231128974
226.0 0.6715498058185859
226.0 0.6732603781153041
226.0 0.6738759785892673
226.0 0.6775960097725775
226.0 0.6766148504982362
226.0 0.6759067546270631
226.0 0.6739398216515814
226.0 0.675670722670005
226.0 0.676772205136276
226.0 0.676536173179218
226.0 0.6759067546270636
226.0 0.6771655917313724
226.0 0.6763788185411791
226.0 0.6760641092651022
226.0 0.6774803010074497
226.0 0.6751986587558897
226.0 0.6774016236884298
226.0 0.6787391381117576
226.0 0.679132524706854
226.0 0.6810207803633174
226.0 0.6817288762344902
226.0 0.6782477894034539
226.0 0.6836973473522416
226.0 0.6832237452958576
226.0 0.6845612597191846
226.0 0.6840891958050683
226.0 0.6837744865289922
226.0 0.6828986245515523
226.0 0.679935506406699
226.0 0.6790924169762093
226.0 0.6762897297539292
226.0 0.6780206307723547
226.0 0.6764663691861571
226.0 0.678048788892503
226.0 0.6734303707637102
226.0 0.6740242960120232
226.0 0.6744770751319497
226.0 0.6719208313349552
226.0 0.6770259837452512
226.0 0.6761886913561874
226.0 0.6730119023329993
226.0 0.6799563293431535
226.0 0.6810281155470097
226.0 0.6894634830448046
226.0 0.6906965524604232
226.0 0.6906726532394337
226.0 0.6867846920605368
226.0 0.688426504291714
226.0 0.6847375436237666
226.0 0.684520796460895
226.0 0.6832442127046668
226.0 0.6855570893609094
226.0 0.6862162041754793
226.0 0.6851621646235453
226.0 0.687592288187185
226.0 0.6888229671713454
226.0 0.6891658345675695
226.0 0.6880554787753405
226.0 0.6899348611058428
226.0 0.689698829148785
226.0 0.69046631754479
226.0 0.6877720039039451
226.0 0.6896513862344478
226.0 0.6888349167818392
226.0 0.688873486370216
226.0 0.6913036099338541
226.0 0.690476729013018
226.0 0.6899957917729408
226.0 0.6903105010490185
226.0 0.6859223178358577
226.0 0.6861109068785798
226.0 0.688471226449159
226.0 0.6855705771136716
226.0 0.6872019778766234
226.0 0.6841736701655114
226.0 0.6852949316407215
226.0 0.673438886015228
226.0 0.6788392990180951
226.0 0.6799366890213207
226.0 0.6780723325858452
226.0 0.6793311696901544
226.0 0.6759063990994142
226.0 0.6736498386834688
226.0 0.6686545979968792
226.0 0.6672754377006385
226.0 0.6701595229988304
226.0 0.6715786031057555
226.0 0.6510422281874769
226.0 0.6616612931442354
226.0 0.6635399453473482
226.0 0.6695810901112961
226.0 0.6649795915474443
226.0 0.6639441509366176
226.0 0.6639400584735754
226.0 0.6658672114970532
226.0 0.6633691801570613
226.0 0.6653528436059545
226.0 0.6646911744706081
226.0 0.6702400687855516
226.0 0.6652352689199214
226.0 0.6627329509317681
226.0 0.6590760769576938
226.0 0.663955608879157
226.0 0.6617291002532714
226.0 0.6662253015202209
226.0 0.6619859551467827
226.0 0.6532539553502611
226.0 0.6656255792304828
226.0 0.6629053314648339
226.0 0.6586282425900009
226.0 0.656929070191009
226.0 0.645306171876364
226.0 0.6711676642726939
226.0 0.674633254381382
226.0 0.671456640456665
226.0 0.666790735776159
226.0 0.6754892771726526
226.0 0.674365927842412
226.0 0.6728596311343035
226.0 0.6771819389281347
226.0 0.6723154005446819
226.0 0.6731392051809832
226.0 0.6670914630847209
226.0 0.6667975767451039
226.0 0.6644283838485666
226.0 0.6692766813653441
226.0 0.6722455965516227
226.0 0.6710550252981058
226.0 0.6723154005446836
226.0 0.6755573791341237
226.0 0.6740119908738891
226.0 0.6719872035158411
226.0 0.6689693072729596
226.0 0.6757428918923143
226.0 0.668831237429108
226.0 0.6712717724609765
226.0 0.670710619759611
226.0 0.673179312911625
226.0 0.6769855204869721
226.0 0.6746371505268843
226.0 0.6715984313475459
226.0 0.6759507657292224
226.0 0.6677683245512146
226.0 0.6670528934963471
226.0 0.6733366675496654
226.0 0.6697799796841419
226.0 0.67322095878454
226.0 0.6667960386028335
226.0 0.6683043954169656
226.0 0.6714588233614306
226.0 0.6697680300736487
226.0 0.6676927235167298
226.0 0.6738176047897407
226.0 0.6755099362197894
226.0 0.6688817566279786
226.0 0.6753467845403268
226.0 0.6690437256928219
226.0 0.6770568626222939
226.0 0.6774591225433523
226.0 0.671820975551841
