185.99999999999997 1.1539722561459738
185.99999999999997 1.1975296771881563
185.99999999999997 1.2055906125596116
185.99999999999997 1.2052180489009714
185.99999999999997 1.2054332579215725
185.99999999999997 1.2021940000890199
185.99999999999997 1.2101643085309586
185.99999999999997 1.2110490438343606
185.99999999999997 1.2093389657523905
185.99999999999997 1.2069385384511673
185.99999999999997 1.2121817607053131
185.99999999999997 1.207526311130411
185.99999999999997 1.207903489215856
185.99999999999997 1.205445207532069
185.99999999999997 1.2095645862412214
185.99999999999997 1.2148479162260093
185.99999999999997 1.2109927275940633
185.99999999999997 1.2167465833507007
185.99999999999997 1.2193710929984864
185.99999999999997 1.2165491209820183
185.99999999999997 1.2118863362234256
185.99999999999997 1.205581739233653
185.99999999999997 1.2171191470093417
185.99999999999997 1.2161838925070714
185.99999999999997 1.217758977029725
185.99999999999997 1.219589378303625
185.99999999999997 1.2188990290843709
185.99999999999997 1.217040469690323
185.99999999999997 1.2202083853875507
185.99999999999997 1.2184165537020273
185.99999999999997 1.2166767793576436
185.99999999999997 1.2181033825682168
185.99999999999997 1.2208675002021203
185.99999999999997 1.216264107968358
185.99999999999997 1.2152413028211067
185.99999999999997 1.2085433192362391
185.99999999999997 1.2153006953459378
185.99999999999997 1.2209758737835554
185.99999999999997 1.2217923432361646
185.99999999999997 1.2197556062676227
185.99999999999997 1.211297025401913
185.99999999999997 1.2161171647985463
185.99999999999997 1.217355178966401
185.99999999999997 1.214374314169625
185.99999999999997 1.2184462499644435
185.99999999999997 1.2175719261292708
185.99999999999997 1.217680299710705
185.99999999999997 1.221959587378674
185.99999999999997 1.2218397861505013
185.99999999999997 1.2248310624155025
185.99999999999997 1.2222644071502808
185.99999999999997 1.2258538675627524
185.99999999999997 1.225056682904333
185.99999999999997 1.2234727250557185
185.99999999999997 1.2241036817501405
185.99999999999997 1.2212014942723872
185.99999999999997 1.2254901772300724
185.99999999999997 1.224103681750141
185.99999999999997 1.226334968692149
185.99999999999997 1.2247909546848594
185.99999999999997 1.2141753136586766
185.99999999999997 1.22336588961655
185.99999999999997 1.2162344117059403
185.99999999999997 1.2195492705729802
185.99999999999997 1.222224299419636
185.99999999999997 1.2219200016117864
185.99999999999997 1.2191662954461115
185.99999999999997 1.2209758737835574
185.99999999999997 1.2183008449368984
185.99999999999997 1.2172186472648165
185.99999999999997 1.2193340615523782
185.99999999999997 1.2170717040950036
185.99999999999997 1.2195107009846038
185.99999999999997 1.2169737419817972
185.99999999999997 1.2166653799074032
185.99999999999997 1.2225285972274862
185.99999999999997 1.2266896218095495
185.99999999999997 1.2293750621244344
185.99999999999997 1.2339383466275542
185.99999999999997 1.2246286123370673
185.99999999999997 1.2302894936902502
185.99999999999997 1.2232085349785133
185.99999999999997 1.2202350053654312
185.99999999999997 1.2209654623153283
185.99999999999997 1.220453290670569
185.99999999999997 1.2205720757202307
185.99999999999997 1.2216334504558581
185.99999999999997 1.2223623692634866
185.99999999999997 1.2247820813588968
185.99999999999997 1.220926892726951
185.99999999999997 1.2236404911619843
185.99999999999997 1.2158206963891427
185.99999999999997 1.212166734810282
185.99999999999997 1.2167940262650374
185.99999999999997 1.2098615488653797
185.99999999999997 1.2075319417357249
185.99999999999997 1.2103315526734675
185.99999999999997 1.2152189417423838
185.99999999999997 1.2122693113502923
185.99999999999997 1.2106973031121724
185.99999999999997 1.2123776849317263
185.99999999999997 1.2126434131511998
185.99999999999997 1.2143951371060813
185.99999999999997 1.2149370050132555
185.99999999999997 1.2160874685361296
185.99999999999997 1.2160473608054865
185.99999999999997 1.2161453229186934
185.99999999999997 1.215741524855369
185.99999999999997 1.2173760019028537
185.99999999999997 1.2176818378529712
185.99999999999997 1.2179653127243646
185.99999999999997 1.2154565118417069
185.99999999999997 1.2146207575949097
185.99999999999997 1.212683520881841
185.99999999999997 1.2078514318747124
185.99999999999997 1.2034016295945806
185.99999999999997 1.205162915275293
185.99999999999997 1.2073288487617249
185.99999999999997 1.2106244228345764
185.99999999999997 1.2104018786302806
185.99999999999997 1.2135385599228257
185.99999999999997 1.2127028056760298
185.99999999999997 1.2067499494084428
185.99999999999997 1.2129164765543654
185.99999999999997 1.2109005625222784
185.99999999999997 1.2096328520920103
185.99999999999997 1.2113028224433364
185.99999999999997 1.2085178818729772
185.99999999999997 1.204349448853904
185.99999999999997 1.2097606466079478
185.99999999999997 1.215668644577776
185.99999999999997 1.2151105681609473
185.99999999999997 1.2121416529746674
185.99999999999997 1.2096849094331479
185.99999999999997 1.2121134948545198
185.99999999999997 1.2125662739744472
185.99999999999997 1.220778411414872
185.99999999999997 1.222577578284089
185.99999999999997 1.2170952477883519
185.99999999999997 1.210916771031936
185.99999999999997 1.2143045101765662
185.99999999999997 1.217591210923456
185.99999999999997 1.2159197024298627
185.99999999999997 1.2164407474005827
185.99999999999997 1.2203850248197758
185.99999999999997 1.2214359880871768
185.99999999999997 1.2241704094586645
185.99999999999997 1.2226458441348822
185.99999999999997 1.219892137969206
185.99999999999997 1.2179845975185544
185.99999999999997 1.2229323952908104
185.99999999999997 1.2230496421982064
185.99999999999997 1.223266389361075
185.99999999999997 1.2249764674430454
185.99999999999997 1.2219971407885395
185.99999999999997 1.2225181857592593
185.99999999999997 1.219252307948825
185.99999999999997 1.216122961839972
185.99999999999997 1.212849748845844
185.99999999999997 1.2122203302936885
185.99999999999997 1.2124756470449345
185.99999999999997 1.2142555291199635
185.99999999999997 1.2124370774565572
185.99999999999997 1.2147854474166424
185.99999999999997 1.2145910613324937
185.99999999999997 1.2181300025460957
185.99999999999997 1.218082559631759
185.99999999999997 1.2220060141144973
185.99999999999997 1.2208659620598525
185.99999999999997 1.2054301816370367
185.99999999999997 1.201886789885954
185.99999999999997 1.2121450595846393
185.99999999999997 1.2107297201314813
185.99999999999997 1.2105962647144306
185.99999999999997 1.2045766807383207
185.99999999999997 1.2090790345743416
185.99999999999997 1.2080770523635478
185.99999999999997 1.2049210862768127
185.99999999999997 1.2010628213603332
185.99999999999997 1.200473510538821
185.99999999999997 1.1781264165741148
185.99999999999997 1.1768295261163109
185.99999999999997 1.1765583239359168
185.99999999999997 1.1826415617139467
185.99999999999997 1.1785325944730234
185.99999999999997 1.1875434547141304
185.99999999999997 1.1825273910910843
185.99999999999997 1.1845359699394773
185.99999999999997 1.1892878434853191
185.99999999999997 1.1830009931474663
185.99999999999997 1.1793818364725797
185.99999999999997 1.1857176678670356
185.99999999999997 1.1764395412641808
185.99999999999997 1.1857932689015187
185.99999999999997 1.176470775668864
185.99999999999997 1.1879086831890784
185.99999999999997 1.192504740239153
185.99999999999997 1.1877883599971486
185.99999999999997 1.1768626241216933
185.99999999999997 1.1755073630464405
185.99999999999997 1.1808959903281309
185.99999999999997 1.1752786662730794
185.99999999999997 1.1792244818345403
185.99999999999997 1.1830438216350005
185.99999999999997 1.1781750567094103
185.99999999999997 1.1790833357061543
185.99999999999997 1.172680748854169
185.99999999999997 1.1483613564931197
185.99999999999997 1.1583754284643704
185.99999999999997 1.1640468725133815
185.99999999999997 1.1662811021464035
185.99999999999997 1.1625259357336897
185.99999999999997 1.168649964717509
185.99999999999997 1.151191457042674
185.99999999999997 1.1587086308370445
185.99999999999997 1.1569789124332457
185.99999999999997 1.153939010639287
185.99999999999997 1.1441487123916723
185.99999999999997 1.1607021837904117
185.99999999999997 1.1514718556295394
185.99999999999997 1.1598027781196254
185.99999999999997 1.1559965705442852
185.99999999999997 1.1537534978810964
185.99999999999997 1.1598324743820434
185.99999999999997 1.1666067448544721
185.99999999999997 1.158669208959481
185.99999999999997 1.1510270975463819
185.99999999999997 1.1518252983833082
185.99999999999997 1.1476780918794394
185.99999999999997 1.1523763699418783
185.99999999999997 1.1446758821824567
185.99999999999997 1.1438989984967383
185.99999999999997 1.141269874422146
185.99999999999997 1.1327339904903657
185.99999999999997 1.1334069233831305
185.99999999999997 1.140388545728714
185.99999999999997 1.1362041438894173
185.99999999999997 1.139039439769327
185.99999999999997 1.136737304906744
185.99999999999997 1.1237809846318227
185.99999999999997 1.1342681175399796
185.99999999999997 1.1378374408690748
185.99999999999997 1.1200624941375723
185.99999999999997 1.124763684595219
185.99999999999997 1.1288668547947218
185.99999999999997 1.113110568054408
185.99999999999997 1.1206936172681063
185.99999999999997 1.1323143167896161
185.99999999999997 1.118791377097335
185.99999999999997 1.1269927727440947
185.99999999999997 1.1594259303596122
185.99999999999997 1.13959122492998
185.99999999999997 1.1385714960672637
185.99999999999997 1.1592327520922963
