49.00000000000001 1.7987282416921684
49.00000000000001 1.8431082635010192
49.00000000000001 1.8439575055005797
49.00000000000001 1.84454681632209
49.00000000000001 1.8431217512537825
49.00000000000001 1.837425749879709
49.00000000000001 1.8500291468178298
49.00000000000001 1.847854340005436
49.00000000000001 1.8513651230988897
49.00000000000001 1.8541693484634358
49.00000000000001 1.8519559720626686
49.00000000000001 1.8534018600674307
49.00000000000001 1.8479418906504155
49.00000000000001 1.854907140597026
49.00000000000001 1.8529402076215424
49.00000000000001 1.854081797818456
49.00000000000001 1.8510920596957214
49.00000000000001 1.847343706502944
49.00000000000001 1.85075652748319
49.00000000000001 1.8546028427891759
49.00000000000001 1.849555544761445
49.00000000000001 1.8490746075213684
49.00000000000001 1.849763418598355
49.00000000000001 1.8549769445900834
49.00000000000001 1.847787612296912
49.00000000000001 1.8540817978184558
49.00000000000001 1.8480622138423464
49.00000000000001 1.8574737958622474
49.00000000000001 1.8520153645874988
49.00000000000001 1.855368793042912
49.00000000000001 1.8529209228273553
49.00000000000001 1.8548951909865323
49.00000000000001 1.8586940633781819
49.00000000000001 1.8515031929427408
49.00000000000001 1.8504378896333862
49.00000000000001 1.851574535078068
49.00000000000001 1.8572882831040607
49.00000000000001 1.8569454157078373
49.00000000000001 1.8596975837312437
49.00000000000001 1.8601222047310226
49.00000000000001 1.8576994163510765
49.00000000000001 1.8608599968646105
49.00000000000001 1.860856920580079
49.00000000000001 1.8549827416315103
49.00000000000001 1.8554385970359746
49.00000000000001 1.8548566213981539
49.00000000000001 1.8472723643676172
49.00000000000001 1.8561644395590664
49.00000000000001 1.8527917263094646
49.00000000000001 1.8522097506716457
49.00000000000001 1.858348119697419
49.00000000000001 1.8574649225362876
49.00000000000001 1.8606224267652867
49.00000000000001 1.8605333379780407
49.00000000000001 1.8598460650433222
49.00000000000001 1.8607886547292867
49.00000000000001 1.8598132924963726
49.00000000000001 1.8584283351587076
49.00000000000001 1.856559364296431
49.00000000000001 1.8553094005180824
49.00000000000001 1.8539768308469893
49.00000000000001 1.8553495082487244
49.00000000000001 1.8540119938253974
49.00000000000001 1.857118978855526
49.00000000000001 1.8572065295005067
49.00000000000001 1.8558215721628404
49.00000000000001 1.8473302187501803
49.00000000000001 1.85553655914918
49.00000000000001 1.8636225763562493
49.00000000000001 1.862617517860919
49.00000000000001 1.8618812638695963
49.00000000000001 1.8634073673356466
49.00000000000001 1.8585486583506365
49.00000000000001 1.8492142155074867
49.00000000000001 1.857760347018177
49.00000000000001 1.8628253916978283
49.00000000000001 1.8612637949279345
49.00000000000001 1.8619526060049199
49.00000000000001 1.864400476220482
49.00000000000001 1.8601993439077729
49.00000000000001 1.855742894843821
49.00000000000001 1.8633271518743602
49.00000000000001 1.859816368780907
49.00000000000001 1.861262256785671
49.00000000000001 1.8563144590134133
49.00000000000001 1.8576727963731965
49.00000000000001 1.8582428224005205
49.00000000000001 1.8567672381333395
49.00000000000001 1.8589300953352372
49.00000000000001 1.852919384685087
49.00000000000001 1.8509940975825148
49.00000000000001 1.8433947326473668
49.00000000000001 1.8478105260826843
49.00000000000001 1.8495748295556318
49.00000000000001 1.8486916323945009
49.00000000000001 1.8388059263544583
49.00000000000001 1.8385079475517923
49.00000000000001 1.8437214735435221
49.00000000000001 1.8418228064188318
49.00000000000001 1.8448407026617129
49.00000000000001 1.8481779226074744
49.00000000000001 1.8503126216892238
49.00000000000001 1.8520851685805595
49.00000000000001 1.8488088793018969
49.00000000000001 1.8516724971912748
49.00000000000001 1.8520064912615397
49.00000000000001 1.8536675882869045
49.00000000000001 1.8512093066031194
49.00000000000001 1.849261658421825
49.00000000000001 1.8481586378132866
49.00000000000001 1.8482180303381182
49.00000000000001 1.8449625639959104
49.00000000000001 1.84590122510815
49.00000000000001 1.8466221228790085
49.00000000000001 1.8480383146213564
49.00000000000001 1.8434584140826322
49.00000000000001 1.8525541562101406
49.00000000000001 1.86096683230378
49.00000000000001 1.8662412889626103
49.00000000000001 1.8667904920534781
49.00000000000001 1.8655717626798118
49.00000000000001 1.8695634830133419
49.00000000000001 1.8659655355458489
49.00000000000001 1.8682926962985391
49.00000000000001 1.8717768594141102
49.00000000000001 1.8687662983549216
49.00000000000001 1.8646453815035033
49.00000000000001 1.8676945121510686
49.00000000000001 1.8624192032030478
49.00000000000001 1.8621084225006976
49.00000000000001 1.8611627565301976
49.00000000000001 1.8612414338492176
49.00000000000001 1.86073813553042
49.00000000000001 1.855889838013639
49.00000000000001 1.8558161054468545
49.00000000000001 1.8578984168620327
49.00000000000001 1.8546340771938632
49.00000000000001 1.8594927861788717
49.00000000000001 1.8576189572531632
49.00000000000001 1.8610436134060986
49.00000000000001 1.8504892611214545
49.00000000000001 1.8565771109483564
49.00000000000001 1.8612487690329105
49.00000000000001 1.8640811525176053
49.00000000000001 1.870985471797117
49.00000000000001 1.866710276592195
49.00000000000001 1.8653133696440345
49.00000000000001 1.864488026865467
49.00000000000001 1.8643187226169313
49.00000000000001 1.8699746162603603
49.00000000000001 1.872256258511921
49.00000000000001 1.8697177613668476
49.00000000000001 1.8673960113846433
49.00000000000001 1.8691967163961254
49.00000000000001 1.8623918973720914
49.00000000000001 1.8625002709535254
49.00000000000001 1.8596767607947904
49.00000000000001 1.8586420060370439
49.00000000000001 1.858435670342403
49.00000000000001 1.84713429452377
49.00000000000001 1.8469545788070092
49.00000000000001 1.8440643409397488
49.00000000000001 1.8456513750728982
49.00000000000001 1.8462896669510134
49.00000000000001 1.8486114169332157
49.00000000000001 1.8480622138423477
49.00000000000001 1.8481617140978217
49.00000000000001 1.8480325175799321
49.00000000000001 1.85153135106289
49.00000000000001 1.8428966249797067
49.00000000000001 1.8350382606184874
49.00000000000001 1.831055141777786
49.00000000000001 1.8290543641313377
49.00000000000001 1.8334456236290333
49.00000000000001 1.8352879745134276
49.00000000000001 1.83566787335576
49.00000000000001 1.8389962199755605
49.00000000000001 1.8346778407554614
49.00000000000001 1.8271676466171392
49.00000000000001 1.8298283354218448
49.00000000000001 1.8118166377448013
49.00000000000001 1.8233495000271795
49.00000000000001 1.8170081913208562
49.00000000000001 1.8037287852054367
49.00000000000001 1.8100251947223245
49.00000000000001 1.8112439240959894
49.00000000000001 1.8144423883448224
49.00000000000001 1.8158230867833294
49.00000000000001 1.8222198488448849
49.00000000000001 1.818814363048331
49.00000000000001 1.8129744947889816
49.00000000000001 1.8093657495823228
49.00000000000001 1.8165639552014552
49.00000000000001 1.822454342659677
49.00000000000001 1.8131688808731303
49.00000000000001 1.812012620308831
49.00000000000001 1.8187645297025392
49.00000000000001 1.8182226617953623
49.00000000000001 1.8163980575628873
49.00000000000001 1.8185027300567878
49.00000000000001 1.8227705900780173
49.00000000000001 1.8092188064125079
49.00000000000001 1.8206802576260719
49.00000000000001 1.8135760855464198
49.00000000000001 1.8108455927486538
49.00000000000001 1.8035854125349096
49.00000000000001 1.7941376513580916
49.00000000000001 1.7966589238150044
49.00000000000001 1.8056336048991994
49.00000000000001 1.8087926472704643
49.00000000000001 1.8008624465591674
49.00000000000001 1.7997223945045233
49.00000000000001 1.80406005851881
49.00000000000001 1.8104626176217855
49.00000000000001 1.795326876107667
49.00000000000001 1.806764783627882
49.00000000000001 1.806350574096329
49.00000000000001 1.8057805480690048
49.00000000000001 1.8066163023158022
49.00000000000001 1.8032925701228042
49.00000000000001 1.8041965902203894
49.00000000000001 1.8046983503969218
49.00000000000001 1.8072889048831347
49.00000000000001 1.8031976842941309
49.00000000000001 1.8012484979705712
49.00000000000001 1.8049350682070566
49.00000000000001 1.8056199507103177
49.00000000000001 1.7999478485572329
49.00000000000001 1.804832161341615
49.00000000000001 1.7956431235260095
49.00000000000001 1.7997833251716155
49.00000000000001 1.800531528773433
49.00000000000001 1.7949439009807964
49.00000000000001 1.801640346423398
49.00000000000001 1.7993868622919849
49.00000000000001 1.8001647621562182
49.00000000000001 1.8063995551529306
49.00000000000001 1.8005893831559971
49.00000000000001 1.7942728365557274
49.00000000000001 1.7963466049703782
49.00000000000001 1.7992889001787788
49.00000000000001 1.7919753161199499
49.00000000000001 1.802287511627471
49.00000000000001 1.803283696796843
49.00000000000001 1.7993216727257286
49.00000000000001 1.7959682442703129
49.00000000000001 1.7939943064365689
49.00000000000001 1.7943772815634405
49.00000000000001 1.7895313744781158
49.00000000000001 1.8006279527443738
49.00000000000001 1.8022728412600866
49.00000000000001 1.805618934531806
49.00000000000001 1.7982498865218728
49.00000000000001 1.795522800334078
