61.0 1.5533771487062848
61.0 1.5908650227802488
61.0 1.590749644340554
61.0 1.5977589305915325
61.0 1.6043886483256096
61.0 1.5917883276720253
61.0 1.5951521675956661
61.0 1.6001608960350218
61.0 1.6053640105585232
61.0 1.5969038915505467
61.0 1.5994022809649777
61.0 1.593667710002526
61.0 1.603014102456172
61.0 1.6032485962709624
61.0 1.603808210830058
61.0 1.6047434653323303
61.0 1.6063675309115872
61.0 1.6120828170798485
61.0 1.6032397229450013
61.0 1.6135078821481554
61.0 1.6057975048842628
61.0 1.6042729395604791
61.0 1.6063779423798132
61.0 1.6089060280566607
61.0 1.6050107316940703
61.0 1.6105582517560646
61.0 1.6079796468803496
61.0 1.608913363240352
61.0 1.6081755711067645
61.0 1.611432575591239
61.0 1.6090737941629265
61.0 1.6087575467445818
61.0 1.6113346134780313
61.0 1.6104795744370473
61.0 1.6122208869236987
61.0 1.6131353184895167
61.0 1.609602174317339
61.0 1.6130655144964572
61.0 1.5991751223338806
61.0 1.6066243858050997
61.0 1.5968653219621698
61.0 1.6014181949970627
61.0 1.6070949115769488
61.0 1.6053848334949787
61.0 1.6096615668421712
61.0 1.599826901964755
61.0 1.5984076339378732
61.0 1.6030646216550433
61.0 1.6018131197344272
61.0 1.6118764813852053
61.0 1.6050003202258423
61.0 1.6058657707350537
61.0 1.6028151019452221
61.0 1.602194556719028
61.0 1.6055213651965619
61.0 1.6096719783103977
61.0 1.6108995810100242
61.0 1.6109234802310153
61.0 1.6044407056667493
61.0 1.6040874268022958
61.0 1.6029651213995688
61.0 1.6048252189358838
61.0 1.6013900368769152
61.0 1.6035424826105853
61.0 1.6026592854494524
61.0 1.6104389447426446
61.0 1.6046158069567065
61.0 1.608540799581713
61.0 1.6002484466800018
61.0 1.6118082155344158
61.0 1.6093082879777165
61.0 1.6124376340865698
61.0 1.6068187718892477
61.0 1.6059147517916608
61.0 1.6128472291913207
61.0 1.6157702396055282
61.0 1.6225781349141
61.0 1.617403178510745
61.0 1.6183577178072033
61.0 1.6122261620013645
61.0 1.6172338742622114
61.0 1.619821352463889
61.0 1.6138241295664992
61.0 1.6188995857143793
61.0 1.6182478060835008
61.0 1.6140482119130628
61.0 1.6081519996644078
61.0 1.6118942280371236
61.0 1.6114622718536524
61.0 1.6111950054919097
61.0 1.610731814903755
61.0 1.6102377479853587
61.0 1.6053829957705745
61.0 1.6177371725810095
61.0 1.6183087367505997
61.0 1.6144311870399293
61.0 1.6144608833023448
61.0 1.6188683513096949
61.0 1.6234628702174987
61.0 1.6241323965002967
61.0 1.624938454484677
61.0 1.624092288769653
61.0 1.6249087582222626
61.0 1.6264823046026493
61.0 1.6261186142699682
61.0 1.6238057376137252
61.0 1.621375614050086
61.0 1.616614867178282
61.0 1.614913662422273
61.0 1.617903400545007
61.0 1.6170884692346663
61.0 1.616420481094137
61.0 1.6178366728364844
61.0 1.620060460705481
61.0 1.6182998634246397
61.0 1.6155164609965478
61.0 1.6161354680804747
61.0 1.6171790961641819
61.0 1.6188209083953595
61.0 1.61962696637974
61.0 1.6172948049293108
61.0 1.6129868371774339
61.0 1.6063163062895556
61.0 1.6094564137621512
61.0 1.607022031299354
61.0 1.6091478570551425
61.0 1.6075623610642618
61.0 1.601366137655927
61.0 1.595042255871968
61.0 1.5934301399032047
61.0 1.5980840513358356
61.0 1.599292369241273
61.0 1.5978376079105503
61.0 1.598898982646178
61.0 1.6041961307091632
61.0 1.6112752209531995
61.0 1.612200063987244
61.0 1.6120234245550156
61.0 1.6140347241603012
61.0 1.6159021568803094
61.0 1.616870183929529
61.0 1.617046823361756
61.0 1.6195452127761865
61.0 1.6186292430681053
61.0 1.6188178321108257
61.0 1.6181587172962566
61.0 1.6209108853196643
61.0 1.6233483440669954
61.0 1.6223077922678228
61.0 1.6211781516814052
61.0 1.6149402824001584
61.0 1.608478330772346
61.0 1.6084872040983071
61.0 1.608145874844349
61.0 1.6097668641390719
61.0 1.614587003535704
61.0 1.6139976927141932
61.0 1.6192008072376958
61.0 1.6158354291717845
61.0 1.61392055353744
61.0 1.6109709231453482
61.0 1.6078801466248729
61.0 1.6079009695613296
61.0 1.6080270897946853
61.0 1.6068276452152073
61.0 1.603827495624247
61.0 1.6073085824552824
61.0 1.6117754429874627
61.0 1.6063170117127155
61.0 1.5970576479402958
61.0 1.592369317874631
61.0 1.5925120823400916
61.0 1.5875764283634497
61.0 1.5923363229460612
61.0 1.5903629070760745
61.0 1.5912106109333644
61.0 1.5917895102866486
61.0 1.5905410846505668
61.0 1.5867927314577908
61.0 1.5747600464000715
61.0 1.5614222980514822
61.0 1.559119624978098
61.0 1.5537424634225427
61.0 1.5669629707803894
61.0 1.5663384969804672
61.0 1.568548466771267
61.0 1.5598804739263807
61.0 1.5592856963888797
61.0 1.5660396658886138
61.0 1.5615646178835476
61.0 1.57186980853281
61.0 1.5607000196635252
61.0 1.567415749900317
61.0 1.560395721855678
61.0 1.5716153440707528
61.0 1.5685380553030404
61.0 1.5708493938170174
61.0 1.5730404091390593
61.0 1.562533141694316
61.0 1.5644051888411277
61.0 1.5675517596381423
61.0 1.5516533105909283
61.0 1.5579802686594246
61.0 1.5591635047292511
61.0 1.572008730665854
61.0 1.5497594217823596
61.0 1.55176465238324
61.0 1.5347767922986018
61.0 1.5368479892588816
61.0 1.5391145787085134
61.0 1.5421707167611276
61.0 1.5350407769927865
61.0 1.543666793639331
61.0 1.5390514517950733
61.0 1.554853998835107
61.0 1.5585267509934009
61.0 1.553291027812271
61.0 1.5424285852863653
61.0 1.5293261766776138
61.0 1.5275595907170236
61.0 1.5440794650286247
61.0 1.5466908424512873
61.0 1.5378195901962903
61.0 1.54230573552266
61.0 1.55230970464861
61.0 1.545252289630213
61.0 1.5435333382222882
61.0 1.527784386665661
61.0 1.5457733346009332
61.0 1.5383109389045964
61.0 1.5412412845024983
61.0 1.5334179192303674
61.0 1.536195524617039
61.0 1.5307783836875521
61.0 1.5257565230230838
61.0 1.5243831597682684
61.0 1.5237487712616637
61.0 1.5215079477960458
61.0 1.5368138206456754
61.0 1.520333229524529
61.0 1.5365156754068974
61.0 1.5261676562700937
61.0 1.5295924268608398
61.0 1.5474359697685673
61.0 1.5359417460080542
61.0 1.5470294509483549
61.0 1.5457525116644797
61.0 1.542828318635645
61.0 1.5359390252511653
61.0 1.5413469121248253
61.0 1.5146104165342447
61.0 1.5156241844662197
61.0 1.5159824332851188
61.0 1.5123262451641215
