175.0 1.2832720279375822
175.0 1.3301912565463925
175.0 1.3320424807567486
175.0 1.3354063206803908
175.0 1.3261995362128625
175.0 1.322446568593283
175.0 1.3332345901525315
175.0 1.3336769578042336
175.0 1.3329985581954755
175.0 1.326928455020493
175.0 1.3300874973917602
175.0 1.311766920615469
175.0 1.3277271778211812
175.0 1.3369918166712722
175.0 1.3404833149705373
175.0 1.3363045437365535
175.0 1.3291032618328866
175.0 1.3377103240106736
175.0 1.3369621204088555
175.0 1.3373539688616862
175.0 1.3350248836957883
175.0 1.33033086453251
175.0 1.3333815333223433
175.0 1.3380547295491656
175.0 1.3346122123065045
175.0 1.3340005404062696
175.0 1.3401983019568755
175.0 1.3406703658709924
175.0 1.3416441899616385
175.0 1.3370704939902904
175.0 1.3354628008100051
175.0 1.3327818110326048
175.0 1.338201672718977
175.0 1.339666845517929
175.0 1.3331929442796215
175.0 1.3365583223455324
175.0 1.3332434634784933
175.0 1.337953691151424
175.0 1.3392838703910606
175.0 1.3415462278484316
175.0 1.328776602946312
175.0 1.3381110457894627
175.0 1.3388399645970925
175.0 1.3371106017209335
175.0 1.3351510039291445
175.0 1.3321805506005977
175.0 1.328442608876046
175.0 1.3339075230452977
175.0 1.3384064702713507
175.0 1.337759305067278
175.0 1.3349357949085436
175.0 1.3421355386699432
175.0 1.3439940980639906
175.0 1.3465815762656672
175.0 1.3470536401797841
175.0 1.3432385592784826
175.0 1.3449382258922231
175.0 1.3503195179902192
175.0 1.3462371707271756
175.0 1.3474277419806926
175.0 1.3473089569310295
175.0 1.3423330010386243
175.0 1.3456181636432485
175.0 1.341301322565415
175.0 1.34419309857494
175.0 1.3448610867154707
175.0 1.3444291305319975
175.0 1.3431702934276892
175.0 1.3458349108061185
175.0 1.345539486324228
175.0 1.3426372988464736
175.0 1.3419677725636758
175.0 1.3421548234641298
175.0 1.3425096404708505
175.0 1.339881696464092
175.0 1.3455765177703372
175.0 1.3355073590781312
175.0 1.3396950036380761
175.0 1.3492967128429665
175.0 1.3412291281408972
175.0 1.3448313904530529
175.0 1.349090377148324
175.0 1.3464539178900437
175.0 1.3470239439173668
175.0 1.346511772272607
175.0 1.343876851156594
175.0 1.3418153626778713
175.0 1.3423908554211883
175.0 1.3412419300405818
175.0 1.340995486615296
175.0 1.3415446897061636
175.0 1.342162158647825
175.0 1.3434433568308561
175.0 1.3461183856775125
175.0 1.3459239995933643
175.0 1.3431109009028577
175.0 1.3459956720541244
175.0 1.349541618125987
175.0 1.3489820035668914
175.0 1.3501027708273494
175.0 1.3495624410624423
175.0 1.3513126268750535
175.0 1.3512933420808657
175.0 1.3517060134701504
175.0 1.3522760394974735
175.0 1.3507618856419181
175.0 1.3519227606330204
175.0 1.3487162753474171
175.0 1.3488736299854553
175.0 1.3496900994380647
175.0 1.3502898217278037
175.0 1.350064201238973
175.0 1.3478909325688477
175.0 1.3494644789492343
175.0 1.3442702377516895
175.0 1.3370284900429417
175.0 1.3383069700158783
175.0 1.338888945653694
175.0 1.33729611447912
175.0 1.3381912612507472
175.0 1.3385935211718027
175.0 1.3390952813483354
175.0 1.335035625489449
175.0 1.3335462231440725
175.0 1.3337244007185647
175.0 1.3302433138875271
175.0 1.332239943125425
175.0 1.3372481496010238
175.0 1.3396508593898921
175.0 1.3441722756384828
175.0 1.3444572886521449
175.0 1.348391154603112
175.0 1.3508093285562537
175.0 1.3442270537365129
175.0 1.346765550881586
175.0 1.3429207737178666
175.0 1.3401373712897753
175.0 1.3433334451071506
175.0 1.3374681394845458
175.0 1.3294222300081198
175.0 1.329373248951516
175.0 1.3301110410851038
175.0 1.3347086362774432
175.0 1.3312067265099496
175.0 1.3300828829649574
175.0 1.3273307149415485
175.0 1.3267799737084143
175.0 1.3311369225168914
175.0 1.3351197695244619
175.0 1.3362999293097508
175.0 1.3361915557283168
175.0 1.3365463727350355
175.0 1.3360461507007713
175.0 1.3357418528929217
175.0 1.33960591485083
175.0 1.3380323684704443
175.0 1.336792816160323
175.0 1.3362035053388106
175.0 1.3338239009740438
175.0 1.3379552292936927
175.0 1.336558322345531
175.0 1.332722418507774
175.0 1.332683848919398
175.0 1.3364410754381373
175.0 1.3327432414442297
175.0 1.336245151211721
175.0 1.3329495771388697
175.0 1.332899057939999
175.0 1.3350426303477065
175.0 1.3193349691363514
175.0 1.310035991848038
175.0 1.3201449279454525
175.0 1.3161728504805497
175.0 1.3262940665138911
175.0 1.3144114009105188
175.0 1.3157721287017625
175.0 1.3133940624792617
175.0 1.3095566204992342
175.0 1.3104606405968247
175.0 1.3090818358282292
175.0 1.297927193810614
175.0 1.2875088978597802
175.0 1.2801821892404301
175.0 1.2929259821747445
175.0 1.2773053773936118
175.0 1.2911399752796502
175.0 1.2986424787066335
175.0 1.2800406762565002
175.0 1.2914296027201175
175.0 1.2897565560842517
175.0 1.2924389201146014
175.0 1.2867652798192528
175.0 1.296383197533796
175.0 1.2927833256530956
175.0 1.2992957964797778
175.0 1.2930922378877479
175.0 1.2958339944429265
175.0 1.2946594652629502
175.0 1.2875808969826705
175.0 1.288215782250817
175.0 1.2937272870452128
175.0 1.2941542984764514
175.0 1.29882988513473
175.0 1.2951482596504738
175.0 1.300939832706299
175.0 1.2839494603718535
175.0 1.2667125916609014
175.0 1.275315753013974
175.0 1.2673046484415185
175.0 1.2821366141115498
175.0 1.2666970967533353
175.0 1.2775048998683194
175.0 1.274148559017687
175.0 1.2765911541555823
175.0 1.2759441528408233
175.0 1.2742018241756612
175.0 1.278429576466249
175.0 1.2720736079884176
175.0 1.2726376730849958
175.0 1.2720155897165324
175.0 1.2712689242569837
175.0 1.2775823945727156
175.0 1.2760177215182904
175.0 1.2680921352337937
175.0 1.2691164785233109
175.0 1.272824723985448
175.0 1.2807102025392962
175.0 1.2761083484478013
175.0 1.2775646479207956
175.0 1.2805929556319022
175.0 1.2809373611703956
175.0 1.2680639771136488
175.0 1.269698454161127
175.0 1.2892906447392076
175.0 1.2877363831530055
175.0 1.2734927121259747
175.0 1.2760177215182897
175.0 1.2728023629067253
175.0 1.2731244073664951
175.0 1.284357517334335
175.0 1.270165903648442
175.0 1.264008249828482
175.0 1.284703461015099
175.0 1.2706603286412816
175.0 1.2736188323593307
175.0 1.288336105442749
175.0 1.2787062381177057
175.0 1.2652582136068313
175.0 1.2870905644528774
175.0 1.272338814244131
175.0 1.2654746026952635
175.0 1.2780733852065838
175.0 1.2679212928429886
175.0 1.2629521501705245
