197.99999999999997 0.9010011667479848
197.99999999999997 0.943391022283965
197.99999999999997 0.9456853025458911
197.99999999999997 0.9497101509540159
197.99999999999997 0.9501999615200492
197.99999999999997 0.9306459850027092
197.99999999999997 0.9482627248069841
197.99999999999997 0.9480266928499264
197.99999999999997 0.9484007946508345
197.99999999999997 0.9536841246356222
197.99999999999997 0.9592420561658453
197.99999999999997 0.9498289360036773
197.99999999999997 0.9549178799043189
197.99999999999997 0.9544203786269443
197.99999999999997 0.9550617467895952
197.99999999999997 0.952947870644303
197.99999999999997 0.9630883714718309
197.99999999999997 0.9498779170602796
197.99999999999997 0.9480502365432703
197.99999999999997 0.9535757510541911
197.99999999999997 0.9572928698422842
197.99999999999997 0.9563502801563205
197.99999999999997 0.9492990177069965
197.99999999999997 0.9489650236367311
197.99999999999997 0.9565211225471201
197.99999999999997 0.9652246086958481
197.99999999999997 0.9576804593959569
197.99999999999997 0.9618518954462464
197.99999999999997 0.9634061570324438
197.99999999999997 0.9612386854037448
197.99999999999997 0.954306208004086
197.99999999999997 0.9609463372063902
197.99999999999997 0.96477182957592
197.99999999999997 0.9627366307496485
197.99999999999997 0.9651766438177538
197.99999999999997 0.9571906488299168
197.99999999999997 0.963839651358184
197.99999999999997 0.9606420393985396
197.99999999999997 0.9633571759758417
197.99999999999997 0.9709487681900686
197.99999999999997 0.9503499809743972
197.99999999999997 0.9698873934544432
197.99999999999997 0.958802764798683
197.99999999999997 0.958299466479881
197.99999999999997 0.9615950405527317
197.99999999999997 0.9601981336045743
197.99999999999997 0.9599605635052479
197.99999999999997 0.9582851264379275
197.99999999999997 0.9625495798491905
197.99999999999997 0.960544077285332
197.99999999999997 0.9598166966199702
197.99999999999997 0.9624620292042125
197.99999999999997 0.9620983388715312
197.99999999999997 0.95878348000449
197.99999999999997 0.9705064005383701
197.99999999999997 0.9566399075967841
197.99999999999997 0.947896313717408
197.99999999999997 0.9660322048224943
197.99999999999997 0.9591749703828809
197.99999999999997 0.9607118433915987
197.99999999999997 0.970340172574371
197.99999999999997 0.9628064347427038
197.99999999999997 0.9695830956465934
197.99999999999997 0.9634254418266341
197.99999999999997 0.9673400229834096
197.99999999999997 0.9686113039129656
197.99999999999997 0.9664151799493667
197.99999999999997 0.9656669763475504
197.99999999999997 0.9738019746112221
197.99999999999997 0.9720992317129459
197.99999999999997 0.9719121808124912
197.99999999999997 0.972857846782991
197.99999999999997 0.9713228699909799
197.99999999999997 0.9681669039042455
197.99999999999997 0.9707721287578438
197.99999999999997 0.979054070191328
197.99999999999997 0.9690990821219835
197.99999999999997 0.9745783363331859
197.99999999999997 0.9683524166624334
197.99999999999997 0.9680373493119179
197.99999999999997 0.9668085665444615
197.99999999999997 0.9726114033577027
197.99999999999997 0.9687562147257568
197.99999999999997 0.967901175684773
197.99999999999997 0.9698978049226712
197.99999999999997 0.971265015608416
197.99999999999997 0.9702531161441446
197.99999999999997 0.9726707958825372
197.99999999999997 0.9694450258027443
197.99999999999997 0.9694346143345185
197.99999999999997 0.9718350416357405
197.99999999999997 0.9697070478301129
197.99999999999997 0.9701446931111979
197.99999999999997 0.9754140905799848
197.99999999999997 0.9790837664537444
197.99999999999997 0.9752463244737167
197.99999999999997 0.9705009338223771
197.99999999999997 0.9699764822416908
197.99999999999997 0.9714520665088695
197.99999999999997 0.9745991592696416
197.99999999999997 0.9754646097788539
197.99999999999997 0.9750712231837575
197.99999999999997 0.9727598846697821
197.99999999999997 0.9713822625158105
197.99999999999997 0.9694835953911197
197.99999999999997 0.9684013977190372
197.99999999999997 0.969936374511048
197.99999999999997 0.9702510837871252
197.99999999999997 0.9718928960183034
197.99999999999997 0.9750311154531153
197.99999999999997 0.97492274187168
197.99999999999997 0.9739103481926562
197.99999999999997 0.9697998428094637
197.99999999999997 0.9693277788953479
197.99999999999997 0.9726989540026839
197.99999999999997 0.973686589677534
197.99999999999997 0.9715607704157385
197.99999999999997 0.9710822236071208
197.99999999999997 0.9733268344125715
197.99999999999997 0.9747044565665428
197.99999999999997 0.9740765761566557
197.99999999999997 0.973309087760649
197.99999999999997 0.9682513782646901
197.99999999999997 0.9655867608862609
197.99999999999997 0.9644852784199908
197.99999999999997 0.9641528224919923
197.99999999999997 0.9668575476010648
197.99999999999997 0.9680080111239389
197.99999999999997 0.9600554493339185
197.99999999999997 0.958522010684176
197.99999999999997 0.9623417060122814
197.99999999999997 0.9585058021745225
197.99999999999997 0.962686111550773
197.99999999999997 0.9665308887144918
197.99999999999997 0.9685572142148045
197.99999999999997 0.9730418213989049
197.99999999999997 0.9737692020642664
197.99999999999997 0.9721041764651742
197.99999999999997 0.9715527493789649
197.99999999999997 0.9663750444697151
197.99999999999997 0.9689178282629523
197.99999999999997 0.9677673647400766
197.99999999999997 0.9701677920413008
197.99999999999997 0.9702642160122392
197.99999999999997 0.9705611786363972
197.99999999999997 0.9713568251525504
197.99999999999997 0.9713271288901352
197.99999999999997 0.969536835346879
197.99999999999997 0.968396783292234
197.99999999999997 0.9707081218062094
197.99999999999997 0.9695487849573747
197.99999999999997 0.9724405609669021
197.99999999999997 0.9698739057016794
197.99999999999997 0.9724613839033568
197.99999999999997 0.970760179147348
197.99999999999997 0.9727865046476628
197.99999999999997 0.9722357634145271
197.99999999999997 0.9726588462720394
197.99999999999997 0.9720784087764883
197.99999999999997 0.973209587505175
197.99999999999997 0.9715380790115814
197.99999999999997 0.9775353019089692
197.99999999999997 0.9785106641418848
197.99999999999997 0.979248456275473
197.99999999999997 0.9804583123231774
197.99999999999997 0.9775858211078384
197.99999999999997 0.977033541732436
197.99999999999997 0.9747029184242719
197.99999999999997 0.9703756658782102
197.99999999999997 0.9617894266368779
197.99999999999997 0.9565541976704962
197.99999999999997 0.9543833194318279
197.99999999999997 0.9571517237138963
197.99999999999997 0.9647760884750762
197.99999999999997 0.9575659332454469
197.99999999999997 0.9569557994874794
197.99999999999997 0.9535013326343232
197.99999999999997 0.9570819197208388
197.99999999999997 0.961588887983659
197.99999999999997 0.9584387189383545
197.99999999999997 0.9466461608475347
197.99999999999997 0.9425626152088591
197.99999999999997 0.9486170663269284
197.99999999999997 0.9458926544190459
197.99999999999997 0.9503873427459402
197.99999999999997 0.9502277641125553
197.99999999999997 0.9443936928946318
197.99999999999997 0.9476877288252178
197.99999999999997 0.9455352830915479
197.99999999999997 0.9501135934896976
197.99999999999997 0.9442467497248219
197.99999999999997 0.9413090689432246
197.99999999999997 0.9487641294558709
197.99999999999997 0.9563692094228624
197.99999999999997 0.9486796550954256
197.99999999999997 0.955720506076522
197.99999999999997 0.9515343996588467
197.99999999999997 0.9515255263328872
197.99999999999997 0.9485415852515764
197.99999999999997 0.9554235434523665
197.99999999999997 0.9558450881676096
197.99999999999997 0.9404837261646554
197.99999999999997 0.9440122559100296
197.99999999999997 0.9382287038909777
197.99999999999997 0.9408724983329504
197.99999999999997 0.939106104010685
197.99999999999997 0.9289809235832893
197.99999999999997 0.9199385495264895
197.99999999999997 0.9233868509929506
197.99999999999997 0.9329014711953403
197.99999999999997 0.938936799762152
197.99999999999997 0.9273993919864614
197.99999999999997 0.931700024554642
197.99999999999997 0.930481295180975
197.99999999999997 0.9331146781547268
197.99999999999997 0.9301264781742569
197.99999999999997 0.9282517102705576
197.99999999999997 0.9304531370608302
197.99999999999997 0.9295549140046686
197.99999999999997 0.9320548415613646
197.99999999999997 0.9359412645979938
197.99999999999997 0.9300670856494263
197.99999999999997 0.9335022677083946
197.99999999999997 0.9333464512126237
197.99999999999997 0.9373277600779274
197.99999999999997 0.9302541365498781
197.99999999999997 0.9297805344934968
197.99999999999997 0.9305005799751676
197.99999999999997 0.9317000245546406
197.99999999999997 0.9400888014272939
197.99999999999997 0.9294136014401684
197.99999999999997 0.9246197516959814
197.99999999999997 0.9309045419278065
197.99999999999997 0.931685848402007
197.99999999999997 0.9334751257667553
197.99999999999997 0.9282196235766834
197.99999999999997 0.9391270908364607
197.99999999999997 0.9394685839797371
197.99999999999997 0.9281776196293327
197.99999999999997 0.9247004613720228
197.99999999999997 0.9358820359624823
197.99999999999997 0.9351476504388596
197.99999999999997 0.9307980368140749
197.99999999999997 0.9274492227854624
197.99999999999997 0.925208018589978
197.99999999999997 0.934182205459422
197.99999999999997 0.9335986916793333
197.99999999999997 0.9314527288401675
197.99999999999997 0.9229579688175412
197.99999999999997 0.9305661250690666
197.99999999999997 0.9338111799430464
197.99999999999997 0.9262165114442832
197.99999999999997 0.9278359625967385
197.99999999999997 0.9294808511124513
