141.0 1.0845910570351147
141.0 1.1158563833577988
141.0 1.1214573072648735
141.0 1.1216821032135202
141.0 1.1232532591624464
141.0 1.1219348378949838
141.0 1.1245873669758093
141.0 1.1267085783047952
141.0 1.1264414758323738
141.0 1.1328430187568446
141.0 1.1131163313809995
141.0 1.1180224832803438
141.0 1.1346700134207752
141.0 1.1308252362570557
141.0 1.1298676206760625
141.0 1.133566992812238
141.0 1.1340752358832704
141.0 1.1318079336736637
141.0 1.1335507843025852
141.0 1.1362450979434295
141.0 1.1296805697756105
141.0 1.1333918915222791
141.0 1.1424814290824095
141.0 1.1256992609103083
141.0 1.1389023801381652
141.0 1.139914773817189
141.0 1.1274405733969581
141.0 1.1348481909952683
141.0 1.1283966508356877
141.0 1.137395561466302
141.0 1.1386322013812085
141.0 1.1314916862553197
141.0 1.136754193303652
141.0 1.1348882987259126
141.0 1.1422750933877668
141.0 1.1395167727952904
141.0 1.130367842710327
141.0 1.1372679030906814
141.0 1.1279423335734897
141.0 1.1326911308347964
141.0 1.1255804758606418
141.0 1.1301067289176527
141.0 1.136257047553924
141.0 1.1396073997248028
141.0 1.1418014913313845
141.0 1.1325175676871015
141.0 1.132062398135718
141.0 1.13304168894236
141.0 1.1393863936627762
141.0 1.142396954721965
141.0 1.1363800915027447
141.0 1.1468310427071964
141.0 1.140063255129266
141.0 1.1372975993530963
141.0 1.1436511773994715
141.0 1.1458323032170465
141.0 1.1400497673765035
141.0 1.1445255012346418
141.0 1.1381688469037334
141.0 1.1348940957673384
141.0 1.135648096410581
141.0 1.1378942453583003
141.0 1.1392421712498546
141.0 1.145944769261526
141.0 1.1380114922656925
141.0 1.138188131697918
141.0 1.1366249967857598
141.0 1.1365077498783662
141.0 1.1383412274368023
141.0 1.138030777059881
141.0 1.1381896698401892
141.0 1.1476756702799527
141.0 1.1397215703476629
141.0 1.1434255569106384
141.0 1.1377145296415352
141.0 1.1350838674246824
141.0 1.143063404720227
141.0 1.1401149569427584
141.0 1.1341532273492128
141.0 1.1268862924078316
141.0 1.1384195492281781
141.0 1.137404079264619
141.0 1.1358575083897577
141.0 1.1301406840792272
141.0 1.139911697532652
141.0 1.1344949121308148
141.0 1.1425018939444243
141.0 1.1467122576575306
141.0 1.141862421998482
141.0 1.1482383611235811
141.0 1.1563347897988763
141.0 1.1554867987700965
141.0 1.1543670070810004
141.0 1.1567667459823487
141.0 1.1500583509292515
141.0 1.1454831168156376
141.0 1.1468132960552726
141.0 1.1480543865076616
141.0 1.1522836769405163
141.0 1.1509758587796042
141.0 1.150110408270393
141.0 1.1506611495035275
141.0 1.1503464402274508
141.0 1.1504740986030735
141.0 1.1507294153543197
141.0 1.1510441246303968
141.0 1.1506403265670728
141.0 1.153296070619541
141.0 1.1536196532215794
141.0 1.1523608161172703
141.0 1.152390512379687
141.0 1.1562055932809892
141.0 1.153736900128974
141.0 1.156549998819481
141.0 1.1558419029483071
141.0 1.150369131631606
141.0 1.1487153697899322
141.0 1.1487891023567174
141.0 1.1439616277763909
141.0 1.1451506608876403
141.0 1.1484655197546814
141.0 1.1503923449995186
141.0 1.1498428982720195
141.0 1.1500375279927992
141.0 1.149341381732118
141.0 1.1503449020851804
141.0 1.155764763771552
141.0 1.1563678926712588
141.0 1.1517611805163324
141.0 1.1618078914410097
141.0 1.1612289920877261
141.0 1.1609944982729377
141.0 1.1573633919875548
141.0 1.1559576117134338
141.0 1.1548977751200735
141.0 1.1501563130424606
141.0 1.146575725955948
141.0 1.1440075325484618
141.0 1.1305451679956326
141.0 1.1416779254188083
141.0 1.1388564753660964
141.0 1.141846213488831
141.0 1.142909126366725
141.0 1.144608792980467
141.0 1.1424670890404574
141.0 1.1411720727792298
141.0 1.1410459525458752
141.0 1.1407802243264022
141.0 1.144369684738874
141.0 1.147458923117084
141.0 1.150025578382306
141.0 1.1498385274818512
141.0 1.1531533863488899
141.0 1.1523754864846578
141.0 1.1505971425518973
141.0 1.152857961867002
141.0 1.1502407874029088
141.0 1.15008343276487
141.0 1.1489418425679563
141.0 1.14893143109973
141.0 1.149532691531733
141.0 1.1465919344656037
141.0 1.151469928244799
141.0 1.1530939938240559
141.0 1.1528876581294134
141.0 1.1522358784985387
141.0 1.1484416205336927
141.0 1.1478669800795678
141.0 1.150794249392933
141.0 1.1348164224126076
141.0 1.147546584700163
141.0 1.1619536267939892
141.0 1.155139578916349
141.0 1.1490838157833194
141.0 1.1406044119811538
141.0 1.132714319000499
141.0 1.1341096878063939
141.0 1.1360793415387658
141.0 1.1373265845602267
141.0 1.1346390841393164
141.0 1.1183417817810157
141.0 1.1106942101459172
141.0 1.0989665117434129
141.0 1.1047447539943052
141.0 1.1070091715577002
141.0 1.107231549325883
141.0 1.103655906991608
141.0 1.1012363310365123
141.0 1.0819105570777823
141.0 1.093062877622267
141.0 1.0890189425522747
141.0 1.0979107888681134
141.0 1.1081136505611926
141.0 1.1175978345315636
141.0 1.116642801020351
141.0 1.115994097674007
141.0 1.1091092296247973
141.0 1.0982532977423995
141.0 1.1026884019061376
141.0 1.100312726115098
141.0 1.1035127285062
141.0 1.103201425840092
141.0 1.1004789540790978
141.0 1.0989752116917695
141.0 1.1035389904096429
141.0 1.1029634951195333
141.0 1.118982795816429
141.0 1.1097691625963635
141.0 1.1070805003324133
141.0 1.1126778342582204
141.0 1.1119924600870037
141.0 1.1083572587917825
141.0 1.1083873131286406
141.0 1.1151827368629568
141.0 1.1147736637219654
141.0 1.1063674705228284
141.0 1.110198951572109
141.0 1.1118165342568618
141.0 1.1067402258197951
141.0 1.119533394415258
141.0 1.1146810044354303
141.0 1.1220485143030983
141.0 1.1144673335570947
141.0 1.1219551666166943
141.0 1.1189341940892794
141.0 1.1127557173328582
141.0 1.1155584045551392
141.0 1.1010432082672073
141.0 1.1073551404406738
141.0 1.1107679614209185
141.0 1.1097019722584924
141.0 1.108553046877889
141.0 1.1036958760351498
141.0 1.111992487836013
141.0 1.108575052428965
141.0 1.1033707552908412
141.0 1.1045420417501668
141.0 1.1046697001257935
141.0 1.1177270587984611
141.0 1.11526144193098
141.0 1.1159398415397377
141.0 1.1226096670044565
141.0 1.1139968077852442
141.0 1.1115786338321063
141.0 1.119643828102713
141.0 1.1146335615210943
141.0 1.1176175026024036
141.0 1.1114286143777568
141.0 1.1079860971350957
141.0 1.1117225007173805
141.0 1.1100004730249178
141.0 1.1132366545729377
141.0 1.1015642532379337
141.0 1.1080157933975145
