97.0 1.2083857155654467
97.0 1.2553667800817618
97.0 1.2557313227036344
97.0 1.2594475892025387
97.0 1.2607921084841256
97.0 1.2306293041605378
97.0 1.2610755833555196
97.0 1.262819972126709
97.0 1.2576346042551267
97.0 1.2633780485435355
97.0 1.2632415168419546
97.0 1.2375402979728756
97.0 1.2708257738724902
97.0 1.261291478229199
97.0 1.2658691027742734
97.0 1.2678240861392618
97.0 1.2637255303665647
97.0 1.2731371123864659
97.0 1.2719777755376291
97.0 1.270551172327056
97.0 1.2606644501085038
97.0 1.2706001533836604
97.0 1.269283461896784
97.0 1.2678938901323198
97.0 1.270748634695738
97.0 1.269500209059658
97.0 1.2646295504641523
97.0 1.2728150679266956
97.0 1.2764253512756232
97.0 1.2775950995926844
97.0 1.2773960990817355
97.0 1.2706313877883413
97.0 1.2665524471352643
97.0 1.2731401886710012
97.0 1.266508410830896
97.0 1.2684951505643267
97.0 1.2732277393159799
97.0 1.2753520269295027
97.0 1.2767103642892856
97.0 1.272135130175669
97.0 1.275037317653424
97.0 1.2751159949724433
97.0 1.2802107359145107
97.0 1.27764408064929
97.0 1.2784219805135228
97.0 1.2697065447542983
97.0 1.276241021132061
97.0 1.2789039339321082
97.0 1.2725196434448065
97.0 1.274488114562557
97.0 1.2687817017202558
97.0 1.2781562522940482
97.0 1.2757454135245978
97.0 1.2757350020563718
97.0 1.2750357795111578
97.0 1.27257749782737
97.0 1.2774466182806081
97.0 1.2850011790487277
97.0 1.2869696501664798
97.0 1.2793244624688445
97.0 1.280296748417224
97.0 1.2793645701994862
97.0 1.2801127738013027
97.0 1.2831530311229074
97.0 1.2805358566588152
97.0 1.2751709369597903
97.0 1.2820322638624495
97.0 1.2788658863074878
97.0 1.279376519809981
97.0 1.2794343741925456
97.0 1.2791582345048442
97.0 1.2796006021565447
97.0 1.2774362068123808
97.0 1.2747418931715344
97.0 1.279522196670657
97.0 1.2812944717288604
97.0 1.283616221711062
97.0 1.284793305211819
97.0 1.2798975647806994
97.0 1.2783047336061253
97.0 1.280617610262369
97.0 1.2764758704744936
97.0 1.2713691799219298
97.0 1.2698565642086432
97.0 1.2773100865790228
97.0 1.2742713673996857
97.0 1.2787650117990663
97.0 1.2801039004753412
97.0 1.280721369417002
97.0 1.2768364845226392
97.0 1.2664792365322404
97.0 1.2656516979548285
97.0 1.2635947467023865
97.0 1.2726635103300823
97.0 1.2762753318212792
97.0 1.2747702151810034
97.0 1.277516422273668
97.0 1.2802049388730867
97.0 1.281678984997998
97.0 1.2812647754664455
97.0 1.2785199426267306
97.0 1.2790899686540542
97.0 1.2782734992014448
97.0 1.2738675693363632
97.0 1.2753238688093542
97.0 1.27373103763478
97.0 1.2755895970288271
97.0 1.2729427263023205
97.0 1.2734356131528897
97.0 1.2699826844420001
97.0 1.26629372377405
97.0 1.267758896573002
97.0 1.2700983932071268
97.0 1.2680111370397145
97.0 1.269897002264722
97.0 1.2690195006951972
97.0 1.2713906635092567
97.0 1.2770528761578677
97.0 1.2809423754790303
97.0 1.2818213137410055
97.0 1.2804274830773823
97.0 1.279376519809983
97.0 1.2725909855801334
97.0 1.2651625450453674
97.0 1.2689448533997205
97.0 1.2727391113645672
97.0 1.2731533208961197
97.0 1.2709198074119739
97.0 1.269094872854069
97.0 1.2702067667885637
97.0 1.2750357795111567
97.0 1.2768171997284514
97.0 1.27838920796657
97.0 1.2804645145234888
97.0 1.2766124021760754
97.0 1.281462237835124
97.0 1.2847682233762043
97.0 1.2839478253498686
97.0 1.2833261282523527
97.0 1.2864436326945232
97.0 1.2866252446279873
97.0 1.284172759985625
97.0 1.2912359720454427
97.0 1.2893268934525237
97.0 1.2862496046848095
97.0 1.2860343956642073
97.0 1.2852075147433717
97.0 1.283114461534533
97.0 1.281952048401164
97.0 1.2834380441365703
97.0 1.2809975091047048
97.0 1.2820692953085586
97.0 1.2836339683629854
97.0 1.2841357285395187
97.0 1.2856410090691122
97.0 1.2871343399882116
97.0 1.2845379884605732
97.0 1.285779078912963
97.0 1.2866341179539464
97.0 1.2890627033753175
97.0 1.286997808286627
97.0 1.2887182978368241
97.0 1.2861917503022477
97.0 1.2824152389893193
97.0 1.2832212969737002
97.0 1.2826007517475058
97.0 1.2854925277570315
97.0 1.2839174432343783
97.0 1.2832583284198082
97.0 1.2771793519188672
97.0 1.2729949223305659
97.0 1.2702506114546104
97.0 1.2751260509130293
97.0 1.276340521387536
97.0 1.2775029345209066
97.0 1.267460395806584
97.0 1.2594322329820773
97.0 1.2654502788159216
97.0 1.2597928470302218
97.0 1.2652176534688302
97.0 1.265251250555967
97.0 1.2489432068515007
97.0 1.2425889988975534
97.0 1.2470208346909373
97.0 1.2480284193105458
97.0 1.2434245328620281
97.0 1.2475898163432508
97.0 1.2373972581745805
97.0 1.2412539849487942
97.0 1.2433605259103935
97.0 1.245121123191237
97.0 1.2393109511943006
97.0 1.2370887014675742
97.0 1.243203171272356
97.0 1.2393761407605564
97.0 1.237196719521363
97.0 1.2336118735356938
97.0 1.2401192079718166
97.0 1.2308764082366888
97.0 1.229951756840969
97.0 1.2340810250545926
97.0 1.2383910529124933
97.0 1.2405397339617548
97.0 1.2438617641231675
97.0 1.2301596306778793
97.0 1.236393379747071
97.0 1.2361384764384438
97.0 1.2292281972530155
97.0 1.234551219614937
97.0 1.2332866947465786
97.0 1.2335325078168002
97.0 1.2307716329035459
97.0 1.24062184563975
97.0 1.2399955033721302
97.0 1.2441194965080824
97.0 1.243580704885443
97.0 1.242761159148299
97.0 1.2408003787418862
97.0 1.2425980074688379
97.0 1.2424244443211483
97.0 1.247605197765925
97.0 1.244064718410054
97.0 1.2433863188012935
97.0 1.2447357828351198
97.0 1.2425401530862725
97.0 1.2394227565879177
97.0 1.232585165016932
97.0 1.2368931327688037
97.0 1.239706231459312
97.0 1.249077705748568
97.0 1.239784908778329
97.0 1.2443763514015995
97.0 1.2417726646902714
97.0 1.244437282068695
97.0 1.242828242384471
97.0 1.244774352423495
97.0 1.243334261460154
97.0 1.236970271945553
97.0 1.2345698446443343
97.0 1.239481627148992
97.0 1.2346112988789164
97.0 1.226918668266951
97.0 1.2311747425670052
97.0 1.2264387472053815
97.0 1.221159345794316
97.0 1.224748475881357
97.0 1.2257806763183245
97.0 1.2265524236134884
97.0 1.2345213578024827
97.0 1.2271959880224756
97.0 1.2271876089112652
97.0 1.2261207397106386
97.0 1.2205821207236078
97.0 1.211735814163916
