244.99999999999997 0.6742461944878335
244.99999999999997 0.7106972966555434
244.99999999999997 0.7136788473053929
244.99999999999997 0.7151703097567931
244.99999999999997 0.7178422623189146
244.99999999999997 0.7052391931594336
244.99999999999997 0.7165641404204183
244.99999999999997 0.7198493030250388
244.99999999999997 0.7208335385839157
244.99999999999997 0.7257828744984394
244.99999999999997 0.726440451170744
244.99999999999997 0.7262445269443266
244.99999999999997 0.728823131820045
244.99999999999997 0.7229666995233963
244.99999999999997 0.7247511960252279
244.99999999999997 0.7252869113633342
244.99999999999997 0.7245552717988113
244.99999999999997 0.7216515461787923
244.99999999999997 0.7155351827040979
244.99999999999997 0.7260397293919535
244.99999999999997 0.7248981391950393
244.99999999999997 0.7198477648827737
244.99999999999997 0.720745987938937
244.99999999999997 0.7202145314999888
244.99999999999997 0.7187524349855731
244.99999999999997 0.7263054576114276
244.99999999999997 0.7220642175680758
244.99999999999997 0.7278404344034372
244.99999999999997 0.7281655551477424
244.99999999999997 0.7287043467703826
244.99999999999997 0.7267790596678095
244.99999999999997 0.726905179901165
244.99999999999997 0.7297391015281265
244.99999999999997 0.7292269298833692
244.99999999999997 0.7296276516621595
244.99999999999997 0.7275049021909042
244.99999999999997 0.7242108662603226
244.99999999999997 0.7228332441063495
244.99999999999997 0.7232088840495264
244.99999999999997 0.7276637949712105
244.99999999999997 0.7295030695710706
244.99999999999997 0.7241129041471134
244.99999999999997 0.727476744070756
244.99999999999997 0.7232771499003194
244.99999999999997 0.7252930639324012
244.99999999999997 0.7284505681614037
244.99999999999997 0.7297568481800484
244.99999999999997 0.7301710577115991
244.99999999999997 0.7328861942889003
244.99999999999997 0.728558941742837
244.99999999999997 0.7284015871047997
244.99999999999997 0.7298964561661662
244.99999999999997 0.7247037531108906
244.99999999999997 0.7261199448532365
244.99999999999997 0.729581746890088
244.99999999999997 0.7261986221722594
244.99999999999997 0.7269853953624527
244.99999999999997 0.7301324881232251
244.99999999999997 0.7332009035649775
244.99999999999997 0.7338303221171338
244.99999999999997 0.7368843975169327
244.99999999999997 0.734381063350268
244.99999999999997 0.7295030695710725
244.99999999999997 0.727300104638532
244.99999999999997 0.7287949736998978
244.99999999999997 0.7254915424795956
244.99999999999997 0.72722142731951
244.99999999999997 0.7286376190618582
244.99999999999997 0.7302898427612652
244.99999999999997 0.7289523283379354
244.99999999999997 0.7277721685526456
244.99999999999997 0.7280868778287226
244.99999999999997 0.7321780984177286
244.99999999999997 0.730683229356361
244.99999999999997 0.7273909539496634
244.99999999999997 0.727693491233626
244.99999999999997 0.7223434335403142
244.99999999999997 0.7251758170250081
244.99999999999997 0.7310766159514561
244.99999999999997 0.7327856778549173
244.99999999999997 0.7344003481444552
244.99999999999997 0.7365053509637892
244.99999999999997 0.7353251911784998
244.99999999999997 0.7356399004545775
244.99999999999997 0.734223708712229
244.99999999999997 0.730132488123225
244.99999999999997 0.7295452399545369
244.99999999999997 0.7383149293012322
244.99999999999997 0.733987676755172
244.99999999999997 0.7271427500004924
244.99999999999997 0.7269067180434339
244.99999999999997 0.7226845751031458
244.99999999999997 0.7322217207021506
244.99999999999997 0.737802757656473
244.99999999999997 0.736033287049674
244.99999999999997 0.733048493679175
244.99999999999997 0.7270698697228981
244.99999999999997 0.7304560707252629
244.99999999999997 0.7306832293563598
244.99999999999997 0.7298964561661658
244.99999999999997 0.7288736510189149
244.99999999999997 0.7280868778287217
244.99999999999997 0.7284802644238187
244.99999999999997 0.7296604242091085
244.99999999999997 0.7301324881232243
244.99999999999997 0.731076615951456
244.99999999999997 0.7320994210987068
244.99999999999997 0.7320994210987064
244.99999999999997 0.7322567757367446
244.99999999999997 0.7320994210987056
244.99999999999997 0.7315486798655711
244.99999999999997 0.7312339705894945
244.99999999999997 0.7291096829759744
244.99999999999997 0.7284015871048006
244.99999999999997 0.7337026637415103
244.99999999999997 0.7327922686932323
244.99999999999997 0.7313858585115415
244.99999999999997 0.7327762825651993
244.99999999999997 0.729875633229712
244.99999999999997 0.729924614286315
244.99999999999997 0.7321379906870844
244.99999999999997 0.7314106100217224
244.99999999999997 0.7300496385938477
244.99999999999997 0.733779802918262
244.99999999999997 0.7348531272643822
244.99999999999997 0.7361906416877102
244.99999999999997 0.7406752488718119
244.99999999999997 0.7358037379871158
244.99999999999997 0.7391529660356755
244.99999999999997 0.7357625863289589
244.99999999999997 0.7345931960863362
244.99999999999997 0.7362469579280092
244.99999999999997 0.7330998651672377
244.99999999999997 0.7321557373390045
244.99999999999997 0.7362276731338218
244.99999999999997 0.7366715789277902
244.99999999999997 0.7383727836838001
244.99999999999997 0.7375563142311914
244.99999999999997 0.7314124849834177
244.99999999999997 0.735972356382578
244.99999999999997 0.7340752274001517
244.99999999999997 0.7320296171056486
244.99999999999997 0.7303284123496411
244.99999999999997 0.7314700025465551
244.99999999999997 0.7320296171056498
244.99999999999997 0.7299840068111485
244.99999999999997 0.7293056072023906
244.99999999999997 0.7288825243448778
244.99999999999997 0.7321676869495014
244.99999999999997 0.7338391954430943
244.99999999999997 0.7330524222529001
244.99999999999997 0.7344878987894365
244.99999999999997 0.7338688917055093
244.99999999999997 0.7341539047191693
244.99999999999997 0.7338287839748648
244.99999999999997 0.7319108320559872
244.99999999999997 0.7261866725617635
244.99999999999997 0.7286063846571744
244.99999999999997 0.7303075894131847
244.99999999999997 0.7263737234622182
244.99999999999997 0.7292550880035163
244.99999999999997 0.7287533278269861
244.99999999999997 0.7280348204875847
244.99999999999997 0.733807961038409
244.99999999999997 0.7314684644042841
244.99999999999997 0.7344076833281471
244.99999999999997 0.7347416773984121
244.99999999999997 0.7322521613099449
244.99999999999997 0.7309146468866156
244.99999999999997 0.7232694591889806
244.99999999999997 0.7211858359603553
244.99999999999997 0.7241299714399525
244.99999999999997 0.7290618845339939
244.99999999999997 0.7329498457128899
244.99999999999997 0.7305702413481224
244.99999999999997 0.7286700360811641
244.99999999999997 0.7258955069790323
244.99999999999997 0.7236242761956997
244.99999999999997 0.7232575095784844
244.99999999999997 0.7210159750575674
244.99999999999997 0.7108922047034489
244.99999999999997 0.7070032100382285
244.99999999999997 0.7041446127012018
244.99999999999997 0.7060002012077313
244.99999999999997 0.7144575994588158
244.99999999999997 0.7033625593348268
244.99999999999997 0.7126360715108819
244.99999999999997 0.7036757304686366
244.99999999999997 0.7122411467735146
244.99999999999997 0.7056901063584562
244.99999999999997 0.7153407966199523
244.99999999999997 0.7137464273031097
244.99999999999997 0.7124713816891469
244.99999999999997 0.7204771834349283
244.99999999999997 0.7153245881102995
244.99999999999997 0.7198998222239126
244.99999999999997 0.7198404296990814
244.99999999999997 0.7164661783072129
244.99999999999997 0.7169501918318223
244.99999999999997 0.7223210724615912
244.99999999999997 0.7169413185058621
244.99999999999997 0.7252321332653046
244.99999999999997 0.7158695323020078
244.99999999999997 0.7163088236691724
244.99999999999997 0.711268860825135
244.99999999999997 0.7112777341510964
244.99999999999997 0.7088517095444977
244.99999999999997 0.6942681047714708
244.99999999999997 0.6938431712015621
244.99999999999997 0.6963397550352857
244.99999999999997 0.6930049558167831
244.99999999999997 0.6957154779672802
244.99999999999997 0.6970471953491814
244.99999999999997 0.701316593512679
244.99999999999997 0.6976206531886872
244.99999999999997 0.6965265059061103
244.99999999999997 0.6983005909397133
244.99999999999997 0.6977733933999226
244.99999999999997 0.6931449193305499
244.99999999999997 0.6980584064135843
244.99999999999997 0.6985721162006089
244.99999999999997 0.7055404424317544
244.99999999999997 0.7065987408828485
244.99999999999997 0.6935471792516035
244.99999999999997 0.6982411984148823
244.99999999999997 0.6978462736775172
244.99999999999997 0.6985914009947992
244.99999999999997 0.6971158167276202
244.99999999999997 0.6905454915183711
244.99999999999997 0.6922289496224627
244.99999999999997 0.6912686132845759
244.99999999999997 0.6986731545983542
244.99999999999997 0.6920727775990505
244.99999999999997 0.6994464400357835
244.99999999999997 0.6959371950845998
244.99999999999997 0.6957840993457192
244.99999999999997 0.6995474784335262
244.99999999999997 0.6985944772793353
244.99999999999997 0.6999898460852263
244.99999999999997 0.6971470511323045
244.99999999999997 0.7041018896106876
244.99999999999997 0.6985809895265688
244.99999999999997 0.6952557191913045
244.99999999999997 0.6984162997048404
244.99999999999997 0.6967239682747902
244.99999999999997 0.7030212300808719
244.99999999999997 0.7084692498873905
244.99999999999997 0.699286364640855
244.99999999999997 0.6998934221142848
244.99999999999997 0.698033324577968
244.99999999999997 0.7011345125666752
244.99999999999997 0.70054058731836
244.99999999999997 0.6994865477664272
244.99999999999997 0.7008761195308963
