5.0 2.3907902945513184
5.0 2.41225659238223
5.0 2.41129471790208
5.0 2.4179317708198504
5.0 2.415083178825501
5.0 2.4144001647899427
5.0 2.415642793384595
5.0 2.4172637826793197
5.0 2.4164770094891255
5.0 2.413980158216964
5.0 2.4159663759866334
5.0 2.416802130233431
5.0 2.417020415538568
5.0 2.4171480739141913
5.0 2.4212111363830466
5.0 2.4182406830545013
5.0 2.4166864214683033
5.0 2.417954131898574
5.0 2.418052094011779
5.0 2.412454054750914
5.0 2.414912336434699
5.0 2.418485588337518
5.0 2.4151603180022536
5.0 2.417303890409963
5.0 2.4126900867079706
5.0 2.4145872156903954
5.0 2.412165965452717
5.0 2.4161534268870906
5.0 2.4176008530341186
5.0 2.4187023355003903
5.0 2.4208636545600184
5.0 2.413987493400656
5.0 2.417403390665437
5.0 2.4197829950302037
5.0 2.4146570196834523
5.0 2.417118377651776
5.0 2.414784678059077
5.0 2.4090412337706684
5.0 2.4139103542239058
5.0 2.411836585809255
5.0 2.410980008626002
5.0 2.417263782679319
5.0 2.421298687028026
5.0 2.4124274347730332
5.0 2.4136060564160564
5.0 2.4167026299779564
5.0 2.4251465404762804
5.0 2.4159173949300303
5.0 2.4189625970038695
5.0 2.411532288001404
5.0 2.4137738225223204
5.0 2.4177404610202364
5.0 2.4147461084707014
5.0 2.416910503814864
5.0 2.421729105069232
5.0 2.420688553270062
5.0 2.414541310918328
5.0 2.4244056720581573
5.0 2.4252637873836758
5.0 2.4195781974778297
5.0 2.4186903858898954
5.0 2.4218494282611607
5.0 2.4207167113902077
5.0 2.4172549093533586
5.0 2.4119330097801925
5.0 2.407389010071261
5.0 2.4133002204659384
5.0 2.4153755270228543
5.0 2.4177254351252055
5.0 2.416901630488903
5.0 2.4177196380837818
5.0 2.4168541875745673
5.0 2.414354260017872
5.0 2.411226452051287
5.0 2.413992107827459
5.0 2.4175576690189415
5.0 2.426659156189568
5.0 2.418846888238741
5.0 2.4153770651651225
5.0 2.4184133939130015
5.0 2.4170115422126073
5.0 2.415059279604511
5.0 2.415696033340357
5.0 2.4165765097446017
5.0 2.4146940511295636
5.0 2.4121408836171043
5.0 2.4049411398557026
5.0 2.4149346975134236
5.0 2.4171530186664256
5.0 2.420927991837086
5.0 2.4177670809981167
5.0 2.4198543371655323
5.0 2.4158387176110128
5.0 2.4171392005882324
5.0 2.417256447495625
5.0 2.414195367237568
5.0 2.4193687854986528
5.0 2.4144121144004362
5.0 2.4210834780074246
5.0 2.417413802133666
5.0 2.4139311771603604
5.0 2.412926118665031
5.0 2.419373399925455
5.0 2.422805505699889
5.0 2.418200575323859
5.0 2.4211991867725517
5.0 2.415742293640073
5.0 2.4157912746966765
5.0 2.4162321042061103
5.0 2.412415485162539
5.0 2.417078269921133
5.0 2.4147164122082856
5.0 2.4124154851625375
5.0 2.4167843835815135
5.0 2.4143631333438322
5.0 2.414208854990327
5.0 2.4145413109183256
5.0 2.4143334370814165
5.0 2.4148440705839076
5.0 2.4133893092531853
5.0 2.4149925518959856
5.0 2.413261650877561
5.0 2.4113976247675204
5.0 2.4169000923466375
5.0 2.4138895312874467
5.0 2.417903612699699
5.0 2.4276345184224803
5.0 2.4312239788349532
5.0 2.419504464911042
5.0 2.4243404824918975
5.0 2.420697426596019
5.0 2.425508692666691
5.0 2.4267601945873083
5.0 2.429835945212756
5.0 2.4271890744862468
5.0 2.4269248844090385
5.0 2.424004950279364
5.0 2.422064637281763
5.0 2.419551907825379
5.0 2.4223511884376925
5.0 2.4310072316720834
5.0 2.424585387774915
5.0 2.417955670040838
5.0 2.4191936842086936
5.0 2.420730199142971
5.0 2.416232104206107
5.0 2.420260855985745
5.0 2.4213703594887854
5.0 2.415592274185726
5.0 2.414137512855002
5.0 2.41911654503194
5.0 2.4198231027608466
5.0 2.4175028909209124
5.0 2.4196032793134408
5.0 2.4265091367352207
5.0 2.429187241866412
5.0 2.422391296168338
5.0 2.4252726607096338
5.0 2.426856618558248
5.0 2.4270035617280596
5.0 2.4197251406476403
5.0 2.4155864771443003
5.0 2.414072323288744
5.0 2.4136773985513806
5.0 2.4142875323093467
5.0 2.4146496844997594
5.0 2.4143037408190002
5.0 2.4178145239124538
5.0 2.4196464633286214
5.0 2.413794645458777
5.0 2.4048569958206913
5.0 2.409378304125468
5.0 2.4048940272667987
5.0 2.405190989890956
5.0 2.40829217787966
5.0 2.4066720408741284
5.0 2.409925969074068
5.0 2.4132408279411064
5.0 2.4098873994856893
5.0 2.413932715302626
5.0 2.415406761427537
5.0 2.4033244094601343
5.0 2.4060484193633958
5.0 2.3996385250767243
5.0 2.408627024239112
5.0 2.4145471079597525
5.0 2.405862906605213
5.0 2.408048124885832
5.0 2.4073890100712636
5.0 2.4074379911278654
5.0 2.4025599973486678
5.0 2.4034833022404434
5.0 2.402971130595686
5.0 2.4008379696562048
5.0 2.409062056707124
5.0 2.4029830802061825
5.0 2.4049469368971286
5.0 2.4090565899911307
5.0 2.4021137011232425
5.0 2.4005930643731856
5.0 2.400474279323523
5.0 2.4054632010049297
5.0 2.406261237952542
5.0 2.4083775045292937
5.0 2.4163524273980355
5.0 2.411481768802534
5.0 2.4118173010150685
5.0 2.4047020316141126
5.0 2.4055794317338197
5.0 2.408117928878892
5.0 2.4031670548221005
5.0 2.3947832227016868
5.0 2.3989585873257018
5.0 2.3978571048594297
5.0 2.4017138316336437
5.0 2.3987834860357418
5.0 2.4067996992497522
5.0 2.4053507349604524
5.0 2.4076933078791107
5.0 2.3998610692810196
5.0 2.402156199285344
5.0 2.3998344493031403
5.0 2.404616019111399
5.0 2.4021369144911575
5.0 2.4007473427266888
5.0 2.397325648420483
5.0 2.3962152926282525
5.0 2.398440618639515
5.0 2.4018568462297294
5.0 2.401396731926108
5.0 2.403642195020751
5.0 2.404322132771776
5.0 2.403495251850939
5.0 2.4047124430823392
5.0 2.4005128489118985
5.0 2.3991891525667643
5.0 2.396722849846208
5.0 2.3965156618623764
5.0 2.3918136216623296
5.0 2.3901613979629253
5.0 2.394718885424619
5.0 2.3988116441558898
5.0 2.3995301514952914
5.0 2.397876389653619
5.0 2.3986438780496258
5.0 2.399476556011885
5.0 2.395764051650592
5.0 2.3966487869539925
5.0 2.3984213338453286
5.0 2.3930369654627968
5.0 2.3982609029227544
5.0 2.3940790554042373
5.0 2.3957254820622174
5.0 2.403682302751394
