34.0 1.8509104623411325
34.0 1.883348206186957
34.0 1.8825856625431887
34.0 1.8826890913723873
34.0 1.8853166773047079
34.0 1.8746713400161112
34.0 1.8882782573072938
34.0 1.8899408924749266
34.0 1.8899216076807388
34.0 1.888248561044877
34.0 1.886281628069395
34.0 1.882288369593598
34.0 1.88337944059164
34.0 1.892311623513733
34.0 1.8908746088349304
34.0 1.8893589168371099
34.0 1.8881610103998983
34.0 1.8860336465018424
34.0 1.886192539282148
34.0 1.89372935339835
34.0 1.8944640692474015
34.0 1.892428870421128
34.0 1.8886388713554387
34.0 1.8928207188739583
34.0 1.894729797466877
34.0 1.8987438788791293
34.0 1.8954008618919416
34.0 1.8891348344905448
34.0 1.894958494240242
34.0 1.892486724803693
34.0 1.8912487106358398
34.0 1.8900388545881328
34.0 1.8884460234135587
34.0 1.8944270378012944
34.0 1.892330908307922
34.0 1.8925075477401474
34.0 1.8958521028696025
34.0 1.891475869266935
34.0 1.8938851698941188
34.0 1.8882589725131054
34.0 1.8915634199119165
34.0 1.8926055098533554
34.0 1.8918677177197647
34.0 1.8964294640806192
34.0 1.899864646139588
34.0 1.8972787060801783
34.0 1.8978398587815402
34.0 1.888344985015816
34.0 1.8919969142376565
34.0 1.8871470785786064
34.0 1.8928816495410572
34.0 1.8919479331810525
34.0 1.8923220349819605
34.0 1.8926560290522267
34.0 1.8906786846085153
34.0 1.8873494856995239
34.0 1.8953711656295253
34.0 1.8979586438312028
34.0 1.898292637901468
34.0 1.8972401364918032
34.0 1.898105587001016
34.0 1.8977314852001064
34.0 1.890816754452367
34.0 1.8886924668388458
34.0 1.8939356890929917
34.0 1.8924037608365103
34.0 1.895705159699792
34.0 1.8955181087993378
34.0 1.8975949534985221
34.0 1.896834800286211
34.0 1.8952820768422791
34.0 1.895173703260845
34.0 1.8916717934933507
34.0 1.8926440794417314
34.0 1.8923903008327534
34.0 1.8866349069338468
34.0 1.8897939493051141
34.0 1.89358087208627
34.0 1.8984588658654669
34.0 1.885667896063134
34.0 1.8925966365273934
34.0 1.8972385983495352
34.0 1.898123333652935
34.0 1.895259715763556
34.0 1.8985151821057646
34.0 1.8983786504041813
34.0 1.8974410054704502
34.0 1.8977982129086295
34.0 1.897327687136781
34.0 1.8959708879192647
34.0 1.8930285927108665
34.0 1.8791281753510023
34.0 1.884616080506545
34.0 1.891201267721503
34.0 1.8921423192651996
34.0 1.8897780711208922
34.0 1.8843443913563271
34.0 1.889155657427
34.0 1.8956843367633371
34.0 1.897495453243049
34.0 1.8946318353536706
34.0 1.8938658850999328
34.0 1.8970041045347452
34.0 1.895596786118358
34.0 1.8986756130283393
34.0 1.8966982685846292
34.0 1.8998854690760438
34.0 1.8978977131641057
34.0 1.9026198904475313
34.0 1.903121650624063
34.0 1.9010656288613326
34.0 1.8986652015601106
34.0 1.8978992513063713
34.0 1.9000339503881207
34.0 1.9020201681577935
34.0 1.9011002698759831
34.0 1.9022546619725815
34.0 1.9034259484319127
34.0 1.9040657784522936
34.0 1.9018820983139408
34.0 1.9025026435401342
34.0 1.898389061872408
34.0 1.8879053940665138
34.0 1.8851890189290834
34.0 1.8866171602819275
34.0 1.8880437634925025
34.0 1.8901086585811915
34.0 1.8936506760793288
34.0 1.8964518251593403
34.0 1.8980269096819922
34.0 1.8971317629103657
34.0 1.8968051040237934
34.0 1.9011932872369544
34.0 1.9033680940493463
34.0 1.903368094049348
34.0 1.9041741520337285
34.0 1.904301810409351
34.0 1.904929690819238
34.0 1.8997547344158845
34.0 1.9053408240662557
34.0 1.9103360647528493
34.0 1.9034807265299405
34.0 1.9032061249845067
34.0 1.9040715754937187
34.0 1.8992707208912742
34.0 1.8970989903634177
34.0 1.8970291863703581
34.0 1.8920339456837667
34.0 1.8924481552153187
34.0 1.894425499659028
34.0 1.898801733261694
34.0 1.9005029380177034
34.0 1.9071608138719294
34.0 1.9060296351432424
34.0 1.9009437675271352
34.0 1.9009437675271363
34.0 1.8998037154724905
34.0 1.8995676835154325
34.0 1.8995869683096211
34.0 1.8996077912460763
34.0 1.8992055313250187
34.0 1.8978857635536108
34.0 1.894208752496158
34.0 1.8898309807512264
34.0 1.8920235342155383
34.0 1.891689540145273
34.0 1.8868308311602615
34.0 1.8825911292591793
34.0 1.8762464245387656
34.0 1.866179134314264
34.0 1.8629538584492236
34.0 1.8584230746599226
34.0 1.8592370977355668
34.0 1.8578698870498211
34.0 1.8586165525093712
34.0 1.8549781110402934
34.0 1.8561953022716917
34.0 1.8602807258192708
34.0 1.860418795663119
34.0 1.8640702029212013
34.0 1.8488879067347053
34.0 1.8492810489728755
34.0 1.83780854540034
34.0 1.8378912869859036
34.0 1.8413278432978197
34.0 1.8483321847965652
34.0 1.8518252212380972
34.0 1.8579011214545038
34.0 1.8487448561858506
34.0 1.84969239062405
34.0 1.848251969335282
34.0 1.8551042312736523
34.0 1.8465685112311878
34.0 1.8528746463632302
34.0 1.844346261504461
34.0 1.8546857628429416
34.0 1.8521576771660935
34.0 1.8480086021945288
34.0 1.8500229780843462
34.0 1.8498166423897036
34.0 1.8477991902153506
34.0 1.842498113578641
34.0 1.8463444288846282
34.0 1.8402461675895003
34.0 1.8423160074304223
34.0 1.8380921837135609
34.0 1.831797998192014
34.0 1.8292356018259566
34.0 1.8356709334758863
34.0 1.8246206155093383
34.0 1.8286894750196208
34.0 1.8324420871115585
34.0 1.829458501557893
34.0 1.8291140960193986
34.0 1.8283674305598494
34.0 1.824042898770679
34.0 1.822243731901462
34.0 1.8168535664775058
34.0 1.8254027742727288
34.0 1.8215830789446261
34.0 1.8227960112768626
34.0 1.8260707624132593
34.0 1.8242973632327326
34.0 1.8245195771115956
34.0 1.8229533659149026
34.0 1.8196874881044671
34.0 1.8202382293376034
34.0 1.8200689250890703
34.0 1.8221249468517982
34.0 1.823952271841163
34.0 1.8212089771437168
34.0 1.808067474436036
34.0 1.8161246476698767
34.0 1.8225406945256188
34.0 1.8179774100224997
34.0 1.8228644410169745
34.0 1.816861065550518
34.0 1.8213134221514269
34.0 1.820205456790653
34.0 1.8236109425872076
34.0 1.8184865053827244
34.0 1.8266851550703849
34.0 1.824503013074301
34.0 1.818465682446269
34.0 1.819274816715183
34.0 1.820457530821251
34.0 1.8211567533664634
34.0 1.8203940458333747
34.0 1.8201923245655378
34.0 1.8216262629598043
34.0 1.8230112202974675
34.0 1.822502124937244
34.0 1.8222807633475722
34.0 1.8082449661574496
