28.0 1.9514601278254884
28.0 1.9877251740162403
28.0 1.9859155956787964
28.0 1.9913859765640396
28.0 1.993559245234165
28.0 1.9823647048547004
28.0 1.9942866258995269
28.0 1.9932059663697117
28.0 1.9915923122586823
28.0 1.9948284938067018
28.0 1.9881200987536063
28.0 1.9956063936709336
28.0 1.9908232857204085
28.0 1.9963634705987106
28.0 1.9968548193070152
28.0 1.9926448136683494
28.0 1.99138597656404
28.0 1.995664248053498
28.0 1.9927828835122
28.0 1.9937077265462435
28.0 1.9941188597932589
28.0 1.9958023178973483
28.0 1.994789924218327
28.0 2.0013914838322546
28.0 1.9961467234358419
28.0 1.993982328091677
28.0 1.9897827339212377
28.0 1.995941925883466
28.0 1.994798797544285
28.0 1.9940802902048866
28.0 1.9932846436887328
28.0 1.9939912014176377
28.0 1.9861026465792506
28.0 1.9942866258995269
28.0 1.9921464601017853
28.0 1.9919737492432825
28.0 1.9923598006546863
28.0 1.9947394050194551
28.0 1.9912390333942283
28.0 1.9953807731821047
28.0 1.9957043557841425
28.0 1.9983095806377393
28.0 2.0001577285635594
28.0 1.9969246233000746
28.0 1.9956939443159143
28.0 1.997326883221132
28.0 2.003474125572866
28.0 1.9993131009908016
28.0 2.002687352382673
28.0 1.9972586173703395
28.0 1.99154333120208
28.0 2.003603322090756
28.0 2.0014478000725515
28.0 1.9970210472710133
28.0 2.0024424470996545
28.0 1.998486220069968
28.0 1.9910287691258621
28.0 1.9929016685618626
28.0 1.994090701673113
28.0 1.9980735486806824
28.0 1.995796851181357
28.0 1.999442297508692
28.0 1.9902949055659955
28.0 1.9931361623766513
28.0 1.995536589677875
28.0 1.9956434251170418
28.0 1.9935384222977093
28.0 1.9993724935156323
28.0 1.996942369951994
28.0 1.9961170271734263
28.0 1.9975629151781893
28.0 2.001113806002286
28.0 1.9998950766286205
28.0 2.0025893902694643
28.0 2.002856656631205
28.0 2.001703116823797
28.0 2.000177013357746
28.0 1.9990473727713285
28.0 1.9927813453699312
28.0 1.9915956109248358
28.0 1.994426233885644
28.0 1.9944158224174164
28.0 1.994651854374475
28.0 1.9996694561397899
28.0 1.997604561051099
28.0 1.9909050393239653
28.0 1.9929699344126535
28.0 2.002216826610825
28.0 1.9960680461168223
28.0 2.0014493382148193
28.0 2.0098589380239256
28.0 1.9947586898136425
28.0 1.9799701309879023
28.0 1.9981032449430984
28.0 1.9969736043566793
28.0 1.9969642090669593
28.0 1.9880904024911876
28.0 1.9971695285830915
28.0 1.9963233628680668
28.0 1.9934315868585408
28.0 1.99286002268895
28.0 1.9915923122586803
28.0 1.9943564298925838
28.0 1.9969824776826368
28.0 2.001772920816855
28.0 2.0038675121679606
28.0 2.0045266269825315
28.0 2.0048502095845686
28.0 2.0031193085661436
28.0 1.9986258280560838
28.0 2.0010632868034155
28.0 1.99784946633412
28.0 1.9990489109135987
28.0 2.0018130285475007
28.0 1.9954787352953143
28.0 1.9894468436342685
28.0 1.993510264177563
28.0 1.9961081538474674
28.0 1.9973966872141922
28.0 1.9975258837320835
28.0 2.000328570954362
28.0 1.9992953543388816
28.0 1.9987149168433316
28.0 2.0034533026364114
28.0 2.0036611764733214
28.0 2.0076351501549294
28.0 2.0082749801753117
28.0 2.009269627202415
28.0 2.0059516920508407
28.0 2.0088257214084457
28.0 2.0084516196075377
28.0 2.0063257938517496
28.0 2.0088924491169715
28.0 2.003572087686074
28.0 2.007013066786469
28.0 2.002313250581766
28.0 1.9987311253529867
28.0 1.9967449075833152
28.0 1.987177839393074
28.0 1.9912834000240314
28.0 1.9931242127661573
28.0 1.9925260286186879
28.0 1.990195405310525
28.0 1.9936186377589993
28.0 1.9959893687978068
28.0 1.9975806618301126
28.0 1.9982100803822667
28.0 2.000589684747033
28.0 1.9989478725158556
28.0 1.9957012794996074
28.0 1.9950035950966631
28.0 1.995781494960896
28.0 1.9948759367210416
28.0 1.994207948580512
28.0 1.9908618553087893
28.0 1.98990731601233
28.0 1.9865716342088349
28.0 1.9894263787722548
28.0 1.9930262506529548
28.0 1.9965354956041383
28.0 2.004651209073622
28.0 1.9994110631040116
28.0 2.002155895943727
28.0 1.997178401909055
28.0 1.9920524265623047
28.0 1.9904387724512742
28.0 1.9855414938778904
28.0 1.9848318598644483
28.0 1.9783996044990524
28.0 1.9764370943120473
28.0 1.9719068047374977
28.0 1.9747887991863666
28.0 1.9720903930824774
28.0 1.968845338208497
28.0 1.9736284461590212
28.0 1.9757261137946631
28.0 1.9763065512902114
28.0 1.97561466392869
28.0 1.975892341758661
28.0 1.9700551942562017
28.0 1.9540702107425185
28.0 1.9391441337551498
28.0 1.939701900259449
28.0 1.943555938439512
28.0 1.94554369435145
28.0 1.942404622627444
28.0 1.9529405701561005
28.0 1.9535611153822925
28.0 1.94859504899436
28.0 1.948718778796255
28.0 1.9460550137070187
28.0 1.953089051468176
28.0 1.9471169104064014
28.0 1.9469491443001377
28.0 1.943488880405557
28.0 1.9448337300125749
28.0 1.9485523869429402
28.0 1.9478492358240018
28.0 1.9418825614782143
28.0 1.9487228738060969
28.0 1.9479125569225568
28.0 1.9314867438994392
28.0 1.928009915967562
28.0 1.9294537438663013
28.0 1.9312935404299203
28.0 1.9298241087318095
28.0 1.9218182249764455
28.0 1.9125727335427931
28.0 1.9136670577026775
28.0 1.9192487115765864
28.0 1.9236889546776803
28.0 1.9248054630389773
28.0 1.9294411058559344
28.0 1.916621483718701
28.0 1.9134632936366258
28.0 1.9129652955977092
28.0 1.9194144453258335
28.0 1.9154665974073524
28.0 1.9201155640877479
28.0 1.910280899210336
28.0 1.9132394029283901
28.0 1.9147030375850735
28.0 1.9223200671625593
28.0 1.9188270307210256
28.0 1.9159352547115014
28.0 1.9144893667067386
28.0 1.9078581108303931
28.0 1.905846455697466
28.0 1.9066054010929414
28.0 1.909820429379073
28.0 1.90898775141681
28.0 1.906002958046311
28.0 1.9136817705800913
28.0 1.9150964241801702
28.0 1.9138633547645523
28.0 1.9160494253343636
28.0 1.9141241382317904
28.0 1.910815762259253
28.0 1.9087221870866555
28.0 1.9176087955621133
28.0 1.9133513470091081
28.0 1.9066374852400185
28.0 1.909630988047161
28.0 1.9097552398128157
28.0 1.9138688214805413
28.0 1.9146660061389627
28.0 1.9194402407635285
28.0 1.921217046554023
28.0 1.9212972620153108
28.0 1.9180475927145264
28.0 1.912851813374717
28.0 1.9147801767618275
28.0 1.913304592494645
28.0 1.914931734358438
