32.0 1.8730081837586854
32.0 1.9053558508352517
32.0 1.9047071474889088
32.0 1.9053959585658948
32.0 1.9065375487628073
32.0 1.8918916178147203
32.0 1.9124383476892552
32.0 1.9118015939534085
32.0 1.9121830309380106
32.0 1.915606263386484
32.0 1.906527137294579
32.0 1.9129030764196793
32.0 1.9035879183707183
32.0 1.9108158202522674
32.0 1.9187726409414445
32.0 1.9140134322119098
32.0 1.9144261036011943
32.0 1.9158527068117697
32.0 1.9166884610585675
32.0 1.9132459438159055
32.0 1.915312377046863
32.0 1.9186361092398605
32.0 1.9157844409609779
32.0 1.9107668391956614
32.0 1.914780920607915
32.0 1.9204857953079484
32.0 1.9149471485719138
32.0 1.920279459613306
32.0 1.9186256977716332
32.0 1.9209860173422124
32.0 1.9170111913714145
32.0 1.91710113244785
32.0 1.9194926864231139
32.0 1.917583607830195
32.0 1.9202828662232747
32.0 1.9196870725072601
32.0 1.9179577096311031
32.0 1.9261802585397547
32.0 1.9219212718444845
32.0 1.9194911482808457
32.0 1.9194926864231137
32.0 1.924223737032499
32.0 1.9197672879685483
32.0 1.9178493360496685
32.0 1.9171798097668706
32.0 1.9166869229162986
32.0 1.925489909320501
32.0 1.9186553940340478
32.0 1.9230717353673592
32.0 1.924134648245253
32.0 1.9149367371036863
32.0 1.9241940407700844
32.0 1.9165311064205275
32.0 1.9193827746994112
32.0 1.9203967065207013
32.0 1.92207315976653
32.0 1.9195682874575974
32.0 1.9225314056024523
32.0 1.9196781991813014
32.0 1.923524514487287
32.0 1.924547319634538
32.0 1.9201012820388126
32.0 1.920720289122739
32.0 1.9128807153409557
32.0 1.9146116163593798
32.0 1.913478047199236
32.0 1.9144365150694203
32.0 1.91261652526375
32.0 1.9077369933422839
32.0 1.9099013886864495
32.0 1.9088296024825941
32.0 1.9108543898406403
32.0 1.912644683383897
32.0 1.9199736236631875
32.0 1.915542942287926
32.0 1.9141113943251147
32.0 1.9105500920327907
32.0 1.9113962577478165
32.0 1.9219806643693134
32.0 1.9167929060662763
32.0 1.9162773278115508
32.0 1.919275939260243
32.0 1.9220697531565623
32.0 1.9193546165792617
32.0 1.9184891660700494
32.0 1.9169453159520782
32.0 1.907132820515064
32.0 1.915950668924977
32.0 1.9119381256549914
32.0 1.9141098561828498
32.0 1.9183719191626545
32.0 1.9132155097021075
32.0 1.9078235842017552
32.0 1.9215278852493884
32.0 1.9257779986186987
32.0 1.9249922416070164
32.0 1.9241909644855504
32.0 1.9252658269739396
32.0 1.9246958009466166
32.0 1.9228565263467554
32.0 1.923417679048119
32.0 1.9225225322764912
32.0 1.9207322387332355
32.0 1.920024142862061
32.0 1.923003469516567
32.0 1.9249229595777129
32.0 1.9259160684625494
32.0 1.9268200885601374
32.0 1.9281086219268617
32.0 1.924744782003219
32.0 1.9234369638423074
32.0 1.9227199946451736
32.0 1.9195906485363208
32.0 1.9151550224088252
32.0 1.9228565263467554
32.0 1.9220113768102405
32.0 1.9193233821745803
32.0 1.9186168244456732
32.0 1.9222166963263732
32.0 1.920120566832999
32.0 1.9227466146230539
32.0 1.9190977616857505
32.0 1.921064694661232
32.0 1.9252241811010269
32.0 1.9247239590667649
32.0 1.928355065352148
32.0 1.9303709793842345
32.0 1.9256013591864705
32.0 1.9226397791838847
32.0 1.9237115653877395
32.0 1.9236136032745337
32.0 1.9241940407700848
32.0 1.9256503402430758
32.0 1.9207708083216104
32.0 1.9257081946256394
32.0 1.9262099548021707
32.0 1.9229352036657759
32.0 1.9195000216068079
32.0 1.9178790323120833
32.0 1.9135575768074462
32.0 1.9088161147298346
32.0 1.9154770668685932
32.0 1.9168427394120704
32.0 1.9152514463797634
32.0 1.9196396295929234
32.0 1.9229633617859214
32.0 1.9267992656236796
32.0 1.9275756273456452
32.0 1.9268096770919085
32.0 1.9224037472268274
32.0 1.9197776994367748
32.0 1.9242430218266868
32.0 1.9215190119234278
32.0 1.9202705862873457
32.0 1.9209682706902913
32.0 1.9215591196540696
32.0 1.9241346482452504
32.0 1.9231222545662285
32.0 1.921931683312711
32.0 1.9248130478540095
32.0 1.9211641949167069
32.0 1.9220400568941474
32.0 1.9235021534085641
32.0 1.9217535057382176
32.0 1.9172511519021973
32.0 1.918753356147256
32.0 1.917594019298423
32.0 1.9154296239542579
32.0 1.9130484814472242
32.0 1.9020660738038293
32.0 1.8959088062548062
32.0 1.8889925933103064
32.0 1.8864551920910542
32.0 1.8945859314555682
32.0 1.8988626648027584
32.0 1.89878398748374
32.0 1.898154568931584
32.0 1.8904025457947804
32.0 1.895380039829452
32.0 1.888239688592884
32.0 1.8800190081519292
32.0 1.8703178546370705
32.0 1.864311016615142
32.0 1.865362335410182
32.0 1.8770169900932685
32.0 1.8747442211676697
32.0 1.8757284567265435
32.0 1.8694520178569185
32.0 1.8708265637263581
32.0 1.8696984612822067
32.0 1.8679081677389495
32.0 1.8695900877007734
32.0 1.867955610653287
32.0 1.866615019945425
32.0 1.8640009217658682
32.0 1.8658120382455792
32.0 1.8663242098903372
32.0 1.87439827748691
32.0 1.8710625956834195
32.0 1.8644818590059438
32.0 1.8624987175208076
32.0 1.859691415871725
32.0 1.8605109616088686
32.0 1.8585216675546636
32.0 1.8588082187105919
32.0 1.859437637262746
32.0 1.8423217269906185
32.0 1.8239002048693818
32.0 1.8203142048883962
32.0 1.819710452663211
32.0 1.8335150568039988
32.0 1.8475570065631886
32.0 1.8388922538921542
32.0 1.8424178989913202
32.0 1.8455175488377553
32.0 1.8471281266642519
32.0 1.8417425756670975
32.0 1.8432328303016607
32.0 1.8436574513014414
32.0 1.833931160005462
32.0 1.842015639070265
32.0 1.8364592456823086
32.0 1.8478867417342975
32.0 1.8326395503542023
32.0 1.8309038684728647
32.0 1.8407552638236884
32.0 1.8450400182076505
32.0 1.8433693620032467
32.0 1.8469129176436505
32.0 1.844446778812412
32.0 1.8411175799034238
32.0 1.8475040969328622
32.0 1.8390639485721496
32.0 1.848633407193848
32.0 1.8402014463060168
32.0 1.8341537042097602
32.0 1.8385642485016436
32.0 1.838494444508584
32.0 1.8378515382036673
32.0 1.8392380336835976
32.0 1.83129895964634
32.0 1.8345602230299753
32.0 1.837936012564111
32.0 1.8327656705875588
32.0 1.832645347395631
32.0 1.8385268615278938
32.0 1.8308581301369076
32.0 1.8357095039382256
32.0 1.8428942218045967
32.0 1.8362691184973203
32.0 1.8403306428239112
32.0 1.847085958827586
32.0 1.829071929056697
32.0 1.8370592982974852
