62.0 1.5439932254255901
62.0 1.5861922571096871
62.0 1.5839090767158586
62.0 1.590954542123755
62.0 1.6025127728359003
62.0 1.5864668586551207
62.0 1.6002504153785282
62.0 1.6023658296660899
62.0 1.5982537861406314
62.0 1.5975264054752685
62.0 1.597486297744625
62.0 1.595575681009439
62.0 1.5933757923614342
62.0 1.6014217018378591
62.0 1.6014321133060856
62.0 1.596531758448166
62.0 1.6011158658877414
62.0 1.6048241113498758
62.0 1.6021120510571099
62.0 1.605888562370039
62.0 1.6050111622503298
62.0 1.6036840592952295
62.0 1.6087803383795654
62.0 1.6059063090219587
62.0 1.598795654047805
62.0 1.6088486042303556
62.0 1.60030980790336
62.0 1.5994443573941484
62.0 1.601392005575444
62.0 1.5998377439892446
62.0 1.5996803893512064
62.0 1.5984408370410843
62.0 1.6033010841683621
62.0 1.6060459170080776
62.0 1.6048345228181051
62.0 1.6016770185891054
62.0 1.601872942815516
62.0 1.6088559394140491
62.0 1.6048152380239182
62.0 1.6043535855780298
62.0 1.6084239832305776
62.0 1.6072156653251384
62.0 1.6059063090219583
62.0 1.6031421913880552
62.0 1.6050825043856567
62.0 1.6083765403162402
62.0 1.6045776679245893
62.0 1.6056926381436236
62.0 1.6022782790211114
62.0 1.607668444445067
62.0 1.6008902453989107
62.0 1.6070182029564557
62.0 1.5981662354956507
62.0 1.6001910228536966
62.0 1.601420163695589
62.0 1.6033485270826984
62.0 1.6045390983362149
62.0 1.6141793771294837
62.0 1.5921797543919225
62.0 1.6089569778117931
62.0 1.5980385771200285
62.0 1.6093978073212245
62.0 1.6067613480629448
62.0 1.6068222787300435
62.0 1.6059641634045243
62.0 1.606283817432836
62.0 1.596935556511491
62.0 1.599500673634445
62.0 1.6026508426797532
62.0 1.602698285594089
62.0 1.6030812607209575
62.0 1.6067123670063406
62.0 1.606465923581055
62.0 1.60515964356241
62.0 1.605040858512747
62.0 1.5989692171954986
62.0 1.605137282483685
62.0 1.6038591605851882
62.0 1.6119822092383655
62.0 1.6054792975907213
62.0 1.609693231803113
62.0 1.6117670002177638
62.0 1.607203715714644
62.0 1.6044989906055718
62.0 1.606191322035619
62.0 1.6070166648141888
62.0 1.6011421277911815
62.0 1.6096739470089252
62.0 1.6082191856782009
62.0 1.6089658511377514
62.0 1.6095462886333025
62.0 1.6071741875732728
62.0 1.5932834356513264
62.0 1.6019975249066083
62.0 1.6070448229343368
62.0 1.604902788668894
62.0 1.60290462128873
62.0 1.6034063814652606
62.0 1.602276740878842
62.0 1.6038799835216444
62.0 1.6020110126593694
62.0 1.6026998237363543
62.0 1.6018729428155194
62.0 1.6024340955168819
62.0 1.6040477496279115
62.0 1.603505881720737
62.0 1.6036231286281335
62.0 1.6050883014270838
62.0 1.6075689441895928
62.0 1.6074902668705744
62.0 1.6102038653056072
62.0 1.6067806328571321
62.0 1.6028853364945428
62.0 1.6018224236166483
62.0 1.6011930050644936
62.0 1.597278423907716
62.0 1.5995319080391277
62.0 1.601166385086612
62.0 1.6022084750280516
62.0 1.6048241113498771
62.0 1.61053785937587
62.0 1.6110500310206286
62.0 1.6091356560950305
62.0 1.6127392861661445
62.0 1.6112235941683224
62.0 1.6051446176673827
62.0 1.6060428407235434
62.0 1.6143159088310655
62.0 1.6109134993190453
62.0 1.6093013833502827
62.0 1.6080618310401613
62.0 1.613637509222305
62.0 1.6134415849958914
62.0 1.6122510137423736
62.0 1.6141689656612523
62.0 1.6107738913329264
62.0 1.6165782662884371
62.0 1.6168632793020963
62.0 1.6120939894297663
62.0 1.6057250551629263
62.0 1.606250714560448
62.0 1.6041754080035313
62.0 1.603949787514703
62.0 1.6047172759107087
62.0 1.6031630143245106
62.0 1.6031927105869261
62.0 1.6093488262646203
62.0 1.6074605706081568
62.0 1.6123964187699191
62.0 1.6140189462069092
62.0 1.609985580000468
62.0 1.61007159250318
62.0 1.6077706654574315
62.0 1.6106045870843944
62.0 1.6091185913489876
62.0 1.6086955084914751
62.0 1.606836949097429
62.0 1.609718313638726
62.0 1.6139595536820777
62.0 1.6144717253268355
62.0 1.6126027544645603
62.0 1.6106165366948908
62.0 1.6120207788267438
62.0 1.6098074024259745
62.0 1.6115575882385866
62.0 1.6066290752605188
62.0 1.6107604035801661
62.0 1.605431168823309
62.0 1.604743895888589
62.0 1.5904664083870959
62.0 1.5779983912792312
62.0 1.5798297007878266
62.0 1.5807742386888064
62.0 1.5799926018891728
62.0 1.587691715395647
62.0 1.5899644843212484
62.0 1.584824690896301
62.0 1.5794923798549065
62.0 1.578224833313958
62.0 1.5747469892035668
62.0 1.560572824272389
62.0 1.5541869296929856
62.0 1.5507521813454765
62.0 1.557973008504351
62.0 1.5593760680215798
62.0 1.5559038545165003
62.0 1.55936565655335
62.0 1.5556292529710674
62.0 1.5603070636246925
62.0 1.553822750918158
62.0 1.552385736239356
62.0 1.553813877592199
62.0 1.5614872234099801
62.0 1.5657349463478338
62.0 1.5653103253480565
62.0 1.563347320946297
62.0 1.5649266643681083
62.0 1.5654082874612596
62.0 1.5690393937466454
62.0 1.5655994308247587
62.0 1.5676281467565307
62.0 1.551716895809634
62.0 1.5565498371059534
62.0 1.5522928827677034
62.0 1.5537979994079762
62.0 1.55925950696726
62.0 1.5387592964340044
62.0 1.542552753201735
62.0 1.5289476240536024
62.0 1.5482395156181934
62.0 1.5475049965010539
62.0 1.537244172481591
62.0 1.5446055549824054
62.0 1.5445268776633836
62.0 1.540975986839286
62.0 1.5365596455059785
62.0 1.5378940836447712
62.0 1.544633357574909
62.0 1.531931171436605
62.0 1.5343890975927468
62.0 1.5383634268019988
62.0 1.5320688857528093
62.0 1.5207555603236897
62.0 1.5215704916340331
62.0 1.5250338318131482
62.0 1.5256053959827345
62.0 1.529917978161407
62.0 1.5382755206293763
62.0 1.5311529160447286
62.0 1.5415919176386825
62.0 1.533813274524
62.0 1.5332891532687414
62.0 1.5293182558716678
62.0 1.5343385783938726
62.0 1.5320630887113809
62.0 1.5203420366452063
62.0 1.5201718801074817
62.0 1.5270171371875925
62.0 1.5305939873387067
62.0 1.5369531959903955
62.0 1.5406157031165735
62.0 1.5442915315594041
62.0 1.5356540872661206
62.0 1.5196868504043575
62.0 1.5262675870818345
62.0 1.5430779133740826
62.0 1.53775175490176
62.0 1.5222847400742658
62.0 1.537270817661684
62.0 1.543612446097567
62.0 1.534815256734789
62.0 1.5285272237823124
62.0 1.525710693279624
62.0 1.5283934128376195
