15.0 2.178767200083414
15.0 2.2119190566766624
15.0 2.212032375010333
15.0 2.214791547892001
15.0 2.2167496075415234
15.0 2.2066654229542872
15.0 2.219886288834066
15.0 2.2165536833151083
15.0 2.2182429384606235
15.0 2.219150034842746
15.0 2.217160740788542
15.0 2.217281063980471
15.0 2.211427707968358
15.0 2.2204860111238065
15.0 2.2216276013207215
15.0 2.2191589081687053
15.0 2.2134451601427108
15.0 2.2207077030389115
15.0 2.2193370857431987
15.0 2.2164942907902763
15.0 2.221225341399662
15.0 2.2184107045668884
15.0 2.219915985096482
15.0 2.218774394899569
15.0 2.217310760242886
15.0 2.213189843391466
15.0 2.217328506894806
15.0 2.2251487958824026
15.0 2.2267045956108666
15.0 2.2213144301869097
15.0 2.2212149299314365
15.0 2.221882918071967
15.0 2.2164422334491367
15.0 2.220347941279956
15.0 2.2164680011378297
15.0 2.216011815407934
15.0 2.2195522947638016
15.0 2.226162727703693
15.0 2.2228968498932558
15.0 2.2220105764475893
15.0 2.2187431604948866
15.0 2.2239983323595265
15.0 2.2194736174447818
15.0 2.219718522727802
15.0 2.221363411243514
15.0 2.2184419389715706
15.0 2.224580307997345
15.0 2.2193756553315747
15.0 2.218653219418449
15.0 2.220891347329398
15.0 2.2166204110236327
15.0 2.226842665454717
15.0 2.223655464963301
15.0 2.2265962220294306
15.0 2.2302169168465866
15.0 2.2231625781127295
15.0 2.218706129048778
15.0 2.223291774630621
15.0 2.218075172354356
15.0 2.2199769157635822
15.0 2.216990584250814
15.0 2.218099071575344
15.0 2.2247153015566603
15.0 2.2221991654903106
15.0 2.2227514448657124
15.0 2.2260528159799886
15.0 2.22556454355622
15.0 2.2249143020676097
15.0 2.2272152291133587
15.0 2.226723880405053
15.0 2.22660663349766
15.0 2.2256802523213475
15.0 2.2225420328865355
15.0 2.222965115744047
15.0 2.2262888479370457
15.0 2.2146727628423366
15.0 2.215478820826718
15.0 2.2197497571324822
15.0 2.2219423105967953
15.0 2.228082217764837
15.0 2.2326350907997297
15.0 2.2249216372513043
15.0 2.23035344854817
15.0 2.2277867932829487
15.0 2.2282380342606083
15.0 2.2262799746110877
15.0 2.2267520385252033
15.0 2.226980735298568
15.0 2.2283464078420447
15.0 2.229211858351259
15.0 2.224244775784814
15.0 2.2196680035289313
15.0 2.220368242252658
15.0 2.220840828130531
15.0 2.2218740447460084
15.0 2.2181089610798184
15.0 2.215036453175022
15.0 2.213837008595545
15.0 2.2195522947638056
15.0 2.2184404008293055
15.0 2.2165729681092983
15.0 2.216482341179784
15.0 2.2174873996751145
15.0 2.220123858933396
15.0 2.220426618598978
15.0 2.221921487660344
15.0 2.221351461633021
15.0 2.2237518889342445
15.0 2.219178192962897
15.0 2.2208423662727976
15.0 2.2181449763474195
15.0 2.2158737455640853
15.0 2.2169173736477923
15.0 2.2180396790505177
15.0 2.215441789380612
15.0 2.21479495450197
15.0 2.213057570589042
15.0 2.2201890484996514
15.0 2.223092774119672
15.0 2.22846365474944
15.0 2.2291034847698232
15.0 2.231621158978439
15.0 2.2317443668165797
15.0 2.2329794963382246
15.0 2.2292712508760903
15.0 2.225258707606105
15.0 2.224580307997347
15.0 2.2270771592695104
15.0 2.2222558680015467
15.0 2.2206527333025563
15.0 2.2250180612222406
15.0 2.229406244435405
15.0 2.23021537870432
15.0 2.2260350693280686
15.0 2.2288659146704988
15.0 2.2299986315414517
15.0 2.2244912192101
15.0 2.2196606683452402
15.0 2.213370741722851
15.0 2.2112063463786864
15.0 2.215201142996751
15.0 2.2139156859145595
15.0 2.221265449130307
15.0 2.2258792528322973
15.0 2.2295682135002446
15.0 2.227746685552306
15.0 2.2275611727941196
15.0 2.228169768409818
15.0 2.229024807450804
15.0 2.2263898863347897
15.0 2.229243092755939
15.0 2.225013802323085
15.0 2.2259756768032393
15.0 2.226762449993432
15.0 2.229369212989296
15.0 2.2309828671003262
15.0 2.2301856824419044
15.0 2.230774993263415
15.0 2.2314310317934516
15.0 2.225717283767457
15.0 2.2197675037844062
15.0 2.228030160423701
15.0 2.225778214434555
15.0 2.223956686486618
15.0 2.221577082121849
15.0 2.221821987404868
15.0 2.2227082608505357
15.0 2.2148420670908737
15.0 2.2169632784198594
15.0 2.2024612143570503
15.0 2.1907643918372957
15.0 2.1993987598460403
15.0 2.201464176898488
15.0 2.199139020306317
15.0 2.2042248879224218
15.0 2.206585207493001
15.0 2.204058659958425
15.0 2.2032872429886936
15.0 2.211475150882696
15.0 2.2105968984737965
15.0 2.1951917225480924
15.0 2.1852730215794782
15.0 2.1798693684027612
15.0 2.1776940673756178
15.0 2.173655234453184
15.0 2.1777479931844543
15.0 2.1796917127920246
15.0 2.1753371544150077
15.0 2.1765500867472465
15.0 2.1787242077065634
15.0 2.1823375673400247
15.0 2.186311541021633
15.0 2.186351648752276
15.0 2.1810031292012306
15.0 2.184426361649704
15.0 2.1882221577568193
15.0 2.189589368442565
15.0 2.182891384857696
15.0 2.1796313040886854
15.0 2.1819858266178374
15.0 2.180802590548015
15.0 2.1854148561077404
15.0 2.1824459409214594
15.0 2.1810876035616773
15.0 2.1821728775182945
15.0 2.1762157623515477
15.0 2.1673908878283616
15.0 2.1652396783925556
15.0 2.153359266950482
15.0 2.1574802876438346
15.0 2.164408672580451
15.0 2.1672728124335823
15.0 2.1674571425771463
15.0 2.1697669429488586
15.0 2.1639386687723574
15.0 2.1653772215934275
15.0 2.1525659508184
15.0 2.1440722069742817
15.0 2.143866201605073
15.0 2.145454415806051
15.0 2.1509865796475824
15.0 2.1552914988639262
15.0 2.1539154148522197
15.0 2.162186944817478
15.0 2.1604263475366348
15.0 2.161284462862154
15.0 2.1656356146292066
15.0 2.1640615462850623
15.0 2.1666167739035482
15.0 2.1638750173483667
15.0 2.163301915036509
15.0 2.1613037476563424
15.0 2.1620103053852495
15.0 2.1593834053060057
15.0 2.160582849885481
15.0 2.162705269031305
15.0 2.159939613255133
15.0 2.1540550228383375
15.0 2.1593071184184445
15.0 2.154616175539701
15.0 2.1562965573592554
15.0 2.1571708811944275
15.0 2.1471121339704506
15.0 2.1560354435665836
15.0 2.1580143261525615
15.0 2.1609743680128775
15.0 2.1633555105199154
15.0 2.1636528034695033
15.0 2.159795746369858
15.0 2.164955676878183
15.0 2.160628424332118
15.0 2.1553273476954087
15.0 2.1562235106455523
15.0 2.159912635202814
