137.0 1.1217602324940588
137.0 1.1605800701333515
137.0 1.163057636611325
137.0 1.161922529308912
137.0 1.170779963485711
137.0 1.1605800701333502
137.0 1.168863549709102
137.0 1.168134630901472
137.0 1.1694945064035225
137.0 1.1699368740552236
137.0 1.1770876367600205
137.0 1.1765770032575285
137.0 1.1735174611417338
137.0 1.176124224137599
137.0 1.1766957883071905
137.0 1.1709997869331188
137.0 1.1714807241731935
137.0 1.1759965657619773
137.0 1.1704609953104772
137.0 1.1796662416357375
137.0 1.1782485117511199
137.0 1.1776503276036476
137.0 1.1770209090514945
137.0 1.1758762425700484
137.0 1.1767760037684791
137.0 1.1762117747825809
137.0 1.1744334308498159
137.0 1.1864429025396241
137.0 1.1770209090514971
137.0 1.1793916400903024
137.0 1.1771808180103094
137.0 1.1756047173091462
137.0 1.1810245789955187
137.0 1.1803164831243462
137.0 1.1690937846247296
137.0 1.1681006757398977
137.0 1.1788320255312075
137.0 1.1728718340799273
137.0 1.169901380751382
137.0 1.1661410779481074
137.0 1.1669413388910626
137.0 1.1672367633729523
137.0 1.1715327815143324
137.0 1.1782724109721117
137.0 1.1797360456287977
137.0 1.1829915119710022
137.0 1.1745610892254412
137.0 1.1780645371352017
137.0 1.1832548497590196
137.0 1.178998253495207
137.0 1.1785261895810912
137.0 1.1833552023036855
137.0 1.1815159277038252
137.0 1.1796276720473629
137.0 1.1846838434010525
137.0 1.1774439919090065
137.0 1.1838049051390782
137.0 1.1865987190353973
137.0 1.18303895488534
137.0 1.1877626703110338
137.0 1.1890496655354912
137.0 1.1896509259674968
137.0 1.191027009979202
137.0 1.1912036494114282
137.0 1.1915287701557336
137.0 1.1920883847148285
137.0 1.1908013894903715
137.0 1.1919815492756616
137.0 1.1914902005673569
137.0 1.191490200567358
137.0 1.1911457950288638
137.0 1.1885390320330007
137.0 1.1862172820507946
137.0 1.1878992020126158
137.0 1.1853929554507359
137.0 1.1804545529681967
137.0 1.1854289707183334
137.0 1.184260760543539
137.0 1.1880283985305058
137.0 1.1895500514590742
137.0 1.1911457950288638
137.0 1.1864548521501208
137.0 1.1825209861991546
137.0 1.1804649644364256
137.0 1.1825105747309275
137.0 1.1809860094071458
137.0 1.1817727825973365
137.0 1.1863063708380415
137.0 1.1910077251850133
137.0 1.1926703603526452
137.0 1.186000534887923
137.0 1.1846793909966307
137.0 1.1844085282535357
137.0 1.1916356055949004
137.0 1.1913328459293193
137.0 1.188458816571712
137.0 1.1830181319488846
137.0 1.1846927167270138
137.0 1.1869758971208404
137.0 1.186454852150121
137.0 1.1877136892544293
137.0 1.187084270702275
137.0 1.1867695614261973
137.0 1.1855894016409076
137.0 1.1862188201930621
137.0 1.1873203026593322
137.0 1.1874776572973706
137.0 1.1881857531685447
137.0 1.1888151717206996
137.0 1.191726232524414
137.0 1.192591683033626
137.0 1.1906247500581426
137.0 1.1938505201379357
137.0 1.192827714990685
137.0 1.1918049098434342
137.0 1.1869185369530277
137.0 1.1853607048675432
137.0 1.1856873637541154
137.0 1.186552814263328
137.0 1.186189123930647
137.0 1.1887557791958685
137.0 1.1924239169273598
137.0 1.1921091799022754
137.0 1.1945644130505346
137.0 1.1894029443999428
137.0 1.183206720991605
137.0 1.1879288982750325
137.0 1.1816524594054068
137.0 1.1834867055585223
137.0 1.1960920546588532
137.0 1.1922634860047894
137.0 1.1946253437176348
137.0 1.1952443508015609
137.0 1.1943893117605735
137.0 1.1962582826228507
137.0 1.1933576332873648
137.0 1.1981762345417308
137.0 1.1941918493918942
137.0 1.183936878359362
137.0 1.187182563140915
137.0 1.184349849330786
137.0 1.187565207942351
137.0 1.186727915553287
137.0 1.1846036279397663
137.0 1.1822818779575612
137.0 1.1842785071954607
137.0 1.181987991617941
137.0 1.1883207467278627
137.0 1.1865408646528337
137.0 1.1883118734019016
137.0 1.189235178293679
137.0 1.1898942931082463
137.0 1.1931393479822263
137.0 1.1927845309755054
137.0 1.1932461834213943
137.0 1.191357927764931
137.0 1.190373692206054
137.0 1.1927845309755054
137.0 1.1936395700164888
137.0 1.1922426630683298
137.0 1.1947024828943842
137.0 1.191151592070288
137.0 1.1963859409984756
137.0 1.1920779732465998
137.0 1.190048571461751
137.0 1.188424505882493
137.0 1.1895428827114938
137.0 1.1806789656401924
137.0 1.1884036829460383
137.0 1.173383952773468
137.0 1.1730925056513786
137.0 1.1798813062490012
137.0 1.1795278162642446
137.0 1.1740975431096436
137.0 1.176480223758945
137.0 1.1830505489681917
137.0 1.1792532147188088
137.0 1.1716215147739353
137.0 1.1733315928559045
137.0 1.1724453194102382
137.0 1.1629328628819111
137.0 1.1581926111679264
137.0 1.1421470419854969
137.0 1.13529152265356
137.0 1.145770631978155
137.0 1.1450609979647117
137.0 1.150994569438113
137.0 1.1436343947541356
137.0 1.1454350997656215
137.0 1.1411776512126226
137.0 1.1558027592242544
137.0 1.1474436786140163
137.0 1.1433300969462903
137.0 1.1430701657682418
137.0 1.1461416574945318
137.0 1.1488286359516793
137.0 1.1467340446005763
137.0 1.152113798556305
137.0 1.1521404185341841
137.0 1.1552994609054523
137.0 1.1535419399091444
137.0 1.1488197626257182
137.0 1.148172597421647
137.0 1.1411271320137522
137.0 1.1450698712906775
137.0 1.143506736378518
137.0 1.1449089178270069
137.0 1.145086717265117
137.0 1.1348447315916759
137.0 1.1413141248694003
137.0 1.1449969910130828
137.0 1.1422031771167638
137.0 1.1374902286869422
137.0 1.132042208880425
137.0 1.1450197076194513
137.0 1.1510643734311752
137.0 1.1421634249137687
137.0 1.1423875072603298
137.0 1.1416867465728489
137.0 1.1318520816954358
137.0 1.1346563070599798
137.0 1.138462514635325
137.0 1.1352085864353847
137.0 1.140067295420394
137.0 1.1423875072603293
137.0 1.1334479891545437
137.0 1.1305369283508289
137.0 1.13530808669086
137.0 1.1274789243773047
137.0 1.137635633714486
137.0 1.141443379432096
137.0 1.140383542838737
137.0 1.1356332074351638
137.0 1.1372202415683124
137.0 1.1478135215157677
137.0 1.1411510312347464
137.0 1.1413172591987442
137.0 1.1409832651284797
137.0 1.138973148137815
137.0 1.1327013236949925
137.0 1.1429382484934658
137.0 1.1448874348170295
137.0 1.1347484721317609
137.0 1.1415131834251546
137.0 1.1416304303325526
137.0 1.1266030623998662
137.0 1.1374709438927535
137.0 1.1430362106066707
137.0 1.1385145719764649
137.0 1.1408629419365477
137.0 1.1321297595254036
137.0 1.1373344121911753
137.0 1.1401089412933072
137.0 1.1362907841074692
