240.0 0.6412472666390799
240.0 0.6816474760929172
240.0 0.6830155365210575
240.0 0.6914944461084703
240.0 0.686985939703382
240.0 0.6746854663201635
240.0 0.6852831968051034
240.0 0.688569897551993
240.0 0.6895807530887493
240.0 0.694286721862523
240.0 0.6904863113286062
240.0 0.6914246421154114
240.0 0.696765826482766
240.0 0.6887055769643868
240.0 0.696547541177626
240.0 0.6929461311546615
240.0 0.6914439269095989
240.0 0.6919159908237151
240.0 0.6821534951686092
240.0 0.6946993932518083
240.0 0.7018189215519225
240.0 0.6908233816834061
240.0 0.6879717134045252
240.0 0.6943534495710484
240.0 0.692055598809834
240.0 0.6972691248015658
240.0 0.6976802580485816
240.0 0.7012134022207571
240.0 0.7026207206371451
240.0 0.6960102876972558
240.0 0.6944857223734702
240.0 0.7015562696169823
240.0 0.6971622893623933
240.0 0.7004964330236233
240.0 0.6949146022724088
240.0 0.6995804633155387
240.0 0.6917231428818358
240.0 0.6915449653073401
240.0 0.6954610846063874
240.0 0.6958247749390679
240.0 0.6985190885799129
240.0 0.6967199217106957
240.0 0.6982043793038339
240.0 0.7011451363699676
240.0 0.6924416502212355
240.0 0.693768753176337
240.0 0.6941918360338506
240.0 0.6929908533121046
240.0 0.6963057121791428
240.0 0.6924713464836517
240.0 0.6975853722199074
240.0 0.6963265351156004
240.0 0.6985295000481396
240.0 0.6913297562867359
240.0 0.6993162732383332
240.0 0.6937687531763364
240.0 0.6931794423548261
240.0 0.694280924821097
240.0 0.6953824072873676
240.0 0.6966412443916797
240.0 0.704655919463418
240.0 0.7049513439453088
240.0 0.7027780752751854
240.0 0.7012045288947989
240.0 0.7001030464285277
240.0 0.6994900002753451
240.0 0.6958544712014842
240.0 0.7030141072322431
240.0 0.7014791304402328
240.0 0.7016765928089133
240.0 0.6988233863877641
240.0 0.7001817237475468
240.0 0.7010367627885324
240.0 0.69868685468618
240.0 0.7001471971707035
240.0 0.7051383948457614
240.0 0.7049216476828917
240.0 0.7097996414620891
240.0 0.7112752257292677
240.0 0.7057198485198224
240.0 0.7070459352964125
240.0 0.708963887215293
240.0 0.7034861711463573
240.0 0.7041645707551165
240.0 0.7034564748839413
240.0 0.6955397619254057
240.0 0.702935429913221
240.0 0.7085215195635919
240.0 0.7057678133979182
240.0 0.7031714618702811
240.0 0.7044006027121752
240.0 0.6996275546494322
240.0 0.6996985625121279
240.0 0.7067609222827541
240.0 0.7082854876065375
240.0 0.7085443748570684
240.0 0.7048518436898356
240.0 0.7013618835328382
240.0 0.6985295000481442
240.0 0.6981361134530474
240.0 0.6970346309867768
240.0 0.6972706629438346
240.0 0.6972706629438347
240.0 0.698214790772066
240.0 0.6993949505573555
240.0 0.6984508227291235
240.0 0.6983721454101046
240.0 0.6982934680910855
240.0 0.6999456917904909
240.0 0.6993162732383364
240.0 0.7004177557046066
240.0 0.6994736278763753
240.0 0.7001817237475484
240.0 0.7019126247659718
240.0 0.7090425645343121
240.0 0.7074930708230445
240.0 0.7055360403400192
240.0 0.7064535481903701
240.0 0.7077332082311346
240.0 0.7106056994464723
240.0 0.7139695393701155
240.0 0.7151496991554037
240.0 0.7134233848147736
240.0 0.7116686123243624
240.0 0.7100950659439762
240.0 0.7104884525390749
240.0 0.7093869700728047
240.0 0.7087575515206503
240.0 0.7037459106860812
240.0 0.7036445419629064
240.0 0.7058330029641753
240.0 0.7040041398325418
240.0 0.7065723332400311
240.0 0.7054218697171556
240.0 0.7087456019101545
240.0 0.7064061052760295
240.0 0.7086877475275902
240.0 0.7088154059032137
240.0 0.7035908385356869
240.0 0.7015751963367314
240.0 0.7064061052760301
240.0 0.70412446302447
240.0 0.7039374121240172
240.0 0.704390191243945
240.0 0.7043604949815298
240.0 0.7038394500108114
240.0 0.7076159613237374
240.0 0.7077926007559641
240.0 0.7083537534573279
240.0 0.7063571242194291
240.0 0.7094255396611827
240.0 0.7103399712269991
240.0 0.7119432138698013
240.0 0.7129363227546366
240.0 0.7131426584492786
240.0 0.7185818049298383
240.0 0.7159364723455973
240.0 0.7186604822488583
240.0 0.7163491437348809
240.0 0.717214594244094
240.0 0.7133594056121474
240.0 0.7121985306210458
240.0 0.7107719274104703
240.0 0.7069152006362586
240.0 0.7029620498911038
240.0 0.7068172385230509
240.0 0.7013483957800755
240.0 0.7047805015545081
240.0 0.7074956381318072
240.0 0.7014833893393903
240.0 0.6927589445613879
240.0 0.6919895317521763
240.0 0.6909884018305695
240.0 0.6974203268705329
240.0 0.6920895539714088
240.0 0.6963782369290943
240.0 0.6914913698239361
240.0 0.6999707736261013
240.0 0.7003923183413462
240.0 0.7058210533536801
240.0 0.6910230770882233
240.0 0.6796882303290683
240.0 0.681644410887693
240.0 0.6786681494384144
240.0 0.6822117050788151
240.0 0.6906213048879225
240.0 0.6853603359818556
240.0 0.685026341911594
240.0 0.6854953295411736
240.0 0.6845230435927927
240.0 0.682849996956931
240.0 0.6849712082859186
240.0 0.6787379534314715
240.0 0.6854181903644189
240.0 0.6819548501853012
240.0 0.6806173357619767
240.0 0.6773811542139555
240.0 0.6861440328875171
240.0 0.6887700806775691
240.0 0.6876493134171087
240.0 0.6839129098348264
240.0 0.6846136705223059
240.0 0.6822429394835009
240.0 0.6823304901284786
240.0 0.6856839185838928
240.0 0.6856615575051705
240.0 0.6770516453716688
240.0 0.6662201654173162
240.0 0.6578469819077651
240.0 0.6761034987812051
240.0 0.6727970467743815
240.0 0.6767856908233758
240.0 0.6675210519732837
240.0 0.6737928764161051
240.0 0.6722864132718904
240.0 0.6672036219403195
240.0 0.6777509971157103
240.0 0.6711478993595114
240.0 0.6714849697143124
240.0 0.6733003450931784
240.0 0.6749317458561305
240.0 0.6714865078565764
240.0 0.6759591654301871
240.0 0.6657326520999401
240.0 0.6812826031456164
240.0 0.6594384665784003
240.0 0.6764505141384891
240.0 0.6623048052246665
240.0 0.6716257603150524
240.0 0.6664257220760856
240.0 0.67044441791514
240.0 0.6607744428594591
240.0 0.6671203301944947
240.0 0.6620302036792362
240.0 0.6665148108633325
240.0 0.6634090084478245
240.0 0.6693888402209384
240.0 0.670579411474454
240.0 0.6702141829995084
240.0 0.6694987519446414
240.0 0.6672124952662758
240.0 0.665913550431325
240.0 0.6658661075169915
240.0 0.6771794329461163
240.0 0.6700228731998967
240.0 0.6725910666073841
240.0 0.6751399752206847
240.0 0.6776842694071826
240.0 0.6679919332727772
240.0 0.6669290203948839
240.0 0.6733983072063855
240.0 0.6659879688511863
240.0 0.6689819658730762
240.0 0.6678048823723218
