72.0 1.59924043895106
72.0 1.636566316211176
72.0 1.6344435667399242
72.0 1.6384858062723235
72.0 1.6386238761161749
72.0 1.630606124759897
72.0 1.6386832686410053
72.0 1.6394507570370098
72.0 1.6412217657860793
72.0 1.6478603568461159
72.0 1.6468672479612823
72.0 1.6386238761161727
72.0 1.6469073556919236
72.0 1.6443302889584754
72.0 1.648480902072309
72.0 1.6464055955153936
72.0 1.6466906085290551
72.0 1.6412217657860795
72.0 1.643739439994697
72.0 1.646896944223697
72.0 1.644486105454247
72.0 1.6418600576641929
72.0 1.646847963167093
72.0 1.6460908862393155
72.0 1.645166043205271
72.0 1.6507031517990396
72.0 1.649278086730732
72.0 1.6464931461603727
72.0 1.6459231201330504
72.0 1.6454510562189337
72.0 1.6461961835362162
72.0 1.6433460533996
72.0 1.6440749722072299
72.0 1.6477431099387225
72.0 1.6425295839469938
72.0 1.6487466302917841
72.0 1.645421359956518
72.0 1.6502993537357156
72.0 1.6507417213874165
72.0 1.648696111092913
72.0 1.645007150424966
72.0 1.6497085047719375
72.0 1.6499564863394898
72.0 1.64608780995478
72.0 1.646994906336904
72.0 1.6529269396680364
72.0 1.648418433262944
72.0 1.6475417189963146
72.0 1.6501925182965476
72.0 1.6492973715249202
72.0 1.645398998877796
72.0 1.6489024467875553
72.0 1.6431100214425414
72.0 1.6432658379383136
72.0 1.652385071760861
72.0 1.6505650819551885
72.0 1.65137113993957
72.0 1.649316656319107
72.0 1.6431485910309187
72.0 1.6411816580554366
72.0 1.6442678201491066
72.0 1.6458340313458009
72.0 1.6418407728700066
72.0 1.648863877199181
72.0 1.6450071504249657
72.0 1.6452343090560646
72.0 1.6431975720875232
72.0 1.6437305666687378
72.0 1.6464352917778105
72.0 1.6425295839469929
72.0 1.653378180645696
72.0 1.6480281229523832
72.0 1.6480755658667208
72.0 1.6455177839274577
72.0 1.643508244846062
72.0 1.649327067787335
72.0 1.6462362912668589
72.0 1.6445350865108512
72.0 1.6491488902128433
72.0 1.6455781926307993
72.0 1.6464426269615005
72.0 1.646197721678486
72.0 1.6510861269259094
72.0 1.6478499453778896
72.0 1.6555514493158208
72.0 1.6570463183771884
72.0 1.6549918347567254
72.0 1.6546563025441923
72.0 1.650881329373534
72.0 1.6532609337383009
72.0 1.6548537649128758
72.0 1.6513334226403855
72.0 1.64789181363242
72.0 1.651175215713157
72.0 1.6554935949332588
72.0 1.65446925164374
72.0 1.6557057276693257
72.0 1.6552174552455572
72.0 1.6529061167315815
72.0 1.6554638986708428
72.0 1.6532713452065302
72.0 1.6548448915869156
72.0 1.6560532094923544
72.0 1.6544410935235918
72.0 1.6567998749519042
72.0 1.6554342024084265
72.0 1.6571458186326626
72.0 1.6529759207246395
72.0 1.6533187881208657
72.0 1.6547141569267574
72.0 1.6534078769081142
72.0 1.6546578406864636
72.0 1.6567435587116086
72.0 1.6574516545827822
72.0 1.6543535428786125
72.0 1.6538814789644956
72.0 1.652386609903128
72.0 1.6545494671050254
72.0 1.6539690296094762
72.0 1.6543327199421571
72.0 1.6545479289627587
72.0 1.6551950941668327
72.0 1.6489606596920516
72.0 1.6547126187844892
72.0 1.6515774756342105
72.0 1.6524413880011573
72.0 1.6479166730864117
72.0 1.6438640220857845
72.0 1.6348917314330516
72.0 1.6449431434733315
72.0 1.647878103498034
72.0 1.650023214048013
72.0 1.651322158882966
72.0 1.6485001868664988
72.0 1.65180463426531
72.0 1.6547156950690247
72.0 1.6510950002518692
72.0 1.6489618393123875
72.0 1.6455177839274566
72.0 1.643049090775443
72.0 1.6406293786800317
72.0 1.6464916080181042
72.0 1.643335641931371
72.0 1.646442626961501
72.0 1.6441802695041288
72.0 1.640806018112259
72.0 1.6433059456689556
72.0 1.6446434600922835
72.0 1.6432272683499363
72.0 1.6458340313458026
72.0 1.6420663933588344
72.0 1.6458251580198406
72.0 1.6455000372755364
72.0 1.6460789366288187
72.0 1.6451243973323586
72.0 1.6429792867823827
72.0 1.642369153024416
72.0 1.6396065735327814
72.0 1.6413181897570166
72.0 1.6402969227520336
72.0 1.638790104080172
72.0 1.640798682928565
72.0 1.6373457542176733
72.0 1.6389489968604778
72.0 1.6361463096381963
72.0 1.635504941475547
72.0 1.6374140200684684
72.0 1.6349245039799964
72.0 1.6336953631381037
72.0 1.6287919319956496
72.0 1.6206136912244988
72.0 1.6203950261424167
72.0 1.622858360522252
72.0 1.6218178087230797
72.0 1.6144680455073346
72.0 1.6173628978013959
72.0 1.6094639314947854
72.0 1.603067169433227
72.0 1.6016999587474834
72.0 1.604483691501009
72.0 1.5820262192170078
72.0 1.547661953993469
72.0 1.5662562430670657
72.0 1.5736645183219524
72.0 1.5815267835078848
72.0 1.5845138008737285
72.0 1.5838640813488785
72.0 1.5890306586410237
72.0 1.5832268056492729
72.0 1.5899519311757775
72.0 1.5847503547945476
72.0 1.5840422589233736
72.0 1.582989757513706
72.0 1.5795352906605493
72.0 1.5914391347280257
72.0 1.5932695360019242
72.0 1.5974320987262514
72.0 1.596171723479676
72.0 1.5956209822465406
72.0 1.595680374771377
72.0 1.5904980831843278
72.0 1.6023165753999524
72.0 1.5972762822304827
72.0 1.5895539553560938
72.0 1.593401808804346
72.0 1.5958080331469968
72.0 1.5862593196838974
72.0 1.5748896172155336
72.0 1.5715822108539728
72.0 1.5781069828715957
72.0 1.574744517200898
72.0 1.5755922210581925
72.0 1.588841245058119
72.0 1.5825011547645083
72.0 1.5890714799737535
72.0 1.5750372209258996
72.0 1.5729016695549594
72.0 1.5867360758026712
72.0 1.575571231685626
72.0 1.5782204928435883
72.0 1.5782942254103753
72.0 1.575647354683866
72.0 1.5766909827675724
72.0 1.5784114723177696
72.0 1.578941390614451
72.0 1.5649784737019208
72.0 1.573514193744386
72.0 1.5703863857777995
72.0 1.5776559335322606
72.0 1.568428326128275
72.0 1.570433828692136
72.0 1.575339980591482
72.0 1.5719776788101079
72.0 1.5719109511015812
72.0 1.5709251774004398
72.0 1.5620257670252964
72.0 1.5719479825476896
72.0 1.5797747544297875
72.0 1.5817367426530342
72.0 1.5825073073335756
72.0 1.575110101203496
72.0 1.5721959641152454
72.0 1.5793259038835874
72.0 1.5709965195357678
72.0 1.579475923337928
72.0 1.580685779385639
72.0 1.5733375543121584
72.0 1.5844325944361497
72.0 1.5749913161538298
72.0 1.567242369301563
72.0 1.5842976008768306
72.0 1.5917125536588363
72.0 1.570733867600833
72.0 1.5673148940515118
