33.0 1.8589165352899588
33.0 1.8992481649973434
33.0 1.8997618747843688
33.0 1.9075243093893992
33.0 1.9054474646902146
33.0 1.8970917906899485
33.0 1.9111241812700996
33.0 1.910110249448809
33.0 1.9110929468654172
33.0 1.9120370746936488
33.0 1.911180497510397
33.0 1.9085070068060077
33.0 1.9079547274306032
33.0 1.9093427610528042
33.0 1.9142415777684565
33.0 1.9124215879627857
33.0 1.9103462814058678
33.0 1.915294079178124
33.0 1.9112414281774956
33.0 1.9113899094895743
33.0 1.9118619734036892
33.0 1.9130124369265642
33.0 1.9108198834622507
33.0 1.914685483562424
33.0 1.9141243308610625
33.0 1.9137309442659658
33.0 1.9102988384915311
33.0 1.9143499513498923
33.0 1.914909565908987
33.0 1.9096624150811166
33.0 1.9110139114719586
33.0 1.9135334818972833
33.0 1.9129337596075426
33.0 1.9123830183744093
33.0 1.9108040052780306
33.0 1.907258581169927
33.0 1.9150699968315597
33.0 1.9142118815060407
33.0 1.9189043625270528
33.0 1.9172714236218336
33.0 1.9154321490219746
33.0 1.913475627514719
33.0 1.90722888490751
33.0 1.9135334818972827
33.0 1.9126873161822577
33.0 1.911772884616443
33.0 1.9090577480391429
33.0 1.9108738092710877
33.0 1.9140946345986467
33.0 1.904740906961309
33.0 1.9003511856058815
33.0 1.9154306108797083
33.0 1.9127170124446755
33.0 1.910886611170776
33.0 1.9200652375181533
33.0 1.9152049903908772
33.0 1.9147136416825727
33.0 1.9146438376895143
33.0 1.9202418769503802
33.0 1.9209009917649509
33.0 1.9180037490394304
33.0 1.9179691080247796
33.0 1.919414996029544
33.0 1.9216580686927276
33.0 1.9194759266966428
33.0 1.9192690690382417
33.0 1.9233874315688855
33.0 1.9226511775775623
33.0 1.9196525661288695
33.0 1.9218050118625385
33.0 1.9201913577515095
33.0 1.9191596792782974
33.0 1.9222786139189219
33.0 1.9214235748779367
33.0 1.9182629943644034
33.0 1.9213611060685725
33.0 1.9163554539137522
33.0 1.9126680313880717
33.0 1.9180701464225216
33.0 1.9111791232574489
33.0 1.9137309442659654
33.0 1.9166123088072646
33.0 1.911143466064288
33.0 1.9173396894726256
33.0 1.9183536212939165
33.0 1.9179498232305932
33.0 1.9090389574597069
33.0 1.9102097497042838
33.0 1.91392686849238
33.0 1.9135527666914711
33.0 1.9152956173203914
33.0 1.904244753872808
33.0 1.8975416639086544
33.0 1.9084356646706828
33.0 1.9171406889616773
33.0 1.9119737535950931
33.0 1.910715768779974
33.0 1.9124705690193908
33.0 1.9102363696821665
33.0 1.9082991329690984
33.0 1.909736147647901
33.0 1.9155493959293688
33.0 1.9157676812345066
33.0 1.9177538990041787
33.0 1.9167310938569289
33.0 1.91700723354463
33.0 1.9141555652657487
33.0 1.9146958950306552
33.0 1.9153742946394137
33.0 1.9123429106437688
33.0 1.9170265183388178
33.0 1.9142415777684587
33.0 1.9124705690193908
33.0 1.9012374590515497
33.0 1.9085416478206574
33.0 1.9066132844335515
33.0 1.910571901894696
33.0 1.9144197553429514
33.0 1.9141436156552503
33.0 1.9146557873000096
33.0 1.918755881214974
33.0 1.9221895251316758
33.0 1.917402488607426
33.0 1.9193644768306732
33.0 1.9187173116265985
33.0 1.9175282785153491
33.0 1.9193274453845641
33.0 1.915353471702955
33.0 1.9143202550874765
33.0 1.9161892259497522
33.0 1.9124127146368257
33.0 1.9153044906463523
33.0 1.9160615675741295
33.0 1.9185703684567867
33.0 1.9192665147174666
33.0 1.9155598073975975
33.0 1.915991763581071
33.0 1.9226615890457937
33.0 1.9148759410728458
33.0 1.9159219595880104
33.0 1.91950408481679
33.0 1.917586132897912
33.0 1.917534075556774
33.0 1.916984872465906
33.0 1.9183416716834205
33.0 1.9198766484754317
33.0 1.9172506006853787
33.0 1.9167503786511146
33.0 1.9192487680655448
33.0 1.916897321820926
33.0 1.9186089380451632
33.0 1.916463827495186
33.0 1.918077481606215
33.0 1.91752674037308
33.0 1.9205357632900022
33.0 1.9166420050696809
33.0 1.913110399039771
33.0 1.912255359998786
33.0 1.912991613990108
33.0 1.9142801473568327
33.0 1.9153920412913303
33.0 1.9134443931100382
33.0 1.9144968945197043
33.0 1.9119271629699484
33.0 1.9127154743024082
33.0 1.9122835181189357
33.0 1.9024457769569856
33.0 1.9065697700929407
33.0 1.9080229932813957
33.0 1.9058596141157462
33.0 1.8974994895779926
33.0 1.8928430238245808
33.0 1.8928112952051461
33.0 1.8896865635230968
33.0 1.8882021059299587
33.0 1.8887424356948652
33.0 1.8885376381424934
33.0 1.892864890688551
33.0 1.8805673297005474
33.0 1.8716544315726438
33.0 1.87517900668022
33.0 1.864141652817747
33.0 1.867768694389092
33.0 1.8708232917526513
33.0 1.8708722728092513
33.0 1.870183461732269
33.0 1.872692262614927
33.0 1.8690464859621587
33.0 1.8697233474286457
33.0 1.868128978111805
33.0 1.8657671203989563
33.0 1.8600919419613415
33.0 1.8606203221157513
33.0 1.861595684348666
33.0 1.8672338313401768
33.0 1.865303929810802
33.0 1.8598736566562015
33.0 1.8687657318476525
33.0 1.8668018751567055
33.0 1.8613953095847704
33.0 1.8576602802554347
33.0 1.8606831212505512
33.0 1.8538767640842462
33.0 1.8544048139132296
33.0 1.8508612582728219
33.0 1.85908688346601
33.0 1.8444707874674489
33.0 1.8345909621633467
33.0 1.8312062433577414
33.0 1.839109824091159
33.0 1.8326879801939897
33.0 1.839237482466783
33.0 1.8367348341531922
33.0 1.8308548581631996
33.0 1.8367764800261035
33.0 1.8359438020638432
33.0 1.8418446009902918
33.0 1.834246856206991
33.0 1.8355843706303185
33.0 1.84046697883632
33.0 1.8378841150614427
33.0 1.8435859134769434
33.0 1.836941525375477
33.0 1.8464495313663207
33.0 1.843676540406459
33.0 1.8351288707534998
33.0 1.8377356337493655
33.0 1.840026149326881
33.0 1.8391919332223543
33.0 1.841821057296943
33.0 1.8442095349876688
33.0 1.846793936904813
33.0 1.836141264432522
33.0 1.8389632364489874
33.0 1.8445315794474397
33.0 1.8333385772102444
33.0 1.8367321133962988
33.0 1.8447676114044977
33.0 1.8375767409690564
33.0 1.832845690359669
33.0 1.8374297977992509
33.0 1.8411380432613824
33.0 1.8326477060272297
33.0 1.8336012291451829
33.0 1.835066401944131
33.0 1.8333897570599789
33.0 1.8271684518160325
33.0 1.8422098294652356
33.0 1.8390838899663535
33.0 1.8407905614383573
33.0 1.8321969870133286
33.0 1.8275905184950312
33.0 1.8418179810124102
33.0 1.8404507703266642
