38.0 1.801012165677898
38.0 1.8482950048720752
38.0 1.8441902965303083
38.0 1.8474399658310916
38.0 1.8486586952047577
38.0 1.8380418438149448
38.0 1.8470153448313105
38.0 1.8477026177660303
38.0 1.8449504497426206
38.0 1.8441235688217854
38.0 1.845719476280895
38.0 1.8471757757538843
38.0 1.8461811287267809
38.0 1.849966513365668
38.0 1.8448332028352274
38.0 1.8510784073001665
38.0 1.8442631768079027
38.0 1.8491411705870986
38.0 1.8479610108018099
38.0 1.8454433365931924
38.0 1.850726666577981
38.0 1.851375369924324
38.0 1.8481777579646794
38.0 1.8502931722522398
38.0 1.8515624208247772
38.0 1.8525065486530083
38.0 1.8529786125671242
38.0 1.8513248507254534
38.0 1.8509195145198616
38.0 1.8483825555170554
38.0 1.8540553435232143
38.0 1.8491619935235546
38.0 1.8543354117846425
38.0 1.8523877636033461
38.0 1.847794782837811
38.0 1.8489244234242306
38.0 1.8533719991622222
38.0 1.8556239451513663
38.0 1.8546798173231356
38.0 1.8580139609843622
38.0 1.8531151442687097
38.0 1.8571188142127337
38.0 1.8543948043094736
38.0 1.8472875559452875
38.0 1.8557708883211774
38.0 1.8558109960518208
38.0 1.8459539700956855
38.0 1.852875183737927
38.0 1.8467545613640748
38.0 1.8515296482778285
38.0 1.8494335187844555
38.0 1.8569302251700115
38.0 1.8535783348568644
38.0 1.8528598275174637
38.0 1.8509997299811474
38.0 1.8535366889839535
38.0 1.855307697733023
38.0 1.8610333953695106
38.0 1.8585647022174976
38.0 1.8524872638588228
38.0 1.855053919124043
38.0 1.8600121283645272
38.0 1.8588690000253467
38.0 1.8529786125671264
38.0 1.8534892460696184
38.0 1.8535921529350599
38.0 1.8588601266993872
38.0 1.8589195192242176
38.0 1.861830580027933
38.0 1.8596661846837679
38.0 1.8581906004165876
38.0 1.8519750922140628
38.0 1.8526743147592752
38.0 1.8586923605931187
38.0 1.857363719495752
38.0 1.8569406366382395
38.0 1.8562444903775601
38.0 1.8560782624135608
38.0 1.856854624135527
38.0 1.8554209081228785
38.0 1.8581609041541722
38.0 1.862883081437599
38.0 1.8592149437061078
38.0 1.8604633693421875
38.0 1.8587428797919907
38.0 1.852438282802217
38.0 1.8525099552629765
38.0 1.8552305585562678
38.0 1.8587903227063254
38.0 1.859528114839915
38.0 1.8571380990069197
38.0 1.846850437307177
38.0 1.8414866435452508
38.0 1.8542671459338493
38.0 1.8527529920782937
38.0 1.8511690342296805
38.0 1.8518948767527739
38.0 1.8513055659312636
38.0 1.8447159559278306
38.0 1.8468788131297278
38.0 1.8454819061815673
38.0 1.8498299816640862
38.0 1.8545506208052456
38.0 1.8560855975972539
38.0 1.855169627889171
38.0 1.8537757972255455
38.0 1.8552513814927238
38.0 1.853550176736715
38.0 1.8538633478705262
38.0 1.8534313916870517
38.0 1.8533021951691613
38.0 1.8589091077559885
38.0 1.855900084839068
38.0 1.8589596269548603
38.0 1.8585647022174967
38.0 1.8554323357696159
38.0 1.8586611261884363
38.0 1.8590278928056514
38.0 1.850135817614203
38.0 1.8546782791808665
38.0 1.857669555445869
38.0 1.8592238170320678
38.0 1.8523821889435415
38.0 1.8548965644860036
38.0 1.85653991485945
38.0 1.85890910775599
38.0 1.8575017893396037
38.0 1.8489244234242306
38.0 1.8455496977470855
38.0 1.851068984261444
38.0 1.8494423921104175
38.0 1.8501103802509469
38.0 1.8456095645571933
38.0 1.8539613099837355
38.0 1.8538722211964873
38.0 1.8554665905133298
38.0 1.8587799112381005
38.0 1.858475613430251
38.0 1.8472364068388474
38.0 1.8554693112702192
38.0 1.8559564010793637
38.0 1.8528968589635717
38.0 1.848403378453512
38.0 1.844852487629417
38.0 1.8455412987064028
38.0 1.8461811287267855
38.0 1.847901618276981
38.0 1.8472440416046785
38.0 1.847224756810491
38.0 1.850872071605529
38.0 1.8520329465966299
38.0 1.8511987304921003
38.0 1.8506360396484691
38.0 1.8530380050919601
38.0 1.8525940992979926
38.0 1.851090356910666
38.0 1.8484538976523848
38.0 1.8488264613110257
38.0 1.8447842217786274
38.0 1.8488650308994041
38.0 1.8440849992334134
38.0 1.8466828889033178
38.0 1.8508913563997178
38.0 1.8492302593743528
38.0 1.8487493221342735
38.0 1.8451166777066241
38.0 1.8441532650842047
38.0 1.8480069155738827
38.0 1.837808560363789
38.0 1.8276634451094576
38.0 1.818983666543396
38.0 1.8172407079706612
38.0 1.8220164247919863
38.0 1.827399255032249
38.0 1.8338731562705544
38.0 1.8370098375631012
38.0 1.8288362697110534
38.0 1.8271350649550455
38.0 1.8271929193376082
38.0 1.819984302250247
38.0 1.8209185924424718
38.0 1.8143816767590766
38.0 1.8099050624152475
38.0 1.8115700880143366
38.0 1.81104953725837
38.0 1.8052834015658061
38.0 1.8040436853663648
38.0 1.7999708972823576
38.0 1.8056959090657694
38.0 1.8090346671537973
38.0 1.815958271227497
38.0 1.8117602151993284
38.0 1.8162760567881104
38.0 1.814830168783346
38.0 1.8158144043422215
38.0 1.8202870619158273
38.0 1.8139944145365505
38.0 1.807186519227978
38.0 1.8106186250024099
38.0 1.8192746682368028
38.0 1.8119769623621962
38.0 1.8143388200750403
38.0 1.8078799447317622
38.0 1.805091927876873
38.0 1.8067811830223857
38.0 1.800611579591928
38.0 1.7954724720200577
38.0 1.7837761714640652
38.0 1.784867242462109
38.0 1.792442626166686
38.0 1.797642664405652
38.0 1.7892434760647724
38.0 1.7794963618323412
38.0 1.782223448020137
38.0 1.786149978787407
38.0 1.781126224453023
38.0 1.7855618505805237
38.0 1.7786903038479585
38.0 1.794566913780204
38.0 1.7908409216661478
38.0 1.792089347302231
38.0 1.795935662608215
38.0 1.7939359570857818
38.0 1.7945194708658658
38.0 1.791676675912944
38.0 1.7956996306511583
38.0 1.7902485345600994
38.0 1.7895493120148884
38.0 1.77957811543589
38.0 1.7823985493100911
38.0 1.7773068846525593
38.0 1.7772667769219153
38.0 1.7775309669991206
38.0 1.7827903977629216
38.0 1.779594323945542
38.0 1.777137580404027
38.0 1.7780327271756522
38.0 1.7818435491777982
38.0 1.794243331178166
38.0 1.7922497782248015
38.0 1.7856883263415189
38.0 1.79376239393809
38.0 1.7822650938930422
38.0 1.7873598348351094
38.0 1.7955823837437594
38.0 1.7873791196292972
38.0 1.795144960844297
38.0 1.7856700577258384
38.0 1.7794048826136293
38.0 1.7837835066477585
38.0 1.787426562543634
38.0 1.7935753430376327
38.0 1.7926385503930962
38.0 1.7813173678165177
