200.0 0.9049379825492877
200.0 0.945105668553342
200.0 0.951940211588801
200.0 0.9510037744719061
200.0 0.9505108876213351
200.0 0.9372379644004198
200.0 0.9522136305196116
200.0 0.9475612572292437
200.0 0.952160720889284
200.0 0.9555774704432539
200.0 0.9565320097397149
200.0 0.9447496966810047
200.0 0.958905817063056
200.0 0.9569358078030368
200.0 0.9570947005833441
200.0 0.9530212266462612
200.0 0.9568185608956434
200.0 0.9537991265104916
200.0 0.9438244981193182
200.0 0.9501502735731931
200.0 0.9543305829494391
200.0 0.9533864551212103
200.0 0.9490399177809586
200.0 0.9601141349684941
200.0 0.9606174332872929
200.0 0.9646804957561482
200.0 0.9536938292135926
200.0 0.9640109694733502
200.0 0.9658606555414367
200.0 0.9623884420363614
200.0 0.956260484478817
200.0 0.9678275885169215
200.0 0.960706522074539
200.0 0.9630965379075369
200.0 0.9566228005585453
200.0 0.9615125800589192
200.0 0.9601661923096318
200.0 0.9625754929368144
200.0 0.9645127296498837
200.0 0.9639916846791615
200.0 0.9498490520498736
200.0 0.9639916846791627
200.0 0.9629688795319123
200.0 0.9610108198823887
200.0 0.9584144683547493
200.0 0.962820398219834
200.0 0.9514268573294182
200.0 0.9593585961829811
200.0 0.9644622104510105
200.0 0.9626437587876052
200.0 0.9644236408626344
200.0 0.9624864041495689
200.0 0.9662540421365347
200.0 0.9626125243829201
200.0 0.9653588953649074
200.0 0.9606174332872915
200.0 0.9563673199179797
200.0 0.961365636889108
200.0 0.9594476849702289
200.0 0.9600771035223851
200.0 0.9669413150712536
200.0 0.9635982980840659
200.0 0.9654182878897389
200.0 0.9562917188835001
200.0 0.9625072270860241
200.0 0.961652188045038
200.0 0.9579231196464474
200.0 0.9620826060862443
200.0 0.9637363679279178
200.0 0.9649655087698102
200.0 0.9645528373805256
200.0 0.9680933167363956
200.0 0.9710236623342995
200.0 0.969056729358815
200.0 0.9607165780151213
200.0 0.9599301603525745
200.0 0.9585999811129392
200.0 0.962643758787605
200.0 0.9619252514482051
200.0 0.9621930120246993
200.0 0.96121715557703
200.0 0.9690567293588149
200.0 0.9636665639348593
200.0 0.9596837169272897
200.0 0.9583670254404166
200.0 0.9596258625447257
200.0 0.959232475949629
200.0 0.9641193430547861
200.0 0.9648185656
200.0 0.963411247183612
200.0 0.9636368676724424
200.0 0.9636778276922764
200.0 0.9628625105584893
200.0 0.9653974649532839
200.0 0.96925265358523
200.0 0.9750659018666977
200.0 0.9763257551495172
200.0 0.9738737924709153
200.0 0.9688874251102828
200.0 0.968249133232168
200.0 0.9684658803950378
200.0 0.9675217525668073
200.0 0.9692437802592716
200.0 0.9703259779313542
200.0 0.9724502655448753
200.0 0.9711914284405664
200.0 0.9716634923546823
200.0 0.968595076912929
200.0 0.9702473006123349
200.0 0.9688311088699877
200.0 0.9696178820601803
200.0 0.9677296264037165
200.0 0.9677296264037164
200.0 0.9709835546036566
200.0 0.9700378886331565
200.0 0.9632689491839006
200.0 0.9674754922670937
200.0 0.9687181208617485
200.0 0.9693787738185857
200.0 0.9732844816494025
200.0 0.9733824437626094
200.0 0.9746887237812533
200.0 0.9731344621950533
200.0 0.9685326081035579
200.0 0.9675796069493672
200.0 0.967561860297447
200.0 0.9665286436819687
200.0 0.9666354791211376
200.0 0.9651390719175015
200.0 0.9596702291745256
200.0 0.9643538368695729
200.0 0.9663014850508673
200.0 0.9670392771844579
200.0 0.9661634152070169
200.0 0.9653484838966747
200.0 0.9673258283403858
200.0 0.9698627873431922
200.0 0.9724552102971052
200.0 0.9640043508860285
200.0 0.9617001251741272
200.0 0.9650588564562157
200.0 0.968001151664613
200.0 0.9709908897873467
200.0 0.9745402424691746
200.0 0.9750925218445765
200.0 0.9793306856033919
200.0 0.9774127336845118
200.0 0.9756521364036721
200.0 0.975545300964504
200.0 0.9744526918241945
200.0 0.9712566180068171
200.0 0.9729786456992814
200.0 0.9730276267558859
200.0 0.9727322022739965
200.0 0.9721918725090887
200.0 0.969870122526887
200.0 0.9696934830946591
200.0 0.9686602664791802
200.0 0.9685534310400126
200.0 0.9695345903143531
200.0 0.9675394992187224
200.0 0.9669872198433197
200.0 0.9640480009194582
200.0 0.962207188177331
200.0 0.9633591898424707
200.0 0.9658456296464053
200.0 0.9660816616034641
200.0 0.9694470396693721
200.0 0.9621879033831404
200.0 0.9621046116373201
200.0 0.9516599491422514
200.0 0.9488388571639806
200.0 0.9552581467403713
200.0 0.951787471377564
200.0 0.9538670368336397
200.0 0.9482527890631215
200.0 0.9506443430383817
200.0 0.9581009416932967
200.0 0.953870113118176
200.0 0.950699121136412
200.0 0.9493441903865951
200.0 0.9388134694618484
200.0 0.9438777220295426
200.0 0.9459284570111387
200.0 0.9467887988787966
200.0 0.9506574752635036
200.0 0.9406550442798253
200.0 0.942835648133639
200.0 0.9396245484212334
200.0 0.9409238487838327
200.0 0.946692374907855
200.0 0.9559762985521324
200.0 0.9475400787651485
200.0 0.9490364859687808
200.0 0.9422524898812026
200.0 0.9480819466723223
200.0 0.9481309277289259
200.0 0.9524107373606501
200.0 0.9527447314309165
200.0 0.9450983611186555
200.0 0.9499154242307557
200.0 0.9499539938191318
200.0 0.9524361747239086
200.0 0.9500654436850993
200.0 0.9472685535042487
200.0 0.9444955625443843
200.0 0.9349366935304942
200.0 0.9259984289022026
200.0 0.9175650648676948
200.0 0.9302576582629796
200.0 0.9258737642447719
200.0 0.9295017942456235
200.0 0.9310294358539424
200.0 0.9333013524903525
200.0 0.9245618510740233
200.0 0.925707533733983
200.0 0.9229275379158615
200.0 0.9302696381692763
200.0 0.9220632977702753
200.0 0.9251066313764172
200.0 0.9371859070592811
200.0 0.9325304574843782
200.0 0.922176285778516
200.0 0.9371724193065201
200.0 0.9359135822022121
200.0 0.9237363444061404
200.0 0.925387029963275
200.0 0.9281912553278229
200.0 0.9233576281784289
200.0 0.9250144663046346
200.0 0.932925382221745
200.0 0.9344113779571536
200.0 0.930287384821198
200.0 0.9315180638053577
200.0 0.9330025213984974
200.0 0.9240718766186674
200.0 0.9295125612414995
200.0 0.931834311223704
200.0 0.9302399419068612
200.0 0.925280194524111
200.0 0.9212691893963899
200.0 0.9294026495177969
200.0 0.9355795881319486
200.0 0.9233252111591217
200.0 0.9228026280461349
200.0 0.932827420108539
200.0 0.931482570501516
200.0 0.9268020390910047
200.0 0.9413438553568104
200.0 0.9153537201025573
200.0 0.9261710823965796
200.0 0.9433389464524435
200.0 0.9260908669352939
200.0 0.9215781016310423
