27.0 1.9435193891374594
27.0 1.9857842125463785
27.0 1.9855423835478954
27.0 1.9854517566183791
27.0 1.9919063730624982
27.0 1.9816945300996416
27.0 1.991610948580611
27.0 1.9872138920414895
27.0 1.9919746389132904
27.0 1.9907528332550903
27.0 1.9885321216706298
27.0 1.9972653040817727
27.0 1.99221954419631
27.0 1.9913155240987201
27.0 1.9960168784456913
27.0 1.9918573920058955
27.0 1.9980030962153625
27.0 1.9940900532008523
27.0 1.9970115254727938
27.0 1.9999819788013407
27.0 1.9969016137490907
27.0 1.9932053178974523
27.0 1.9940306606760203
27.0 1.9991655093487306
27.0 1.9918350309271726
27.0 1.9935763434138254
27.0 1.986565188695144
27.0 1.9952405167237246
27.0 1.9969313100115071
27.0 1.9953785865675764
27.0 1.9930464251171454
27.0 1.9897122814559174
27.0 1.9842137424505273
27.0 1.9837223937422237
27.0 1.9799829138754064
27.0 1.9835650391041844
27.0 1.9852068513353627
27.0 1.9918558538636282
27.0 1.9904708965259645
27.0 1.9883153745077584
27.0 1.9908731564470206
27.0 1.9919642274450635
27.0 1.9948070223979864
27.0 1.994716395468471
27.0 1.991423897680156
27.0 1.9925149686781962
27.0 1.9958313656875046
27.0 1.9902421997525988
27.0 1.9906564092841528
27.0 1.9904099658588659
27.0 1.9906178396957752
27.0 1.9954661372125555
27.0 1.991952277834567
27.0 1.9940603569384352
27.0 1.994366192888552
27.0 1.9968051897781525
27.0 1.9899186171505598
27.0 1.9978665645137779
27.0 1.9928771208686102
27.0 1.9968807908126354
27.0 1.9951628555832153
27.0 1.9926530385220476
27.0 1.9932199882648367
27.0 1.9936164511444678
27.0 1.995702169169613
27.0 2.0001354048656514
27.0 1.9980432039460048
27.0 1.9905391623767557
27.0 1.9965764930047865
27.0 1.9974315320457705
27.0 1.9993629717174137
27.0 2.002302190641276
27.0 2.0015169555933516
27.0 1.9971094875860014
27.0 1.999705839113638
27.0 1.9931756216350347
27.0 2.001700930209269
27.0 1.99040263067517
27.0 1.9888082613583289
27.0 1.9932344921961072
27.0 1.9944240472711163
27.0 1.9970990761177723
27.0 2.0005030237720587
27.0 1.9986429262357437
27.0 2.002845596690718
27.0 2.0006603784100965
27.0 1.996539461558678
27.0 2.0056571572389577
27.0 2.0049490613677845
27.0 2.002057285358258
27.0 2.0059807398409952
27.0 1.9961341253530864
27.0 1.9845253754420715
27.0 1.9930271403229587
27.0 1.9976305325567203
27.0 1.9978290111039123
27.0 1.9926426270538218
27.0 1.9962039293461469
27.0 1.999008154710694
27.0 1.9990081547106942
27.0 1.9994119527740173
27.0 1.997640944024949
27.0 2.0001883144959827
27.0 1.9994505223623935
27.0 2.0016149177065574
27.0 2.00357297735608
27.0 2.003335407256755
27.0 1.9994505223623924
27.0 2.0018004304647445
27.0 1.9994015413057895
27.0 1.9995588959438284
27.0 1.999116528292129
27.0 1.9964206765090164
27.0 1.9988997811292586
27.0 1.9976112477625332
27.0 1.9933507229249947
27.0 1.9890917362297238
27.0 1.9875494242540186
27.0 1.9861806754260078
27.0 1.9910497958792455
27.0 1.9868976446231439
27.0 1.9918276957434797
27.0 1.9923279177777422
27.0 1.9901874216545696
27.0 1.9908939793834748
27.0 1.9923784369766142
27.0 1.9940098377395647
27.0 1.9877279321539474
27.0 1.9880569814719764
27.0 1.9930240640384207
27.0 1.9914416443320737
27.0 1.991932993040379
27.0 1.9903891429224083
27.0 1.9942354582283952
27.0 1.9936669703433405
27.0 1.9985850718531806
27.0 2.0033755149874
27.0 2.0040940223268002
27.0 1.996972955884418
27.0 1.9980536154142348
27.0 1.990450073589508
27.0 1.9917964613387984
27.0 1.9963732335946809
27.0 1.994149445725684
27.0 1.9979363685068388
27.0 1.9925566145511122
27.0 1.9909043908517068
27.0 1.9930657099113358
27.0 1.9937144132576792
27.0 1.9911284731982704
27.0 1.9921632279560164
27.0 1.9897820854489823
27.0 1.98661570789402
27.0 1.9856121875409583
27.0 1.9839599638415517
27.0 1.9817064797101407
27.0 1.9791976788274823
27.0 1.9720766123851023
27.0 1.9757165919964437
27.0 1.9887399955075398
27.0 1.9957318654320306
27.0 1.9949643770360257
27.0 1.993793090576696
27.0 1.9948633386382844
27.0 1.9900670984626405
27.0 1.986516207638544
27.0 1.9778794491983398
27.0 1.9895460534919194
27.0 1.9868486635665394
27.0 1.9780594952405353
27.0 1.9746202766640295
27.0 1.9732530659782836
27.0 1.973313088410687
27.0 1.9727222394469073
27.0 1.9671168650023476
27.0 1.9687899116382082
27.0 1.9709824651025212
27.0 1.9673351503074836
27.0 1.9703738694868222
27.0 1.9610571732955913
27.0 1.953064091439912
27.0 1.9347902588476955
27.0 1.930133670872885
27.0 1.9426656099116175
27.0 1.9485759680170998
27.0 1.9451315823067377
27.0 1.9467035905448558
27.0 1.943029300244296
27.0 1.939053788420419
27.0 1.9346478585553377
27.0 1.9321510072831762
27.0 1.9344696809808446
27.0 1.9422979910052085
27.0 1.9284685295097292
27.0 1.926560303206002
27.0 1.9312923699938953
27.0 1.9262145234145576
27.0 1.929115008860725
27.0 1.9332751811536006
27.0 1.9312439109010535
27.0 1.932758064756607
27.0 1.9248502251240334
27.0 1.927387184126839
27.0 1.9293926866906976
27.0 1.9341935412931426
27.0 1.9333385022521559
27.0 1.9152298651344053
27.0 1.9015036931209204
27.0 1.894238808001358
27.0 1.9199037435599184
27.0 1.9188968468926888
27.0 1.9162875295760442
27.0 1.9189142632191742
27.0 1.9247850355577774
27.0 1.9238794773179186
27.0 1.9163965890105599
27.0 1.917068669614133
27.0 1.912099032726912
27.0 1.9081854677486434
27.0 1.9163066479341195
27.0 1.91523178544573
27.0 1.9122533110804176
27.0 1.9055102750126698
27.0 1.9107487164038974
27.0 1.914040198013706
27.0 1.9172497595838451
27.0 1.9118181121762954
27.0 1.9116761137587202
27.0 1.9087129956138646
27.0 1.9102553075895692
27.0 1.9027067355011957
27.0 1.9141342315531877
27.0 1.9104324689855536
27.0 1.9138562233977863
27.0 1.9075318196500672
27.0 1.9049265947964704
27.0 1.906169223391125
27.0 1.9112559432964233
27.0 1.9084462512158822
27.0 1.902477186438644
27.0 1.8994408576907644
27.0 1.9026002303874665
27.0 1.896660861872642
27.0 1.8978691797780807
27.0 1.9043608276683044
27.0 1.9023662585364318
27.0 1.901667035991217
27.0 1.913568134099589
27.0 1.9096624262687718
27.0 1.9117423472524924
27.0 1.9069892658898129
27.0 1.9186659513261926
27.0 1.9023005470064152
27.0 1.8993162755996758
