139.0 1.108794063456032
139.0 1.1417959283439372
139.0 1.141320788145286
139.0 1.1415093771880085
139.0 1.1471074164488733
139.0 1.1447506673775834
139.0 1.1482490066457873
139.0 1.136384087694334
139.0 1.142732720988475
139.0 1.149735002381195
139.0 1.1438133805182888
139.0 1.1474221257249526
139.0 1.1518342081591018
139.0 1.1517420430873195
139.0 1.1522557528743465
139.0 1.1480264624414938
139.0 1.1474163286835253
139.0 1.1450471357869836
139.0 1.150683744636229
139.0 1.1596737819408856
139.0 1.1505337251818832
139.0 1.1495525659075412
139.0 1.1582159443256266
139.0 1.1447397616946025
139.0 1.1515877647338173
139.0 1.151353270919027
139.0 1.152346379803861
139.0 1.1560723719179176
139.0 1.1527798741296031
139.0 1.1521504555774458
139.0 1.154006102576279
139.0 1.1505263899981897
139.0 1.1571071266756634
139.0 1.1545775028565508
139.0 1.1591037559135609
139.0 1.1569675186895467
139.0 1.1587296541126537
139.0 1.1584743373614081
139.0 1.1517570689823504
139.0 1.1533795964193403
139.0 1.1455519722480496
139.0 1.1469384677279837
139.0 1.158808331431673
139.0 1.1590563129992255
139.0 1.1547275223108968
139.0 1.1563010686912785
139.0 1.1469958001467904
139.0 1.15239228457593
139.0 1.144700339817034
139.0 1.148393229058707
139.0 1.1495525659075425
139.0 1.1584654640354486
139.0 1.1637561292039302
139.0 1.1602526812941707
139.0 1.1636388822965353
139.0 1.1630441047590288
139.0 1.1623889185181862
139.0 1.1619658356606748
139.0 1.156783022109871
139.0 1.154853642544253
139.0 1.159244710403621
139.0 1.1529935450079378
139.0 1.1541929895874148
139.0 1.1557977703724849
139.0 1.1594258003733338
139.0 1.156936284284863
139.0 1.1551282440896868
139.0 1.1541945277296823
139.0 1.1513309098403035
139.0 1.1545582180623648
139.0 1.155177225146291
139.0 1.1568992528387538
139.0 1.15522774434516
139.0 1.1577454185537777
139.0 1.1564000469829991
139.0 1.1596352123525089
139.0 1.1676306026300611
139.0 1.1686237115148999
139.0 1.1660481829237168
139.0 1.1710175479778062
139.0 1.1783025598965418
139.0 1.1706218788950662
139.0 1.1690764906348268
139.0 1.1620533863056537
139.0 1.163528970572833
139.0 1.1569987530942292
139.0 1.1610394544843619
139.0 1.1593174267918982
139.0 1.1619554241924464
139.0 1.1639327686361551
139.0 1.1607648529389274
139.0 1.1522674945386964
139.0 1.1598713309983693
139.0 1.1695485545489441
139.0 1.1698721371509804
139.0 1.1670767851123929
139.0 1.163193438360298
139.0 1.1659783789306575
139.0 1.167593571183954
139.0 1.1681443124170892
139.0 1.1693244722023788
139.0 1.1667281206747424
139.0 1.1657839928465108
139.0 1.1681443124170905
139.0 1.1692947759399648
139.0 1.1700815491301577
139.0 1.1714680446100898
139.0 1.1728842363524383
139.0 1.1729436288772692
139.0 1.1730223061962881
139.0 1.1742811433005969
139.0 1.1734943701104035
139.0 1.1754613030858865
139.0 1.1724715649631516
139.0 1.1728946478206652
139.0 1.1660017561878886
139.0 1.1683105403810885
139.0 1.1679958311050105
139.0 1.171487329404277
139.0 1.1700221566053264
139.0 1.1660393095977564
139.0 1.1657735813782832
139.0 1.1616491222240777
139.0 1.160537694307832
139.0 1.1609222075769674
139.0 1.1624853424891268
139.0 1.167366412552858
139.0 1.1642677788849287
139.0 1.1625788952493374
139.0 1.174033161733044
139.0 1.1713967024747647
139.0 1.1733532239820188
139.0 1.1729212677985446
139.0 1.1706203407527975
139.0 1.170845961241628
139.0 1.1733354773300972
139.0 1.1784984841229555
139.0 1.1774058749826453
139.0 1.1672478498848142
139.0 1.1652825629954124
139.0 1.1683386985012363
139.0 1.1671361776372235
139.0 1.1661044991640133
139.0 1.1674628365237962
139.0 1.169459465761697
139.0 1.172812894217112
139.0 1.1712883288933293
139.0 1.1708756575040442
139.0 1.1728826982101708
139.0 1.1747991119867818
139.0 1.1712987403615567
139.0 1.1727446283663197
139.0 1.1731572997556037
139.0 1.1697429406330906
139.0 1.1689874018475808
139.0 1.1666166708087726
139.0 1.165081694016762
139.0 1.1663301196528448
139.0 1.1628579061477664
139.0 1.1646289148968356
139.0 1.1666745251913382
139.0 1.170174896816564
139.0 1.1720558172893338
139.0 1.172113671671897
139.0 1.1674998679699073
139.0 1.1666344174606942
139.0 1.1645382879673218
139.0 1.1613094416029959
139.0 1.1618304865737161
139.0 1.166711201109801
139.0 1.1577655603163768
139.0 1.1580557075881757
139.0 1.1571438025941279
139.0 1.1533440779132877
139.0 1.159342838952944
139.0 1.1564271637224273
139.0 1.1557468956459709
139.0 1.1592472672711924
139.0 1.1575044166422752
139.0 1.147049206538668
139.0 1.1360379006614676
139.0 1.1266640966953219
139.0 1.1288650357648395
139.0 1.1213718868905804
139.0 1.125935171393699
139.0 1.12194993395467
139.0 1.1293015656381176
139.0 1.1253450082829983
139.0 1.1195252771070274
139.0 1.123901510709694
139.0 1.1315540335910217
139.0 1.123144433781917
139.0 1.1276795601648877
139.0 1.1300169966929907
139.0 1.1241593817817237
139.0 1.123460159236507
139.0 1.132972779654148
139.0 1.1336071429585395
139.0 1.13074028234851
139.0 1.1243807156223864
139.0 1.129982683456976
139.0 1.1294780108852311
139.0 1.1299444719430394
139.0 1.131847067641454
139.0 1.1352865085995798
139.0 1.12295004769777
139.0 1.126107536588415
139.0 1.1120448091125594
139.0 1.116471999647747
139.0 1.1135520618219377
139.0 1.1180257936188605
139.0 1.1197181250489097
139.0 1.1191392256956303
139.0 1.1143706216763765
139.0 1.1144661933581275
139.0 1.1098814000654762
139.0 1.1123797894799057
139.0 1.1057048528268363
139.0 1.1097190981284082
139.0 1.1143738618502324
139.0 1.1175858138518302
139.0 1.1207716400902936
139.0 1.1162349755650558
139.0 1.1194267627342671
139.0 1.1084256200094516
139.0 1.119419099771937
139.0 1.1139517951712297
139.0 1.1117061681872682
139.0 1.1164515588386066
139.0 1.1040874340314006
139.0 1.1233717563023398
139.0 1.1128016897227953
139.0 1.1144112513707825
139.0 1.1250519742325746
139.0 1.111699191078014
139.0 1.1098703279463844
139.0 1.1271006608116105
139.0 1.12649206519591
139.0 1.131240862457216
139.0 1.1224232056856267
139.0 1.1284042200733622
139.0 1.135635198239445
139.0 1.1224814155958331
139.0 1.1273891056374468
139.0 1.1267832307786385
139.0 1.1268811928918467
139.0 1.118274130714061
139.0 1.1256875453537958
139.0 1.1190416191100676
139.0 1.1232219284863147
139.0 1.118288801081448
139.0 1.1177322628068884
139.0 1.108541686849012
139.0 1.1162967862703541
