19.0 2.0962582871307185
19.0 2.1164401440579477
19.0 2.12305057699784
19.0 2.1287346287614177
19.0 2.1298168264334993
19.0 2.118662393784678
19.0 2.131814993813666
19.0 2.129042002853802
19.0 2.128332368840361
19.0 2.130605137765961
19.0 2.132010918040081
19.0 2.128500134946626
19.0 2.1289930217971977
19.0 2.1270750698783187
19.0 2.1325230896848395
19.0 2.1328451341446084
19.0 2.1290211799173457
19.0 2.1314513034809854
19.0 2.1317363164946466
19.0 2.127348133281486
19.0 2.1293270158674638
19.0 2.1333202743432613
19.0 2.130122662383617
19.0 2.134469199723866
19.0 2.130741669467543
19.0 2.1266504488785394
19.0 2.1288237175486646
19.0 2.128440742421796
19.0 2.1286173818540215
19.0 2.1320895953590986
19.0 2.1317748860830217
19.0 2.133397413520012
19.0 2.1333098628750315
19.0 2.1356805939138397
19.0 2.133675091349981
19.0 2.1322396148134457
19.0 2.1319025444586446
19.0 2.133143634911032
19.0 2.1308010619923756
19.0 2.129788668313352
19.0 2.1289617873925155
19.0 2.1352470995881
19.0 2.1273496714237528
19.0 2.129505193441958
19.0 2.1263669740071456
19.0 2.133357305789369
19.0 2.1348729977871903
19.0 2.1389850413126505
19.0 2.140224593622773
19.0 2.138887079199443
19.0 2.138749009355593
19.0 2.1395654788082026
19.0 2.1350214790992696
19.0 2.1330040269249135
19.0 2.1335354833638633
19.0 2.129080572442179
19.0 2.127545595650167
19.0 2.1348834092554183
19.0 2.129515604910185
19.0 2.133538559648398
19.0 2.1329060648117077
19.0 2.1334984519177533
19.0 2.1372363936423038
19.0 2.1352976187869697
19.0 2.1317764242252877
19.0 2.132255823323098
19.0 2.130536871915168
19.0 2.1367732030541493
19.0 2.133725610548851
19.0 2.135248637730367
19.0 2.1331228119745784
19.0 2.1326522862027284
19.0 2.1360442842465206
19.0 2.1331228119745766
19.0 2.1301291452781195
19.0 2.141582930982556
19.0 2.141061886011834
19.0 2.1344707378661347
19.0 2.1365653292172397
19.0 2.1377736471226774
19.0 2.1387682941497794
19.0 2.134365440569233
19.0 2.134638503972401
19.0 2.133379666868091
19.0 2.1335948758886945
19.0 2.130870865985434
19.0 2.134441041603718
19.0 2.137568849570303
19.0 2.1381300022716663
19.0 2.1356701824456126
19.0 2.1317644746147932
19.0 2.1308275999606745
19.0 2.127874123004443
19.0 2.129720402462562
19.0 2.1313992461398463
19.0 2.133348432463408
19.0 2.1338027497256036
19.0 2.132928425890431
19.0 2.1342555288455323
19.0 2.1327517864582055
19.0 2.1346770735607765
19.0 2.1312746640487576
19.0 2.1283042107202124
19.0 2.130248782616973
19.0 2.1332473940656667
19.0 2.1302383711487436
19.0 2.1273377218132588
19.0 2.1267484109917487
19.0 2.1309198470420396
19.0 2.130902100390119
19.0 2.1308411697230207
19.0 2.128875774889804
19.0 2.130900562247852
19.0 2.1333870020517876
19.0 2.134087762739268
19.0 2.135052713503954
19.0 2.13374489534304
19.0 2.1341367437958687
19.0 2.1313726261619648
19.0 2.1289425025983277
19.0 2.133830907845753
19.0 2.137486243677559
19.0 2.1280572453311675
19.0 2.125715194376268
19.0 2.125312934455213
19.0 2.130328998078262
19.0 2.1277816276072254
19.0 2.127064658410093
19.0 2.1200087815339668
19.0 2.1217115244322415
19.0 2.1201379780518566
19.0 2.120295332689896
19.0 2.12194909453157
19.0 2.1211534480154164
19.0 2.125213434199738
19.0 2.1324741086282355
19.0 2.1320421524447624
19.0 2.1292051545332664
19.0 2.1213892883341474
19.0 2.1245805812886074
19.0 2.1293817939654924
19.0 2.126982904806538
19.0 2.127613861500959
19.0 2.1297767187028556
19.0 2.1290701609739506
19.0 2.1308797393113945
19.0 2.1294515979585507
19.0 2.1352174033256834
19.0 2.1358572333460675
19.0 2.136280316203578
19.0 2.1314216072185697
19.0 2.133171793031183
19.0 2.1357666064165532
19.0 2.141217702507608
19.0 2.139360681255827
19.0 2.1361526578279566
19.0 2.137273425088414
19.0 2.138060198278608
19.0 2.1366424683939935
19.0 2.1363188857919564
19.0 2.134306048044404
19.0 2.1264545246521247
19.0 2.128924755946405
19.0 2.1300840927952405
19.0 2.1306942265532074
19.0 2.131668050643855
19.0 2.1314023224243814
19.0 2.12982569975946
19.0 2.128350115492283
19.0 2.1165222279869385
19.0 2.1068659630656397
19.0 2.1065947681301727
19.0 2.106127262697352
19.0 2.1034691282134244
19.0 2.1088855832898297
19.0 2.107849290389818
19.0 2.106287693619925
19.0 2.103469980502616
19.0 2.0989957847867444
19.0 2.0962262004368464
19.0 2.0885057979756625
19.0 2.0821644998652147
19.0 2.0746778186769483
19.0 2.0710289657396435
19.0 2.071113109774655
19.0 2.0729851569214643
19.0 2.0732798955502787
19.0 2.0690867842743423
19.0 2.075418001241996
19.0 2.0699087204429465
19.0 2.077403888686235
19.0 2.0773726542815494
19.0 2.0770105020911376
19.0 2.076911001835664
19.0 2.0772257111117405
19.0 2.077693846452129
19.0 2.0770886574463994
19.0 2.0734758197766934
19.0 2.078365763166388
19.0 2.0763547938865368
19.0 2.0729732073109735
19.0 2.0733949159155345
19.0 2.0671191654457823
19.0 2.0587334648576676
19.0 2.0632612560569443
19.0 2.053763306006685
19.0 2.0518584059882743
19.0 2.0606070288917313
19.0 2.066047599076752
19.0 2.06827885782226
19.0 2.0643518050912277
19.0 2.0573013949310957
19.0 2.053729350845111
19.0 2.05990782760153
19.0 2.056597913486723
19.0 2.0576198663447838
19.0 2.0499053966178487
19.0 2.059346674900166
19.0 2.0651629994661698
19.0 2.0660878425002123
19.0 2.0662050894076094
19.0 2.0707490891165428
19.0 2.068672244417355
19.0 2.0667099258686767
19.0 2.0683952524404647
19.0 2.071884360308273
19.0 2.07179579348478
19.0 2.0707016462022034
19.0 2.0715775081796455
19.0 2.0627938065696303
19.0 2.0621956224221605
19.0 2.0591272069804076
19.0 2.064653904105945
19.0 2.0699445692744285
19.0 2.069267707807935
19.0 2.069514151233222
19.0 2.064368891092285
19.0 2.0667025906849825
19.0 2.063395067001637
19.0 2.0684080543401504
19.0 2.0637973269226952
19.0 2.0657226140252662
19.0 2.062003957094903
19.0 2.060448157366439
19.0 2.0629851163692434
19.0 2.0637275229296366
19.0 2.0646018467648077
19.0 2.0562902090689104
19.0 2.0571051403792495
19.0 2.0527632174658033
19.0 2.052072868246548
19.0 2.0579929519671873
19.0 2.058896972064775
19.0 2.0532040469752353
