206.00000000000003 0.857641143192617
206.00000000000003 0.898394038840621
206.00000000000003 0.8918823119118242
206.00000000000003 0.8986427643060594
206.00000000000003 0.902483612896053
206.00000000000003 0.8816547269050593
206.00000000000003 0.8996462846591214
206.00000000000003 0.8963082124241714
206.00000000000003 0.9009045997996734
206.00000000000003 0.8949418540276173
206.00000000000003 0.8877332369402547
206.00000000000003 0.8938581182132671
206.00000000000003 0.9061949346427226
206.00000000000003 0.8925272505737606
206.00000000000003 0.8986137538967215
206.00000000000003 0.8938477067450417
206.00000000000003 0.8923840720883551
206.00000000000003 0.9022383772876004
206.00000000000003 0.888154781655501
206.00000000000003 0.8971524516266874
206.00000000000003 0.9039276324331165
206.00000000000003 0.8949777028591028
206.00000000000003 0.893905916655248
206.00000000000003 0.8996524372281938
206.00000000000003 0.9027312641381722
206.00000000000003 0.9037748922218783
206.00000000000003 0.901902845075066
206.00000000000003 0.9064973639828697
206.00000000000003 0.9007388937994315
206.00000000000003 0.8933536372798445
206.00000000000003 0.8933729220740316
206.00000000000003 0.8982003966543585
206.00000000000003 0.9051405647653549
206.00000000000003 0.9044575507297942
206.00000000000003 0.9046056739674335
206.00000000000003 0.9056986411821828
206.00000000000003 0.9003516597734035
206.00000000000003 0.898801657086366
206.00000000000003 0.9005711276931653
206.00000000000003 0.9062821549622697
206.00000000000003 0.902977352035813
206.00000000000003 0.9016417312823981
206.00000000000003 0.9072039217117772
206.00000000000003 0.8960109194745812
206.00000000000003 0.8953757038810002
206.00000000000003 0.8985494166196559
206.00000000000003 0.900453880785772
206.00000000000003 0.9005922784082577
206.00000000000003 0.8985598280878825
206.00000000000003 0.9014516040974079
206.00000000000003 0.9034169989306228
206.00000000000003 0.9007836159568788
206.00000000000003 0.9033028283077632
206.00000000000003 0.9114941428117305
206.00000000000003 0.9076493656480126
206.00000000000003 0.8945280000237065
206.00000000000003 0.9096459948859116
206.00000000000003 0.90529945754566
206.00000000000003 0.8941998029948673
206.00000000000003 0.906993327117978
206.00000000000003 0.9041104244344086
206.00000000000003 0.9078719098523065
206.00000000000003 0.9167790109387852
206.00000000000003 0.9065463450394732
206.00000000000003 0.903446695193035
206.00000000000003 0.9110973218576589
206.00000000000003 0.911238826060485
206.00000000000003 0.9092734312272688
206.00000000000003 0.9160990731877622
206.00000000000003 0.9129029993703852
206.00000000000003 0.9126951255334742
206.00000000000003 0.9102426408911141
206.00000000000003 0.914295291891743
206.00000000000003 0.9135455501476576
206.00000000000003 0.9179248600348598
206.00000000000003 0.9141514250064688
206.00000000000003 0.9126638911287935
206.00000000000003 0.9178982400569796
206.00000000000003 0.9106896229696197
206.00000000000003 0.9139752797889908
206.00000000000003 0.9038342847467093
206.00000000000003 0.9071892513443933
206.00000000000003 0.8970607001273563
206.00000000000003 0.9033741704430901
206.00000000000003 0.9084183921862848
206.00000000000003 0.9071892513443951
206.00000000000003 0.9087331014623645
206.00000000000003 0.9113977188407941
206.00000000000003 0.9127738028524963
206.00000000000003 0.9111616868837341
206.00000000000003 0.9062435853738928
206.00000000000003 0.8987780856440146
206.00000000000003 0.9100002899288739
206.00000000000003 0.914043051425033
206.00000000000003 0.9171322898032416
206.00000000000003 0.9074025641482877
206.00000000000003 0.9092621674698538
206.00000000000003 0.9046403427310915
206.00000000000003 0.9089706715616875
206.00000000000003 0.9103957366299954
206.00000000000003 0.9123715429314387
206.00000000000003 0.912626859682684
206.00000000000003 0.9126669674133264
206.00000000000003 0.9161970353009684
206.00000000000003 0.91757465745494
206.00000000000003 0.9154399583731898
206.00000000000003 0.9186464436587949
206.00000000000003 0.9172109671222591
206.00000000000003 0.9162282697056513
206.00000000000003 0.9149501478071552
206.00000000000003 0.9152648570832329
206.00000000000003 0.9146651347934948
206.00000000000003 0.914665134793495
206.00000000000003 0.9158645793729729
206.00000000000003 0.9142790833820896
206.00000000000003 0.910051404792317
206.00000000000003 0.9084455063789191
206.00000000000003 0.9089020501832518
206.00000000000003 0.9103614259407766
206.00000000000003 0.9123788781151287
206.00000000000003 0.9131880123840448
206.00000000000003 0.9113294529899963
206.00000000000003 0.909463888737689
206.00000000000003 0.9117405862370137
206.00000000000003 0.9160886617195323
206.00000000000003 0.9136496648299339
206.00000000000003 0.9153227114657944
206.00000000000003 0.9162845859459465
206.00000000000003 0.9116869907536104
206.00000000000003 0.9130572777238872
206.00000000000003 0.9118964027327864
206.00000000000003 0.9114852694857676
206.00000000000003 0.9127352332641163
206.00000000000003 0.9154978127557538
206.00000000000003 0.9165013331088159
206.00000000000003 0.9175850689231647
206.00000000000003 0.9159016108190754
206.00000000000003 0.9153894391743145
206.00000000000003 0.910994773066655
206.00000000000003 0.9126857302437558
206.00000000000003 0.9113441233573839
206.00000000000003 0.9064082751956221
206.00000000000003 0.9061529584443768
206.00000000000003 0.9046388045888205
206.00000000000003 0.9047664629644446
206.00000000000003 0.9057402870550907
206.00000000000003 0.9050796340982534
206.00000000000003 0.9055235398922205
206.00000000000003 0.9073138334354758
206.00000000000003 0.908474708426578
206.00000000000003 0.9096162986234908
206.00000000000003 0.9107771736145926
206.00000000000003 0.9085830820080121
206.00000000000003 0.9105604264517223
206.00000000000003 0.9126951255334719
206.00000000000003 0.9144156150836694
206.00000000000003 0.9133928099364181
206.00000000000003 0.9117390480947452
206.00000000000003 0.9132130942196576
206.00000000000003 0.9086393982483097
206.00000000000003 0.9107444010676435
206.00000000000003 0.9101253939837172
206.00000000000003 0.9085028665467271
206.00000000000003 0.910794920266514
206.00000000000003 0.9089348227302007
206.00000000000003 0.9080500874268009
206.00000000000003 0.9043611267588523
206.00000000000003 0.9101535521038662
206.00000000000003 0.9111185028685526
206.00000000000003 0.9031026199799779
206.00000000000003 0.9009104527866049
206.00000000000003 0.9015483583937801
206.00000000000003 0.9021697559091635
206.00000000000003 0.8995066766730017
206.00000000000003 0.898756934928918
206.00000000000003 0.9006957097842523
206.00000000000003 0.8999637146920886
206.00000000000003 0.904124739274153
206.00000000000003 0.9017227738306631
206.00000000000003 0.9065502484109904
206.00000000000003 0.8995764034655447
206.00000000000003 0.895560850670351
206.00000000000003 0.9018714302778659
206.00000000000003 0.8955567408994936
206.00000000000003 0.9008849594778444
206.00000000000003 0.9015304201035369
206.00000000000003 0.911342915540552
206.00000000000003 0.9047942655569526
206.00000000000003 0.8969755147116247
206.00000000000003 0.900797572722182
206.00000000000003 0.90026218770951
206.00000000000003 0.8938050169446137
206.00000000000003 0.8971104805219349
206.00000000000003 0.8949000165163815
206.00000000000003 0.8963626349945568
206.00000000000003 0.8953927394776381
206.00000000000003 0.894801890513857
206.00000000000003 0.8947945553301637
206.00000000000003 0.8997751256493706
206.00000000000003 0.8969010962917636
206.00000000000003 0.8945924785346788
206.00000000000003 0.8923200651367256
206.00000000000003 0.8938403715613497
206.00000000000003 0.9007917782275529
206.00000000000003 0.900272626926745
206.00000000000003 0.8918580571631904
206.00000000000003 0.8850114258301365
206.00000000000003 0.8722049081690135
206.00000000000003 0.8727630682803559
206.00000000000003 0.8676566521077164
206.00000000000003 0.8672409296361083
206.00000000000003 0.8726751061622245
206.00000000000003 0.864464862391708
206.00000000000003 0.8630471325070967
206.00000000000003 0.8702098448223873
206.00000000000003 0.8664514356890257
206.00000000000003 0.8721486196777231
206.00000000000003 0.8682267033372505
206.00000000000003 0.8819921578810991
206.00000000000003 0.8773443990175355
206.00000000000003 0.8791910088010849
206.00000000000003 0.8738721855124529
206.00000000000003 0.8758198336937509
206.00000000000003 0.8756952516026618
206.00000000000003 0.8775777102176981
206.00000000000003 0.8730306342242323
206.00000000000003 0.8827048681790735
206.00000000000003 0.8664900052774015
206.00000000000003 0.8824865828739384
206.00000000000003 0.8709256314048988
206.00000000000003 0.8791763384337008
206.00000000000003 0.8665181633975494
206.00000000000003 0.8757307449065046
206.00000000000003 0.8648883007768654
206.00000000000003 0.8727305953155398
206.00000000000003 0.8855430487051945
206.00000000000003 0.8765383410331529
206.00000000000003 0.8768888991407129
206.00000000000003 0.8758927139713454
206.00000000000003 0.87700614604811
206.00000000000003 0.8778403621526397
206.00000000000003 0.8720598864181226
206.00000000000003 0.8883268066609313
206.00000000000003 0.8773594249125618
206.00000000000003 0.8811745058138645
206.00000000000003 0.8854705239552435
206.00000000000003 0.8778982165352041
206.00000000000003 0.871011643907611
206.00000000000003 0.8787663878013062
206.00000000000003 0.8766154802099017
206.00000000000003 0.8681449497336997
206.00000000000003 0.8692745903201166
206.00000000000003 0.87326051361222
206.00000000000003 0.8717077901682873
