113.0 1.2039843292872905
113.0 1.2452987401057942
113.0 1.254823310133931
113.0 1.2548128986657023
113.0 1.2555314060051048
113.0 1.2438543902432968
113.0 1.2573841683577265
113.0 1.2575905040523683
113.0 1.258651878787997
113.0 1.2660506230603463
113.0 1.2545116771423905
113.0 1.2580922642289016
113.0 1.2582407455409796
113.0 1.2566745343442849
113.0 1.2632271129016133
113.0 1.2639456202410158
113.0 1.2624908589102908
113.0 1.259521943724012
113.0 1.261249768457902
113.0 1.2613596801816027
113.0 1.259205696305668
113.0 1.2574643838190143
113.0 1.266415851535294
113.0 1.2595381522336626
113.0 1.26499812165068
113.0 1.2668269847823117
113.0 1.2630014924127821
113.0 1.2637392845463722
113.0 1.2640836900848618
113.0 1.2665330984426901
113.0 1.269709887465878
113.0 1.25890873368151
113.0 1.2647917859560378
113.0 1.2618895984782832
113.0 1.265767148188953
113.0 1.2627654604557235
113.0 1.2666711682865401
113.0 1.2616832627836423
113.0 1.2695926405584843
113.0 1.2671135359382417
113.0 1.2728762650208398
113.0 1.2708217814003762
113.0 1.2718534598735893
113.0 1.2720493841000025
113.0 1.271470484746721
113.0 1.2695436595018796
113.0 1.2690700574454956
113.0 1.2653633501256276
113.0 1.2668863773071437
113.0 1.2684406388933418
113.0 1.2669264850377884
113.0 1.275187603534813
113.0 1.270536768386714
113.0 1.2676033465042775
113.0 1.2696088490681368
113.0 1.264043582354221
113.0 1.2669546431579362
113.0 1.2660371353075845
113.0 1.2639218849093432
113.0 1.272540732808306
113.0 1.2700616281880643
113.0 1.2700616281880637
113.0 1.2672157569506046
113.0 1.2685370628642798
113.0 1.2659599961308323
113.0 1.2710844333353153
113.0 1.269522836565424
113.0 1.2712417879733546
113.0 1.267987859773415
113.0 1.2712433261156222
113.0 1.267379264157716
113.0 1.2732206705593327
113.0 1.2665315603004221
113.0 1.2679284672485829
113.0 1.2643777988061065
113.0 1.2710963829458126
113.0 1.2768487005601792
113.0 1.2739480512246948
113.0 1.2752678189961013
113.0 1.272450519898737
113.0 1.2725630938870298
113.0 1.2737432536723188
113.0 1.2727887143758596
113.0 1.2719425486608344
113.0 1.2718044788169833
113.0 1.2738709120479415
113.0 1.2728866764890674
113.0 1.2717258014979647
113.0 1.2750109641025875
113.0 1.2710192437690595
113.0 1.2701240969974312
113.0 1.2591790485787806
113.0 1.2534961034667462
113.0 1.268586043920886
113.0 1.2720686688941933
113.0 1.2656140524500752
113.0 1.267955087226466
113.0 1.2703184830815797
113.0 1.2728955498150294
113.0 1.271785194022799
113.0 1.2718060169592547
113.0 1.2712359909319317
113.0 1.2701433817916217
113.0 1.269148734764518
113.0 1.2686573860562138
113.0 1.268657386056214
113.0 1.2693357856649723
113.0 1.2701507169753135
113.0 1.2738678357634095
113.0 1.2726980874463476
113.0 1.2726980874463483
113.0 1.2735932342179757
113.0 1.2739110197785868
113.0 1.273850089111489
113.0 1.2704476795994701
113.0 1.2620551965347142
113.0 1.2587008598446034
113.0 1.2583209610022699
113.0 1.2633370246253184
113.0 1.2651971221616332
113.0 1.2607719075023638
113.0 1.2642931020640458
113.0 1.2546018959686212
113.0 1.2649313939421596
113.0 1.267066093023911
113.0 1.2688444369566692
113.0 1.2666117757617144
113.0 1.268036840830021
113.0 1.2598333850772332
113.0 1.245872336632408
113.0 1.2529601363130867
113.0 1.2498323283465016
113.0 1.2521332553922482
113.0 1.2569252366687325
113.0 1.2596908924449015
113.0 1.2616609017049207
113.0 1.2616520283789596
113.0 1.25883533144016
113.0 1.2615733298049294
113.0 1.2588942020012357
113.0 1.2567960401508427
113.0 1.2620512120154823
113.0 1.2583267580436945
113.0 1.2642098103182218
113.0 1.260431760863028
113.0 1.2635209992412357
113.0 1.268320315701414
113.0 1.2670124975405015
113.0 1.269550994685574
113.0 1.264898621395207
113.0 1.2688116644097176
113.0 1.265045564565018
113.0 1.263010365738744
113.0 1.2605119763243149
113.0 1.2561253312534213
113.0 1.2548352597444303
113.0 1.2573201614060985
113.0 1.2574536168231483
113.0 1.257086850205932
113.0 1.257441667212651
113.0 1.2663190720367137
113.0 1.2699308935279086
113.0 1.2721843776593218
113.0 1.2650247416285632
113.0 1.2675320043689546
113.0 1.2685636828421665
113.0 1.2675825235678244
113.0 1.2667525663624526
113.0 1.2588462648721457
113.0 1.2534322002271996
113.0 1.2586439938915397
113.0 1.263586188807493
113.0 1.2581574537951599
113.0 1.2554527286860855
113.0 1.2575843514833
113.0 1.2463334948635383
113.0 1.2601421334225607
113.0 1.252305635925313
113.0 1.256209805613861
113.0 1.2482796049025644
113.0 1.239631283122807
113.0 1.2307084092491278
113.0 1.2417325028840398
113.0 1.2357702415039298
113.0 1.2368053265871088
113.0 1.227742930968613
113.0 1.2290640452439672
113.0 1.2241826448548023
113.0 1.2208928678233766
113.0 1.2263656391400777
113.0 1.2189071720174645
113.0 1.2197494091587622
113.0 1.2295390215532978
113.0 1.2211408493909306
113.0 1.212634303647125
113.0 1.2272401268645703
113.0 1.2221404411702619
113.0 1.2230748433833478
113.0 1.2282160110612403
113.0 1.2239729025501922
113.0 1.2261326834675537
113.0 1.2163019471638634
113.0 1.230809808268102
113.0 1.2178828287279446
113.0 1.2175102650693033
113.0 1.221781201375066
113.0 1.2088227649187635
113.0 1.2086278352982007
113.0 1.2120587866545118
113.0 1.2121876745494715
113.0 1.2211650763905608
113.0 1.2174894395860534
113.0 1.2184750493978733
113.0 1.2121929799229418
113.0 1.2167523358523358
113.0 1.2166217650814952
113.0 1.2109994962742077
113.0 1.213788365418291
113.0 1.2228570800419671
113.0 1.2065148890901065
113.0 1.2258567076691738
113.0 1.2080983249749635
113.0 1.2190607619710954
113.0 1.2153683946931806
113.0 1.212582437944312
113.0 1.2123800308233936
113.0 1.2094819358086821
113.0 1.2141737309766172
113.0 1.2157631555412263
113.0 1.2165934430720293
113.0 1.213486458041899
113.0 1.2190443895721221
113.0 1.2134004455391847
113.0 1.2103567816076124
113.0 1.2129259911936126
113.0 1.2215774200012008
113.0 1.2107566510972112
113.0 1.2219812180645255
113.0 1.2234963880985912
113.0 1.2221778281440179
113.0 1.2071223020911794
113.0 1.2216349440583347
113.0 1.216956281115521
113.0 1.2137690806241042
113.0 1.222019787652901
113.0 1.2166920910383137
113.0 1.2128457757323254
113.0 1.2226669528569805
113.0 1.2162487072081043
113.0 1.2191420213598982
113.0 1.2175896282414
113.0 1.2115330128191817
113.0 1.2119407394562332
113.0 1.2161147298272987
