55.0 1.748988819415171
55.0 1.7784713859581036
55.0 1.776568790259686
55.0 1.7796411342751661
55.0 1.7833420445536086
55.0 1.7768102889327386
55.0 1.782938246490285
55.0 1.7859279846130185
55.0 1.786933043108347
55.0 1.7897044959259452
55.0 1.7847879325583715
55.0 1.777978499107531
55.0 1.7953634658539093
55.0 1.7896080719550047
55.0 1.7896628500530336
55.0 1.7920694299233257
55.0 1.7930594625236271
55.0 1.788309127120052
55.0 1.7910049789031635
55.0 1.794693939571112
55.0 1.7961695238382904
55.0 1.7823489356687714
55.0 1.7915557201363004
55.0 1.7959928844060644
55.0 1.7889103875520584
55.0 1.795992884406064
55.0 1.787015127037334
55.0 1.7884649436158244
55.0 1.7856533830675836
55.0 1.7921955501566824
55.0 1.7981726359706924
55.0 1.7942708567135985
55.0 1.7914087769664895
55.0 1.7951748768111884
55.0 1.793403868062119
55.0 1.7912305993919966
55.0 1.80239698165131
55.0 1.7964753597884076
55.0 1.7908966053217303
55.0 1.7948320094149628
55.0 1.7963372899445569
55.0 1.7952253960100593
55.0 1.7967009802772387
55.0 1.794811186478508
55.0 1.7945381230753394
55.0 1.7932673363605367
55.0 1.7919154818952552
55.0 1.7965050560508227
55.0 1.7965164836975607
55.0 1.7999965543500889
55.0 1.7953441810597224
55.0 1.7948231360890032
55.0 1.793889419728998
55.0 1.783343582695875
55.0 1.7892860274952351
55.0 1.789382451466175
55.0 1.7933282670276347
55.0 1.7963789358174669
55.0 1.7946202070043265
55.0 1.800194016718771
55.0 1.7973319369716585
55.0 1.7934840835234038
55.0 1.7921346194895802
55.0 1.792737418063858
55.0 1.7912529604707161
55.0 1.7927848609781913
55.0 1.7844643499563329
55.0 1.7881324876878237
55.0 1.79131968817924
55.0 1.7889207990202867
55.0 1.7952358074782855
55.0 1.7904364910181068
55.0 1.7883210767305449
55.0 1.784070963361236
55.0 1.7804616961908182
55.0 1.7803418949626448
55.0 1.7825656828316414
55.0 1.77935919754604
55.0 1.7822629231660638
55.0 1.7845102547284037
55.0 1.7902567753013476
55.0 1.8013309924888825
55.0 1.7963149288658327
55.0 1.7968494615893154
55.0 1.7968583349152756
55.0 1.8019337910631563
55.0 1.801773360140581
55.0 1.7995406989456257
55.0 1.7985402548770966
55.0 1.7990003691807186
55.0 1.8020911457011959
55.0 1.796833583405097
55.0 1.7897415273720547
55.0 1.7971938671278078
55.0 1.7853891929903767
55.0 1.7886519945162767
55.0 1.7916864547964575
55.0 1.7903859718192368
55.0 1.7874259299589186
55.0 1.7855272628342291
55.0 1.7864208714635894
55.0 1.790641288570484
55.0 1.7877807469656408
55.0 1.7906308771022563
55.0 1.7948809904715677
55.0 1.7952743770666637
55.0 1.7980265450900743
55.0 1.7944058502729177
55.0 1.7956334529725435
55.0 1.8006807510002738
55.0 1.8051179152700398
55.0 1.8090845537679554
55.0 1.809154357761014
55.0 1.8082696224576147
55.0 1.803514672627239
55.0 1.7967184832925298
55.0 1.795341104775188
55.0 1.7974892916096996
55.0 1.7974997030779296
55.0 1.7963195432926393
55.0 1.7892887482521294
55.0 1.788619221969329
55.0 1.774684793502384
55.0 1.7955428260430268
55.0 1.7855878379736836
55.0 1.7768963014354524
55.0 1.7801459707362328
55.0 1.7905605511454397
55.0 1.7922617559014473
55.0 1.790269055237276
55.0 1.7842059569205533
55.0 1.7810854841376647
55.0 1.7789434498722225
55.0 1.7828090499723959
55.0 1.7816747949591716
55.0 1.784107994807344
55.0 1.787434803284879
55.0 1.7905047568689014
55.0 1.7907515306196211
55.0 1.7874436766108424
55.0 1.7836046964885504
55.0 1.7857972499528625
55.0 1.7898869323995983
55.0 1.7927474740044413
55.0 1.7882613286780742
55.0 1.7896983433568765
55.0 1.78163894612769
55.0 1.7813539331140276
55.0 1.7822876494740316
55.0 1.7804202167540253
55.0 1.7802524506477573
55.0 1.7806088057967457
55.0 1.7796824246204357
55.0 1.7844921525488415
55.0 1.7842295006139022
55.0 1.7854289451933791
55.0 1.7873557704382197
55.0 1.7871436377021501
55.0 1.7905445090719005
55.0 1.7851944513785862
55.0 1.786070313356026
55.0 1.7807588252510882
55.0 1.7758229770893286
55.0 1.7721860737625204
55.0 1.7722528014710461
55.0 1.7700366791111783
55.0 1.7714552612849825
55.0 1.7836459868338177
55.0 1.7849923745831038
55.0 1.7784613048153117
55.0 1.7764269582782293
55.0 1.776401684804289
55.0 1.7746544113868938
55.0 1.774958709194741
55.0 1.7760473897613247
55.0 1.772977436177304
55.0 1.7744456852607875
55.0 1.7682711370780964
55.0 1.7697629298549287
55.0 1.7663354385072965
55.0 1.7563564155241467
55.0 1.7365114269830013
55.0 1.734825590462775
55.0 1.7495967569268023
55.0 1.7432095817932878
55.0 1.7338119842876971
55.0 1.7265345516367832
55.0 1.7199526348914784
55.0 1.733602572308522
55.0 1.7380038852000048
55.0 1.7406482016057387
55.0 1.7333578309148252
55.0 1.7360289311877544
55.0 1.7279316502232644
55.0 1.7340391151697914
55.0 1.7356858999022116
55.0 1.7425700820983419
55.0 1.7444989674492066
55.0 1.7495551388028974
55.0 1.7502736461422976
55.0 1.7498852042994355
55.0 1.740451783164571
55.0 1.7423449835732685
55.0 1.738696982925153
55.0 1.7368978160559396
55.0 1.7285283239774794
55.0 1.726097928450864
55.0 1.7111029535530198
55.0 1.7154625772341963
55.0 1.7156625473850409
55.0 1.7271564988649282
55.0 1.726984804184938
55.0 1.7189237023773691
55.0 1.72010045555269
55.0 1.726611057911672
55.0 1.7294982194944004
55.0 1.7291771912131393
55.0 1.722881467549326
55.0 1.7247954908944796
55.0 1.7176164061802162
55.0 1.7169919323802971
55.0 1.7177010444299772
55.0 1.7166493953095041
55.0 1.7179730916546394
55.0 1.719980654324525
55.0 1.7189851550082322
55.0 1.7258903265769292
55.0 1.7214171470395696
55.0 1.7214179993287575
55.0 1.714672050865797
55.0 1.7106938182850278
55.0 1.7099633613351315
55.0 1.7157518581064182
55.0 1.7130244415931963
55.0 1.7168806464036535
55.0 1.720675920547006
55.0 1.7083333070761302
55.0 1.701074665004648
55.0 1.6961415375997755
55.0 1.6972715362606359
55.0 1.6971969514046596
55.0 1.7066704802701675
55.0 1.7052230818721494
55.0 1.7086811192245883
55.0 1.7156135966242454
55.0 1.7135591130037837
55.0 1.7203016548567813
55.0 1.7167121944443102
55.0 1.710420235464903
55.0 1.7096111011959862
55.0 1.7192455829478257
55.0 1.7187943419701681
55.0 1.7251718192375312
55.0 1.7236221720781348
