3.0 2.4399617796877524
3.0 2.4622609193702445
3.0 2.4639225383593693
3.0 2.467808961395998
3.0 2.4643143868122
3.0 2.45877181150244
3.0 2.4647705725420934
3.0 2.4646756867134214
3.0 2.468564500181508
3.0 2.4667614047385675
3.0 2.463608845261802
3.0 2.474585622299888
3.0 2.4621484533257654
3.0 2.466749124802639
3.0 2.464926058712432
3.0 2.4610148841656234
3.0 2.4651670354217257
3.0 2.4714770991274913
3.0 2.4717196139790496
3.0 2.4693384714720157
3.0 2.47115505466772
3.0 2.466285934214484
3.0 2.4769717095591575
3.0 2.477527917508284
3.0 2.4696763941160067
3.0 2.4705403064829503
3.0 2.465191786931906
3.0 2.4647181848755233
3.0 2.46324567689288
3.0 2.4627543281845763
3.0 2.46796477789177
3.0 2.4674421947787835
3.0 2.471171263177374
3.0 2.4703355089305763
3.0 2.4659889715903276
3.0 2.465464850335073
3.0 2.4624696454963466
3.0 2.473276265996709
3.0 2.469195456875931
3.0 2.4625498609576324
3.0 2.4664412287464956
3.0 2.4714770991274904
3.0 2.4751394398175575
3.0 2.475464560561862
3.0 2.467779265133583
3.0 2.469889212705151
3.0 2.466378429611696
3.0 2.4688911590680807
3.0 2.4752343256462295
3.0 2.467364203312841
3.0 2.4646514571669984
3.0 2.4692652608689896
3.0 2.462270314659964
3.0 2.471419244744924
3.0 2.4701974390867263
3.0 2.468672873762945
3.0 2.4718873800853167
3.0 2.47264838558682
3.0 2.4694804698895916
3.0 2.4746866606976288
3.0 2.4725296005371566
3.0 2.471095662142888
3.0 2.4665960290637576
3.0 2.4653803759746276
3.0 2.469054996600621
3.0 2.473162095373846
3.0 2.464112665544357
3.0 2.46360782908329
3.0 2.466615313857945
3.0 2.4637948799837446
3.0 2.469648235995858
3.0 2.4721288787583657
3.0 2.471001106639649
3.0 2.4661744843485143
3.0 2.470356331867032
3.0 2.4691985331604647
3.0 2.4746153185623023
3.0 2.461429945986365
3.0 2.4696378245276285
3.0 2.47406150104463
3.0 2.4713004596952626
3.0 2.473062595118372
3.0 2.479111875356897
3.0 2.472963094862896
3.0 2.4658246120940253
3.0 2.467681303020375
3.0 2.4642862286920475
3.0 2.470739306993898
3.0 2.465358014895903
3.0 2.46552578100217
3.0 2.46261164391392
3.0 2.461413737476709
3.0 2.4671722076601497
3.0 2.4664386744257176
3.0 2.4618031954980806
3.0 2.4682320442535066
3.0 2.4657355233067753
3.0 2.468261740515923
3.0 2.4678089613959946
3.0 2.4768182834948393
3.0 2.4742990711439545
3.0 2.4725534997581438
3.0 2.474230805293163
3.0 2.4766566699576424
3.0 2.474413597294457
3.0 2.475022192910158
3.0 2.4717813969353375
3.0 2.4674155748008997
3.0 2.4692251531383445
3.0 2.47402600774079
3.0 2.475011781441931
3.0 2.4735643552948994
3.0 2.4691568872875505
3.0 2.475996017000806
3.0 2.4712842511856064
3.0 2.4746796558393647
3.0 2.468631227890029
3.0 2.4740888068755864
3.0 2.4707200221997114
3.0 2.4699223155775303
3.0 2.463912126891139
3.0 2.457692690114887
3.0 2.4578870761990337
3.0 2.4544904637284426
3.0 2.4566845553350234
3.0 2.4581937644383447
3.0 2.458224998843027
3.0 2.462717627063896
3.0 2.4574520437310277
3.0 2.470644421165225
3.0 2.4669098860506415
3.0 2.4776065948273023
3.0 2.473454443571198
3.0 2.4693142419255913
3.0 2.469027690769661
3.0 2.4746762492294003
3.0 2.4747653380166463
3.0 2.4762883651981626
3.0 2.474241216761391
3.0 2.4724316384239495
3.0 2.4797774730659703
3.0 2.4801836615607518
3.0 2.472746347700025
3.0 2.472363372573157
3.0 2.4710227818652934
3.0 2.4777342532029274
3.0 2.4800263069227153
3.0 2.47445062874057
3.0 2.478150000876745
3.0 2.480954226241294
3.0 2.4758861052771084
3.0 2.4798126360443793
3.0 2.479131160151087
3.0 2.4800872375898133
3.0 2.4837449638530793
3.0 2.4830488175924
3.0 2.4846640098456967
3.0 2.4756396618518237
3.0 2.4787362354137232
3.0 2.4771626890333374
3.0 2.480311319936375
3.0 2.479131160151087
3.0 2.4780103928906265
3.0 2.477783234259529
3.0 2.474155204258679
3.0 2.4739369189535445
3.0 2.4712113709080152
3.0 2.4680330437425626
3.0 2.468622354564074
3.0 2.454614715494104
3.0 2.4606913015635867
3.0 2.4654232044621627
3.0 2.463064423033852
3.0 2.462779410020191
3.0 2.4604962296263633
3.0 2.4597406908408526
3.0 2.4593874119764
3.0 2.459825851054373
3.0 2.4574679219152555
3.0 2.4557107312443827
3.0 2.4558230333995392
3.0 2.447318878087192
3.0 2.4494465723106833
3.0 2.4519381485051785
3.0 2.4531881122835273
3.0 2.4589805376285394
3.0 2.4551372986070907
3.0 2.4525097126747695
3.0 2.4545063419126674
3.0 2.4568994340301975
3.0 2.4633124046014063
3.0 2.4562804269462712
3.0 2.4536142714255753
3.0 2.4559464328760057
3.0 2.449640297743966
3.0 2.450456767196574
3.0 2.4452995574451406
3.0 2.4470661156567255
3.0 2.4459458703600276
3.0 2.4546732557297437
3.0 2.4572245547745024
3.0 2.4591664059143747
3.0 2.456001210974037
3.0 2.4541885563520562
3.0 2.4539883732264833
3.0 2.448966157034369
3.0 2.445247500104005
3.0 2.445082288318517
3.0 2.4452720574290647
3.0 2.4507387039257034
3.0 2.4515150656476683
3.0 2.4476020226331587
3.0 2.4473289592299903
3.0 2.4412934970696583
3.0 2.4417887743516857
3.0 2.4428428139036216
3.0 2.4471033387411616
3.0 2.4416314197136506
3.0 2.440022710354857
3.0 2.4436002211568337
3.0 2.444488885033959
3.0 2.444512262291191
3.0 2.44434655629095
3.0 2.4442694171141977
3.0 2.439813984228754
3.0 2.4401044639584093
3.0 2.441256465623551
3.0 2.437776231081704
3.0 2.4395811949923445
3.0 2.438747995066325
3.0 2.4419729128569254
3.0 2.4455139141765536
3.0 2.448399207291578
3.0 2.4476213074273447
3.0 2.452018363966465
3.0 2.4523083217323633
3.0 2.447617378853621
3.0 2.446529714465546
3.0 2.44599724184809
3.0 2.4410886995172874
3.0 2.4411859757774157
3.0 2.43947435955318
3.0 2.4389429031142313
3.0 2.441007798202921
3.0 2.443801612099238
3.0 2.4395009795310587
3.0 2.4366404379262168
3.0 2.439561910198159
3.0 2.4405415313302297
3.0 2.444737360816264
3.0 2.4401303980832116
3.0 2.4438744923768327
3.0 2.4432732319448274
3.0 2.448483845541341
