8.0 2.3083471787307346
8.0 2.336119089729929
8.0 2.3300547835963727
8.0 2.3394725181853437
8.0 2.3396892653482135
8.0 2.3366659023893392
8.0 2.3398025836818834
8.0 2.3386471754067752
8.0 2.338604677244673
8.0 2.3364337990060062
8.0 2.3337259976123987
8.0 2.3379005099472234
8.0 2.3430442319458953
8.0 2.3446147020417465
8.0 2.3456212986793448
8.0 2.3439378405752573
8.0 2.3365317611192116
8.0 2.3402207217871602
8.0 2.339769480809501
8.0 2.3383428775989255
8.0 2.3383621623931123
8.0 2.3363936912753633
8.0 2.3385002322369637
8.0 2.335381297596339
8.0 2.3378677374002743
8.0 2.3363238872823033
8.0 2.3322654392402495
8.0 2.338558086619527
8.0 2.34082931740286
8.0 2.342609199477888
8.0 2.334682075051126
8.0 2.33538129759634
8.0 2.337703047578542
8.0 2.342432560045662
8.0 2.3397590693412704
8.0 2.3393120872627713
8.0 2.3404478804182585
8.0 2.3408100326086716
8.0 2.3412049573460356
8.0 2.3394027141922846
8.0 2.339287005427157
8.0 2.3351853733699235
8.0 2.3402697028437647
8.0 2.341154438147165
8.0 2.3417942681675474
8.0 2.3360091780062273
8.0 2.339343321667452
8.0 2.340652677970632
8.0 2.337070552741854
8.0 2.3415551599259543
8.0 2.3402504180495765
8.0 2.3415597743527568
8.0 2.3437152963709598
8.0 2.347686193768034
8.0 2.346124596998144
8.0 2.3455322098920997
8.0 2.342472667776308
8.0 2.3516632437341785
8.0 2.3416369135295083
8.0 2.3499396778994477
8.0 2.3409585139207505
8.0 2.3453868048645536
8.0 2.3441946954687696
8.0 2.350528988720958
8.0 2.3500079437502386
8.0 2.347374560776493
8.0 2.34778569402351
8.0 2.347825801754152
8.0 2.3450898422403967
8.0 2.352812169114786
8.0 2.3452279120842476
8.0 2.3482770427318123
8.0 2.352210908682778
8.0 2.345227912084248
8.0 2.344123353333443
8.0 2.34681186993286
8.0 2.3436929352922378
8.0 2.346093362593461
8.0 2.3478362132223807
8.0 2.34359497317903
8.0 2.353794866531389
8.0 2.3530169666671577
8.0 2.3472141298539175
8.0 2.347499142867579
8.0 2.348976265277026
8.0 2.3479310990510505
8.0 2.3451284118287714
8.0 2.3460829511252292
8.0 2.3454342477788876
8.0 2.340789209672214
8.0 2.3407625896943323
8.0 2.3351799066539303
8.0 2.3375547886480836
8.0 2.345089842240396
8.0 2.3429061621020444
8.0 2.3452680198148914
8.0 2.348128561419734
8.0 2.3400336708867058
8.0 2.339946120241726
8.0 2.343810182199634
8.0 2.3481374347456954
8.0 2.34704790188992
8.0 2.349074227390233
8.0 2.345109127034585
8.0 2.3462773372093797
8.0 2.345590064274663
8.0 2.33892177695221
8.0 2.3411069952328285
8.0 2.3416369135295083
8.0 2.340605235056297
8.0 2.3456405834735334
8.0 2.344409904489372
8.0 2.345925596487194
8.0 2.3472438261163333
8.0 2.3525553142212727
8.0 2.3423538827266404
8.0 2.341283634665054
8.0 2.343219333235855
8.0 2.348285916057773
8.0 2.3454936403037228
8.0 2.347499142867582
8.0 2.340860551807546
8.0 2.339042100144141
8.0 2.3435830235685366
8.0 2.34243409818793
8.0 2.3454832288354934
8.0 2.3463278564082537
8.0 2.340740228615612
8.0 2.333706712818211
8.0 2.336194690764415
8.0 2.3347889104902944
8.0 2.342260865365671
8.0 2.3448626836093003
8.0 2.348777264766078
8.0 2.3443832845114914
8.0 2.340477576680674
8.0 2.3457443426281657
8.0 2.341087710438641
8.0 2.3414097548984123
8.0 2.347861295057995
8.0 2.3490148348654025
8.0 2.344498993276621
8.0 2.3460547930050866
8.0 2.347705478562224
8.0 2.3437716126112593
8.0 2.3486125749443474
8.0 2.3521337695060294
8.0 2.352104073243612
8.0 2.3427785037264237
8.0 2.3371804644655567
8.0 2.344233265057147
8.0 2.346072539657007
8.0 2.351008387818767
8.0 2.349535879836123
8.0 2.3455129250979114
8.0 2.3423434712584164
8.0 2.345373317111791
8.0 2.347133914392632
8.0 2.3482191883492507
8.0 2.3445109428871147
8.0 2.34316301699556
8.0 2.3478153902859282
8.0 2.3472735223787518
8.0 2.34537639339633
8.0 2.3438591632562398
8.0 2.3439586635117133
8.0 2.3426597186767615
8.0 2.3440180560365462
8.0 2.3461913247066692
8.0 2.335890392956567
8.0 2.329017802296492
8.0 2.328141940319052
8.0 2.326405930659072
8.0 2.327627736317272
8.0 2.32843533244392
8.0 2.330944133326579
8.0 2.3257633798818
8.0 2.327069659900446
8.0 2.333283629960704
8.0 2.317434325859413
8.0 2.3236073358998346
8.0 2.310286969764582
8.0 2.3132193754685098
8.0 2.316759854824377
8.0 2.3154786566413463
8.0 2.315099088124445
8.0 2.3170641526322293
8.0 2.314146086970255
8.0 2.3083988805442326
8.0 2.3114541637608674
8.0 2.3112420310248
8.0 2.3148106685008165
8.0 2.317005776285905
8.0 2.3188826042956325
8.0 2.322426159936039
8.0 2.3262516523055683
8.0 2.321667544865992
8.0 2.32113916471158
8.0 2.3193056871531463
8.0 2.3191290477209194
8.0 2.315910612824818
8.0 2.3092245788504444
8.0 2.3171027222206044
8.0 2.3146324909263223
8.0 2.309693566480025
8.0 2.3102280992035102
8.0 2.3071816893128325
8.0 2.3037541979652034
8.0 2.2973038404202413
8.0 2.2975004504997334
8.0 2.29320783896832
8.0 2.29315971020091
8.0 2.2952983378563827
8.0 2.2941913886741183
8.0 2.290297630453796
8.0 2.2970789057844874
8.0 2.297164587961766
8.0 2.3017952860264863
8.0 2.299129982794981
8.0 2.305058087552387
8.0 2.3086980671637307
8.0 2.30888118949046
8.0 2.310504238891208
8.0 2.3047329668080816
8.0 2.307569278866502
8.0 2.309194882588028
8.0 2.304046546162555
8.0 2.305102123856757
8.0 2.3023692406275353
8.0 2.3011979541682064
8.0 2.299741654695212
8.0 2.3035929147534353
8.0 2.308855421801768
8.0 2.312039215683218
8.0 2.3125018843076157
8.0 2.3107105745858494
8.0 2.3087822111987437
8.0 2.3109169102804925
8.0 2.307967279888403
8.0 2.305528282998803
8.0 2.308497198185081
8.0 2.3107996633730954
8.0 2.313237122120427
8.0 2.3142838264886683
8.0 2.3169291590729086
8.0 2.316602500186337
8.0 2.314243718758025
8.0 2.3078396215127768
8.0 2.309585878751664
8.0 2.3167718044348695
8.0 2.3074863426483234
8.0 2.299870851213105
8.0 2.3021227972022476
8.0 2.296845264258885
