100.0 1.1143454244343138
100.0 1.1524759239392706
100.0 1.1566971933353571
100.0 1.1566883200093967
100.0 1.1590204814598275
100.0 1.146166026669621
100.0 1.157291118583671
100.0 1.1583243351991495
100.0 1.161941953731769
100.0 1.162672410681667
100.0 1.1645190204652192
100.0 1.1574261121429845
100.0 1.1611408404996229
100.0 1.1587354684461668
100.0 1.1642756533244687
100.0 1.1597999194663287
100.0 1.1573802073709167
100.0 1.1632320252407613
100.0 1.1677389935035847
100.0 1.1659992191592006
100.0 1.1651723382383643
100.0 1.163527449722652
100.0 1.1663613713496155
100.0 1.1644033117000914
100.0 1.1666344347527813
100.0 1.1639891021685398
100.0 1.167679600978754
100.0 1.1730593549344823
100.0 1.1731172093170477
100.0 1.1754212126473291
100.0 1.1707391430945469
100.0 1.1697356227414837
100.0 1.1698351229969572
100.0 1.1750174145840053
100.0 1.1718768047177348
100.0 1.1750945537607598
100.0 1.1704525919386193
100.0 1.1681828992975543
100.0 1.167896348141625
100.0 1.1669803784335409
100.0 1.1697059264790688
100.0 1.1786276979329326
100.0 1.161441731697507
100.0 1.1669699669653126
100.0 1.1748110788893646
100.0 1.1788830146841798
100.0 1.167027821347878
100.0 1.1738831595707842
100.0 1.173716931606785
100.0 1.1688061652806365
100.0 1.169218836669922
100.0 1.1747397367540355
100.0 1.1716994794324325
100.0 1.176852074757063
100.0 1.1735075196276086
100.0 1.1693110017417045
100.0 1.1726442931137406
100.0 1.1770437400843192
100.0 1.174550295422124
100.0 1.1775350887926246
100.0 1.175059390782349
100.0 1.1720959423120625
100.0 1.1717901063619467
100.0 1.17169214424874
100.0 1.1675102967302202
100.0 1.1719995183411234
100.0 1.166387991327496
100.0 1.174330141649288
100.0 1.158558829013943
100.0 1.1729629309635436
100.0 1.1733740642105612
100.0 1.1683356395087907
100.0 1.1726169872827843
100.0 1.1666344347527813
100.0 1.1667871229657105
100.0 1.1705119844634513
100.0 1.1718479607445116
100.0 1.1748970913920749
100.0 1.1687571842240323
100.0 1.1578606226472352
100.0 1.1696746920743841
100.0 1.1670366946738349
100.0 1.1642444189197831
100.0 1.160083394337722
100.0 1.1632320252407622
100.0 1.163436822793138
100.0 1.1687107574882067
100.0 1.1669371944183613
100.0 1.1702759525063924
100.0 1.1633924561633346
100.0 1.1712304918028504
100.0 1.1664947188228516
100.0 1.167983795522008
100.0 1.1809656564247892
100.0 1.1792436287323251
100.0 1.1769225368541918
100.0 1.1808364599068988
100.0 1.1827856462304611
100.0 1.1855898715950084
100.0 1.1831998557620125
100.0 1.1786469827271198
100.0 1.175342535328308
100.0 1.1748704714141929
100.0 1.1700399205493321
100.0 1.1715259162847391
100.0 1.1720766575178736
100.0 1.1736799001606757
100.0 1.1762376820999378
100.0 1.179444167385542
100.0 1.1806628967592074
100.0 1.18373131220096
100.0 1.1834046533143876
100.0 1.1848208450567361
100.0 1.180691054879356
100.0 1.172557594757951
100.0 1.1728385435050688
100.0 1.172259093991527
100.0 1.1768728976935172
100.0 1.1813575048776186
100.0 1.1785563557976075
100.0 1.1774548733313381
100.0 1.1742098184573584
100.0 1.1678250060062987
100.0 1.1662514596259117
100.0 1.170854851859676
100.0 1.1714368274974947
100.0 1.1740420523510924
100.0 1.1737049819962935
100.0 1.173637000966624
100.0 1.1788928764396458
100.0 1.1781510195920184
100.0 1.178789311470132
100.0 1.1799798827236507
100.0 1.1788101344065887
100.0 1.177235049883934
100.0 1.1772959805510326
100.0 1.1773094683037946
100.0 1.1807030044898519
100.0 1.178656350267836
100.0 1.1773164454130485
100.0 1.179475046262584
100.0 1.1875760893646803
100.0 1.1870149366633183
100.0 1.1856477259775724
100.0 1.1881461153920045
100.0 1.186158359480066
100.0 1.181280365700868
100.0 1.1802189909652412
100.0 1.1829325894002745
100.0 1.178271342783947
100.0 1.1778883676570766
100.0 1.1734037604729755
100.0 1.1751435348173613
100.0 1.1765612647019759
100.0 1.1760595045254427
100.0 1.1731083359910848
100.0 1.1700503320175588
100.0 1.170394737556051
100.0 1.1709069092008104
100.0 1.166558833718293
100.0 1.1645726159486225
100.0 1.169036400196268
100.0 1.1720083916670814
100.0 1.1735433684590912
100.0 1.1738862358553164
100.0 1.1774861077360177
100.0 1.1754968136818116
100.0 1.1686295258484105
100.0 1.1722575558492598
100.0 1.1680430996731113
100.0 1.1664294455620814
100.0 1.1692344712175156
100.0 1.1695809888603386
100.0 1.175606725405516
100.0 1.1759792890641605
100.0 1.1690259887280445
100.0 1.1653443632437892
100.0 1.1659116433120094
100.0 1.162741859147083
100.0 1.1551383173223566
100.0 1.1270466041640586
100.0 1.132881295231764
100.0 1.1425650336608946
100.0 1.1410388157570377
100.0 1.1502157400728314
100.0 1.1557436450152043
100.0 1.139278054586877
100.0 1.1376763500863414
100.0 1.142728756755625
100.0 1.1416179067486456
100.0 1.1406386159420032
100.0 1.140515050029423
100.0 1.1454923801747772
100.0 1.1377686790474397
100.0 1.1403674210065378
100.0 1.1409739565162083
100.0 1.1396205916576663
100.0 1.1326950913672578
100.0 1.1367465623000614
100.0 1.1384846320660647
100.0 1.1399380191438393
100.0 1.1433644943129624
100.0 1.1415929913491423
100.0 1.1403909924488862
100.0 1.1406509236269382
100.0 1.141871521468301
100.0 1.1368963441642743
100.0 1.1459389046984794
100.0 1.125590026988106
100.0 1.1302580965388793
100.0 1.132725995446511
100.0 1.1303670501288825
100.0 1.142766832129245
100.0 1.1330712810232035
100.0 1.1435700054674187
100.0 1.1310981954786476
100.0 1.1319235382572197
100.0 1.1352117771463754
100.0 1.1254928210340904
100.0 1.109953281456641
100.0 1.1250963581544582
100.0 1.1304849854361454
100.0 1.1249702379211046
100.0 1.1263166256703885
100.0 1.1242667564767308
100.0 1.1369573485321833
100.0 1.132306513384084
100.0 1.136546215285169
100.0 1.1267636077488927
100.0 1.1297251877514791
100.0 1.143680769480311
100.0 1.1275727420178083
100.0 1.131230468281075
100.0 1.1313149426415159
100.0 1.1219658294309804
100.0 1.1361069239180028
100.0 1.1380472369156018
100.0 1.1286252434274742
100.0 1.1336413070505245
100.0 1.1400938633886153
100.0 1.1363613883800572
100.0 1.1336071602506261
100.0 1.1288271285846332
100.0 1.1322751125432924
100.0 1.134817180187648
100.0 1.1267697325689559
100.0 1.1282837225351945
100.0 1.1329884834921298
100.0 1.129111289309106
100.0 1.1360493973140768
100.0 1.1314359239375162
100.0 1.126436590787884
100.0 1.1272670699570146
100.0 1.1277884452531652
