25.0 2.113990435940205
25.0 2.1456128904012477
25.0 2.1429620911010163
25.0 2.151144201953591
25.0 2.14956757928867
25.0 2.1443644647651685
25.0 2.1506898846913938
25.0 2.1526093747525437
25.0 2.149675952870106
25.0 2.1494013513246717
25.0 2.1442680407942296
25.0 2.1476793236322074
25.0 2.1515241007959243
25.0 2.1504137450036933
25.0 2.155469916357386
25.0 2.15382656598394
25.0 2.142917038618138
25.0 2.1573878682762646
25.0 2.1523035388024256
25.0 2.151389107236608
25.0 2.155294815067426
25.0 2.1566813105473592
25.0 2.153709319076545
25.0 2.1473349180937147
25.0 2.1500990357276177
25.0 2.1541636363387404
25.0 2.152549982227711
25.0 2.158826421097334
25.0 2.1564348671220723
25.0 2.150542419557829
25.0 2.152189698504999
25.0 2.145259611536795
25.0 2.15066906175494
25.0 2.1485952933402914
25.0 2.1446969206931668
25.0 2.1496462566076913
25.0 2.1493330854738795
25.0 2.144420781005464
25.0 2.1506675236126735
25.0 2.147285937037111
25.0 2.1512406259245296
25.0 2.150925916648455
25.0 2.1470988861366576
25.0 2.1528839762979755
25.0 2.149922396295391
25.0 2.1559435184137685
25.0 2.1563353668665988
25.0 2.159443890038996
25.0 2.1592553009962745
25.0 2.1587446674937807
25.0 2.1566797724050897
25.0 2.1577530967512137
25.0 2.152333235064839
25.0 2.1538161545157126
25.0 2.1579362190779428
25.0 2.154763358628478
25.0 2.15911876929469
25.0 2.1566130446965652
25.0 2.157221640312266
25.0 2.161246133192747
25.0 2.1559484631660037
25.0 2.1569277539726435
25.0 2.15734776054562
25.0 2.1626118057362227
25.0 2.1600169923508523
25.0 2.1597215678689623
25.0 2.158884275479898
25.0 2.161401949688516
25.0 2.1614405192768924
25.0 2.164195763584835
25.0 2.1623356660485205
25.0 2.164117086265818
25.0 2.161510323269953
25.0 2.153256539956616
25.0 2.1581908499761093
25.0 2.162729052643617
25.0 2.1561691389025994
25.0 2.1498124845716875
25.0 2.150618542556068
25.0 2.1544174149477193
25.0 2.1541743781323994
25.0 2.1621204570279193
25.0 2.1601045429958323
25.0 2.1640785166774426
25.0 2.1694197010447946
25.0 2.167442356601085
25.0 2.1639156953234093
25.0 2.1622866849919173
25.0 2.163220401351922
25.0 2.1579193247152118
25.0 2.163223477636457
25.0 2.1521532757114485
25.0 2.1529174654412984
25.0 2.1606938538173455
25.0 2.1601164926063303
25.0 2.157972398234862
25.0 2.1638039151320103
25.0 2.1594662511177196
25.0 2.15695011505137
25.0 2.1597481878468465
25.0 2.1629161035440747
25.0 2.1648548783994097
25.0 2.1644792384562335
25.0 2.1672641790265916
25.0 2.1666733300628134
25.0 2.165620828653146
25.0 2.1638602313723063
25.0 2.161231107297718
25.0 2.160563119157188
25.0 2.16140194968852
25.0 2.155459504889161
25.0 2.1596606372018687
25.0 2.162208007672902
25.0 2.1623372041907927
25.0 2.1572963890575623
25.0 2.142508682073521
25.0 2.1494472560967446
25.0 2.1480653750436147
25.0 2.14727860185342
25.0 2.1435776915749774
25.0 2.1585101736789944
25.0 2.156485386320946
25.0 2.160910600980214
25.0 2.163134388849211
25.0 2.1642566942519372
25.0 2.1681816868769417
25.0 2.1628686606297345
25.0 2.165059675951783
25.0 2.1605086713845907
25.0 2.158918394530794
25.0 2.1523038691278615
25.0 2.145849416573062
25.0 2.146964222902777
25.0 2.1450887691459997
25.0 2.1453794127649717
25.0 2.153454002325304
25.0 2.1577885900550573
25.0 2.1601064114635333
25.0 2.1473256372418055
25.0 2.142607768309047
25.0 2.150069339465202
25.0 2.1556762520520287
25.0 2.1510713216759973
25.0 2.1494889019696517
25.0 2.145859333826536
25.0 2.147769950561723
25.0 2.151151537137285
25.0 2.1475902348449614
25.0 2.148347311772738
25.0 2.138808071377215
25.0 2.1424256899098353
25.0 2.1520659687031016
25.0 2.1517231013068763
25.0 2.1551270489611607
25.0 2.153415432736923
25.0 2.153120008255033
25.0 2.151200518193887
25.0 2.144587008969463
25.0 2.1414190932722352
25.0 2.1505591500312375
25.0 2.150036566918249
25.0 2.1527902730839252
25.0 2.157543684772036
25.0 2.1553511313077234
25.0 2.1487985527503968
25.0 2.1499041276797115
25.0 2.1393110141683684
25.0 2.1416863596339755
25.0 2.1472538503432372
25.0 2.1404413406078637
25.0 2.1402983260117794
25.0 2.139575782154839
25.0 2.136993878612967
25.0 2.1292746280231127
25.0 2.1310410223453795
25.0 2.1363066056782456
25.0 2.138857052433813
25.0 2.14185412574024
25.0 2.1358715732102387
25.0 2.125325736177116
25.0 2.1233336936170124
25.0 2.1025342320553038
25.0 2.08780344302263
25.0 2.0998021729187784
25.0 2.103126260639417
25.0 2.109860945344962
25.0 2.108966650862527
25.0 2.1059279316831905
25.0 2.1164945916527667
25.0 2.10246459150407
25.0 2.1073321738150397
25.0 2.1047462337556326
25.0 2.1127520355014147
25.0 2.110823672114307
25.0 2.1129911437430082
25.0 2.113228713842334
25.0 2.1122301382415043
25.0 2.0999114239916157
25.0 2.1064312300019914
25.0 2.1066483074902913
25.0 2.1059907308179886
25.0 2.1128040928425533
25.0 2.112084211250205
25.0 2.109104884595702
25.0 2.106533451014357
25.0 2.1038510869840077
25.0 2.0978726269170496
25.0 2.098598361496333
25.0 2.0855406472960185
25.0 2.0824668730820868
25.0 2.080588012715342
25.0 2.0806376796250188
25.0 2.088504559237757
25.0 2.076562473360548
25.0 2.0744059351638353
25.0 2.080825224740224
25.0 2.086648884489922
25.0 2.0851091268349955
25.0 2.0890042593082647
25.0 2.0848758433838332
25.0 2.0832447729463173
25.0 2.081161115027195
25.0 2.0883069329797572
25.0 2.076257353559308
25.0 2.0764251196655765
25.0 2.0694984393073406
25.0 2.0776542605074706
25.0 2.0797072059856614
25.0 2.0816444426987277
25.0 2.084291313425238
25.0 2.077855981775305
25.0 2.0812807523660464
25.0 2.082981957122058
25.0 2.07810396334286
25.0 2.0807138026232597
25.0 2.0805564479852228
25.0 2.080241738709146
25.0 2.070767687879876
25.0 2.072415983005557
25.0 2.074507167746695
25.0 2.0696573320876497
25.0 2.070944327312103
25.0 2.0788922746753227
25.0 2.072708000877479
25.0 2.0800072448943543
25.0 2.076456354070258
25.0 2.0666336388033377
25.0 2.0732548135368876
25.0 2.0807539103539026
25.0 2.074502908847534
25.0 2.0834905557207395
25.0 2.075477393589051
25.0 2.0804257133250617
25.0 2.084524624625405
