96.0 1.293326933332138
96.0 1.3321392173533155
96.0 1.3333509418687217
96.0 1.335625248936591
96.0 1.3356738996677588
96.0 1.3215367085522534
96.0 1.331220857213774
96.0 1.335041404831069
96.0 1.3328280284303025
96.0 1.338574549003245
96.0 1.3313821404255397
96.0 1.3086513748850066
96.0 1.3358208428375709
96.0 1.3416684018082572
96.0 1.3462093252326537
96.0 1.350352603162797
96.0 1.3386844607269481
96.0 1.3431409097909006
96.0 1.3416549140554923
96.0 1.341084888028171
96.0 1.3441413538594293
96.0 1.346032685800429
96.0 1.3491620319092776
96.0 1.3419414652114214
96.0 1.3431023402025253
96.0 1.3463176988140897
96.0 1.3364132299436158
96.0 1.3496533806175834
96.0 1.3421863704944423
96.0 1.3423734213948966
96.0 1.3456986917301628
96.0 1.3448421145469092
96.0 1.3485399485408152
96.0 1.3479313529251193
96.0 1.3431948355997385
96.0 1.3385271060889128
96.0 1.3476864476421
96.0 1.3526342454143592
96.0 1.3511112182328417
96.0 1.3493668294616554
96.0 1.345254785936194
96.0 1.344952026270614
96.0 1.350919552905586
96.0 1.3463072873458621
96.0 1.3448694203778688
96.0 1.347959511045268
96.0 1.3551727425594304
96.0 1.3571534936131078
96.0 1.3577201130304646
96.0 1.3610052756350874
96.0 1.357730524498692
96.0 1.3583302467884306
96.0 1.3614788776914704
96.0 1.352693637939188
96.0 1.355812572579813
96.0 1.3481986192868611
96.0 1.3413451495316524
96.0 1.3455235904402032
96.0 1.3521420444168624
96.0 1.3481615878407514
96.0 1.3490551964701116
96.0 1.3460342239426955
96.0 1.347275314395083
96.0 1.3443449687971796
96.0 1.3473732765082895
96.0 1.3516950623383592
96.0 1.3540623867671993
96.0 1.3496861531645326
96.0 1.3553123505455482
96.0 1.3523700553371505
96.0 1.3545537354755035
96.0 1.3523418972170032
96.0 1.353057328271869
96.0 1.350452103418271
96.0 1.3593751671155028
96.0 1.3607958636559112
96.0 1.3615242604997826
96.0 1.3617504029523702
96.0 1.3564419911319672
96.0 1.3546388956890252
96.0 1.352833245925306
96.0 1.344757640186465
96.0 1.3497752419517812
96.0 1.3537893233640326
96.0 1.359177950645721
96.0 1.3525466947693765
96.0 1.3500101220375087
96.0 1.349121924178635
96.0 1.3449713110648014
96.0 1.3520730927129936
96.0 1.3564107567272825
96.0 1.3560222286431152
96.0 1.3410384335433392
96.0 1.3476077703230827
96.0 1.34886814556966
96.0 1.3495653080088477
96.0 1.348482094158256
96.0 1.3523179979960145
96.0 1.3532131447676417
96.0 1.3532829487606994
96.0 1.3594702988430762
96.0 1.3581239110937882
96.0 1.3626574993344933
96.0 1.3613007001169768
96.0 1.3622448279452077
96.0 1.3588111840285062
96.0 1.3564805607203427
96.0 1.3517495101109558
96.0 1.3490833545902592
96.0 1.3514348008348784
96.0 1.3510815219704255
96.0 1.3518073644935191
96.0 1.3473717383660226
96.0 1.3404273113558691
96.0 1.3434895742285542
96.0 1.3453764274355733
96.0 1.3463694006275901
96.0 1.3531892455466563
96.0 1.3528984354915685
96.0 1.3489259999522267
96.0 1.34558298296504
96.0 1.3395128797900564
96.0 1.3389309041522401
96.0 1.338311897068312
96.0 1.3349079494140277
96.0 1.339717677342433
96.0 1.3418226801617668
96.0 1.346588371785803
96.0 1.3487198866392043
96.0 1.3483247395202198
96.0 1.3519141999326927
96.0 1.346731908345647
96.0 1.3474592890110098
96.0 1.3426480229403375
96.0 1.3405488171624296
96.0 1.345710285813019
96.0 1.35309589786025
96.0 1.360260148317811
96.0 1.3466545255322644
96.0 1.3478156164109953
96.0 1.3512670347286173
96.0 1.3516484717132187
96.0 1.3486244229012656
96.0 1.3481523589871507
96.0 1.3465090086137044
96.0 1.3481330741929631
96.0 1.3510263883447569
96.0 1.3528598659031912
96.0 1.352272093223948
96.0 1.3577008282362806
96.0 1.360150236594106
96.0 1.3547110901135455
96.0 1.3563127946140814
96.0 1.3552217236160398
96.0 1.355762053380947
96.0 1.3556239835370956
96.0 1.3545136277448642
96.0 1.3545225010708248
96.0 1.3537654241430461
96.0 1.3545521973332402
96.0 1.35515191962298
96.0 1.3483945435132796
96.0 1.352338820932473
96.0 1.357920982009117
96.0 1.349170905235243
96.0 1.3507325020051328
96.0 1.3473879468756822
96.0 1.3391237520941193
96.0 1.341718565479488
96.0 1.3450422976724858
96.0 1.3338581687612505
96.0 1.3332410301450237
96.0 1.3381661365131223
96.0 1.3471592501023149
96.0 1.3436291822146735
96.0 1.3404508550492187
96.0 1.3440653972973033
96.0 1.351756489767009
96.0 1.343939607389382
96.0 1.3447349235800992
96.0 1.329957850445904
96.0 1.3272238929933686
96.0 1.3285075336061674
96.0 1.3221949458754252
96.0 1.3218995213935347
96.0 1.318404780373622
96.0 1.316389552194611
96.0 1.31447995418473
96.0 1.2978629977981142
96.0 1.3037159957357856
96.0 1.3038201129648566
96.0 1.301788320748551
96.0 1.3119462379025695
96.0 1.3093425511912398
96.0 1.3065502754371867
96.0 1.3009225399139035
96.0 1.2971699278219706
96.0 1.3072141433656639
96.0 1.3065320068215076
96.0 1.3030543266004375
96.0 1.298761193105269
96.0 1.304863904937885
96.0 1.3102155007734628
96.0 1.302854309910977
96.0 1.3018284536814029
96.0 1.3028406557221042
96.0 1.2939466551814387
96.0 1.2919170778579954
96.0 1.2913496119351482
96.0 1.2947070296120793
96.0 1.305171937134338
96.0 1.3007970500356152
96.0 1.3041334176921877
96.0 1.301274441978619
96.0 1.308049728629556
96.0 1.3082992483393787
96.0 1.3024503428647474
96.0 1.3146458492764976
96.0 1.3138170721389564
96.0 1.313049089528199
96.0 1.3153310621051946
96.0 1.3091645349592718
96.0 1.3018253748500808
96.0 1.2983623649963951
96.0 1.3019672093783363
96.0 1.2947640312579645
96.0 1.3008665514522497
96.0 1.301060771100287
96.0 1.2964998770286211
96.0 1.2978592305669157
96.0 1.3035468805787882
96.0 1.303650117769662
96.0 1.3113946418334552
96.0 1.308671648108704
96.0 1.29893700545052
96.0 1.303278076074781
96.0 1.299579556227795
96.0 1.300507311657055
96.0 1.3009112736096948
96.0 1.3077271899550345
96.0 1.2933727549151148
96.0 1.2963184567334807
96.0 1.3032743113903673
96.0 1.292056393753676
96.0 1.2933247925838136
96.0 1.2974639780509147
96.0 1.3092642293998689
96.0 1.3025515754476142
96.0 1.2985270825671325
96.0 1.305409040767923
96.0 1.3064734917880834
96.0 1.3072216953899003
96.0 1.3162695870771208
96.0 1.308910950535416
