22.0 2.1438904806974612
22.0 2.185314555655835
22.0 2.1878441794749492
22.0 2.189162409104089
22.0 2.1937272317494765
22.0 2.185711018535467
22.0 2.186113278456524
22.0 2.19260492634675
22.0 2.188788307303181
22.0 2.1920364384616953
22.0 2.1872058875968343
22.0 2.1855536638974282
22.0 2.189379156266959
22.0 2.1932759907718147
22.0 2.1947307521025388
22.0 2.197395369480968
22.0 2.1893213018843936
22.0 2.1869015897889845
22.0 2.1899700052307374
22.0 2.187008425228153
22.0 2.1896360111604736
22.0 2.196206336369719
22.0 2.1950157651162012
22.0 2.1925663567583733
22.0 2.19473075210254
22.0 2.1939929599689507
22.0 2.185411665479852
22.0 2.1951048539034472
22.0 2.1933056870342322
22.0 2.1953601706546957
22.0 2.195681362825274
22.0 2.1931467942539262
22.0 2.188954535267179
22.0 2.1949563725913706
22.0 2.1973182303042176
22.0 2.189242624565375
22.0 2.1946416633152914
22.0 2.198027864317657
22.0 2.1904806387332285
22.0 2.1870381214905668
22.0 2.1928320849778475
22.0 2.1868421972641543
22.0 2.191160576484256
22.0 2.1942586881884245
22.0 2.1967273813404367
22.0 2.193886124529783
22.0 2.1819433805485
22.0 2.192125527248943
22.0 2.19420970713182
22.0 2.196648704021419
22.0 2.199945816236537
22.0 2.2055720136175503
22.0 2.19993386662604
22.0 2.1941695994011763
22.0 2.2018830529496034
22.0 2.1956378484846626
22.0 2.1932165982469836
22.0 2.2000541898179713
22.0 2.202360061615956
22.0 2.19757508519773
22.0 2.199489108542883
22.0 2.2002485759021186
22.0 2.19802632617539
22.0 2.2007117664902736
22.0 2.1957462220660977
22.0 2.1908146328034928
22.0 2.1927831039212453
22.0 2.1949178030029945
22.0 2.1968461663901007
22.0 2.1973463884243642
22.0 2.1956516665628585
22.0 2.2023269587435714
22.0 2.200514304121593
22.0 2.1959510196184717
22.0 2.1959895892068477
22.0 2.199865600775248
22.0 2.20009122126408
22.0 2.193225471572944
22.0 2.180859644734149
22.0 2.1853691673177504
22.0 2.1957550953920575
22.0 2.1998374426550997
22.0 2.2018741796236427
22.0 2.198686979132228
22.0 2.20120311519858
22.0 2.1978408134172023
22.0 2.1970277505745615
22.0 2.195792126838168
22.0 2.196246444100362
22.0 2.194830252358015
22.0 2.193835605330913
22.0 2.185810905061882
22.0 2.18700386674686
22.0 2.196391849127911
22.0 2.199804670108154
22.0 2.1971885118225702
22.0 2.1898423468551185
22.0 2.1954076135690332
22.0 2.1938444786568745
22.0 2.1964824760574237
22.0 2.193174952374078
22.0 2.1910105570299137
22.0 2.1952383093205006
22.0 2.199402410187099
22.0 2.2029444276852344
22.0 2.20157721699949
22.0 2.2053359816604967
22.0 2.2072138258487337
22.0 2.202589610678513
22.0 2.2038573211087815
22.0 2.20011050605827
22.0 2.206808489643139
22.0 2.206180609233254
22.0 2.2032695484295393
22.0 2.205444355241931
22.0 2.2041053026763358
22.0 2.2056699757307623
22.0 2.2057293682555934
22.0 2.2003183798951826
22.0 2.199748353867858
22.0 2.192950870027514
22.0 2.2011853685466614
22.0 2.203397206805161
22.0 2.2031819977845575
22.0 2.203122605259728
22.0 2.200290221775033
22.0 2.205668437588494
22.0 2.195309651455827
22.0 2.1855451208969043
22.0 2.1832402652774325
22.0 2.187084026262641
22.0 2.187624356027547
22.0 2.187487824325963
22.0 2.190450942470815
22.0 2.191335677774214
22.0 2.1935282312385267
22.0 2.193905409323972
22.0 2.193617320025775
22.0 2.178167477888132
22.0 2.1769614359763474
22.0 2.184242769451982
22.0 2.1880134837234837
22.0 2.1962063363697206
22.0 2.1945035934714427
22.0 2.1955190634350017
22.0 2.198961580677665
22.0 2.2009582099155627
22.0 2.2013026154540563
22.0 2.202956377295729
22.0 2.202465028587425
22.0 2.203271086571805
22.0 2.200122455668766
22.0 2.1953601706546966
22.0 2.1956571332788544
22.0 2.1961083742565144
22.0 2.1964720645891953
22.0 2.193244756367135
22.0 2.1887794339772233
22.0 2.18388061726157
22.0 2.1861742091236254
22.0 2.1833298760284356
22.0 2.1808507714081955
22.0 2.1784785022271214
22.0 2.1753819286652223
22.0 2.1793663138150574
22.0 2.1800505104652395
22.0 2.17630215727246
22.0 2.177008715001365
22.0 2.17962435132319
22.0 2.1832288376306943
22.0 2.1733014857177393
22.0 2.1699871488144566
22.0 2.1723266454485812
22.0 2.1665133971671118
22.0 2.167119602351354
22.0 2.1705348137630573
22.0 2.1712652707129547
22.0 2.165106078750723
22.0 2.163897760845285
22.0 2.1695536544887157
22.0 2.1656231951477185
22.0 2.1477567691975095
22.0 2.1388517564135534
22.0 2.1407558620577385
22.0 2.138869144543541
22.0 2.145255495136869
22.0 2.1508446610717735
22.0 2.1531679491962437
22.0 2.1466940479579395
22.0 2.139584931126054
22.0 2.1458494203851837
22.0 2.145623799896352
22.0 2.1419749469590497
22.0 2.147955961346782
22.0 2.151300516476237
22.0 2.1492668557922308
22.0 2.1504528126189455
22.0 2.1506888445760057
22.0 2.151447789971482
22.0 2.147863796275002
22.0 2.138876835254883
22.0 2.1454826537679708
22.0 2.1439476769759582
22.0 2.1529537563541545
22.0 2.146259015489933
22.0 2.1362060653073836
22.0 2.139488837480548
22.0 2.132686523325779
22.0 2.1246446785633903
22.0 2.121078317081027
22.0 2.127083233236543
22.0 2.1340227154944644
22.0 2.1318950212709735
22.0 2.131760027711658
22.0 2.1277683073781284
22.0 2.1368370220018065
22.0 2.133562270865409
22.0 2.138648138481516
22.0 2.133060510688877
22.0 2.1234098204273844
22.0 2.1268596728537386
22.0 2.1193694493626833
22.0 2.1169690220614616
22.0 2.1164252856865886
22.0 2.1203888478999686
22.0 2.1151425493612876
22.0 2.1182865658375265
22.0 2.1165780258978235
22.0 2.115059257615468
22.0 2.1154398423108782
22.0 2.118139622667716
22.0 2.114171801555178
22.0 2.1172767264792793
22.0 2.115994512117739
22.0 2.1166701909696073
22.0 2.1062400627016133
22.0 2.1112904370138796
22.0 2.109716535105848
22.0 2.1099162214698746
22.0 2.105072510630888
22.0 2.110805901525508
22.0 2.110139451527248
22.0 2.104078552003658
22.0 2.105992411459493
22.0 2.109126371995148
22.0 2.106254733068999
22.0 2.1148208352269524
22.0 2.1154744833255306
22.0 2.1093207580792948
22.0 2.121151721869172
22.0 2.127132214293151
22.0 2.1283113578999298
22.0 2.122518932554915
22.0 2.1248761758409622
