215.0 0.8428163716690613
215.0 0.8837525162958255
215.0 0.8819694217959493
215.0 0.8844167977967555
215.0 0.8901049420233774
215.0 0.8617840225659316
215.0 0.8829971994444413
215.0 0.8866189104401071
215.0 0.8879781000890802
215.0 0.8856425320286827
215.0 0.8869326035376743
215.0 0.8662064882718111
215.0 0.8944381832491911
215.0 0.8884230220615581
215.0 0.8923947969500332
215.0 0.890491515398541
215.0 0.8964409650561596
215.0 0.8950394436811986
215.0 0.887120340291204
215.0 0.8879631275927603
215.0 0.8948909623691207
215.0 0.8868929874749889
215.0 0.8967317751112465
215.0 0.8992118959099987
215.0 0.9006598440207871
215.0 0.897318365175868
215.0 0.8985324801227293
215.0 0.899715716192553
215.0 0.8902756205248611
215.0 0.8819416217502395
215.0 0.8914885528570993
215.0 0.8926540422750043
215.0 0.8953290711216606
215.0 0.8979165493233371
215.0 0.9070407278981181
215.0 0.8951643812999277
215.0 0.8953113244697385
215.0 0.9018326686223824
215.0 0.9021369664302304
215.0 0.9056226676880722
215.0 0.9063078805167677
215.0 0.9072822265711701
215.0 0.9095044762978992
215.0 0.8979790181327019
215.0 0.892790573976588
215.0 0.903036727628662
215.0 0.8967005407065638
215.0 0.8985060240341648
215.0 0.8922621938221732
215.0 0.8964085480368513
215.0 0.899164974959417
215.0 0.9012938769997401
215.0 0.9040788175701006
215.0 0.911109257082969
215.0 0.9115354162250122
215.0 0.8990816832135953
215.0 0.902811107139829
215.0 0.9029669236356008
215.0 0.8963503381266433
215.0 0.9060546238715446
215.0 0.9026172455662363
215.0 0.9048370771125017
215.0 0.9047305972009766
215.0 0.8923748263027673
215.0 0.8904969821145333
215.0 0.8960043944458863
215.0 0.8896554308263122
215.0 0.8908756983422436
215.0 0.8956082870938982
215.0 0.8955978756256691
215.0 0.894013917777055
215.0 0.8965790349000108
215.0 0.8987241454499862
215.0 0.8958886856807565
215.0 0.9069458420694495
215.0 0.9128729306483465
215.0 0.9066558843035507
215.0 0.9198158195162309
215.0 0.9104323956164789
215.0 0.9163357488637038
215.0 0.9128729306483438
215.0 0.9163451441534219
215.0 0.9130110004921954
215.0 0.909106830803645
215.0 0.9182037035474712
215.0 0.9142995338589213
215.0 0.911475393792614
215.0 0.9090073305481704
215.0 0.9076698161248411
215.0 0.9049265214273938
215.0 0.8977861701908245
215.0 0.8937640677418038
215.0 0.9051282426952347
215.0 0.9054163319934319
215.0 0.9084164815843934
215.0 0.9126198404392403
215.0 0.9156949026648153
215.0 0.9092017166323206
215.0 0.906920074380761
215.0 0.9042955647329766
215.0 0.9052396925612086
215.0 0.9028095689975706
215.0 0.9035280763369714
215.0 0.9030664238910838
215.0 0.9030560124228562
215.0 0.9014230735176386
215.0 0.9037938045564458
215.0 0.9036275765924471
215.0 0.9033618483729727
215.0 0.9043549572578083
215.0 0.9056820602129085
215.0 0.9081507533649223
215.0 0.9079444176702793
215.0 0.9077974745004667
215.0 0.905570610346935
215.0 0.9143577467634167
215.0 0.9226997383783083
215.0 0.9216489415470225
215.0 0.9194104833106388
215.0 0.9176988670864018
215.0 0.9183595200432384
215.0 0.9164280803715967
215.0 0.9110621444940632
215.0 0.9114417130109627
215.0 0.9101161481981295
215.0 0.9052960088014953
215.0 0.9068221122675448
215.0 0.9017778905243485
215.0 0.9019040107577031
215.0 0.8943864814356906
215.0 0.8989262222454634
215.0 0.9005190534200379
215.0 0.9053584776108594
215.0 0.9074723537561539
215.0 0.9089969190799375
215.0 0.9124201515284107
215.0 0.9139447168521926
215.0 0.9128521077118813
215.0 0.9160915879260569
215.0 0.9137977459333761
215.0 0.9144299129914274
215.0 0.9151781165932437
215.0 0.915711111174459
215.0 0.9136951971423726
215.0 0.9165869731518994
215.0 0.9158788772807265
215.0 0.9157215226426871
215.0 0.9149644457149112
215.0 0.9142266535813218
215.0 0.914649736438835
215.0 0.916892809102019
215.0 0.9142578879860045
215.0 0.9143647234251723
215.0 0.9146304516446461
215.0 0.9123279864566299
215.0 0.9136462160857699
215.0 0.9155938642670653
215.0 0.9125551450877267
215.0 0.9135482539725629
215.0 0.9144329892759627
215.0 0.9166270808825427
215.0 0.9130657785902182
215.0 0.9146185020341496
215.0 0.9147164641473579
215.0 0.9137812096450866
215.0 0.9124629800159473
215.0 0.9152255595075853
215.0 0.9130611641634205
215.0 0.9131992340072722
215.0 0.909976512463009
215.0 0.907987910755875
215.0 0.9068051901558133
215.0 0.9074110675614164
215.0 0.9061761296780976
215.0 0.9093930264319311
215.0 0.9063809272304733
215.0 0.911496491108995
215.0 0.920072318882101
215.0 0.9142887668630486
215.0 0.8985737704679968
215.0 0.8963018260825804
215.0 0.885699240611256
215.0 0.8861208532523186
215.0 0.8898624019696108
215.0 0.8885165361840767
215.0 0.8978788068219432
215.0 0.8902633153867243
215.0 0.8942534975779861
215.0 0.8892150728762129
215.0 0.8884656866597764
215.0 0.8956785626462941
215.0 0.8931740206627947
215.0 0.8888351740338838
215.0 0.8837138131139345
215.0 0.8961270828670651
215.0 0.8919822667946531
215.0 0.8914122407673339
215.0 0.8873969767404569
215.0 0.8882045728671111
215.0 0.8865492728831647
215.0 0.8976439574795115
215.0 0.8933139841765589
215.0 0.8891355684702186
215.0 0.8928698867442666
215.0 0.8972369418977497
215.0 0.8895181880694427
215.0 0.8763401712250317
215.0 0.8870264219215537
215.0 0.878263983398857
215.0 0.8969571762127501
215.0 0.8823438816712956
215.0 0.8959917337801043
215.0 0.8907014241392677
215.0 0.8932086868796607
215.0 0.8835714843709266
215.0 0.8817233364451085
215.0 0.8828915466199021
215.0 0.8869114250735776
215.0 0.8839274839922668
215.0 0.879597510689319
215.0 0.8840404720005095
215.0 0.8758684422907266
215.0 0.8819844502377803
215.0 0.8829389895342389
215.0 0.883856497384589
215.0 0.8846401942902461
215.0 0.8786206103141343
215.0 0.8880591678395612
215.0 0.8881733384624229
215.0 0.8857478293255874
215.0 0.8859394946528454
215.0 0.8964078369815686
215.0 0.8788138137836614
215.0 0.8882936616543545
215.0 0.8887834722203921
215.0 0.8762691640695196
215.0 0.8893534982477136
215.0 0.8876272116560927
215.0 0.8833250409456427
215.0 0.8744464535069563
215.0 0.8833161676196852
215.0 0.8909374560963266
215.0 0.8858604618061832
215.0 0.881377392764347
215.0 0.8859271895147012
215.0 0.8828336922373399
215.0 0.8792114592779176
215.0 0.8784617175338315
215.0 0.8772368355910926
215.0 0.8753948402343471
215.0 0.8818402278248597
215.0 0.8726959121666986
215.0 0.8736847621523766
215.0 0.8882327309872543
