236.0 0.5889630912625964
236.0 0.638861820781556
236.0 0.6358584007209422
236.0 0.6463334453315016
236.0 0.6414079808889626
236.0 0.6385542802530594
236.0 0.6461282922514806
236.0 0.6425850921387226
236.0 0.6493765872993149
236.0 0.6487975240567132
236.0 0.6418411474360672
236.0 0.6332475730110365
236.0 0.6500817985242787
236.0 0.6426652798510033
236.0 0.6524301684843635
236.0 0.6507393751965845
236.0 0.6521748517331155
236.0 0.6458212736867411
236.0 0.6308201702042914
236.0 0.6493351330647298
236.0 0.6521289469610498
236.0 0.6489209235331769
236.0 0.6494627914403528
236.0 0.6476663453280266
236.0 0.6493277978810359
236.0 0.6533403411510207
236.0 0.6468128444293092
236.0 0.6581365813266624
236.0 0.6572726689597181
236.0 0.6505642739066212
236.0 0.6502511027728104
236.0 0.6564785605858349
236.0 0.6527895999178853
236.0 0.6606588699620851
236.0 0.6513679414595449
236.0 0.6591150198441147
236.0 0.652514998372451
236.0 0.6559887500197978
236.0 0.652810422854342
236.0 0.6527733914082317
236.0 0.6519376371614353
236.0 0.6542370260649165
236.0 0.6521543843243067
236.0 0.6604791542453248
236.0 0.65642957952923
236.0 0.6512411353731138
236.0 0.6561302264736152
236.0 0.6534744824211467
236.0 0.6535971960445321
236.0 0.6560971236012308
236.0 0.6556532178072633
236.0 0.6545444001572998
236.0 0.6567369536216121
236.0 0.6455528247103733
236.0 0.6523414352247588
236.0 0.6515323009558421
236.0 0.6502985456871466
236.0 0.6521231499196223
236.0 0.6526277947423634
236.0 0.6525551061030949
236.0 0.6567843965359483
236.0 0.6544626465537463
236.0 0.658544993816789
236.0 0.6571496250108967
236.0 0.6514432121685964
236.0 0.6560763006647754
236.0 0.653301771562642
236.0 0.6514432121685966
236.0 0.6542771337955595
236.0 0.6541004943633308
236.0 0.6522492701529768
236.0 0.6559413071054591
236.0 0.6558491420336773
236.0 0.6540098674338153
236.0 0.6606428838340499
236.0 0.6635922918445208
236.0 0.6604837686721239
236.0 0.6602060908421542
236.0 0.6638179123333496
236.0 0.6688571893243126
236.0 0.664358242098259
236.0 0.6681748611418298
236.0 0.6655295285575896
236.0 0.6651361419624932
236.0 0.6698671925718788
236.0 0.6684510008295323
236.0 0.6686870327865915
236.0 0.6689913305944419
236.0 0.6682816965810012
236.0 0.6647901982817352
236.0 0.6637762664604441
236.0 0.6673222190262988
236.0 0.6647827794035264
236.0 0.666316301747783
236.0 0.6708113204001127
236.0 0.6702265962563962
236.0 0.66803679129798
236.0 0.6700245472099172
236.0 0.669945869890898
236.0 0.6685296781485501
236.0 0.6681362915534533
236.0 0.6690017420626659
236.0 0.6686083554675692
236.0 0.6694738059767821
236.0 0.6701819018479558
236.0 0.6695524832958015
236.0 0.6700245472099176
236.0 0.6704179338050141
236.0 0.6703392564859944
236.0 0.6684510008295306
236.0 0.6682149688724726
236.0 0.6667200998111062
236.0 0.6638877163264106
236.0 0.6653039080687585
236.0 0.667949240652999
236.0 0.6698989796836146
236.0 0.6681702467150294
236.0 0.6698834010815333
236.0 0.6717242138236605
236.0 0.6718429988733238
236.0 0.6724531326312916
236.0 0.6709686750381519
236.0 0.6664089610343187
236.0 0.6645645777929038
236.0 0.6631009431362208
236.0 0.6658546493018975
236.0 0.6641237482834731
236.0 0.6634784515470973
236.0 0.6638332685538176
236.0 0.6645353757452408
236.0 0.6688116148776793
236.0 0.6725896643328744
236.0 0.6717242138236615
236.0 0.6676731009653016
236.0 0.6689319380696108
236.0 0.6659125036844622
236.0 0.6672604295760183
236.0 0.6653424776571389
236.0 0.6612719443117702
236.0 0.6644558461370331
236.0 0.6646046855235487
236.0 0.6659526114151059
236.0 0.6641920141342652
236.0 0.6669650050941293
236.0 0.6662376244287678
236.0 0.6645067234103416
236.0 0.6651064457000805
236.0 0.6670733786755636
236.0 0.6638283238015826
236.0 0.6650767494376654
236.0 0.6651064457000796
236.0 0.6642795647792429
236.0 0.6664038523927645
236.0 0.6668269352502767
236.0 0.6668566315126914
236.0 0.6657254527840063
236.0 0.667711670553676
236.0 0.6690981660336076
236.0 0.6649089833313973
236.0 0.667131233058126
236.0 0.6699636165428203
236.0 0.6674355308659747
236.0 0.666559668888535
236.0 0.6682816965809997
236.0 0.6685859943888484
236.0 0.6684390512190377
236.0 0.6669827517460452
236.0 0.6612273578471425
236.0 0.6598393242249437
236.0 0.6616681873565737
236.0 0.6555018825922698
236.0 0.6493661455352858
236.0 0.6522859460714443
236.0 0.655183874650039
236.0 0.6492622527871356
236.0 0.6522342442579483
236.0 0.6592453989766279
236.0 0.6542204620276196
236.0 0.6597174628907426
236.0 0.6602697422661489
236.0 0.660099501456574
236.0 0.6539562761821422
236.0 0.6514741010291673
236.0 0.6467754574555619
236.0 0.6448324237010663
236.0 0.6453341838775979
236.0 0.6498484873241126
236.0 0.6508134380887994
236.0 0.656882003121513
236.0 0.6461552677570083
236.0 0.6492904109072835
236.0 0.6491909106518098
236.0 0.6541579932182527
236.0 0.6446114176390332
236.0 0.6542574934737303
236.0 0.6517294077968814
236.0 0.656196268329063
236.0 0.6555475649827198
236.0 0.6556262423017406
236.0 0.6524999724774242
236.0 0.6544580321269474
236.0 0.653218479816827
236.0 0.6557168692312537
236.0 0.6568704090386627
236.0 0.6529157201512426
236.0 0.648379055626004
236.0 0.6412514048393035
236.0 0.6292178462373776
236.0 0.6420662282058317
236.0 0.6392823190224932
236.0 0.6342969981361717
236.0 0.6386107629294692
236.0 0.6377098191164152
236.0 0.6383214910166488
236.0 0.6462991346422855
236.0 0.6401757915115429
236.0 0.6387314416490428
236.0 0.638807042683527
236.0 0.6456951534533876
236.0 0.641403394211163
236.0 0.6391055434499543
236.0 0.6354462790444211
236.0 0.6455644187932303
236.0 0.6416143443326124
236.0 0.636477957517634
236.0 0.6448354999856012
236.0 0.6392316636833121
236.0 0.6441258659721579
236.0 0.6443900560493658
236.0 0.6410589886726722
236.0 0.6384745867555308
236.0 0.6316072989221271
236.0 0.639621973993871
236.0 0.6479247383638101
236.0 0.6373731042892604
236.0 0.6369218633115993
236.0 0.6422229399483096
236.0 0.6449469498515684
236.0 0.6426117121166056
236.0 0.638568289969581
236.0 0.6383098969338018
236.0 0.6413470779708705
236.0 0.6377352564796748
236.0 0.6377634145998226
236.0 0.6320273054951036
236.0 0.6277505721479177
236.0 0.6303720055111641
236.0 0.6325379389975986
236.0 0.6247253407213426
236.0 0.6351003353636597
236.0 0.6391529863642877
236.0 0.6313238240507387
236.0 0.6228976602043318
236.0 0.6318387164523854
