103.00000000000001 0.9177534451112862
103.00000000000001 0.9522769645795673
103.00000000000001 0.952332786605112
103.00000000000001 0.9545345689230301
103.00000000000001 0.9585088729300706
103.00000000000001 0.9513678358404285
103.00000000000001 0.9587430364194292
103.00000000000001 0.9580453520164846
103.00000000000001 0.9648324243885981
103.00000000000001 0.9594156389867613
103.00000000000001 0.9660303308258097
103.00000000000001 0.9568324196842426
103.00000000000001 0.9569479620132562
103.00000000000001 0.9602097473606488
103.00000000000001 0.9639388157592402
103.00000000000001 0.9658760524723069
103.00000000000001 0.9610678626861678
103.00000000000001 0.9658369609201725
103.00000000000001 0.9739146267650374
103.00000000000001 0.964145151453882
103.00000000000001 0.9681993405967749
103.00000000000001 0.9651976528635472
103.00000000000001 0.9621114907698722
103.00000000000001 0.972584447525401
103.00000000000001 0.967185408775485
103.00000000000001 0.9604029508301714
103.00000000000001 0.9710139774295515
103.00000000000001 0.963518809186258
103.00000000000001 0.9717637191736348
103.00000000000001 0.9724999731649576
103.00000000000001 0.9744372098780268
103.00000000000001 0.9639152720658924
103.00000000000001 0.9711134776850272
103.00000000000001 0.97084928760782
103.00000000000001 0.9725963971358977
103.00000000000001 0.9642431135670853
103.00000000000001 0.9684087525759529
103.00000000000001 0.9665991742385084
103.00000000000001 0.971546972010764
103.00000000000001 0.975077039898408
103.00000000000001 0.9665991742385084
103.00000000000001 0.9677866692074916
103.00000000000001 0.9647151774812033
103.00000000000001 0.9678822408892411
103.00000000000001 0.9739859689003642
103.00000000000001 0.9726604040875306
103.00000000000001 0.9717533077054076
103.00000000000001 0.974549046014934
103.00000000000001 0.97490040046618
103.00000000000001 0.9786992728578308
103.00000000000001 0.9747430458281421
103.00000000000001 0.9784736523689989
103.00000000000001 0.9724822265130362
103.00000000000001 0.9752458221831831
103.00000000000001 0.9723129222645034
103.00000000000001 0.9666095857067383
103.00000000000001 0.9735149211647574
103.00000000000001 0.9735613479005846
103.00000000000001 0.9760583630620656
103.00000000000001 0.9823465876528655
103.00000000000001 0.9769678498756463
103.00000000000001 0.9814514408812384
103.00000000000001 0.9767412132083072
103.00000000000001 0.9807240602158758
103.00000000000001 0.9851789711375605
103.00000000000001 0.9848746733297105
103.00000000000001 0.9842749510399725
103.00000000000001 0.9868223215110075
103.00000000000001 0.9850127431735606
103.00000000000001 0.9805964018402523
103.00000000000001 0.9813430672998016
103.00000000000001 0.982171486362906
103.00000000000001 0.9834793045238187
103.00000000000001 0.9829181518224558
103.00000000000001 0.9781468855386143
103.00000000000001 0.9781084238940496
103.00000000000001 0.9831838800419275
103.00000000000001 0.9757496424657394
103.00000000000001 0.9677006567047775
103.00000000000001 0.9807730412724793
103.00000000000001 0.9797309513310407
103.00000000000001 0.9767782446544149
103.00000000000001 0.972382726257561
103.00000000000001 0.973218480504359
103.00000000000001 0.976910517456841
103.00000000000001 0.9746153874525182
103.00000000000001 0.972874074965866
103.00000000000001 0.9740468995674644
103.00000000000001 0.9714119784514503
103.00000000000001 0.974677856261885
103.00000000000001 0.9766640740315532
103.00000000000001 0.973790538888704
103.00000000000001 0.975641985480675
103.00000000000001 0.9796403244015258
103.00000000000001 0.9766552007055962
103.00000000000001 0.9798809707853867
103.00000000000001 0.9808636682019943
103.00000000000001 0.9789858240137577
103.00000000000001 0.9766552007055944
103.00000000000001 0.9759471048344205
103.00000000000001 0.9752390089632476
103.00000000000001 0.9787008110000962
103.00000000000001 0.9787008110000966
103.00000000000001 0.9776780058528456
103.00000000000001 0.9757110728773627
103.00000000000001 0.9734294306258032
103.00000000000001 0.979536565246893
103.00000000000001 0.9800383254234245
103.00000000000001 0.9815331944847921
103.00000000000001 0.9834704311978585
103.00000000000001 0.9824372145823804
103.00000000000001 0.9818671885550557
103.00000000000001 0.9844828248768828
103.00000000000001 0.9842764891822395
103.00000000000001 0.9764947697830214
103.00000000000001 0.9711773489438383
103.00000000000001 0.9767693713284538
103.00000000000001 0.9738791334611941
103.00000000000001 0.9748915271402174
103.00000000000001 0.9797502361252266
103.00000000000001 0.981610333661543
103.00000000000001 0.9811590926838826
103.00000000000001 0.9777030876884577
103.00000000000001 0.979307868473525
103.00000000000001 0.982110555695803
103.00000000000001 0.986507612234925
103.00000000000001 0.986792625248587
103.00000000000001 0.979836248627937
103.00000000000001 0.9782518100000531
103.00000000000001 0.9847278663002089
103.00000000000001 0.988698627556972
103.00000000000001 0.9858573707463169
103.00000000000001 0.9833678546578475
103.00000000000001 0.9781350438719302
103.00000000000001 0.985057109803363
103.00000000000001 0.9928581139967697
103.00000000000001 0.9965173784023034
103.00000000000001 0.9989579134341695
103.00000000000001 0.9949043823953448
103.00000000000001 0.9920254360345105
103.00000000000001 0.9949839397525584
103.00000000000001 0.9933436656636477
103.00000000000001 0.9973353859971774
103.00000000000001 0.9977198992663149
103.00000000000001 0.9985155457824662
103.00000000000001 1.0000995036310805
103.00000000000001 0.9973947785220074
103.00000000000001 1.0021258291313946
103.00000000000001 0.9994804965471539
103.00000000000001 0.9977688803229185
103.00000000000001 0.996363100048797
103.00000000000001 0.9980538933365793
103.00000000000001 0.9996868322417974
103.00000000000001 1.0005908523393854
103.00000000000001 1.0036993755117825
103.00000000000001 1.0048305542404683
103.00000000000001 1.003148634278646
103.00000000000001 1.0037097869800093
103.00000000000001 1.0055772197000183
103.00000000000001 1.002440538407473
103.00000000000001 1.0011327202465596
103.00000000000001 1.0017220310680715
103.00000000000001 0.997886127230313
103.00000000000001 0.9933614123155697
103.00000000000001 0.9932144691457585
103.00000000000001 0.992191663998508
103.00000000000001 0.9930065953088484
103.00000000000001 0.9826196510560326
103.00000000000001 0.987969708749346
103.00000000000001 0.9890914921883135
103.00000000000001 0.9868820725577689
103.00000000000001 0.9917284734103511
103.00000000000001 0.9923073727636352
103.00000000000001 0.9941289007115744
103.00000000000001 0.9972937401242671
103.00000000000001 0.9864139090208787
103.00000000000001 0.976665256646178
103.00000000000001 0.9753751851371841
103.00000000000001 0.9692071198489979
103.00000000000001 0.973268644175587
103.00000000000001 0.966343512792943
103.00000000000001 0.9588320728975279
103.00000000000001 0.9591801639684877
103.00000000000001 0.9542804347864122
103.00000000000001 0.9661310136959096
103.00000000000001 0.9700382596689932
103.00000000000001 0.9658803113714646
103.00000000000001 0.9708562672638686
103.00000000000001 0.9670427245048346
103.00000000000001 0.9656161212942602
103.00000000000001 0.9634428526241342
103.00000000000001 0.9659308305703391
103.00000000000001 0.968429219984766
103.00000000000001 0.9638242896087358
103.00000000000001 0.9600462401535418
103.00000000000001 0.9650430189824011
103.00000000000001 0.9678769406093655
103.00000000000001 0.9625388325265478
103.00000000000001 0.9711547680302948
103.00000000000001 0.9643468727217213
103.00000000000001 0.9670145663846863
103.00000000000001 0.9651070259340325
103.00000000000001 0.9645073036442999
103.00000000000001 0.9752074190309225
103.00000000000001 0.9702225898125564
103.00000000000001 0.9665914835271732
103.00000000000001 0.9667755140885993
103.00000000000001 0.9581551882245993
103.00000000000001 0.9517247970951808
103.00000000000001 0.9559801547988604
103.00000000000001 0.9553413127604891
103.00000000000001 0.9603613049572618
103.00000000000001 0.9676678841578289
103.00000000000001 0.9640190312205245
103.00000000000001 0.9615383884580189
103.00000000000001 0.9624439466978726
103.00000000000001 0.9570240850115023
103.00000000000001 0.9578717888687925
103.00000000000001 0.954971139533308
103.00000000000001 0.9656134005373707
103.00000000000001 0.9642076202632512
103.00000000000001 0.9540181383791165
103.00000000000001 0.9558766977731642
103.00000000000001 0.9653357227074005
103.00000000000001 0.9595656584411093
103.00000000000001 0.9654826658772094
103.00000000000001 0.9640768856030894
103.00000000000001 0.959069695306002
103.00000000000001 0.9569261228982934
103.00000000000001 0.9578702507265255
103.00000000000001 0.953878530392996
103.00000000000001 0.9599559687516712
103.00000000000001 0.9507314376322233
103.00000000000001 0.9577217694144468
103.00000000000001 0.9605645643673724
103.00000000000001 0.9566484450683288
103.00000000000001 0.9600523927226144
103.00000000000001 0.9557251401765509
103.00000000000001 0.9597986141136331
103.00000000000001 0.9584595615480372
103.00000000000001 0.954841943015418
103.00000000000001 0.956348761687276
103.00000000000001 0.9612460402606655
103.00000000000001 0.9596131013554485
103.00000000000001 0.9637444296750949
103.00000000000001 0.9579905739184548
103.00000000000001 0.9620817945074629
103.00000000000001 0.9607755144888162
103.00000000000001 0.9640294426887567
103.00000000000001 0.9600643423331088
103.00000000000001 0.9526760095289837
103.00000000000001 0.9596339242919023
103.00000000000001 0.9598580066384677
103.00000000000001 0.9603597668149968
