1.9542534383995895
1.943774323271418
1.9159456495930052
1.9362614000173546
1.932357355125346
1.9717524119875487
1.9161032859447396
1.9344962694245798
1.9336628625888757
1.9385235499877866
1.9688847387108885
1.9238478349228307
1.9396125095877499
1.9513319463280963
1.891338047202893
1.9158908699008912
1.8192413879487024
1.7224507726515557
1.7010566603070985
1.7350993214723218
1.8373209068054566
1.8736614333517176
1.8106197320225643
1.804240856665308
1.7923809762850043
1.8628742235466313
1.8712478852870866
1.8656606957312845
1.8872417971286362
1.9121608108831594
1.9195673212116517
1.9195603724514745
1.9105393834991378
1.9136417001153323
1.8897806882614452
1.8125158552044234
1.7601814911903535
1.707766423731462
1.6910009598420934
1.6701339834721605
1.6784407402550703
1.7006212985777724
1.7701889497265244
1.841653877894853
1.9161283918207397
1.972134159417044
1.9783323754197595
1.9631875804887888
1.9491824257312416
1.9663423785704277
1.9463808346932405
1.9403744200750572
1.9247211156774855
1.9141997631531282
1.8957814857966948
1.8616312951818208
1.832960452425645
1.8121910533427672
1.756979912238923
1.6929179406318857
1.6148612060565057
1.668548849264904
1.7525621046595599
1.8217697436814333
1.8529039471401734
1.8745022464822625
1.8778529583191523
1.906669806282863
1.926776196762129
1.9403791525538812
1.955210762816436
