2.90188611312629
2.8988901655072383
2.871097056374442
2.8898750540248552
2.8887294375788835
2.925071857854433
2.8636331652750497
2.8824963149831437
2.8032785741328508
2.841525812848347
2.907311035076026
2.8506247278609727
2.878559705702747
2.905140909805883
2.81507749944514
2.8380301811262134
2.685725402549085
2.438428835000672
2.3649590283339466
2.4549045571118917
2.6944660114406473
2.7799583104764105
2.6829192982121444
2.7021631523713623
2.679592406911832
2.6789646208689324
2.7094301840549844
2.7459680279286576
2.8008115552037673
2.8398205333059843
2.828021009387964
2.8278719231632854
2.803194632454066
2.7781035949882473
2.726591998995529
2.5899825294428918
2.475868856130087
2.3909084719199196
2.3255836426648315
2.3019432782560196
2.3299893259642985
2.400669693268071
2.504238743440269
2.6148336011746123
2.757514701923747
2.8479567264400245
2.8573108579741207
2.8352387512844373
2.811988553313893
2.840276284433086
2.8300672356947985
2.823448153184806
2.787946139932563
2.785623892766422
2.764148987376497
2.771683233632098
2.766068612908916
2.7826374441884556
2.7867582097842467
2.7879719764348274
2.781868031901871
2.789234308468105
2.8072472706746634
2.805789201093339
2.8018853442364557
2.8144983100312744
2.819764606757389
2.831268989356576
2.843985635287573
2.8391854794459084
2.831678748333107
