2.164692791882428
2.146653492302644
2.113682404325794
2.1389176817874747
2.1466809931295967
2.1779573215489663
2.1133366096892328
2.1464767838132555
2.129578276252347
2.1331604239516273
2.185487216817173
2.117226373109409
2.1379326824090166
2.154526559689453
2.047745478227431
2.072042468641235
1.8810042986021942
1.5656585852014577
1.5545159401903281
1.70653378906508
1.9440017905589762
2.0584145678411407
1.9710937708331295
1.9690084195049002
1.9787726746395535
2.0311586725773534
2.0455148523383353
2.0364316804703764
2.070757989893612
2.1159728762472674
2.122288820584348
2.1338370260302097
2.1210856687529356
2.106023979622311
2.074159306264161
1.9656181155644161
1.8795703572159925
1.8103625972636848
1.753921881572808
1.7453214118520957
1.7717090725142361
1.824109346509691
1.9058995481028465
1.9910532591568721
2.0937143764456847
2.1707241166312365
2.170290061359201
2.149917876893628
2.12957016609896
2.150934878484933
2.142211577635357
2.1468947439096575
2.13264232808277
2.129105976328151
2.122970245502214
2.1278564128323363
2.128734806801234
2.1400154103250406
2.1469465893709265
2.1473564518906825
2.1403012626242646
2.149447318152162
2.160594108399587
2.1679290864308802
2.1779017508159644
2.188587599482763
2.1800788071455055
2.1850312185959244
2.195282594046588
2.1887680179827704
2.1714129707865784
