1.9934989182823717
1.9818661799926687
1.952486651497572
1.980150768743513
1.9804833685796632
2.0045440724260604
1.9548664133792013
1.9821268784465482
1.9683209002084723
1.9757892075229924
2.0073832424013465
1.9603892279037423
1.9781288369659102
1.9898519216374126
1.923172738180824
1.9459763499989313
1.854760993764661
1.7426648468783625
1.733372405598615
1.780308294813816
1.8859717037951669
1.917734334158019
1.8452002878164142
1.838766078982282
1.844124953659532
1.9061897151882046
1.9168042827947454
1.9149099701067216
1.9223313113157627
1.9530993768070268
1.956008096768681
1.9652091852777185
1.9593647411770105
1.9588889145835662
1.9204564748930915
1.845384740175272
1.792847153763829
1.7456397112608808
1.7079837430584999
1.6854230820475833
1.7006628155164971
1.7614844507683176
1.8138033273418095
1.8871217847838608
1.9668060806287155
2.0259303038065792
2.0200714811206386
1.9929600691430323
1.9674251293809246
1.9827399483649013
1.971608799519208
1.960990985813052
1.9266200223924335
1.8924801468673558
1.8248837386601557
1.7465968043627125
1.6470371617790163
1.7405405153659166
1.8081571092930488
1.8541480761767928
1.8843479013985345
1.9104613634540986
1.9304732859010998
1.953744979224415
1.9477819788570634
1.9643945174389514
1.9773408636963237
1.9740706214840187
1.9893015761178605
1.9947786228955813
1.9938647083783134
