1.994798376696072
1.9806007121249312
1.9450943975197803
1.9684355313938997
1.9724711744115633
1.9980993333639736
1.9536568818896456
1.9814013647456175
1.9573521565951764
1.9835893747110376
2.0075708180405782
1.959801876931854
1.9806855052908232
1.9892643650344084
1.9269506456937455
1.9498734642536883
1.8623040363727992
1.751911458933835
1.7334471554457336
1.782117622799231
1.881879837858307
1.9264257034876635
1.8500369047441232
1.8366535119162752
1.8525705300646942
1.8992770960296759
1.904028386439622
1.9053638458445226
1.9213116039271554
1.9515733505503357
1.9569225002910247
1.9712172467617757
1.9645715587497206
1.956748599407549
1.9328289179984608
1.8544202930799334
1.7979537446082514
1.7522108808335564
1.7018612947511964
1.6904699757459012
1.7183903584482523
1.7621753106503604
1.8273945402315963
1.9033995425423729
1.9787731727326983
2.0227597591149826
2.0234776940482284
1.986403227641209
1.9677833204205295
1.9792392841869533
1.9569016423648717
1.933463148806869
1.9035581406629036
1.854967111542681
1.7631982825370007
1.6654496591967698
1.7419545258583924
1.8219828273624576
1.8606807180301022
1.8959127530523983
1.9067503303792417
1.9249288731940426
1.9420448243761521
1.955057326226278
1.9573271211276506
1.971762307923693
1.977145846099353
1.9753628369042344
1.9878379331055274
1.9840310401306525
1.986570457214198
