2.9842091772538777
2.9762274822921375
2.952112892659968
2.9684013592060667
2.973336303592203
2.971781288141525
2.935086514999042
2.9655578416137605
2.949856983347659
2.9530530372704984
2.993735610373525
2.9261476140743383
2.962206998605882
2.9906857546947236
2.902778186607795
2.919596352457683
2.77265352838307
2.5477181168680696
2.476504766753506
2.552789377319366
2.784135018758018
2.870246554309874
2.778356111876237
2.796354912075819
2.7751237907757753
2.7859999072832964
2.8165776626208388
2.851458864004079
2.8943145519320206
2.929070107329903
2.917455502749517
2.9166993643749297
2.889011970982409
2.866383387608042
2.814161495925072
2.6850080422678477
2.580467350747244
2.5005183808530913
2.441048940863435
2.415804512817108
2.44822942489122
2.522153328675817
2.618371685556698
2.7280636289214506
2.8531721759616144
2.943869984310998
2.952656365990993
2.9262663543458753
2.9083491313647545
2.9337410222978724
2.9180552024512982
2.9144800103195267
2.886985009245291
2.890656232997347
2.871856141215585
2.8696321028334855
2.8749780014201587
2.888416500405317
2.8905884231720784
2.890526852353391
2.890567721210774
2.892484284822619
2.9062239142701243
2.905561451837952
2.8964835883724662
2.9121200892599757
2.902956634280768
2.916211975422823
2.9305368683529
2.9261655382424796
2.919657612218443
