2.039952209401514
2.0269302203506174
2.0012353129268003
2.025673786653487
2.0272746671468456
2.055977616944234
2.0051460298537283
2.0316771792816266
2.012494409873669
2.0258254935450566
2.058802798379074
2.012840734588131
2.020371946855702
2.042136973607168
1.9730598316762615
1.9992347437166929
1.9046317919125908
1.7955528118490234
1.7646605139462306
1.8106118137963314
1.9211428227751346
1.9664808951408117
1.8911113474228625
1.8906188683451157
1.889456870294314
1.9495732898300828
1.9520546936278067
1.9529456530288
1.96230193565572
2.0055030211429488
2.01014824062246
2.0188888201143285
2.0134215813742573
2.0160249024357406
1.9869273556479776
1.9138170729641668
1.8456921608298176
1.7927140738400555
1.7471642202514728
1.7314383780480493
1.7629240957753651
1.8096154886891036
1.8698101517122103
1.9511935199863912
2.0265240063874175
2.0795746160781223
2.0827856306213572
2.047867503114894
2.0158805950514136
2.028506989667598
2.0053648537616544
1.9687910995934554
1.9159193258832203
1.8282105746595574
1.721489357577727
1.795077784188851
1.8728866142719682
1.9361103075965373
1.9611735788185152
1.977109896691344
1.9774112415940843
1.9921880990149168
2.0124775768569014
2.024547371422973
2.0119752901670775
2.021639841813745
2.027257178775609
2.0364101516305673
2.035369523132235
2.036504549605818
2.039791864818232
