2.022351559982922
2.0087549521113104
1.9776194350012937
1.993919997544259
2.0074735680949876
2.0375688454122916
1.9863006382197252
2.0040036186976744
2.0076789219711944
2.0010377370752845
2.0496941295471403
1.991769789164077
2.006539309821778
2.011810366123947
1.931716433750961
1.9512690244264856
1.8086081861019863
1.5822386637256252
1.4169916455889084
1.4208217010201156
1.7317026686805388
1.8799738419289516
1.827354756153011
1.8473913469235077
1.8520911997615523
1.9219267865334582
1.9394112025272576
1.9348675235709707
1.9435097633196936
1.9863598172392207
1.9857346353433645
2.001344191968302
1.981371000090185
1.9767236099717695
1.9423165075024422
1.8605391505965054
1.794198885681625
1.7318395899470929
1.6916014898520901
1.6864034775423113
1.6914954770667996
1.7395487782699888
1.8045268524338267
1.8921611139691261
1.9793776685562474
2.0466373976806778
2.04988565763978
2.029252623581003
2.015364351370166
2.0421794891419913
2.0230198309069136
2.018711148254339
2.006129308246167
1.9998730571437893
1.9876486646079774
2.0016302748509425
2.0005031512864653
2.009890128401334
2.017844129756169
2.028616458051919
2.028470858075325
2.027767807514805
2.0359208034681604
2.045438221087621
2.0398568826680017
2.052970151635467
2.03825557585105
2.0526047102725533
2.071200304819737
2.067146421667486
2.0486158093645197
