1.7431789716239243
1.7168586946891367
1.6871113036836243
1.7226230201706676
1.7340172282206188
1.7655408731912872
1.7049501396334716
1.7332745357610966
1.7283223263640828
1.7364553175709312
1.786307246178068
1.7272774065017809
1.7296042899981687
1.7382753238584112
1.666268081262191
1.689893248672602
1.615113413404342
1.5417940112541628
1.5314858791408774
1.56783601714978
1.674079810817154
1.692486902425569
1.593984547642088
1.5805357153389614
1.607953399798016
1.6998627564203246
1.7087845198867375
1.6761086319610525
1.6753272442342007
1.7093508288752848
1.7153995571780154
1.7368301646919702
1.7507399982373937
1.7598852240550862
1.7483553743275402
1.6711915013744039
1.6134241124840327
1.551651160359095
1.4799084646354614
1.4179761430845093
1.3663270849328355
1.303634486912959
1.2892236338476377
1.383543906313852
1.5274406382334942
1.635754230264689
1.6818556426928948
1.697967608169241
1.7131009242585735
1.7481681821601556
1.739825861739854
1.767098828677943
1.7775342907768374
1.8000915910566908
1.795478190634484
1.7933155740849869
1.7838474914201383
1.7994446354785123
1.8130437377346367
1.8121832610790998
1.8002521496527728
1.7964567813884884
1.8087162518522022
1.8201837383443773
1.809279722985456
1.8044321681328963
1.8109152572461888
1.8331075114830093
1.8365617817616922
1.8330010690057952
1.8282790121362396
