2.0113334911670435
2.5280933859057475
2.792006884487323
2.9523253679683537
3.03452677124298
3.116349984021131
3.1736589463108924
3.195262492471162
3.231023372803663
3.2508104620425176
3.274998505980907
3.2730063039130997
3.2931010033897445
3.29401013721806
3.292437884773844
3.30689417098894
3.3126504140815003
3.3210201350354547
3.3139524024983285
3.3192786267985266
3.321079471203249
3.3190013628362838
3.316687869215369
3.3268651938754497
3.330224691545582
3.324815977007489
3.31742139118018
3.3123965987832067
3.2988379912217
3.3366027291164784
3.3255904584676763
3.3084128086688134
3.3033706652528956
3.307008259239767
3.3222381263920404
3.335132602611239
3.2992708496424603
3.3097025658554164
3.317464703373287
3.3248951425571933
3.3269331828270152
3.3276135593130673
3.314244463518773
3.317628008626473
3.3207393121632096
3.318946362027643
3.3141443476506725
3.319771091503461
3.313050749577868
3.307373941844112
3.289383934939999
3.2992601030816973
3.295281532939674
3.274819360031838
3.2755647633963445
3.25215379649333
3.232468593914355
3.196742548667385
3.1786831699718965
3.117249828097437
3.0378892737193928
2.954819562427274
2.7929170706628197
2.5324048780932484
2.0187104544747507
0.0
