2.8602318958705495
2.854138542550385
2.823887192068313
2.8447447848847
2.849976060146946
2.8808155010815275
2.8134901263277916
2.8366592810964772
2.807607633328866
2.730477108996514
2.8473658739639895
2.799800067444762
2.83781755469036
2.8652250925868628
2.7784049141330747
2.7962164424381086
2.6313469016926825
2.3957700759897778
2.3162508378076283
2.4096225455800497
2.647255206128709
2.7336947711851534
2.6394472533313467
2.6618392128407318
2.6212631364003967
2.634597641146781
2.67243923828435
2.7008964136770817
2.7574850171718017
2.793843240679281
2.7837195142291793
2.7766166380174013
2.7491618130522433
2.7214356416843066
2.668984847957026
2.53386642261895
2.420362217936025
2.347474386050733
2.27948920327798
2.25923285062567
2.2926027693587367
2.354539193462583
2.4544007213872874
2.571198414572624
2.6986978298506314
2.7941767703046745
2.806885718864784
2.7882754450210427
2.764296854314802
2.800040581052705
2.7789860420824986
2.7741628813395143
2.734159385071812
2.7373614619907234
2.7151320218593167
2.714765587805208
2.7235948751550234
2.7337824720780097
2.7351363969519964
2.73921889627682
2.736756692834157
2.7410656007017637
2.756097783874258
2.7642690842096096
2.7531940599552445
2.766078430847485
2.764454410929526
2.7794717770826365
2.7897137209646323
2.7818448921174515
2.767122449887668
