1.9859715749072042
1.9635510464267012
1.9508997736576634
1.9641611216583492
1.9619876816992028
1.9894126149455418
1.9403328638756097
1.9732896234925281
1.9585091710769997
1.966057332081458
2.0042990833515124
1.9617091635352366
1.9675540222453574
1.9886777940034712
1.9168104466416223
1.9473986583778238
1.8568532144787007
1.7418015857472997
1.7110998728823774
1.7734471006364103
1.881759878199392
1.9141952784757164
1.848179695879991
1.8406846053005466
1.8493169694848197
1.8996725120540103
1.909483553491503
1.914536987058836
1.927531873496999
1.9507227714343518
1.9511639168314385
1.955610737090818
1.943740662343331
1.9336730075416724
1.902406230566736
1.8370061888435927
1.7660687502935455
1.7208440991466532
1.6967646841519952
1.665630949736141
1.6835288863270683
1.7139272141975646
1.7709381419340682
1.8391607569893953
1.9299830164669307
1.9882726107240059
1.9994031071303273
1.990213933516207
1.9742632857811662
1.9914022009671317
1.9694716450757284
1.9742766781085366
1.9660678656896915
1.9567819641660757
1.9266093352424847
1.9114025789163878
1.8965237618050974
1.893959317787652
1.8901031344270451
1.8948081349160824
1.882907120458055
1.859283590440105
1.8460040537502844
1.7979739879885124
1.7354358492284814
1.6443719599575353
1.7070372014158979
1.7925853713078421
1.8578070715555084
1.883097547554036
1.8994375393993557
