1.9784816892365211
1.9501005862358107
1.932162584454472
1.9505432969536336
1.9573548394626719
1.983042005480966
1.9320603660376625
1.956730954597076
1.94716752397819
1.9617296818877459
1.9835635263173348
1.938759228287198
1.9560595246466086
1.962281849101464
1.9039957253163438
1.9291143743526804
1.8286352721277943
1.7334100694731212
1.7218905864931913
1.7428601918361264
1.8524776392656002
1.8896226346892688
1.8215507946665228
1.822342357256534
1.819305690703632
1.8696857005805476
1.8985883808206125
1.8856401652188246
1.9012748309154885
1.9338257248752957
1.9279908776854644
1.93051576984478
1.9200233860772367
1.9244868863380746
1.9043684656213895
1.8381499653614606
1.7767934858238401
1.7206078550815345
1.6838440716361858
1.6637662622586276
1.6905011835165793
1.7258102198507403
1.783251803980403
1.8644215198328256
1.9429904102894204
1.9970015711170774
1.9983140033207287
1.985629602189823
1.9701519362705349
1.9850022714795983
1.9616761812303933
1.9694511717391976
1.946881827244494
1.9288745155987668
1.8806030605007567
1.8496445041572604
1.8152040533864353
1.7848938561180645
1.7147536275292765
1.6157697394928436
1.6877376997168854
1.7478675432565711
1.8113354059457014
1.8538474731889514
1.8833246140574718
1.8979473497451276
1.912795251700632
1.9281503654578194
1.9580496470957065
1.9670710670468021
1.9741655689075
