2.9941949775733883
2.9897238167466096
2.9686525238804427
2.9891501581865914
2.9936560167025514
3.0183386754416004
2.959399870466556
2.9854443178103622
2.976010878403652
2.97256926047956
3.01659458640378
2.952216788858586
2.984530726011269
3.0065227894810453
2.9185660201244183
2.942161563742366
2.7897768109713
2.5531268239323164
2.4788571774232
2.56605828351381
2.8022482079331033
2.8896900647644013
2.791406823296795
2.806471281097793
2.7836930902611994
2.806409903876192
2.8408429843016036
2.8638806109075596
2.9100646226030635
2.9448842763220426
2.9388992062373442
2.936491381099035
2.9124074158390454
2.8899008526845487
2.842569427695521
2.700164451507177
2.5952686623372454
2.519073885583341
2.4514741886597657
2.427765663105025
2.452539747568283
2.533130040697261
2.6342993929043708
2.747154840211448
2.8839701589866125
2.9724712053715607
2.9824547813118514
2.953751896173438
2.935830248801731
2.962835262641963
2.9497384970346774
2.9479720434666006
2.9186594538473645
2.9238400955359483
2.911100398565195
2.9048042735274793
2.910737256166487
2.9218301493823384
2.9273234928877643
2.927437151764773
2.9254122313921163
2.925750381646933
2.948273013851509
2.958758307861907
2.9482913856031536
2.9551612692268834
2.9502423275845095
2.96397584240321
2.9744162348672645
2.9719487637908526
2.9646100937903896
