2.1127671968760433
2.0820151585729563
2.0575464340424476
2.0796469867005394
2.0894007321920975
2.121199827877354
2.0550641227600512
2.0820866384310692
2.086823221310017
2.0945490691061144
2.1196599475419178
2.067345150169392
2.081173427685854
2.0997391585859813
2.027490647789937
2.0548274596727274
1.9472263694619418
1.8199332869444496
1.806378335064606
1.8597238148492197
1.9892947263064307
2.0278895854884817
1.9374743114583515
1.9364604363567621
1.9379152676877816
2.0038841739089452
2.018489518400125
2.0005005209554776
1.9991311971975168
2.0308587291916407
2.013768004826093
2.0076767994438622
1.9674901498658997
1.9195436857738384
1.8318103874590004
1.6189154558223988
1.5258414056059235
1.5013854103129398
1.5337820528301715
1.5801058297765518
1.6608760133574767
1.747741893382455
1.8396681419577954
1.9393618068845364
2.0464346333024923
2.1130198144286103
2.120818872434958
2.1027511993626757
2.076909923488447
2.096628353539184
2.0834098659216864
2.10281808138033
2.0879397012034784
2.0962263889897885
2.075402130791994
2.0806705671432373
2.0805335701041527
2.0878389724492683
2.08704085107198
2.084698566585904
2.0615869571030925
2.067845348817568
2.0965588093907797
2.100901887115414
2.096023599690417
2.094855301165347
2.099286058468649
2.101670873440003
2.1154562573741718
2.107569941434173
2.09514803106929
