2.981303696251599
2.972394825916359
2.941803544480467
2.9510294084547612
2.9677813072583628
2.9980502804063773
2.9367322719844777
2.9580582283048082
2.9534631881662716
2.9461065296311473
2.9931067951535697
2.931195221332357
2.9650899755262654
2.985041314734446
2.896456538070471
2.9186785817632757
2.7649481641489935
2.527871885142291
2.4524497712507753
2.5377255732664654
2.7799607235088724
2.867468002996655
2.7700091176109622
2.781468243088602
2.75721457434579
2.7764508469164784
2.8080575326722217
2.8378435795726062
2.8818096620093634
2.9180422375551043
2.9156752382058357
2.9157949418182323
2.894650407972774
2.8704479352516366
2.8177574690523763
2.683491669722729
2.569896494255455
2.4879488712519606
2.421251662725291
2.3952133593031895
2.4320057007810107
2.5083437052940636
2.608926101423739
2.719328261188242
2.8604473424736043
2.9497013194839767
2.9605730514237907
2.9330317087838984
2.906893464586842
2.9382209800070704
2.927341873229202
2.919622098895961
2.8926761729884847
2.901391941869923
2.878325011243695
2.869888477626962
2.8740257985080073
2.892481123531372
2.8988790076720568
2.9004816383814203
2.898583735253303
2.9040847147590676
2.919766379232458
2.9232647712033955
2.9144357268192103
2.9218897631899186
2.9206442300194944
2.931034425644041
2.9445861029334144
2.9379770763888478
2.930593735645134
