2.8097453667014287
2.8084662667086753
2.7741462092448486
2.79686992423529
2.8001102933262123
2.8310369686284687
2.766262176690623
2.7906093696063157
2.7689209922865388
2.770294140354978
2.8274708458692355
2.758549306731943
2.7874059237655375
2.7919606641382306
2.653895833112505
2.642998380331405
2.505156123005756
2.290044724079037
2.246592527653547
2.3469962906772768
2.5951460190476885
2.68489839666288
2.589415687465086
2.60868040877392
2.579983521095178
2.583304600138147
2.625863790604069
2.6627540864548327
2.711867400421868
2.7435791838948123
2.734102662046007
2.727431735485739
2.7078160025826032
2.676825022194809
2.6189843408425544
2.482364880833033
2.371321401628361
2.2978188689923176
2.228744568588262
2.202430320699857
2.2359242910624837
2.31166448676156
2.416208378932458
2.5301254712452663
2.6682452552267337
2.7617968420704644
2.7746026316417134
2.746968353622794
2.7204765067239327
2.7521391382776645
2.7412017872022454
2.730944041573271
2.696327448399743
2.697614653713087
2.6748227438324954
2.669690421847789
2.669206766784786
2.6933213639064864
2.6936521776221807
2.697546276682471
2.6929802205443
2.693700048176704
2.7116300524300385
2.7160072784550295
2.7095887424125875
2.7195345157642703
2.7216529261169393
2.7308595408039054
2.747396243354445
2.738678963492595
2.7329726778753387
