2.0068064041042906
1.9841504573130502
1.9651790966636655
1.9785157422224426
1.9778453605783044
2.00607608017931
1.9658943732556076
1.9818463132798556
1.9697761802527762
1.981347058519032
2.0115169484249225
1.9778110374129687
1.983479123574122
2.000877526166063
1.9340862926742008
1.9653330373443911
1.8737946186953858
1.7532371434946592
1.7346661837231612
1.782104890149093
1.8966449835904913
1.9379876778491767
1.862500367578591
1.8517963189571598
1.859603562094154
1.9128760563305816
1.9244136064570971
1.9244012622303224
1.9338111110049774
1.9696319681202303
1.9717018916944409
1.971892727717701
1.9645275595734373
1.9584327490017435
1.933144140674932
1.8563356763064656
1.8039903257762457
1.7574026782360692
1.724834194421937
1.684428251285912
1.7099616592602116
1.7557790648547955
1.8103028877139056
1.8725728357670317
1.9568405418512813
2.019039798542866
2.0241435644460974
2.0117781037049345
1.9980102304933793
2.0111550059551115
1.9924101307429476
2.0019911136178536
1.9888525696416333
1.9879777894908162
1.9568685776502956
1.9440813930707344
1.9295101485319348
1.9172542396441017
1.9116737446496408
1.8928806850791438
1.8782024005812366
1.8444932224089743
1.8223295527830197
1.7538031641963758
1.6613148679296743
1.7265848061208806
1.810882782211565
1.8727734315813396
1.9197454562094671
1.9449067070510675
1.9572265084155738
