2.0217726395583817
2.000582846570835
1.9690197227875708
1.9891804712487324
1.9921102541747755
2.0293692599939908
1.968630565141197
2.0004610662304834
1.9883515440592008
1.997035135123084
2.026756123432124
1.973579453697524
1.9878539298557685
1.9959183415090576
1.9401919767304414
1.964505791390882
1.8653298289429612
1.751108821430545
1.7425713382737444
1.7782772756776286
1.8931849715623528
1.9340971919663383
1.851080911962758
1.8554924608765682
1.8676550486216774
1.9108027922370243
1.9259829102638901
1.9249445294337435
1.9387462005033531
1.9685672008123332
1.9613614041539476
1.9684813349457828
1.9624868816074423
1.96583043285105
1.9286971621016733
1.8555666225169518
1.792379290739842
1.7498655104412355
1.708383501197902
1.6899294779614304
1.7147900608095945
1.7671431053566795
1.8175339664641201
1.8971918948992497
1.978686462891065
2.036521284374126
2.032706570011065
2.00857665266995
1.9867044656609798
1.9989238434323116
1.9859157360873518
1.977128551468801
1.952033079251384
1.9337740073083907
1.8768889527729677
1.8045955141823036
1.7194486393230595
1.6376583070854536
1.7261488356081331
1.7984616882066897
1.8483637382860112
1.883065493955366
1.9224099145355986
1.9395162048003969
1.9461254607923657
1.947025660783983
1.9614439959330934
1.9804764213117771
1.9953411165929704
1.991893336400479
1.9932049557875307
