2.728813827476981
2.7274805534701296
2.694789711227621
2.717514860339997
2.7192023651088237
2.7487367162653475
2.684494880276898
2.713842464399992
2.6937120187020933
2.6913858307240703
2.741843995753607
2.674638240081507
2.7015405140228617
2.7207822860880904
2.602435961734175
2.592593498902578
2.3658171408508806
2.1468963694031276
2.1255619464977107
2.2398550041951455
2.502361468641319
2.601342541372879
2.513620337372082
2.531090069692089
2.5056658134252205
2.519989622936398
2.556327002774291
2.5814503353471694
2.6379725102035296
2.665524888968625
2.659322601019824
2.653469322607572
2.6278560238351774
2.601771767102555
2.5518123032321123
2.4128828312954465
2.311094615321045
2.2398549035765347
2.179809233818133
2.154308690318322
2.17716365864228
2.263850933874762
2.3462809213083693
2.4516010857649504
2.5833870348710604
2.6748873379875717
2.685529511222137
2.6573324318477276
2.6369994262421272
2.669494598046282
2.6656009309709723
2.6601188881854108
2.621022225823576
2.6126046379105685
2.5931846227462785
2.59219604596908
2.5987149326001027
2.615544759758227
2.6078705852888318
2.61251479581485
2.6051779909206934
2.610551594419814
2.6294469739989488
2.630799091162839
2.634320064229303
2.653958168506108
2.643425702830998
2.6459152860658652
2.66411764270572
2.6600295531307476
2.642519485918707
