2.954475631371306
2.941713824473728
2.9166752895390413
2.9382183005432614
2.936667277462173
2.9662856218174127
2.9036936079862317
2.934729880724991
2.9188521263636504
2.9165830595624596
2.9660717751615544
2.9010908821598145
2.916753337370387
2.9122936357763787
2.819634136851782
2.864292168772687
2.7272930429696607
2.4984374882672626
2.4307539700085528
2.5169919479467424
2.7506831741936857
2.840854084020638
2.741508248037195
2.76178669325496
2.734095276888552
2.750748455812946
2.7829739713828325
2.8082512873164096
2.8561097257788446
2.894077399519938
2.883188361780063
2.8805528601932524
2.8548515829482115
2.835484701462413
2.7845615548472593
2.6451751629974005
2.5396639213641916
2.459310134867556
2.3965319727586345
2.361849296580991
2.401603367931457
2.4740142758596995
2.571714407052573
2.69012341360838
2.8263533982553186
2.9126162879449584
2.9263144812684962
2.8931939349095286
2.8760583128846737
2.899874230261936
2.8880271272469074
2.8862584657113044
2.855698535967307
2.860321144643621
2.845385888619061
2.8425203856784984
2.8359181916226737
2.852403545831951
2.8513030756040405
2.8580364356622923
2.8561302039688186
2.860794457902669
2.87885684532703
2.881707402781727
2.872825083434673
2.8796071282638915
2.8847233253505227
2.8843865051808755
2.904072291607107
2.894156364467929
2.8916282394633095
