2.375269452378743
2.3537941334345476
2.3312786614745473
2.345776300594343
2.362639906157559
2.388022131207088
2.3212350188638626
2.351048322523125
2.3515461676787015
2.3465215306017266
2.3893153071486783
2.3326859694560658
2.3571685923513326
2.3773489483716457
2.286932542370958
2.3125996386936496
2.19001110408294
2.0083793991522265
1.962728968782001
2.032835648725019
2.2141138568339866
2.276708046768568
2.182613709541953
2.1920316794496504
2.1838023485970544
2.215529203435608
2.243782998553892
2.2453777813868148
2.2770930154088522
2.2933145596809226
2.259133752706361
2.2221768001566176
2.132200428246454
2.0407264458369694
2.0117410171233514
1.92361651380839
1.8642490268407679
1.8095157704008344
1.7928010992051253
1.816648900196305
1.8727103768138857
1.9613543679643917
2.055322387731661
2.151509594321093
2.2777927334825914
2.3517498672757737
2.362223983078373
2.3340176174351437
2.313840576567246
2.338572023971192
2.3273274372226656
2.3315823170023586
2.3081103732715675
2.3032602051786943
2.2878277011921493
2.2830643787796827
2.2791261888796157
2.3024056403536117
2.288110823885073
2.295975465761455
2.2676647917648207
2.2777079475276003
2.3067634187558244
2.306882645996102
2.30455377515554
2.2981675148958627
2.297547812321564
2.3033603838163246
2.3255379732922754
2.318730874072514
2.310391475342687
