2.0137239034510075
2.006840540322164
1.9776087004240874
1.998986802140795
1.9940179349238196
2.024301359567425
1.9661841842111603
1.9960758964693097
1.9942445554991526
1.9915101407315192
2.02020295012057
1.9843095583372923
2.007774368408966
2.0172093644645597
1.9484617036635161
1.9674727203381646
1.8689839177709067
1.7599185620885236
1.731229736352262
1.796420112354019
1.9099941968247154
1.9397229903151376
1.8670953030702353
1.8818466618169853
1.8834214625067318
1.9229042818433844
1.9322203312387352
1.9356954129302604
1.9548746013951717
1.9869024549371161
1.9748509109477825
1.9831503579098888
1.9702722343416132
1.9552025972826872
1.9213870285893373
1.8447738261017597
1.7915202921914655
1.7416821356101413
1.7140225855018263
1.6893492852719925
1.6956914998286692
1.7469854691031574
1.7919891154485428
1.8754772831037099
1.9523687814940562
2.0107911380142087
2.0251833231068193
2.0146436404834613
2.004250660275545
2.0185374741481685
2.008622840591924
1.9992329444287937
1.9718002141826463
1.9738119297869632
1.9664208979092266
1.9678932104392872
1.9679768483396336
1.9701781404359726
1.974962494482468
1.9735721259488084
1.9699787278471228
1.968923142727358
1.974854173019296
1.9709816542092709
1.9531423441283076
1.915989996518988
1.880630796888121
1.8371712750720706
1.763333020207612
1.6990961966111133
1.7385961645868206
