2.043360952493618
2.0314153824512364
2.0072653282605577
2.024303418526932
2.0270732067262904
2.0506025150852176
1.9998513276963783
2.027245862573754
2.013130003559146
2.0164198333277845
2.048463827457036
2.0094172844572116
2.033887480833281
2.0453435568205025
1.9758807498722784
2.000783651836624
1.9068616311494526
1.7831225772538684
1.7563185952174345
1.8220907688629393
1.9423722425340366
1.9701343013269887
1.8990933527754383
1.9104566173014996
1.9036729279666118
1.9348848239682548
1.9577271673995285
1.961674709625843
1.9880055995147414
2.0019145257220314
2.0007680381802984
2.0029730084829955
1.9895487389444473
1.9756422447558273
1.9458739848408753
1.8707402348661395
1.8076500073664414
1.7613276781606129
1.719928046459519
1.6953162379718971
1.7171076842252635
1.7555035828758152
1.8188663229542534
1.8818102772725838
1.9706810539561235
2.03359100279358
2.046069232093921
2.0344649119344314
2.037462992893432
2.046463159728055
2.029838194461074
2.02157534298008
2.004813785010749
2.0074147988115616
1.9873985280613284
1.9829733908731226
1.9894423028910266
1.9948958416953464
1.993735487598572
1.9971938858217813
1.9890554045323177
1.9726272000061513
1.976256031292348
1.9673075282843853
1.9426228823441254
1.9062597211842418
1.8571674141299426
1.784647157055884
1.7052975427271524
1.7566148545805218
1.8258336168482105
