2.0038855546305703
1.9928644109670315
1.96337520741296
1.9856752459412068
1.9899588742802952
2.007628121665335
1.9633226633739624
1.9897064590770004
1.9788690639185629
1.9838410485588005
2.010904267090282
1.9759473815856956
1.9948306154508573
2.0068168052077717
1.9325832536562402
1.9589810058874861
1.8637056844428004
1.7424399070041563
1.7134536534210272
1.7733018361624775
1.904237567769229
1.9323758432400697
1.852874944664865
1.861045899576189
1.864909206415178
1.9073661802688713
1.9243820809463508
1.928996328729365
1.9443169525224044
1.9625343507956978
1.9587407063087818
1.9667305207279893
1.9583481162925096
1.9491807280995446
1.9168355770782408
1.8357773591311035
1.7602387464647953
1.728388226681844
1.6880446227845507
1.6619815611521487
1.6728048512558202
1.7277006972656874
1.7803122407115932
1.8522641454886886
1.9402534439825938
2.0016416427799903
2.0130045782532653
2.007307405739914
1.9881102497280554
2.003096230571738
1.9882070348039411
1.9894367183327557
1.9596413552931566
1.961964583990261
1.9452576944013216
1.9381454562563454
1.9393702396420962
1.9448470816496937
1.949208517462865
1.9504764314375151
1.922189124612099
1.920278107258147
1.924961694167647
1.9061907352810759
1.8748537983753213
1.817590022986322
1.743989324005509
1.6627052892141496
1.7526984919197284
1.8060685317691165
1.853587732674233
