1.8193243953797347
1.7846515935603762
1.7595145372799021
1.7790627477786196
1.790305586476384
1.8260781985692998
1.7583086415043365
1.793810323162591
1.7884560086419932
1.811025332633664
1.837890308825972
1.796325750725271
1.7964916350583424
1.804817842593841
1.7340571915487515
1.7675109563708062
1.679544815872983
1.6132889733813296
1.6042666301501451
1.647112318606157
1.7439288056361915
1.763206931777538
1.6708027715226272
1.6526350819904252
1.677775367661191
1.7676532676880843
1.7720782541215871
1.7248909584327148
1.7201813701237891
1.7521886700704727
1.7397761647035512
1.7388962553243674
1.7329073401872792
1.7325583545275685
1.6835775952206686
1.559047806502698
1.3396330010925255
1.2450542669053486
1.2694164761833189
1.324963816069698
1.4164119101423227
1.5233835617173361
1.6142879850721106
1.7095009706458155
1.8003657606951642
1.86515554974937
1.8653622224020356
1.8403244271568544
1.8047344857680345
1.824864632346318
1.8184587332619082
1.8456819608374258
1.8547854912246424
1.8791105288951033
1.8568062644842804
1.8493162659034297
1.8582364522990777
1.872310663115488
1.8674117041059786
1.8711223019809593
1.8449100766005953
1.848669349315008
1.8733470381497728
1.88098849331011
1.8691701798898555
1.8758478493374686
1.88199804920042
1.8780048461626837
1.891630166486027
1.8822372887409287
1.8790207166681392
