2.2785322543859814
2.2586418961014734
2.23432404528467
2.249406345197264
2.2652359594674323
2.2925485525155103
2.2289703650310524
2.256344339383583
2.2557620717885865
2.255952100578346
2.29164563560479
2.2401808032448702
2.256266616989501
2.2795740292151585
2.196929593717391
2.2203969105340366
2.099788092178804
1.9473542419635286
1.9049430208123148
1.96555641336856
2.136059389477046
2.188773086503933
2.108297544614546
2.1037442795381294
2.0947125821832087
2.139661285874344
2.1668174985367004
2.1583768348126178
2.178344559213308
2.202410857000511
2.1771389629037947
2.151082018536221
2.0866898155611553
2.012316884709298
1.8871877287473273
1.7845875971863987
1.7322734247202602
1.685590843119746
1.6952321878881664
1.7360226121370157
1.8003589710897483
1.8803536967057692
1.972365393220077
2.071093677290061
2.187246571783327
2.270751718651915
2.27162717811977
2.245403857773014
2.2249312208434713
2.248879404252036
2.245477180890659
2.262044354386059
2.232781630901631
2.2224313353287313
2.207904869760314
2.2083031055374502
2.1986535448157767
2.223707527549355
2.2048441374807677
2.212972285108671
2.1852757479275384
2.1931205206711226
2.2243781020893554
2.232049084113599
2.2205486017436193
2.2167212469060327
2.221257608546213
2.220092981583552
2.2409032403377402
2.2296857041572298
2.2282689467494703
