1.3479958853465515
1.2963829406460123
1.274344312396899
1.2971574549085707
1.3041735127777723
1.3409367629916167
1.2973512429542544
1.3139732214431752
1.3113320968211664
1.3421118543155104
1.3773203430292318
1.3314630744463873
1.3229059380414132
1.327104041005254
1.2602293323640674
1.2991020328496607
1.2520201642100135
1.227238639442438
1.2453088264069165
1.2645541429142502
1.3098930197058534
1.313774479661953
1.230729319574338
1.1825921428123005
1.2325446234530015
1.3505679649251734
1.358687466002677
1.2913625404548286
1.2610444040823603
1.3007991841142812
1.3089414837764786
1.3358670687659036
1.3774966304534901
1.404151516953264
1.3851422522512755
1.3317287758988203
1.2668499970179403
1.1874096870340958
1.0940953450077389
0.9761590410353626
0.9131753526001785
0.9986266357043202
1.1150717915502542
1.2257133039597503
1.314989109785804
1.3795760539147417
1.3871658451962032
1.3759858706471144
1.3604229581555736
1.3689552951421582
1.3729422250106844
1.4262080096753333
1.4532489270209044
1.4707260905344348
1.4864712346767612
1.465032034682302
1.4651457421331613
1.4793551288939024
1.475557859237734
1.4797879769311433
1.453176440199137
1.4581632970768914
1.4801382527419376
1.4942370631334878
1.4879689573905814
1.4881734098696064
1.478729403901256
1.484285295317571
1.5060711859640628
1.496505908125892
1.5113619370590194
