1.9884385765732258
1.964320975717056
1.9428488499785843
1.9638134999217998
1.9650155641930462
1.9944203941755492
1.9429337786297032
1.9646903631155952
1.9623789771354905
1.971652218609334
1.993322602774242
1.9502126083603495
1.9601567739700314
1.9730311594841028
1.9151007608111432
1.9418270035977108
1.8514615425307641
1.7319363771348337
1.7200266027362145
1.758312022119962
1.8711522213734515
1.9041927478488445
1.8343878499021942
1.829131184981212
1.8342500761016653
1.878668713335132
1.9051125994009093
1.8992563332201258
1.917707305106087
1.942214335642864
1.9401557404866312
1.944917267333169
1.9271175959857971
1.9372879285934634
1.912061909617243
1.8318540350012529
1.7685657244149178
1.7231155043497406
1.6961051847910809
1.6731983451762484
1.6998172568954366
1.7385084906202108
1.7940503684077032
1.871632042992971
1.9493866142082636
2.005852161830127
2.001622245017822
1.9811095982291018
1.9615013919471525
1.9815010528995893
1.9721058578278126
1.9713410315096616
1.953908216198434
1.9387804486815352
1.8828192135442345
1.8262944134123447
1.7636478393848445
1.7152485451847588
1.61614497888002
1.6957424746156662
1.7533878334036797
1.7986838974892072
1.8534381181690542
1.8953343683483472
1.9129218964751147
1.9206317619366025
1.9345523100407902
1.948805910720236
1.9674852445555011
1.9789426238317966
1.9728410567816388
