2.4664297821831944
2.4634843595522895
2.438094627841504
2.457560618212561
2.456968697485846
2.4771154925428256
2.4276524371287787
2.4499014258099954
2.4433267789830704
2.4355502426210394
2.4734274599701065
2.4258154257541578
2.4523439991534794
2.4761544699059193
2.39264813604668
2.4063165232098114
2.272874830355104
2.0921382460045836
2.0425746734052255
2.1057980535145555
2.297921395914078
2.3729727166212737
2.2931558787610107
2.304123532849616
2.283569118249204
2.2866738053809303
2.3121790444624852
2.337197515468863
2.3887703286925825
2.416241210035115
2.405459864374637
2.406952246192966
2.3922688509634047
2.3781617748680737
2.3311376245859474
2.222953111110946
2.148693666126353
2.085158421716507
2.0320768661733624
1.9734248222699755
1.9645089273586167
1.9811076217191068
2.0328804500093707
2.0863472382170656
2.1609717667078656
2.203963778080016
2.191971700994751
2.2383863238566475
2.2755346188853953
2.344716824605667
2.368166298425041
2.363279680044487
2.3522310112740095
2.3690716574013018
2.35859695566428
2.3574520121079234
2.3569812546666986
2.365785078408664
2.3680874548176383
2.3684501663676003
2.3722386066590113
2.367945687874073
2.3833159303717792
2.380436095316171
2.374204747310145
2.377518897602956
2.377092816128741
2.3898953811450934
2.417626146997016
2.411685974484643
2.3942902826892647
