2.5436705805952706
2.524485705670539
2.4917028682115165
2.517684897181356
2.5263104262541174
2.5628001276948225
2.4863927812096844
2.5156062060433975
2.498152953819509
2.4995879752969414
2.558446927560085
2.4753896879938497
2.5084912187177224
2.5386951374775677
2.4344113619920478
2.4632859415014523
2.2883609398786384
2.0318356832543163
1.9748339301769413
2.0477974033029813
2.2692809580804325
2.327053774697144
2.186066719670405
2.2182125407648328
2.230364994496521
2.27785353139279
2.3303510136425927
2.3618865154069817
2.4221218503404347
2.467635612343101
2.462012708200807
2.469480309487537
2.4361716835582365
2.4193482449455774
2.358088075952698
2.216073239965256
2.1106546205025425
2.0320187385020745
1.9623103203803407
1.9370068659851394
1.9767049861961563
2.0453914856347244
2.141117563639589
2.2594665711716213
2.4049724564975743
2.5036062723845127
2.5133123962239408
2.479062180510356
2.455317709206089
2.493519529466583
2.471898172326287
2.464865250346536
2.4348356265731015
2.4367962163112673
2.421691615878391
2.414819611927766
2.417620897349009
2.430583534903761
2.4408845636665193
2.444195689010916
2.444672193856674
2.4538349767822525
2.464795521203321
2.4772621796917575
2.4659270004119698
2.4685627531313994
2.4642970538463587
2.477864894845368
2.4876713914556063
2.484211300606279
2.474268965422373
