2.470764454008604
2.469417579521998
2.4399170952016136
2.459586990682611
2.457603711260002
2.489937696083155
2.433336563343787
2.4608513852518636
2.448884845537276
2.4390218745872407
2.4868235152951153
2.4247325332358534
2.456313869626076
2.479252594550114
2.388228920688709
2.4182650005012247
2.2823242972738473
2.0887584763645246
2.050936387408587
2.1152572537009053
2.312131851958814
2.37930510377007
2.2904828924386957
2.297975059890864
2.285305352200997
2.29853493009393
2.3222767165979445
2.3383599678810394
2.3769718832537388
2.4245153670714203
2.418660136364364
2.4187984214111875
2.4013680983876293
2.3935882300616895
2.3503433315012447
2.2297200149915546
2.1521589955000255
2.081554493738579
2.0204740601665265
1.9824986214928024
1.982484426711875
2.0362183816766684
2.092173171028285
2.1686658293655117
2.273798115430538
2.332948328690926
2.3162439831738544
2.255967539581598
2.2260435366450313
2.29275045115309
2.3174363305932975
2.3258528909754146
2.3299934650467047
2.3647173720443364
2.3647951919896952
2.370708448888851
2.373253023041615
2.3896762740509723
2.3943578752473353
2.382419422009518
2.3902062931542667
2.385942020297319
2.4106000236973713
2.4044729383703274
2.4085850272471547
2.403840431702342
2.4167103717438945
2.4196350262460027
2.4450319386545964
2.4378261296135535
2.427293775960585
