2.5090831159951383
2.499062988132072
2.466562335868891
2.4938238249286186
2.5006652978629784
2.5370151494147817
2.463613851840445
2.492279828702719
2.4789792778297173
2.4832990568948534
2.5314309851001617
2.460645042989238
2.490140372320203
2.514578941444475
2.4183581858766994
2.4465247764972604
2.2764296503065182
2.058821343103617
1.9995235905275919
2.079561114160268
2.307850589342388
2.390765917540351
2.2837353756996617
2.3039609571641373
2.278931316319179
2.3036464758098143
2.3335835868261543
2.345511744121992
2.361627115342822
2.352165481920146
2.3136468973925273
2.3247826731932597
2.3318975770620285
2.3233311941647545
2.283578443053386
2.1472574382934493
2.042311026324298
1.9673679851635761
1.913225064101908
1.9078220457720292
1.9481011560596888
2.022424547920588
2.114598140382616
2.237423275345336
2.37773946864853
2.4751248317575913
2.4903304856396753
2.4516592700487054
2.4297825673206654
2.4631512310855435
2.452164155262965
2.4513129861311196
2.4197718812349005
2.423078550760248
2.404396596612021
2.3941095606390643
2.4098879923899688
2.4301251824127474
2.4219218574391568
2.4331976743399624
2.4221579982004804
2.4154142205077602
2.435693008112242
2.437639436685075
2.442896332186391
2.4393733281554217
2.43098071786774
2.452751896371349
2.471553131399438
2.4664399079133874
2.453485598340981
