1.601165937461749
1.563480599531666
1.53161008356425
1.5594582693239507
1.5707545560623781
1.609983271268743
1.5403588232252297
1.5748100476120972
1.5705009238347203
1.5959629124316235
1.628113705055362
1.581565466997406
1.583842637644826
1.5869010578590361
1.516408081608805
1.5514254025493224
1.4988978541646207
1.444185159764161
1.451073831891464
1.4743004985570227
1.548356586328622
1.5491016986652806
1.4638706781139106
1.4289776583766818
1.4785307044589344
1.588985647934549
1.580856829212812
1.51551594696077
1.5049419681592908
1.5377636615280528
1.5401952015629388
1.555186381128652
1.5746904629445515
1.5806007568417344
1.5531580378157672
1.4547051681182799
1.351127310459099
1.1713415850478455
1.0562355210094936
1.1120962262074057
1.2098178308952765
1.3318705512859002
1.427594922096889
1.518780738871346
1.6035195634847113
1.6704337382722567
1.6711343113350252
1.6477931362970135
1.6138391170853132
1.619999291684577
1.6290469544943893
1.6689338694240974
1.6854621906302187
1.7033343424428895
1.687167768340686
1.6842376624322914
1.703573460798423
1.7128664451270665
1.6964897528907068
1.6973972616653907
1.692969527931968
1.6990028880913997
1.7156321928099865
1.7288630998461838
1.7218713044899856
1.720649251054064
1.7063295270770809
1.7157491272835415
1.724199637004363
1.7163366479090165
1.7127852980797909
