1.9635529736084438
1.949297045349164
1.9256223298529167
1.9403764391340905
1.9447484665748642
1.970688692750732
1.9163611357209567
1.9412957019525559
1.9335502741659834
1.945046280952592
1.971125758298778
1.9347959244773758
1.9459595521171267
1.9617378759590562
1.897141669029669
1.9304865038820407
1.8448096749243565
1.7217922130300702
1.7078094494977805
1.7384473973142007
1.8382553565216733
1.887422770990761
1.8147390622668664
1.8120358476327583
1.8184319437599827
1.8683684065295447
1.892860065102124
1.888458946626138
1.8998461272370337
1.9279951697656472
1.92784441779456
1.9347681520066322
1.925093186793806
1.9104497035640489
1.8851859476088508
1.8076435437950407
1.7500832706712965
1.7141669087865772
1.687838275553433
1.6611077281814541
1.6751373621853063
1.7148722640615075
1.7632013849952703
1.8363601075741722
1.9157062584163178
1.9699729004482869
1.9839826093688044
1.9655010686009557
1.9550966471558433
1.9617971975659105
1.9519004730503358
1.9538284789055127
1.9333794181841815
1.9169012846907911
1.8995323621685851
1.897020971906989
1.8774056861644974
1.8652863983503487
1.84412807624891
1.7958827948137737
1.7498891667049972
1.6834806706742682
1.6018518332542115
1.6706449010223028
1.7414708250817865
1.7854925401370636
1.8372289902625232
1.8672640793198585
1.9069529197886086
1.9295499230970683
1.9263869980755164
