2.5587437132250317
2.5460720439527624
2.510455110732403
2.5374321217592177
2.5436326465570054
2.5771589420584107
2.502467303994184
2.535282404310245
2.5210208059670447
2.516269863756893
2.5685123060927753
2.4928625339840593
2.5295419819950786
2.559833413058085
2.4542830992655627
2.481673375739968
2.3027968722041114
2.051134229127105
1.9866158793695057
2.0786161746745395
2.3169209419761394
2.381642283667518
2.223314755231861
2.205005587586018
2.218028159543113
2.273579576894272
2.3300284565915192
2.373826168475694
2.436748370985333
2.4839199379755366
2.4741561933551273
2.4774392206436966
2.457367704370907
2.427143174231822
2.3737829273611974
2.22561792760765
2.1160887179777736
2.0283453291113864
1.9549973219561896
1.9370795189626635
1.9735238831698332
2.0337103494569284
2.1425901558940454
2.2618568422909893
2.413708402675779
2.518263143102145
2.530230409631576
2.4938695536740534
2.474432519840237
2.5083370377954797
2.484864190137519
2.482247526294293
2.4444073531011745
2.452800389245415
2.4331003947767793
2.4307143377924776
2.4302066275978906
2.4504442856739574
2.4542048156957272
2.460518692505147
2.460220984972356
2.466897740177236
2.4847246358769173
2.493900971249968
2.4794800339467735
2.480100869869387
2.4840301453861073
2.4989039724346953
2.513686304429334
2.505320913931593
2.5030340836622966
