2.289755380425799
2.285210085936098
2.2595446148450256
2.269685610640659
2.281014385739724
2.3043859249800045
2.246809506468645
2.277079593924917
2.2737680763373787
2.2727554177431117
2.3006959576182644
2.2526724836143024
2.277684509990718
2.3000675863766142
2.2136633118824114
2.234775788118409
2.1156647001611706
1.9565363967188338
1.8910481463246307
1.9527943525388258
2.1335165622708927
2.2028089466496366
2.1157240896754916
2.1308932307081254
2.10713693278263
2.1192837623645677
2.1439552912043243
2.173419830960467
2.210155277453429
2.250063476961312
2.2360840729670146
2.2405279170921992
2.2243380046505035
2.213402030128895
2.177167787013264
2.075853400239414
2.007144080771087
1.9279230719735745
1.885420801415394
1.832328958952184
1.7972069781418998
1.7956641598161192
1.8071973990394945
1.8189237117375185
1.8629273719655335
2.0216987307210155
2.107716647531481
2.1370078210808177
2.159940596299549
2.2202494037782734
2.2259583047740614
2.2155094775342596
2.2017749599574694
2.2091891259263865
2.213476660820242
2.2007774750410367
2.2005542381606893
2.2191490183941
2.2138503172859543
2.217295255534848
2.207709655212275
2.200596369312877
2.2171236019977645
2.2182085043970257
2.211947291402234
2.220385110257309
2.2224573623702772
2.234123690089166
2.247426982640528
2.24127376964948
2.2332786073929523
