2.6610324749365355
2.6484987415534214
2.6115610806220553
2.630242141160369
2.6446579226379114
2.6755361086937373
2.60985902111384
2.6356261954571107
2.6194781427547325
2.6214940987499458
2.666828039072652
2.5914065511423896
2.6229671209491334
2.650078166547561
2.556929120298056
2.575809511931051
2.408459623929075
2.145661453675094
2.046568180407526
2.1161648239874173
2.312931378411746
2.387762110115429
2.3384825549152493
2.3893543648669566
2.3921392901623366
2.427155667331007
2.4623232943278346
2.4950350418536935
2.542767705504142
2.5846987574016134
2.5775383104942664
2.5775506254132816
2.5473004044492877
2.5252936500051
2.4713467325938
2.3364482392253607
2.2346115582332446
2.152039533863019
2.088111989668543
2.0638840225544164
2.099114767435494
2.167501818334988
2.26698634513582
2.375291619813336
2.511202431982106
2.596830107051459
2.620083415480096
2.588163667226605
2.5597236756939505
2.5934989487068227
2.581261696482096
2.5764876723069285
2.535641141993494
2.5332380549637583
2.5137499332925803
2.5074781711791196
2.510110329196328
2.5267069635518724
2.5355019681923685
2.5297727492933864
2.5369366408478147
2.5387664242036556
2.5525835481834487
2.5667710230552556
2.556598587773963
2.5554347275406837
2.56458216739757
2.5759463767717006
2.589206691982077
2.585628495841145
2.5730858862075756
