2.9470874215583955
2.935623306379577
2.899700221280923
2.9316928400996325
2.938502383523977
2.968039125938972
2.90331014976698
2.93250902047045
2.916414457307384
2.9163788098298857
2.963833227365701
2.904103889619314
2.935018332302798
2.955217089850229
2.864059825574391
2.8862204535125517
2.7321122622879077
2.492710637210606
2.4256362722995397
2.512182440619603
2.7526938431987475
2.8317987023929505
2.7306979989311393
2.7478400946073616
2.7236118543131735
2.750085338639808
2.7826889771277292
2.8028599533174137
2.845958989503878
2.8885683640530533
2.8791729616346915
2.8797627579934364
2.8612910161665384
2.836790439870695
2.786394108022515
2.6493636904132596
2.5389214010904024
2.4541806369536694
2.3826994420085206
2.3629929046965406
2.3955317798156734
2.468603843221189
2.57344918679264
2.6901467361901914
2.8307032299227197
2.918452187319192
2.9308800369283814
2.900950252281863
2.8794822536930362
2.905542533835834
2.8909979107311425
2.8938163497538616
2.8629634835565687
2.868428899683869
2.849222365746864
2.8466532786540157
2.8457652466615593
2.8625306681854705
2.863699592772162
2.8717284415425732
2.8761624649572535
2.877256090514903
2.8981652345863163
2.9023645211379976
2.8936260416793513
2.8993356428363195
2.895528732864444
2.906976740861284
2.919022046487289
2.919051563262783
2.9135098655677227
