2.010980031446026
1.9962203618362964
1.972190166439802
1.9926501800915237
2.000460480319953
2.026966730966868
1.9724318665524838
1.9994274989261953
1.998704200758138
1.997633427443064
2.0400034254176638
1.981655567487317
1.9980163860017415
2.02109798635591
1.942980675549029
1.9671466296382114
1.8624106965587321
1.7381202006126188
1.7037043979647664
1.7606746385282923
1.8956470687237934
1.9377469365849458
1.8545161958616472
1.84645573635978
1.854217538903282
1.8965006107553883
1.9166988170757386
1.9176123554717464
1.9312441366384403
1.9694094269040114
1.9707907877967537
1.9844405671754672
1.9805311978730762
1.9823488603190846
1.954610278006488
1.8651201090096228
1.8000420180015513
1.738786080254354
1.6847830040643952
1.6240615454875484
1.5831678440977104
1.5528713616354273
1.5433216996415131
1.5443069230432864
1.6988710571014591
1.8418197473754976
1.9040936415417204
1.918106860031228
1.9338874154465495
1.9831527736656194
1.9840629164666843
1.9937946451968183
1.9874103201468334
2.001505576215807
2.0060034937293274
1.993925487178992
1.9945709137041978
2.0069224900522746
2.014281806204603
2.0102833034614385
1.9954493605117096
2.0063229426880573
2.00240485136031
2.020493789860805
2.0150653195214416
2.0152235620956795
2.0174842124687835
2.0292067733836374
2.04228769963075
2.0316817175032993
2.026590164589434
