2.9314592745677746
2.925696541912523
2.897733285312374
2.9203007262359484
2.921988193135914
2.946916569846262
2.8805448815882264
2.8691075211723005
2.892819267791693
2.895313554832981
2.940230371542717
2.8752306687233595
2.911064761360401
2.935222207592665
2.848179056847225
2.86945062774023
2.7158129897613557
2.4727063942895344
2.397692516428898
2.4942986004896257
2.7297441457503453
2.816087958709002
2.7216060091841188
2.739132341649337
2.7109102092643895
2.715113579553609
2.7537574198215085
2.780595141581766
2.8303494003509844
2.8707381775905656
2.864842177360008
2.8627737174912604
2.835569078902958
2.8047554813887783
2.7546674463258927
2.6137025038803605
2.5037722315505246
2.423740543172077
2.351832901574758
2.3358902786864024
2.366389919009266
2.450371951906129
2.550972148521502
2.658239361964199
2.802119700094423
2.8873101222888873
2.898834973584759
2.8713644522408073
2.85487185815631
2.886761974160825
2.874326915318515
2.866358011761678
2.833218276363599
2.8267998972833657
2.8109705568980896
2.812344823867333
2.816178930539752
2.8307548828058002
2.828188493124366
2.8278237173825884
2.8200831391743404
2.8283367435935687
2.8468697646056556
2.854237851362042
2.847285014099327
2.850065487951663
2.8533703747491757
2.856694953845628
2.873975811930447
2.875550009628116
2.866536416987865
