2.822320643800312
2.8157108666905457
2.7909432985085054
2.7977472046867518
2.8085795810624434
2.8354265976978
2.769124494416157
2.794407391402655
2.786097822035396
2.7805985279573564
2.7916459149840156
2.6640323143228075
2.77104799513063
2.8237385369014203
2.7298702620996718
2.7515270086926127
2.5915862883071616
2.346376283972674
2.2692011761035515
2.3621170245197205
2.5948798303211142
2.688632667544192
2.593538198286045
2.609284203816068
2.589016144967249
2.591656890635123
2.625010217565669
2.6596669261661874
2.7147736963822457
2.753878879867563
2.7410705028406377
2.734697580242771
2.717768059356939
2.6830394793901475
2.630859869324243
2.487832826189521
2.3781296358415163
2.3028319052897293
2.241150816613586
2.207789005029241
2.251121584474006
2.3244293396093116
2.4208953739819696
2.530595593766814
2.6668953131471134
2.767944512419084
2.784450837819107
2.7573943742820646
2.7309148151090845
2.7749775531220924
2.7561086300714646
2.7445291269895598
2.7108860280932263
2.705586658712595
2.6835470399304318
2.6771820392334136
2.6811769914131056
2.697721912665584
2.707071974971016
2.7070825639355385
2.6911217349698875
2.7011448046180524
2.7221907419644538
2.7235914808602293
2.712187781286914
2.719744158406323
2.712693341003012
2.7312880018607535
2.7417537974201776
2.741918499934891
2.726944586337417
