2.432350791207363
2.421474595406
2.3973135088770015
2.4147848449010487
2.430605569631172
2.4558836196592995
2.3855210468522414
2.421457942767227
2.409611384252155
2.41755275225912
2.4574080072817077
2.3923327451310747
2.4195341156017536
2.4433395757903216
2.347603585811563
2.3727847355872074
2.233486279234353
2.0405230755029944
1.9881684211009907
2.059496607171907
2.2544757934444806
2.3275106583283263
2.2330858972591696
2.245362054075647
2.2358284985618178
2.2568104964905276
2.2892565246296006
2.3003740374596653
2.327223893044727
2.345688808162442
2.3050327656045844
2.249807400821715
2.1635287334975164
2.152308690028969
2.13439435588306
2.0227997884634843
1.9454327197790648
1.8823010755365555
1.8579350405514994
1.8675699382887623
1.915115921830453
2.0009177718014537
2.0869963961141877
2.198737917467582
2.3284598430054833
2.416088004628877
2.415425966686826
2.3937522817215555
2.368758883825368
2.4004590305084195
2.3919408305276755
2.3912371278877824
2.360348135145803
2.357118165956037
2.340832954776928
2.3307995999741515
2.3355916391227725
2.3492934159218897
2.349993603896705
2.3483267869760063
2.337770162505171
2.337643547479645
2.3610352240726513
2.363820930958487
2.3660607750411407
2.358705755283503
2.354201522308319
2.3594290797868225
2.3763994023176696
2.3736984352320425
2.3675650567794344
