2.23101503545725
2.217888843163083
2.1929097801061226
2.2133122915958396
2.2156663166754793
2.2495129981791138
2.190347233803207
2.2176150249909563
2.2048331786704427
2.196278666831674
2.2399100238753364
2.1898913118533554
2.2071382701208755
2.232843041786098
2.1489872348374055
2.175592118859868
2.06160845395249
1.9135310361930529
1.862279091927739
1.924905284728868
2.0732321055171794
2.1401787097429503
2.06260563213387
2.0539095556507436
2.0427762432435683
2.0768427654630592
2.1032222507017866
2.106660174542496
2.1425042710561506
2.18126099099588
2.1832517867671264
2.192523240960825
2.168435000515426
2.1544447781181653
2.1272161086668384
2.015618165018092
1.9393037769959731
1.8832313239946086
1.8240199906583778
1.8121255925353073
1.8340847769817232
1.9045017044986303
1.95931980440591
2.045531053987297
2.1359730878876073
2.206694752450184
2.2114112441538545
2.176061705252446
2.1580087104433496
2.161815282456703
2.1212928547974985
2.010108440840801
1.8345937305643865
1.927791904702971
1.9942263664526132
2.031936495731184
2.0763812812592346
2.1104904576306938
2.1283750941665476
2.1388864586073892
2.138765686843894
2.1409309286549103
2.1638608938391233
2.173035807140441
2.172436934144664
2.171948516133024
2.169656943556207
2.181141987142812
2.1874039489108585
2.185213568796564
2.170831498933968
