2.465403350607346
2.4565896916314744
2.434079794635512
2.452272842002592
2.4540398101468672
2.4788428797883757
2.4240339742225485
2.4488760215166763
2.4361404569493734
2.4240636366847386
2.4682679012019064
2.416372325790168
2.445605749669069
2.4694376018207387
2.3809273878409996
2.4063867886545562
2.258706562603438
2.07760826003345
2.033840847841375
2.1065818847156845
2.3061739977619036
2.369362156620687
2.2849325503542595
2.289670101521353
2.264609236193946
2.275354715446398
2.3021978703532593
2.328066924208104
2.3748800225568503
2.4103699020759897
2.407133697814944
2.4051977964100124
2.3945851858379092
2.3768898177009334
2.334489269538792
2.2192736566095546
2.141968897794681
2.0766846077711882
2.016279211976381
1.972960926145844
1.966833690817135
2.009205788157314
2.053064131891938
2.123345817462953
2.212422999951845
2.264197244917052
2.2420764737831598
2.1945440207915405
2.2395446215016497
2.310784116185401
2.339146938947838
2.3428764354870997
2.340346606931784
2.3553791482407975
2.3555987573102146
2.352166400945889
2.3504075833493063
2.3697184622800647
2.3681053036300885
2.370987985249811
2.3716336776105162
2.3696070911205354
2.3923209419896097
2.3864313342222347
2.385268801599728
2.382679075228494
2.3899516858703627
2.40035752633307
2.417672920543433
2.4163000370722725
2.4114859757903155
