1.824211341257799
1.8007561776301095
1.7657134923632587
1.785219423885487
1.8024308124542712
1.833206010990368
1.7828215889357024
1.8099805198719514
1.798901523258279
1.8063540477955073
1.850003071974769
1.7945209750317739
1.7972525509151889
1.8096025272445049
1.7320098817052914
1.7520417750205035
1.6106591961335859
1.3885280144629406
1.2330551821437472
1.3688548024516354
1.5967108927482436
1.7121019188492852
1.6500180167850722
1.6486264009979479
1.6696462548503195
1.7656176766453369
1.7811723486232398
1.741335310829768
1.749796941441499
1.7901368135309736
1.803976885426185
1.8235876207038801
1.817531655275576
1.819535131210063
1.7971359608305546
1.7225049511057964
1.6761570337439293
1.612776478057608
1.5687401856196024
1.5624456044330404
1.576485319468259
1.6301763981741793
1.6805721369841753
1.7479320159775067
1.8176106482020125
1.8737951469602383
1.8727631309721575
1.845756251632995
1.8302332315140675
1.842094216669516
1.8356709314936257
1.8555335103936585
1.8691960243793977
1.8687692182196893
1.8610878944247875
1.8585684350712823
1.8611309043956066
1.870851915773516
1.875853481707935
1.8814331487078
1.8715375554903317
1.882338851181088
1.8984266212745264
1.9006688740160465
1.8976356395444152
1.9086623943984975
1.9062185987568574
1.9072585069755477
1.9275152329843275
1.9150934996867124
1.9034276816143423
