2.9004710568669636
2.889168269966241
2.8636270561926755
2.8820386767601054
2.8842257508722144
2.9107014421184196
2.8465421645163924
2.875235430808335
2.864791394458519
2.8605262126275566
2.900364317321013
2.814073984331319
2.799748239682664
2.879722833861777
2.7951074237712965
2.8223452922430687
2.6720167610944485
2.433512280098996
2.360571190351899
2.4394874476281867
2.680178720708429
2.769565050370203
2.6799082970205745
2.699338081646009
2.671196112306386
2.674132047462624
2.711971513984847
2.742006242689651
2.8002106178981867
2.8378400688087626
2.818375864453227
2.813262258524303
2.787759766280318
2.7654245144297946
2.7168750770817804
2.5739120159706506
2.4669029258741295
2.3880336241727775
2.3235780055024224
2.2919530270194977
2.3259962195230774
2.4038470938662653
2.5046899696438265
2.6172358869137216
2.7540870463776206
2.8481210142508946
2.8546413821341656
2.8307167474270796
2.807920935950226
2.8344538516923405
2.825406858500272
2.816731391968304
2.7943027563813834
2.79043882779849
2.769046677220842
2.7719195918191937
2.7711434453460413
2.7740020016591878
2.775594509628514
2.7847318896045103
2.782276644413617
2.785998214016706
2.8034104249881695
2.8076373651419604
2.8040469547626197
2.813260058750495
2.8080603389334082
2.817032562188561
2.838358444383183
2.8295098890128374
2.8158512803410267
