1.0 1.8589165352899588
2.0 1.8992481649973434
3.0 1.8997618747843688
4.0 1.9075243093893992
5.0 1.9054474646902146
6.0 1.8970917906899485
7.0 1.9111241812700996
8.0 1.910110249448809
9.0 1.9110929468654172
10.0 1.9120370746936488
11.0 1.911180497510397
12.0 1.9085070068060077
13.0 1.9079547274306032
14.0 1.9093427610528042
15.0 1.9142415777684565
16.0 1.9124215879627857
17.0 1.9103462814058678
18.0 1.915294079178124
19.0 1.9112414281774956
20.0 1.9113899094895743
21.0 1.9118619734036892
22.0 1.9130124369265642
23.0 1.9108198834622507
24.0 1.914685483562424
25.0 1.9141243308610625
26.0 1.9137309442659658
27.0 1.9102988384915311
28.0 1.9143499513498923
29.0 1.914909565908987
30.0 1.9096624150811166
31.0 1.9110139114719586
32.0 1.9135334818972833
33.0 1.9129337596075426
34.0 1.9123830183744093
35.0 1.9108040052780306
36.0 1.907258581169927
37.0 1.9150699968315597
38.0 1.9142118815060407
39.0 1.9189043625270528
40.0 1.9172714236218336
41.0 1.9154321490219746
42.0 1.913475627514719
43.0 1.90722888490751
44.0 1.9135334818972827
45.0 1.9126873161822577
46.0 1.911772884616443
47.0 1.9090577480391429
48.0 1.9108738092710877
49.00000000000001 1.9140946345986467
50.0 1.904740906961309
51.0 1.9003511856058815
52.0 1.9154306108797083
53.0 1.9127170124446755
54.0 1.910886611170776
55.0 1.9200652375181533
56.0 1.9152049903908772
57.0 1.9147136416825727
58.0 1.9146438376895143
59.0 1.9202418769503802
60.0 1.9209009917649509
61.0 1.9180037490394304
62.0 1.9179691080247796
63.0 1.919414996029544
64.0 1.9216580686927276
65.0 1.9194759266966428
66.0 1.9192690690382417
67.0 1.9233874315688855
68.0 1.9226511775775623
69.0 1.9196525661288695
70.0 1.9218050118625385
71.0 1.9201913577515095
72.0 1.9191596792782974
73.0 1.9222786139189219
74.0 1.9214235748779367
75.0 1.9182629943644034
76.0 1.9213611060685725
77.0 1.9163554539137522
78.0 1.9126680313880717
79.0 1.9180701464225216
80.0 1.9111791232574489
81.0 1.9137309442659654
82.0 1.9166123088072646
83.0 1.911143466064288
84.0 1.9173396894726256
85.0 1.9183536212939165
86.0 1.9179498232305932
87.0 1.9090389574597069
88.0 1.9102097497042838
89.0 1.91392686849238
90.0 1.9135527666914711
91.0 1.9152956173203914
92.0 1.904244753872808
92.99999999999999 1.8975416639086544
94.0 1.9084356646706828
95.0 1.9171406889616773
96.0 1.9119737535950931
97.0 1.910715768779974
98.00000000000001 1.9124705690193908
98.99999999999999 1.9102363696821665
100.0 1.9082991329690984
101.0 1.909736147647901
102.0 1.9155493959293688
103.00000000000001 1.9157676812345066
104.0 1.9177538990041787
104.99999999999999 1.9167310938569289
106.0 1.91700723354463
107.00000000000001 1.9141555652657487
108.0 1.9146958950306552
109.0 1.9153742946394137
110.0 1.9123429106437688
111.0 1.9170265183388178
112.0 1.9142415777684587
113.0 1.9124705690193908
114.0 1.9012374590515497
115.0 1.9085416478206574
116.0 1.9066132844335515
116.99999999999999 1.910571901894696
118.0 1.9144197553429514
119.0 1.9141436156552503
120.0 1.9146557873000096
121.0 1.918755881214974
122.0 1.9221895251316758
122.99999999999999 1.917402488607426
124.0 1.9193644768306732
125.0 1.9187173116265985
126.0 1.9175282785153491
127.0 1.9193274453845641
128.0 1.915353471702955
129.0 1.9143202550874765
130.0 1.9161892259497522
131.0 1.9124127146368257
132.0 1.9153044906463523
133.0 1.9160615675741295
134.0 1.9185703684567867
135.0 1.9192665147174666
136.0 1.9155598073975975
137.0 1.915991763581071
138.0 1.9226615890457937
139.0 1.9148759410728458
140.0 1.9159219595880104
141.0 1.91950408481679
142.0 1.917586132897912
143.0 1.917534075556774
144.0 1.916984872465906
145.0 1.9183416716834205
146.0 1.9198766484754317
147.0 1.9172506006853787
148.0 1.9167503786511146
149.0 1.9192487680655448
150.0 1.916897321820926
151.0 1.9186089380451632
152.0 1.916463827495186
153.0 1.918077481606215
154.0 1.91752674037308
155.0 1.9205357632900022
156.0 1.9166420050696809
157.0 1.913110399039771
158.0 1.912255359998786
159.0 1.912991613990108
160.0 1.9142801473568327
161.0 1.9153920412913303
162.0 1.9134443931100382
163.0 1.9144968945197043
164.0 1.9119271629699484
165.0 1.9127154743024082
166.0 1.9122835181189357
167.0 1.9024457769569856
168.0 1.9065697700929407
169.0 1.9080229932813957
170.0 1.9058596141157462
171.0 1.8974994895779926
172.0 1.8928430238245808
173.0 1.8928112952051461
174.0 1.8896865635230968
175.0 1.8882021059299587
176.0 1.8887424356948652
177.0 1.8885376381424934
178.0 1.892864890688551
179.0 1.8805673297005474
180.0 1.8716544315726438
181.0 1.87517900668022
182.0 1.864141652817747
183.0 1.867768694389092
184.0 1.8708232917526513
185.0 1.8708722728092513
185.99999999999997 1.870183461732269
187.0 1.872692262614927
188.0 1.8690464859621587
189.0 1.8697233474286457
190.0 1.868128978111805
191.0 1.8657671203989563
192.0 1.8600919419613415
193.0 1.8606203221157513
194.0 1.861595684348666
195.0 1.8672338313401768
196.00000000000003 1.865303929810802
197.00000000000003 1.8598736566562015
197.99999999999997 1.8687657318476525
199.0 1.8668018751567055
200.0 1.8613953095847704
201.0 1.8576602802554347
202.0 1.8606831212505512
203.0 1.8538767640842462
204.0 1.8544048139132296
205.0 1.8508612582728219
206.00000000000003 1.85908688346601
207.0 1.8444707874674489
208.0 1.8345909621633467
209.0 1.8312062433577414
209.99999999999997 1.839109824091159
210.99999999999997 1.8326879801939897
212.0 1.839237482466783
213.0 1.8367348341531922
214.00000000000003 1.8308548581631996
215.0 1.8367764800261035
216.0 1.8359438020638432
217.0 1.8418446009902918
218.0 1.834246856206991
219.0 1.8355843706303185
220.0 1.84046697883632
220.99999999999997 1.8378841150614427
222.0 1.8435859134769434
223.0 1.836941525375477
224.0 1.8464495313663207
225.0 1.843676540406459
226.0 1.8351288707534998
226.99999999999997 1.8377356337493655
228.0 1.840026149326881
229.0 1.8391919332223543
230.0 1.841821057296943
231.0 1.8442095349876688
232.0 1.846793936904813
233.0 1.836141264432522
233.99999999999997 1.8389632364489874
235.0 1.8445315794474397
236.0 1.8333385772102444
237.00000000000003 1.8367321133962988
238.0 1.8447676114044977
239.00000000000003 1.8375767409690564
240.0 1.832845690359669
241.0 1.8374297977992509
242.0 1.8411380432613824
242.99999999999997 1.8326477060272297
244.0 1.8336012291451829
244.99999999999997 1.835066401944131
245.99999999999997 1.8333897570599789
247.0 1.8271684518160325
248.0 1.8422098294652356
249.00000000000003 1.8390838899663535
250.0 1.8407905614383573
251.0 1.8321969870133286
252.0 1.8275905184950312
253.00000000000003 1.8418179810124102
254.0 1.8404507703266642
