1.0 1.1010587014338165
2.0 1.140719009644015
3.0 1.149427110219546
4.0 1.1495042493962953
5.0 1.1582123499718262
6.0 1.1461284598621613
7.0 1.1548276871117291
8.0 1.1530983242355721
9.0 1.1536610150792013
10.0 1.162452051872909
11.0 1.1522402089100532
12.0 1.145304655225859
13.0 1.1558921381318898
14.0 1.1535912110861428
15.0 1.1601511248271628
16.0 1.1605934924788615
17.0 1.1533432295185893
18.0 1.1591788388787825
19.0 1.1549183140412447
20.0 1.162345216433743
21.0 1.1657684488822144
22.0 1.163189844006499
23.0 1.165216169506812
24.0 1.1688680987286517
25.0 1.16515831512425
26.0 1.1677160970635112
27.0 1.163556610623714
28.0 1.166338474909539
29.0 1.1615792661800046
30.0 1.167174229156334
31.0 1.1615005888609853
32.0 1.1636233383322396
33.0 1.1653364926987422
34.0 1.163909889488168
35.0 1.1544983074682649
36.0 1.159906219544142
37.0 1.1672737294118092
38.0 1.1667526844410905
39.0 1.1661425506831253
40.0 1.170854316498323
41.0 1.1698997772018636
42.0 1.1673034256742267
43.0 1.1710799369871534
44.0 1.17441408064838
45.0 1.1721324383968206
46.0 1.1719854952270083
47.0 1.1725643945802915
48.0 1.1714277491356149
49.00000000000001 1.1737653773020376
50.0 1.1743843843859636
51.0 1.1720329381413443
52.0 1.1736955733089778
53.0 1.1739420167342638
54.0 1.1703035752651865
55.0 1.1748564483000798
56.0 1.1700868281023171
57.0 1.1735871997275438
58.0 1.177945686678289
59.0 1.1729345678074767
60.0 1.1722215271840675
61.0 1.1712669878876079
62.0 1.1733006485716158
63.0 1.1725242868496504
64.0 1.1732235093948638
65.0 1.172071507729721
66.0 1.181820160104422
67.0 1.1740014092590945
68.0 1.1737653773020362
69.0 1.1735887378698109
70.0 1.1717984443265552
71.0 1.1763320325672584
72.0 1.1732042246006733
73.0 1.1754368857956303
74.0 1.1770015588500558
75.0 1.1778935213933373
76.0 1.1718177291207403
77.0 1.179577087441238
78.0 1.1697972006618538
79.0 1.1615167973706357
80.0 1.1695225991164195
81.0 1.1707042970439774
82.0 1.171452500645794
83.0 1.1698299732088047
84.0 1.1671252480997307
85.0 1.1722793815666304
86.0 1.1731537054018024
87.0 1.1707339933063923
88.0 1.1708319554195978
89.0 1.170940329001034
90.0 1.1715593360849603
91.0 1.1732620789832373
92.0 1.1716671877026372
92.99999999999999 1.1671030231613193
94.0 1.1710398292565072
95.0 1.1717583365959077
96.0 1.173085439551007
97.0 1.1705607604841293
98.00000000000001 1.1748267520376598
98.99999999999999 1.177660673664623
100.0 1.1776606736646238
101.0 1.1784474468548172
102.0 1.1798532271289361
103.00000000000001 1.1778461864228105
104.0 1.1762518171059682
104.99999999999999 1.1751592079656583
106.0 1.1743323270448218
107.00000000000001 1.1748741949519972
108.0 1.1740488521734274
109.0 1.1740102825850516
110.0 1.1741884601595454
111.0 1.1717598747381743
112.0 1.1707370695909227
113.0 1.1750643221369863
114.0 1.1752216767750259
115.0 1.174356226265813
116.0 1.1639955439164404
116.99999999999999 1.1668475702697612
118.0 1.1718964064397583
119.0 1.1716499630144748
120.0 1.1704505184349976
121.0 1.1724085780845204
122.0 1.170480214697413
122.99999999999999 1.1624336753134172
124.0 1.1659153920520242
125.0 1.1662524624068227
126.0 1.169684568181258
127.0 1.171130456186022
128.0 1.171415469199684
129.0 1.1680790495448066
130.0 1.1671638176881063
131.0 1.1730468699626342
132.0 1.1746693973996234
133.0 1.1704281573562745
134.0 1.167298811247424
135.0 1.1686748952591293
136.0 1.173483085045265
137.0 1.169708111874606
138.0 1.1705865281728232
139.0 1.1678903118212813
140.0 1.1712230877235517
141.0 1.179187959745301
142.0 1.1802967773952646
143.0 1.1740130033419478
144.0 1.1780776039530714
145.0 1.174330788902558
146.0 1.1706256197249578
147.0 1.1708022591571834
148.0 1.1774319768912611
149.0 1.1805405000636573
150.0 1.1810912412967927
151.0 1.1789862384774599
152.0 1.1772063564024318
153.0 1.1755718793549468
154.0 1.1731907368479126
155.0 1.1759429048713217
156.0 1.1739447374911565
157.0 1.1713291011693299
158.0 1.174407928079311
159.0 1.1743589470227072
160.0 1.1739551489593836
161.0 1.1763451647923786
162.0 1.1737889209953847
163.0 1.1735103908762239
164.0 1.1754372161210629
165.0 1.17007913739098
166.0 1.1665698924397931
167.0 1.1640610915571368
168.0 1.1631273751971334
169.0 1.161094044838557
170.0 1.1580693080742275
171.0 1.1549640336689806
172.0 1.1614556291134095
173.0 1.1612032707091842
174.0 1.1583161091264575
175.0 1.1617200567807437
176.0 1.1569400251147526
177.0 1.1536147547794882
178.0 1.155393098712252
179.0 1.146023492890693
180.0 1.154358343954503
181.0 1.1500824628965065
182.0 1.1320711014615483
183.0 1.1229701497835827
184.0 1.142464581029829
185.0 1.1450578562729323
185.99999999999997 1.142050371498279
187.0 1.138943386468149
188.0 1.1334567970732496
189.0 1.1454469839688683
190.0 1.136771655940291
191.0 1.1422686568034146
192.0 1.1369587068407458
193.0 1.145905560130222
194.0 1.1455835156704532
195.0 1.137971100519769
196.00000000000003 1.1462530419532517
197.00000000000003 1.1456965036786897
197.99999999999997 1.1381315314423386
199.0 1.1446721603891719
200.0 1.1462441686272908
201.0 1.1397629322052907
202.0 1.1445857923588127
203.0 1.1403314200903456
204.0 1.1349605394605742
205.0 1.1303764320210006
206.00000000000003 1.1263594382135316
207.0 1.131343965302963
208.0 1.1218393594280995
209.0 1.1149252091364161
209.99999999999997 1.119547092367481
210.99999999999997 1.123028537272959
212.0 1.127651047864797
213.0 1.1300523274552046
214.00000000000003 1.1234038468906984
215.0 1.1256969167889992
216.0 1.1212123096048956
217.0 1.1201459901170345
218.0 1.1240991408621852
219.0 1.1269340786676607
220.0 1.1295224091585276
220.99999999999997 1.1207699419531956
222.0 1.1133623243548838
223.0 1.1238433021471845
224.0 1.123243579857448
225.0 1.123897749919783
226.0 1.1260684642691277
226.99999999999997 1.1347036845670673
228.0 1.1205388547483734
229.0 1.1208134562938104
230.0 1.1143035397879029
231.0 1.1203413923796954
232.0 1.1154350765910277
233.0 1.1235373023077537
233.99999999999997 1.1080972629857786
235.0 1.1166568822492282
236.0 1.116928407510128
237.00000000000003 1.1238639611943224
238.0 1.1261159071834714
239.00000000000003 1.1143247207988014
240.0 1.1084343333405762
241.0 1.1167741291566278
242.0 1.1204511402140818
242.99999999999997 1.1202640893136173
244.0 1.1289394173421992
244.99999999999997 1.1200623680457844
245.99999999999997 1.1385129684269404
247.0 1.12741946644522
248.0 1.1198456208829133
249.00000000000003 1.1245527722713033
250.0 1.1299429376952637
251.0 1.1205760778328109
252.0 1.134369690496799
253.00000000000003 1.1245396400461938
254.0 1.1218823578514572
