1.0 1.5450268534106524
2.0 1.5873318638500307
3.0 1.5962918745668413
4.0 1.5970424686001168
5.0 1.5983726478397506
6.0 1.5846646921508265
7.0 1.5904736815331362
8.0 1.5943601045697662
9.0 1.592636538735035
10.0 1.5968881902466128
11.0 1.5937009897551964
12.0 1.5809313648530787
13.0 1.6019220005215795
14.0 1.6007834866092023
15.0 1.6039321175122438
16.0 1.604454700625228
17.0 1.592191780651877
18.0 1.5938093633366315
19.0 1.5906028780510273
20.0 1.594112123002214
21.0 1.5853268832499319
22.0 1.59824685793183
23.0 1.6032047368468798
24.0 1.6043150926391105
25.0 1.6049965685324032
26.0 1.6032938256341285
27.0 1.6035981234419763
28.0 1.605419651389916
29.0 1.6030666670030291
30.0 1.6002119224396107
31.0 1.6048733329452594
32.0 1.6066160196848598
33.0 1.6071208561459263
34.0 1.6096369922122757
35.0 1.6001328870461526
36.0 1.598823036528223
37.0 1.594437243746518
38.0 1.6011818179565338
39.0 1.6033928039258447
40.0 1.604089472150279
41.0 1.600643878623084
42.0 1.6080441610377012
43.0 1.6029968630099707
44.0 1.6080248762435145
45.0 1.602575318294725
46.0 1.6037658895482427
47.0 1.6044635739511885
48.0 1.606594344459213
49.00000000000001 1.6116039251877585
50.0 1.6089882888659328
51.0 1.60710003320947
52.0 1.6069426785714318
53.0 1.6068551279264522
54.0 1.6126741732493461
55.0 1.6084761172211746
56.0 1.6082416234063848
57.0 1.6064956964929282
58.0 1.6092613522690997
59.0 1.6076645925208
60.0 1.6067926591170851
61.0 1.60512268876576
62.0 1.6037554780800143
63.0 1.6048257261416021
64.0 1.6067837857911254
65.0 1.6057490310333782
66.0 1.6056348604105182
67.0 1.6087210225041917
68.0 1.6013608478202184
69.0 1.6104415120543896
70.0 1.6050127770420575
71.0 1.6061335443025144
72.0 1.6068802097620647
73.0 1.6080772639100853
74.0 1.6033189074697407
75.0 1.6027138823533285
76.0 1.6019088682964628
77.0 1.6050054418583635
78.0 1.6029494200956327
79.0 1.6064305069266722
80.0 1.6087210225041935
81.0 1.6099902710767304
82.0 1.605378005517007
83.0 1.608655832937938
84.0 1.6092347322912215
85.0 1.6026138878831053
86.0 1.6101298790628493
87.0 1.60561197736804
88.0 1.6004197962765216
89.0 1.6024877676497462
90.0 1.6000264096814252
91.0 1.6015004558063364
92.0 1.5907725126249932
92.99999999999999 1.5855261061425017
94.0 1.6011101454957748
95.0 1.6094306565176324
96.0 1.6071128351091568
97.0 1.6102947327738997
98.00000000000001 1.6082296737958905
98.99999999999999 1.608829396085629
100.0 1.6022768175283035
101.0 1.5990792055686607
102.0 1.6008116447293512
103.00000000000001 1.6026717422656669
104.0 1.602000677840603
104.99999999999999 1.607076133988481
106.0 1.6059449552597955
107.00000000000001 1.6042838582344328
108.0 1.60702715293188
109.0 1.6063769114432693
110.0 1.6101356761042758
111.0 1.6090253203120457
112.0 1.603025021130124
113.0 1.6064926202083962
114.0 1.6031345773261783
115.0 1.5956050983936683
116.0 1.5923370590273915
116.99999999999999 1.6016156426077084
118.0 1.6058512520457464
119.0 1.6093161303671295
120.0 1.614503036380979
121.0 1.6158139308264265
122.0 1.6126579647396933
122.99999999999999 1.610787455735149
124.0 1.6123447936058823
125.0 1.619021954254296
126.0 1.6175078003987426
127.0 1.613161263058493
128.0 1.6101923478722153
129.0 1.6057671332129466
130.0 1.6088444219806604
131.0 1.6049402522921083
132.0 1.6042321564209356
133.0 1.603267205656249
134.0 1.600394714440912
135.0 1.6038164087471187
136.0 1.6029806545003207
137.0 1.602603476414878
138.0 1.6017230000106355
139.0 1.601013178306071
140.0 1.6061905186468877
141.0 1.6060756899199553
142.0 1.608635010001485
143.0 1.6083692817820106
144.0 1.6065967348906744
145.0 1.6017364877633975
146.0 1.5991949143337891
147.0 1.6032252042556927
148.0 1.6017287970520606
149.0 1.6045553834953334
150.0 1.6069959185271998
151.0 1.6046178523047008
152.0 1.5978203684643586
153.0 1.5966907278779412
154.0 1.5928548240401816
155.0 1.593209641046901
156.0 1.5996434345545645
157.0 1.6026894889175938
158.0 1.6040181300149627
159.0 1.604507940580997
160.0 1.6093489029140864
161.0 1.6066545892732422
162.0 1.6045866179000166
163.0 1.6062581263936118
164.0 1.6028171472932173
165.0 1.6061705757486309
166.0 1.6037227055330714
167.0 1.6043891555313339
168.0 1.604751307721748
169.0 1.601387467798105
170.0 1.595369421964263
171.0 1.5915971695504927
172.0 1.586846834146918
173.0 1.589456673427318
174.0 1.5922994683802392
175.0 1.595257972098288
176.0 1.5969533798128734
177.0 1.5986264264487322
178.0 1.6033173693274747
179.0 1.5980726089310626
180.0 1.591002061687551
181.0 1.5807929394815852
182.0 1.5714702546106092
183.0 1.558384382290143
184.0 1.5631708968506373
185.0 1.5590486334952738
185.99999999999997 1.5670513589565185
187.0 1.5597502464719468
188.0 1.5678731286890084
189.0 1.579591956759839
190.0 1.5741795941464816
191.0 1.5697944872178569
192.0 1.5669679007745863
193.0 1.571918610942057
194.0 1.5811670412824963
195.0 1.5768713534665486
196.00000000000003 1.5738099428830536
197.00000000000003 1.5700021971654465
197.99999999999997 1.5719394338785115
199.0 1.5667185727030846
200.0 1.5781163724926617
201.0 1.5777245240398314
202.0 1.5745936397887093
203.0 1.5751389143058543
204.0 1.5706500482225951
205.0 1.5594751229627555
206.00000000000003 1.559053578247509
207.0 1.5568509240703168
208.0 1.558056187109202
209.0 1.5539857801465056
209.99999999999997 1.5529161738494313
210.99999999999997 1.5525852495697048
212.0 1.5458729839876895
213.0 1.5396535472114383
214.00000000000003 1.5568299542678308
215.0 1.5431967750732052
216.0 1.5593281797929397
217.0 1.5569990946270431
218.0 1.5585012988721016
219.0 1.5577979838638443
220.0 1.550136587656554
220.99999999999997 1.553809339814848
222.0 1.5511802157402648
223.0 1.5539501304155912
224.0 1.546471526209599
225.0 1.5481029269725504
226.0 1.5527761231993698
226.99999999999997 1.552552371178242
228.0 1.5496100759698432
229.0 1.55308330565343
230.0 1.5495843082811527
231.0 1.5454398477363869
232.0 1.5443190804759295
233.0 1.5538047253880491
233.99999999999997 1.5508888837214156
235.0 1.552484957616641
236.0 1.5539887000039667
237.00000000000003 1.542064388527684
238.0 1.540092510799966
239.00000000000003 1.5511547783770039
240.0 1.5485125220772993
241.0 1.5411450122096324
242.0 1.5485734527443964
242.99999999999997 1.5500555199060808
244.0 1.5473419214710462
244.99999999999997 1.5540661947083627
245.99999999999997 1.5537187128853354
247.0 1.5518080961501501
248.0 1.549331023886928
249.00000000000003 1.5517981788966755
250.0 1.545723816822538
251.0 1.5454024607626387
252.0 1.5513578713510008
253.00000000000003 1.5499191520938134
254.0 1.542207072798333
