1.0 0.933156968453354
2.0 0.9643993384802348
3.0 0.9588544030348192
4.0 0.9588056418130416
5.0 0.9622235154893347
6.0 0.9464978856919293
7.0 0.9661899900979329
8.0 0.9687283233536873
9.0 0.9689667154464006
10.0 0.964220308616554
11.0 0.9590247234618635
12.0 0.9736619727223131
13.0 0.9718750857890236
14.0 0.9617076094559703
15.0 0.9665830463675958
16.0 0.971907858335976
17.0 0.9680465171349597
18.0 0.9724466499586167
19.0 0.963199758207938
20.0 0.9710497430104572
21.0 0.966092716384595
22.0 0.9787681413111192
23.0 0.9738133386806023
24.0 0.9768116198038649
25.0 0.9761671753566785
26.0 0.9736252716016398
27.0 0.9732591908375011
28.0 0.9734725313904006
29.0 0.9767619528941831
30.0 0.9771777005680032
31.0 0.97254867678586
32.0 0.9615383052074384
33.0 0.9774657898661971
34.0 0.9679480330579938
35.0 0.9754259766131258
36.0 0.9578329695937245
37.0 0.9616642590046763
38.0 0.9664772296537293
39.0 0.9698055762735295
40.0 0.9726297722853463
41.0 0.9725654350082777
42.0 0.969819064026295
43.0 0.9666615597972971
44.0 0.9786766620924161
45.0 0.9792765508182679
46.0 0.9666294731034238
47.0 0.9749670449241233
48.0 0.9738967968625363
49.00000000000001 0.9726367771436084
50.0 0.9723101182570354
51.0 0.9777623969627128
52.0 0.9789352215643108
53.0 0.9734929987992127
54.0 0.979083702876386
55.0 0.9730625807580086
56.0 0.9761519552765267
57.0 0.9864647004968149
58.0 0.9850870783428429
59.0 0.98851918411728
60.0 0.9866768332328835
61.0 0.9734414634218342
62.0 0.9860045861931954
63.0 0.977520212436586
64.0 0.983039929906073
65.0 0.9854581038592173
66.0 0.9840137539967202
67.0 0.9772768452958318
68.0 0.9856169966395224
69.0 0.9816711810780627
70.0 0.9845363371097087
71.0 0.9802727359876352
72.0 0.9760210844760594
73.0 0.9774758458067828
74.0 0.9741713984079718
75.0 0.9792306460461969
76.0 0.9857728131352954
77.0 0.9848167356965684
78.0 0.9782063027566779
79.0 0.9776258652611286
80.0 0.9848094564583824
81.0 0.9788418738779059
82.0 0.9777700876740523
83.0 0.9764935039178203
84.0 0.976364307399931
85.0 0.9791180135656063
86.0 0.9774657898662008
87.0 0.9785761456584334
88.0 0.9820661058154312
89.0 0.9771005613912531
90.0 0.9772490427033323
91.0 0.9771792387102726
92.0 0.9757794258608913
92.99999999999999 0.9758417242869466
94.0 0.9792263871470421
95.0 0.9804659394571633
96.0 0.9784885950134505
97.0 0.9776513026243888
98.00000000000001 0.9802090845636491
98.99999999999999 0.9806321674211628
100.0 0.9824803153469829
101.0 0.982363068439588
102.0 0.984436836854237
103.00000000000001 0.9842112163654069
104.0 0.9840538617273685
104.99999999999999 0.9814069910008605
106.0 0.9815747571071277
107.00000000000001 0.982412049496191
108.0 0.9838282412385392
109.0 0.9868669604178765
110.0 0.9873880053885965
111.0 0.9882133481671652
112.0 0.9873286128637646
113.0 0.9845853181663167
114.0 0.9825975622543779
115.0 0.9827742016866055
116.0 0.9794217894097009
116.99999999999999 0.9830383917638126
118.0 0.9825871507861516
119.0 0.9782703097083171
120.0 0.9760762181017368
121.0 0.9801601035070487
122.0 0.9800027488690113
122.99999999999999 0.9777591542420699
124.0 0.9790555447562449
125.0 0.980541540491651
126.0 0.978475107260693
127.0 0.9791847412741318
128.0 0.9822249708467278
129.0 0.9868599490656234
130.0 0.9910202639927982
131.0 0.9911629785592546
132.0 0.9890876720023369
133.0 0.9887448046061118
134.0 0.9891574759953964
135.0 0.989207995194266
136.0 0.9895018815338863
137.0 0.9871623848997626
138.0 0.9867882830988547
139.0 0.9757987041610839
140.0 0.9812537288258634
141.0 0.9766581937395473
142.0 0.980938003371273
143.0 0.9802299075001
144.0 0.9867304287162891
145.0 0.9850396354285067
146.0 0.9865804092619436
147.0 0.9843566213929464
148.0 0.9830592147002619
149.0 0.9788299242674054
150.0 0.9823318340348993
151.0 0.9817024154827453
152.0 0.9826272585167888
153.0 0.9832686266794387
154.0 0.9825694041342239
155.0 0.9762528575339556
156.0 0.9754764958119888
157.0 0.9790273866360871
158.0 0.9790971906291469
159.0 0.9800517299256063
160.0 0.9795588430750358
161.0 0.9800012107267361
162.0 0.9824297961481077
163.0 0.9823526569713559
164.0 0.9842393744855514
165.0 0.9813772947384393
166.0 0.9843863176553624
167.0 0.9894529004772813
168.0 0.9891767607895801
169.0 0.9885963232940316
170.0 0.9885712137094117
171.0 0.9850371894990371
172.0 0.9855684945891598
173.0 0.9919482136071756
174.0 0.9920342261098886
175.0 0.9852976729366443
176.0 0.9840492473005623
177.0 0.9804983564764677
178.0 0.9858202560496316
179.0 0.9817764783749632
180.0 0.9807907046738219
181.0 0.968055884675674
182.0 0.9571370179656574
183.0 0.9593864872820353
184.0 0.9572028651884923
185.0 0.9572487699605592
185.99999999999997 0.9553482343681677
187.0 0.952386654365582
188.0 0.9624365282636014
189.0 0.9637177264466296
190.0 0.9571177049749687
191.0 0.9613840268539332
192.0 0.9560517158125397
193.0 0.9584625545819941
194.0 0.9579503829372317
195.0 0.9611776911592925
196.00000000000003 0.9562032734091562
197.00000000000003 0.9592805621768672
197.99999999999997 0.9696338815935424
199.0 0.9590317283201254
200.0 0.963448069653434
201.0 0.9631927529021872
202.0 0.9557906020198703
203.0 0.9675625036103515
204.0 0.9684784733184343
205.0 0.9668736925333672
206.00000000000003 0.9569395274004778
207.0 0.9486025859348398
208.0 0.9463630837709427
209.0 0.9424448523675676
209.99999999999997 0.9467071892798075
210.99999999999997 0.9453798946863785
212.0 0.9375115046803748
213.0 0.9397378468701507
214.00000000000003 0.947634944709063
215.0 0.9556509940337541
216.0 0.9429141416785881
217.0 0.9435643831671954
218.0 0.9330216224186089
219.0 0.9414015259652991
220.0 0.9404870943994812
220.99999999999997 0.9448128088032776
222.0 0.9472815019552894
223.0 0.945528239858145
224.0 0.9387843515012039
225.0 0.9467886151047217
226.0 0.9482375793940195
226.99999999999997 0.9546505499652258
228.0 0.9528008638971357
229.0 0.9513430262818796
230.0 0.9540195932708031
231.0 0.9437529722099179
232.0 0.9454125310930164
233.0 0.953222408612382
233.99999999999997 0.9446554541652371
235.0 0.944517384321387
236.0 0.9500336699786983
237.00000000000003 0.9487659595484298
238.0 0.9420872607577491
239.00000000000003 0.9426380019908847
240.0 0.9406205498165299
241.0 0.951096582856597
242.0 0.9431575088193369
242.99999999999997 0.9461800194890193
244.0 0.9459351142060043
244.99999999999997 0.9466327986089501
245.99999999999997 0.948285022308353
247.0 0.9484319654781651
248.0 0.9446778152439631
249.00000000000003 0.9448810746540683
250.0 0.9498065113476037
251.0 0.941505285119932
252.0 0.9359238098963648
253.00000000000003 0.9472116979622341
254.0 0.9463936903673551
