1.0 1.0845910570351147
2.0 1.1158563833577988
3.0 1.1214573072648735
4.0 1.1216821032135202
5.0 1.1232532591624464
6.0 1.1219348378949838
7.0 1.1245873669758093
8.0 1.1267085783047952
9.0 1.1264414758323738
10.0 1.1328430187568446
11.0 1.1131163313809995
12.0 1.1180224832803438
13.0 1.1346700134207752
14.0 1.1308252362570557
15.0 1.1298676206760625
16.0 1.133566992812238
17.0 1.1340752358832704
18.0 1.1318079336736637
19.0 1.1335507843025852
20.0 1.1362450979434295
21.0 1.1296805697756105
22.0 1.1333918915222791
23.0 1.1424814290824095
24.0 1.1256992609103083
25.0 1.1389023801381652
26.0 1.139914773817189
27.0 1.1274405733969581
28.0 1.1348481909952683
29.0 1.1283966508356877
30.0 1.137395561466302
31.0 1.1386322013812085
32.0 1.1314916862553197
33.0 1.136754193303652
34.0 1.1348882987259126
35.0 1.1422750933877668
36.0 1.1395167727952904
37.0 1.130367842710327
38.0 1.1372679030906814
39.0 1.1279423335734897
40.0 1.1326911308347964
41.0 1.1255804758606418
42.0 1.1301067289176527
43.0 1.136257047553924
44.0 1.1396073997248028
45.0 1.1418014913313845
46.0 1.1325175676871015
47.0 1.132062398135718
48.0 1.13304168894236
49.00000000000001 1.1393863936627762
50.0 1.142396954721965
51.0 1.1363800915027447
52.0 1.1468310427071964
53.0 1.140063255129266
54.0 1.1372975993530963
55.0 1.1436511773994715
56.0 1.1458323032170465
57.0 1.1400497673765035
58.0 1.1445255012346418
59.0 1.1381688469037334
60.0 1.1348940957673384
61.0 1.135648096410581
62.0 1.1378942453583003
63.0 1.1392421712498546
64.0 1.145944769261526
65.0 1.1380114922656925
66.0 1.138188131697918
67.0 1.1366249967857598
68.0 1.1365077498783662
69.0 1.1383412274368023
70.0 1.138030777059881
71.0 1.1381896698401892
72.0 1.1476756702799527
73.0 1.1397215703476629
74.0 1.1434255569106384
75.0 1.1377145296415352
76.0 1.1350838674246824
77.0 1.143063404720227
78.0 1.1401149569427584
79.0 1.1341532273492128
80.0 1.1268862924078316
81.0 1.1384195492281781
82.0 1.137404079264619
83.0 1.1358575083897577
84.0 1.1301406840792272
85.0 1.139911697532652
86.0 1.1344949121308148
87.0 1.1425018939444243
88.0 1.1467122576575306
89.0 1.141862421998482
90.0 1.1482383611235811
91.0 1.1563347897988763
92.0 1.1554867987700965
92.99999999999999 1.1543670070810004
94.0 1.1567667459823487
95.0 1.1500583509292515
96.0 1.1454831168156376
97.0 1.1468132960552726
98.00000000000001 1.1480543865076616
98.99999999999999 1.1522836769405163
100.0 1.1509758587796042
101.0 1.150110408270393
102.0 1.1506611495035275
103.00000000000001 1.1503464402274508
104.0 1.1504740986030735
104.99999999999999 1.1507294153543197
106.0 1.1510441246303968
107.00000000000001 1.1506403265670728
108.0 1.153296070619541
109.0 1.1536196532215794
110.0 1.1523608161172703
111.0 1.152390512379687
112.0 1.1562055932809892
113.0 1.153736900128974
114.0 1.156549998819481
115.0 1.1558419029483071
116.0 1.150369131631606
116.99999999999999 1.1487153697899322
118.0 1.1487891023567174
119.0 1.1439616277763909
120.0 1.1451506608876403
121.0 1.1484655197546814
122.0 1.1503923449995186
122.99999999999999 1.1498428982720195
124.0 1.1500375279927992
125.0 1.149341381732118
126.0 1.1503449020851804
127.0 1.155764763771552
128.0 1.1563678926712588
129.0 1.1517611805163324
130.0 1.1618078914410097
131.0 1.1612289920877261
132.0 1.1609944982729377
133.0 1.1573633919875548
134.0 1.1559576117134338
135.0 1.1548977751200735
136.0 1.1501563130424606
137.0 1.146575725955948
138.0 1.1440075325484618
139.0 1.1305451679956326
140.0 1.1416779254188083
141.0 1.1388564753660964
142.0 1.141846213488831
143.0 1.142909126366725
144.0 1.144608792980467
145.0 1.1424670890404574
146.0 1.1411720727792298
147.0 1.1410459525458752
148.0 1.1407802243264022
149.0 1.144369684738874
150.0 1.147458923117084
151.0 1.150025578382306
152.0 1.1498385274818512
153.0 1.1531533863488899
154.0 1.1523754864846578
155.0 1.1505971425518973
156.0 1.152857961867002
157.0 1.1502407874029088
158.0 1.15008343276487
159.0 1.1489418425679563
160.0 1.14893143109973
161.0 1.149532691531733
162.0 1.1465919344656037
163.0 1.151469928244799
164.0 1.1530939938240559
165.0 1.1528876581294134
166.0 1.1522358784985387
167.0 1.1484416205336927
168.0 1.1478669800795678
169.0 1.150794249392933
170.0 1.1348164224126076
171.0 1.147546584700163
172.0 1.1619536267939892
173.0 1.155139578916349
174.0 1.1490838157833194
175.0 1.1406044119811538
176.0 1.132714319000499
177.0 1.1341096878063939
178.0 1.1360793415387658
179.0 1.1373265845602267
180.0 1.1346390841393164
181.0 1.1183417817810157
182.0 1.1106942101459172
183.0 1.0989665117434129
184.0 1.1047447539943052
185.0 1.1070091715577002
185.99999999999997 1.107231549325883
187.0 1.103655906991608
188.0 1.1012363310365123
189.0 1.0819105570777823
190.0 1.093062877622267
191.0 1.0890189425522747
192.0 1.0979107888681134
193.0 1.1081136505611926
194.0 1.1175978345315636
195.0 1.116642801020351
196.00000000000003 1.115994097674007
197.00000000000003 1.1091092296247973
197.99999999999997 1.0982532977423995
199.0 1.1026884019061376
200.0 1.100312726115098
201.0 1.1035127285062
202.0 1.103201425840092
203.0 1.1004789540790978
204.0 1.0989752116917695
205.0 1.1035389904096429
206.00000000000003 1.1029634951195333
207.0 1.118982795816429
208.0 1.1097691625963635
209.0 1.1070805003324133
209.99999999999997 1.1126778342582204
210.99999999999997 1.1119924600870037
212.0 1.1083572587917825
213.0 1.1083873131286406
214.00000000000003 1.1151827368629568
215.0 1.1147736637219654
216.0 1.1063674705228284
217.0 1.110198951572109
218.0 1.1118165342568618
219.0 1.1067402258197951
220.0 1.119533394415258
220.99999999999997 1.1146810044354303
222.0 1.1220485143030983
223.0 1.1144673335570947
224.0 1.1219551666166943
225.0 1.1189341940892794
226.0 1.1127557173328582
226.99999999999997 1.1155584045551392
228.0 1.1010432082672073
229.0 1.1073551404406738
230.0 1.1107679614209185
231.0 1.1097019722584924
232.0 1.108553046877889
233.0 1.1036958760351498
233.99999999999997 1.111992487836013
235.0 1.108575052428965
236.0 1.1033707552908412
237.00000000000003 1.1045420417501668
238.0 1.1046697001257935
239.00000000000003 1.1177270587984611
240.0 1.11526144193098
241.0 1.1159398415397377
242.0 1.1226096670044565
242.99999999999997 1.1139968077852442
244.0 1.1115786338321063
244.99999999999997 1.119643828102713
245.99999999999997 1.1146335615210943
247.0 1.1176175026024036
248.0 1.1114286143777568
249.00000000000003 1.1079860971350957
250.0 1.1117225007173805
251.0 1.1100004730249178
252.0 1.1132366545729377
253.00000000000003 1.1015642532379337
254.0 1.1080157933975145
