1.0 2.115733427093825
2.0 2.144848841196099
3.0 2.143680631021305
4.0 2.149305290260051
5.0 2.1476738894971006
6.0 2.1447909868135366
7.0 2.1509189443710803
8.0 2.1483017699069893
9.0 2.1493646827848814
10.0 2.1475165348590632
11.0 2.1470236480084917
12.0 2.1481548267371777
13.0 2.1482543269926517
14.0 2.1506532161516083
15.0 2.153191713296681
16.0 2.155109665215559
17.0 2.1528626639786497
18.0 2.1500743167983236
19.0 2.1532302828850565
20.0 2.1519521609865593
21.0 2.1512039573847423
22.0 2.150231671436363
23.0 2.151696844235314
24.0 2.1498664429614136
25.0 2.1476619398866057
26.0 2.1526602568577333
27.0 2.1488717959343107
28.0 2.152354420907616
29.0 2.1551007918895997
30.0 2.1556010139238637
31.0 2.153485599636303
32.0 2.1508016974636854
33.0 2.1528561810841467
34.0 2.1525815795387144
35.0 2.1455496018835802
36.0 2.15245392116309
37.0 2.1518526607310844
38.0 2.1550502726907292
39.0 2.157284472027952
40.0 2.155532748073072
41.0 2.155569779519181
42.0 2.155828172554961
43.0 2.155060684158957
44.0 2.1527686304391693
45.0 2.1514118312216524
46.0 2.1522267625319937
47.0 2.151144564859911
48.0 2.1489624228638253
49.00000000000001 2.1500623671878296
50.0 2.1493068284023193
51.0 2.146974666951888
52.0 2.1499242973439787
53.0 2.1491390622960513
54.0 2.1490202772463887
55.0 2.148981707658015
56.0 2.152413813432447
57.0 2.144004213623343
58.0 2.148441377893106
59.0 2.1462457481442585
60.0 2.147023648008492
61.0 2.1470741672073617
62.0 2.1482928965810277
63.0 2.1520709460362224
64.0 2.1546969938262754
65.0 2.1512737613778015
66.0 2.1510377294207443
67.0 2.156368502319869
68.0 2.1543333034935945
69.0 2.153151605566037
70.0 2.1523470857239237
71.0 2.1505953617690436
72.0 2.1524732059572793
73.0 2.152954143197356
74.0 2.147780724936269
75.0 2.1551571081298957
76.0 2.1521600348234693
77.0 2.1548142407336695
78.0 2.1609213753547603
79.0 2.1567915851773813
80.0 2.1540655151680936
81.0 2.1535939732177374
82.0 2.153878986231399
83.0 2.1585714672524103
84.0 2.156337267915186
85.0 2.15899455010992
86.0 2.1593092593859984
87.0 2.1553753934350324
88.0 2.1570661867228136
89.0 2.155424374491636
90.0 2.1506235198891894
91.0 2.1520188886950837
92.0 2.146343080349895
92.99999999999999 2.142764031405651
94.0 2.145684595442896
95.0 2.149049973508805
96.0 2.1472508066395872
97.0 2.1424484138948747
98.00000000000001 2.1531516055660354
98.99999999999999 2.148626890651292
100.0 2.148560162942768
101.0 2.150495861513568
102.0 2.1495220374229214
103.00000000000001 2.149602252884207
104.0 2.1555119251366146
104.99999999999999 2.15907322742894
106.0 2.156525856957906
107.00000000000001 2.1557390837677133
108.0 2.153910220636081
109.0 2.1554155011656753
110.0 2.1570484400708927
111.0 2.1574595733179107
112.0 2.157038028602665
113.0 2.1562022743558686
114.0 2.1496705187349994
115.0 2.150939767307537
116.0 2.147632243624191
116.99999999999999 2.1486758717078964
118.0 2.143247136695563
119.0 2.143002231412546
120.0 2.1424291291006887
121.0 2.146039412449616
122.0 2.1472492684973203
122.99999999999999 2.141935884175677
124.0 2.1464520838389007
125.0 2.1480375798297797
126.0 2.1505463807124383
127.0 2.154962722045747
128.0 2.150506272981796
129.0 2.1468860723793908
130.0 2.149566567942039
131.0 2.146011254329467
132.0 2.141424070605357
133.0 2.1456533610382142
134.0 2.145666848790976
135.0 2.147112736795738
136.0 2.1456668487909742
137.0 2.138582813794703
138.0 2.1419338518186612
139.0 2.136292684488122
140.0 2.1401211971966814
141.0 2.1420669769102743
142.0 2.140059936204147
143.0 2.1442803533110437
144.0 2.147595212178081
145.0 2.152011553511391
146.0 2.15107629900912
147.0 2.150929355839309
148.0 2.150525557775985
149.0 2.1486164791830666
150.0 2.151104457129269
151.0 2.1520605345679957
152.0 2.1508788366404383
153.0 2.148174111531364
154.0 2.1484294282826104
155.0 2.147563977773398
156.0 2.1467475083207894
157.0 2.147841655603367
158.0 2.1516181669162937
159.0 2.1569682246096074
160.0 2.158139511068936
161.0 2.1539680750186463
162.0 2.148215757404276
163.0 2.156978636077835
164.0 2.15104814088897
165.0 2.1509976216900992
166.0 2.149562145153563
167.0 2.1489119036649535
168.0 2.1458820578115767
169.0 2.1460482857755756
170.0 2.136614342676951
171.0 2.136143816905103
172.0 2.138376478100059
173.0 2.136666400018087
174.0 2.1398624738354637
175.0 2.1383097503915343
176.0 2.1267885511254985
177.0 2.124594459518916
178.0 2.1194195031155614
179.0 2.1238165596546845
180.0 2.1251259159578617
181.0 2.113225834028
182.0 2.107469918165338
183.0 2.108556044411145
184.0 2.1149750036621056
185.0 2.115401162804149
185.99999999999997 2.1093576796070503
187.0 2.1147671298251955
188.0 2.111245935263515
189.0 2.1113944165755933
190.0 2.1098891360459993
191.0 2.1054342251243137
192.0 2.1139595336985484
193.0 2.112829893112129
194.0 2.112448456127527
195.0 2.11530012440641
196.00000000000003 2.118959388811942
197.00000000000003 2.119422579400096
197.99999999999997 2.116109258675323
199.0 2.1132545141119077
200.0 2.1065638657107297
201.0 2.11374586282021
202.0 2.11246927906398
203.0 2.1105409156768724
204.0 2.1062329479250006
205.0 2.101853638037801
206.00000000000003 2.114502939747987
207.0 2.098248299441106
208.0 2.0941234540159606
209.0 2.090473971171087
209.99999999999997 2.096217029188556
210.99999999999997 2.095684034607342
212.0 2.096421826740933
213.0 2.0941891655459766
214.00000000000003 2.0928716217699117
215.0 2.0944772548441732
216.0 2.100596339075758
217.0 2.102874052753591
218.0 2.103458418822868
219.0 2.1035282228159273
220.0 2.107313607454813
220.99999999999997 2.108232653447432
222.0 2.1064898028185124
223.0 2.110217333074835
224.0 2.106853493151193
225.0 2.107110348044706
226.0 2.1063413215064326
226.99999999999997 2.1057014914860512
228.0 2.1030858551642257
229.0 2.1012778149690483
230.0 2.1056926181600915
231.0 2.098246430973404
232.0 2.096141428154073
233.0 2.092863600733142
233.99999999999997 2.0967203275073567
235.0 2.0923899986767593
236.0 2.0899436666034683
237.00000000000003 2.0870399409834457
238.0 2.0866851239767246
239.00000000000003 2.0924671378535096
240.0 2.0895560770497967
241.0 2.086922694076052
242.0 2.0849245266958865
242.99999999999997 2.081665984069144
244.0 2.082749719883492
244.99999999999997 2.089478937873044
245.99999999999997 2.0915750673664166
247.0 2.09962251498511
248.0 2.0982433546888726
249.00000000000003 2.0926275687760816
250.0 2.0879084677771944
251.0 2.0988565647313746
252.0 2.095488110380929
253.00000000000003 2.097284556493255
254.0 2.0948976169447953
