1.0 1.1539722561459738
2.0 1.1975296771881563
3.0 1.2055906125596116
4.0 1.2052180489009714
5.0 1.2054332579215725
6.0 1.2021940000890199
7.0 1.2101643085309586
8.0 1.2110490438343606
9.0 1.2093389657523905
10.0 1.2069385384511673
11.0 1.2121817607053131
12.0 1.207526311130411
13.0 1.207903489215856
14.0 1.205445207532069
15.0 1.2095645862412214
16.0 1.2148479162260093
17.0 1.2109927275940633
18.0 1.2167465833507007
19.0 1.2193710929984864
20.0 1.2165491209820183
21.0 1.2118863362234256
22.0 1.205581739233653
23.0 1.2171191470093417
24.0 1.2161838925070714
25.0 1.217758977029725
26.0 1.219589378303625
27.0 1.2188990290843709
28.0 1.217040469690323
29.0 1.2202083853875507
30.0 1.2184165537020273
31.0 1.2166767793576436
32.0 1.2181033825682168
33.0 1.2208675002021203
34.0 1.216264107968358
35.0 1.2152413028211067
36.0 1.2085433192362391
37.0 1.2153006953459378
38.0 1.2209758737835554
39.0 1.2217923432361646
40.0 1.2197556062676227
41.0 1.211297025401913
42.0 1.2161171647985463
43.0 1.217355178966401
44.0 1.214374314169625
45.0 1.2184462499644435
46.0 1.2175719261292708
47.0 1.217680299710705
48.0 1.221959587378674
49.00000000000001 1.2218397861505013
50.0 1.2248310624155025
51.0 1.2222644071502808
52.0 1.2258538675627524
53.0 1.225056682904333
54.0 1.2234727250557185
55.0 1.2241036817501405
56.0 1.2212014942723872
57.0 1.2254901772300724
58.0 1.224103681750141
59.0 1.226334968692149
60.0 1.2247909546848594
61.0 1.2141753136586766
62.0 1.22336588961655
63.0 1.2162344117059403
64.0 1.2195492705729802
65.0 1.222224299419636
66.0 1.2219200016117864
67.0 1.2191662954461115
68.0 1.2209758737835574
69.0 1.2183008449368984
70.0 1.2172186472648165
71.0 1.2193340615523782
72.0 1.2170717040950036
73.0 1.2195107009846038
74.0 1.2169737419817972
75.0 1.2166653799074032
76.0 1.2225285972274862
77.0 1.2266896218095495
78.0 1.2293750621244344
79.0 1.2339383466275542
80.0 1.2246286123370673
81.0 1.2302894936902502
82.0 1.2232085349785133
83.0 1.2202350053654312
84.0 1.2209654623153283
85.0 1.220453290670569
86.0 1.2205720757202307
87.0 1.2216334504558581
88.0 1.2223623692634866
89.0 1.2247820813588968
90.0 1.220926892726951
91.0 1.2236404911619843
92.0 1.2158206963891427
92.99999999999999 1.212166734810282
94.0 1.2167940262650374
95.0 1.2098615488653797
96.0 1.2075319417357249
97.0 1.2103315526734675
98.00000000000001 1.2152189417423838
98.99999999999999 1.2122693113502923
100.0 1.2106973031121724
101.0 1.2123776849317263
102.0 1.2126434131511998
103.00000000000001 1.2143951371060813
104.0 1.2149370050132555
104.99999999999999 1.2160874685361296
106.0 1.2160473608054865
107.00000000000001 1.2161453229186934
108.0 1.215741524855369
109.0 1.2173760019028537
110.0 1.2176818378529712
111.0 1.2179653127243646
112.0 1.2154565118417069
113.0 1.2146207575949097
114.0 1.212683520881841
115.0 1.2078514318747124
116.0 1.2034016295945806
116.99999999999999 1.205162915275293
118.0 1.2073288487617249
119.0 1.2106244228345764
120.0 1.2104018786302806
121.0 1.2135385599228257
122.0 1.2127028056760298
122.99999999999999 1.2067499494084428
124.0 1.2129164765543654
125.0 1.2109005625222784
126.0 1.2096328520920103
127.0 1.2113028224433364
128.0 1.2085178818729772
129.0 1.204349448853904
130.0 1.2097606466079478
131.0 1.215668644577776
132.0 1.2151105681609473
133.0 1.2121416529746674
134.0 1.2096849094331479
135.0 1.2121134948545198
136.0 1.2125662739744472
137.0 1.220778411414872
138.0 1.222577578284089
139.0 1.2170952477883519
140.0 1.210916771031936
141.0 1.2143045101765662
142.0 1.217591210923456
143.0 1.2159197024298627
144.0 1.2164407474005827
145.0 1.2203850248197758
146.0 1.2214359880871768
147.0 1.2241704094586645
148.0 1.2226458441348822
149.0 1.219892137969206
150.0 1.2179845975185544
151.0 1.2229323952908104
152.0 1.2230496421982064
153.0 1.223266389361075
154.0 1.2249764674430454
155.0 1.2219971407885395
156.0 1.2225181857592593
157.0 1.219252307948825
158.0 1.216122961839972
159.0 1.212849748845844
160.0 1.2122203302936885
161.0 1.2124756470449345
162.0 1.2142555291199635
163.0 1.2124370774565572
164.0 1.2147854474166424
165.0 1.2145910613324937
166.0 1.2181300025460957
167.0 1.218082559631759
168.0 1.2220060141144973
169.0 1.2208659620598525
170.0 1.2054301816370367
171.0 1.201886789885954
172.0 1.2121450595846393
173.0 1.2107297201314813
174.0 1.2105962647144306
175.0 1.2045766807383207
176.0 1.2090790345743416
177.0 1.2080770523635478
178.0 1.2049210862768127
179.0 1.2010628213603332
180.0 1.200473510538821
181.0 1.1781264165741148
182.0 1.1768295261163109
183.0 1.1765583239359168
184.0 1.1826415617139467
185.0 1.1785325944730234
185.99999999999997 1.1875434547141304
187.0 1.1825273910910843
188.0 1.1845359699394773
189.0 1.1892878434853191
190.0 1.1830009931474663
191.0 1.1793818364725797
192.0 1.1857176678670356
193.0 1.1764395412641808
194.0 1.1857932689015187
195.0 1.176470775668864
196.00000000000003 1.1879086831890784
197.00000000000003 1.192504740239153
197.99999999999997 1.1877883599971486
199.0 1.1768626241216933
200.0 1.1755073630464405
201.0 1.1808959903281309
202.0 1.1752786662730794
203.0 1.1792244818345403
204.0 1.1830438216350005
205.0 1.1781750567094103
206.00000000000003 1.1790833357061543
207.0 1.172680748854169
208.0 1.1483613564931197
209.0 1.1583754284643704
209.99999999999997 1.1640468725133815
210.99999999999997 1.1662811021464035
212.0 1.1625259357336897
213.0 1.168649964717509
214.00000000000003 1.151191457042674
215.0 1.1587086308370445
216.0 1.1569789124332457
217.0 1.153939010639287
218.0 1.1441487123916723
219.0 1.1607021837904117
220.0 1.1514718556295394
220.99999999999997 1.1598027781196254
222.0 1.1559965705442852
223.0 1.1537534978810964
224.0 1.1598324743820434
225.0 1.1666067448544721
226.0 1.158669208959481
226.99999999999997 1.1510270975463819
228.0 1.1518252983833082
229.0 1.1476780918794394
230.0 1.1523763699418783
231.0 1.1446758821824567
232.0 1.1438989984967383
233.0 1.141269874422146
233.99999999999997 1.1327339904903657
235.0 1.1334069233831305
236.0 1.140388545728714
237.00000000000003 1.1362041438894173
238.0 1.139039439769327
239.00000000000003 1.136737304906744
240.0 1.1237809846318227
241.0 1.1342681175399796
242.0 1.1378374408690748
242.99999999999997 1.1200624941375723
244.0 1.124763684595219
244.99999999999997 1.1288668547947218
245.99999999999997 1.113110568054408
247.0 1.1206936172681063
248.0 1.1323143167896161
249.00000000000003 1.118791377097335
250.0 1.1269927727440947
251.0 1.1594259303596122
252.0 1.13959122492998
253.00000000000003 1.1385714960672637
254.0 1.1592327520922963
