1.0 2.287084531258513
2.0 2.3092503819600725
3.0 2.3069880245027017
4.0 2.308779856188224
5.0 2.3139517363070436
6.0 2.2987060830692188
7.0 2.309418148066339
8.0 2.3088971030956196
9.0 2.3114251887724646
10.0 2.314563408207277
11.0 2.304501584698766
12.0 2.313923578186897
13.0 2.3092206856976563
14.0 2.3109338400641612
15.0 2.314425338363426
16.0 2.3116924551342053
17.0 2.313185786053306
18.0 2.30933059742136
19.0 2.314818724958523
20.0 2.313846439010143
21.0 2.315537232297924
22.0 2.3134114065421363
23.0 2.3146035159379204
24.0 2.311285580786347
25.0 2.3114564231771486
26.0 2.307293860452817
27.0 2.310008997030117
28.0 2.315547643766154
29.0 2.3132451785781365
30.0 2.3170617976217067
31.0 2.3122921774239447
32.0 2.3103325796321545
33.0 2.309585914172605
34.0 2.312350031806509
35.0 2.3123693166006967
36.0 2.307154252466702
37.0 2.314974541454294
38.0 2.316246866311364
39.0 2.313874597130293
40.0 2.3087308751316207
41.0 2.3147064228033627
42.0 2.308710052195166
43.0 2.3123886013948853
44.0 2.317612538854843
45.0 2.3116226511411484
46.0 2.304431780705707
47.0 2.30873974845758
48.0 2.3092607934283
49.00000000000001 2.3106191307880843
50.0 2.31080464354627
51.0 2.31183786016175
52.0 2.319748776078859
53.0 2.3107363776954792
54.0 2.308975780414639
55.0 2.313306109245235
56.0 2.3169237277778576
57.0 2.320611150303537
58.0 2.315607036290982
59.0 2.3180934760949174
60.0 2.313855312336103
61.0 2.3132467167204043
62.0 2.318075729442996
63.0 2.3174358994226156
64.0 2.314680655114672
65.0 2.315605498148716
66.0 2.3163047206939287
67.0 2.311358461063942
68.0 2.307874297948369
69.0 2.313920501902362
70.0 2.31205460732462
71.0 2.3115246890279395
72.0 2.3154007005963417
73.0 2.310285136717818
74.0 2.3059266497670743
75.0 2.3103935102992526
76.0 2.3188833255696477
77.0 2.3157836757232104
78.0 2.3132081471320274
79.0 2.308101456579465
80.0 2.3121204827439534
81.0 2.3184587045698675
82.0 2.311110479496388
83.0 2.31344264094682
84.0 2.3164620753319682
85.0 2.3141491986757243
86.0 2.3189990343347744
87.0 2.3158993844883375
88.0 2.315990011417853
89.0 2.309587452314873
90.0 2.3075017342897275
91.0 2.3061032891993
92.0 2.3052388548685987
92.99999999999999 2.3045683124072918
94.0 2.312998735152851
95.0 2.312890361571417
96.0 2.309201400903467
97.0 2.310725966227252
98.00000000000001 2.310047566618494
98.99999999999999 2.313540603060026
100.0 2.3193033321426246
101.0 2.314885452667048
102.0 2.3193434398732675
103.00000000000001 2.31822267261281
104.0 2.318791160497865
104.99999999999999 2.3208278974664083
106.0 2.3236722305615976
107.00000000000001 2.3222159310886084
108.0 2.3169846584449556
109.0 2.3191563889728144
110.0 2.3182315459387715
111.0 2.3164516638637416
112.0 2.3184305464497186
113.0 2.320750758289656
114.0 2.3162036822961896
115.0 2.3101574783421963
116.0 2.3136242251312806
116.99999999999999 2.3150755798520364
118.0 2.311739898048543
119.0 2.31712119014654
120.0 2.3187942367823986
121.0 2.316237992985405
122.0 2.3185774896195297
122.99999999999999 2.316098384999288
124.0 2.315859276757696
125.0 2.318516558952431
126.0 2.311710201786127
127.0 2.3118498097722435
128.0 2.3167085187572534
129.0 2.3138305608259224
130.0 2.3096067371090614
131.0 2.308159310962027
132.0 2.315535694155656
133.0 2.314082470967201
134.0 2.315007314001247
135.0 2.313236305252178
136.0 2.3174358994226165
137.0 2.3214202845724525
138.0 2.3203677831627854
139.0 2.3199447003052747
140.0 2.3125386208492293
141.0 2.3141329901660717
142.0 2.318763002377716
143.0 2.312078836871044
144.0 2.3109828211207657
145.0 2.314867706015127
146.0 2.313430691336324
147.0 2.315044345447353
148.0 2.3125860637635673
149.0 2.3146910665828995
150.0 2.315476301630824
151.0 2.3192053700294153
152.0 2.3184008501873024
153.0 2.319410167581791
154.0 2.31655696116064
155.0 2.311285580786346
156.0 2.3089075145638476
157.0 2.314691066582899
158.0 2.3161755241760384
159.0 2.315302738483133
160.0 2.3170633357639736
161.0 2.31482026310079
162.0 2.312988323684623
163.0 2.307365202588142
164.0 2.316551164119216
165.0 2.3104795228019652
166.0 2.3071276324888195
167.0 2.313264463372328
168.0 2.3091242617267174
169.0 2.311827448693522
170.0 2.3149864910647917
171.0 2.3004839050382224
172.0 2.2964486703640836
173.0 2.3022346128145927
174.0 2.302038688588178
175.0 2.3053462122715236
176.0 2.300949155732402
177.0 2.296817827412754
178.0 2.2973330753420496
179.0 2.3072641641904044
180.0 2.298384038609447
181.0 2.2889029829219196
182.0 2.2892557398226128
183.0 2.282894662703226
184.0 2.2886531328866653
185.0 2.2840616902633974
185.99999999999997 2.280804685778923
187.0 2.2801544442903126
188.0 2.2799303619437516
189.0 2.2841091331777346
190.0 2.282583029711686
191.0 2.278491809122681
192.0 2.284303519261883
193.0 2.2807927361684315
194.0 2.2815112435078326
195.0 2.2796125763831414
196.00000000000003 2.2786684485549107
197.00000000000003 2.277345604498966
197.99999999999997 2.2802092223883443
199.0 2.2843941461913966
200.0 2.2774690039754315
201.0 2.27138115414853
202.0 2.2758198565605596
203.0 2.28200327806921
204.0 2.2782380305137013
205.0 2.2735351380244633
206.00000000000003 2.2807321610289755
207.0 2.2767303595526496
208.0 2.274521405940361
209.0 2.27562288840663
209.99999999999997 2.272870556493903
210.99999999999997 2.278834676518909
212.0 2.2806384578149266
213.0 2.278788771746839
214.00000000000003 2.2719230220557036
215.0 2.2755926979294623
216.0 2.275377488908859
217.0 2.2751206340153454
218.0 2.2733110556778997
219.0 2.2669173699008804
220.0 2.2647144049683394
220.99999999999997 2.26751709219062
222.0 2.271207591000835
223.0 2.271747920765743
224.0 2.2796646337242783
225.0 2.2783359926269093
226.0 2.2735960686915617
226.99999999999997 2.2790633732922703
228.0 2.276762446246522
229.0 2.2753358430359487
230.0 2.2750091841493756
231.0 2.275273374226582
232.0 2.2786788600231365
233.0 2.275580748318968
233.99999999999997 2.273447587379485
235.0 2.2712727805670925
236.0 2.2724915099407585
237.00000000000003 2.273860258768771
238.0 2.271253495772907
239.00000000000003 2.266039969781177
240.0 2.2679208902539463
241.0 2.2713306349496563
242.0 2.269647176845571
242.99999999999997 2.2721991617434036
244.0 2.274174968044849
244.99999999999997 2.2699961968108644
245.99999999999997 2.2673254268633665
247.0 2.2582108074676204
248.0 2.266065737469866
249.00000000000003 2.2691484929535726
250.0 2.2668043818926455
251.0 2.267368610878542
252.0 2.26632805907937
253.00000000000003 2.267347787942088
254.0 2.265795064498159
