1.0 0.5833638481596146
2.0 0.6259406383852096
3.0 0.6256726861703925
4.0 0.6297342356991936
5.0 0.6272353243210055
6.0 0.6050542560860932
7.0 0.6315095033474186
8.0 0.62683938340513
9.0 0.6307179492943096
10.0 0.6286428091735051
11.0 0.6241575135895331
12.0 0.6305066688474344
13.0 0.6353797178743912
14.0 0.6249466772111818
15.0 0.6373570623181019
16.0 0.6292961269466516
17.0 0.6322638595183036
18.0 0.6283086486671262
19.0 0.6165338372282259
20.0 0.6239313988859508
21.0 0.6402993575265025
22.0 0.6369235679923634
23.0 0.6292992032311855
24.0 0.6298588177902804
25.0 0.6392765523792522
26.0 0.6343792738058649
27.0 0.6289297158570782
28.0 0.6402561735113251
29.0 0.6437908558257679
30.0 0.6354599333356803
31.0 0.6369933719854254
32.0 0.6435435601112919
33.0 0.6374002463332809
34.0 0.6368761250780295
35.0 0.6365315556502162
36.0 0.6394443184855177
37.0 0.6457415802915965
38.0 0.6339488557646623
39.0 0.6396387045696643
40.0 0.6402519146121629
41.0 0.6415747586681061
42.0 0.6423168097008541
43.0 0.6435193305648669
44.0 0.6432150327570191
45.0 0.6493148321944147
46.0 0.6351853317902464
47.0 0.6386976530259694
48.0 0.6361948130740538
49.00000000000001 0.6373528034189455
50.0 0.6366832771361477
51.0 0.6396047494080894
52.0 0.6393478945145781
53.0 0.6406379660235699
54.0 0.6417409866321044
55.0 0.6462923215247323
56.0 0.6460385429157516
57.0 0.6394458566277859
58.0 0.6433056596865369
59.0 0.638171305228574
60.0 0.6332704561559003
61.0 0.644592654910991
62.0 0.6502975296110249
63.0 0.6467466387869254
64.0 0.650523150099855
65.0 0.6479163871039882
66.0 0.6488323568120719
67.0 0.6532992173442526
68.0 0.6516736136227275
69.0 0.6528938811386609
70.0 0.6493460665990979
71.0 0.6472395256374994
72.0 0.6554130934895471
73.0 0.6476521970267841
74.0 0.6468357275741745
75.0 0.6552573289920826
76.0 0.63569596529274
77.0 0.6402773519754237
78.0 0.6414143277455341
79.0 0.6355625098756899
80.0 0.6488888369416891
81.0 0.640536927625826
82.0 0.6351290155499506
83.0 0.6314446693088077
84.0 0.6369578786815835
85.0 0.6414424858656829
86.0 0.6397621040461295
87.0 0.6541086819386007
88.0 0.6517893223878554
89.0 0.6490579773009031
90.0 0.6497379150519287
91.0 0.6539583321588227
92.0 0.6491161100105929
92.99999999999999 0.6480685750556651
94.0 0.6493950476557016
95.0 0.650005181413671
96.0 0.6462371853522639
97.0 0.6477933431551687
98.00000000000001 0.6490610535854381
98.99999999999999 0.6493757628615152
100.0 0.6518147597511135
101.0 0.6533883061315003
102.0 0.6550405298309053
103.00000000000001 0.6570861401254071
104.0 0.6571648174444269
104.99999999999999 0.6585023318677556
106.0 0.6607052968002962
107.00000000000001 0.6585810091867745
108.0 0.6598398462910832
109.0 0.6595251370150064
110.0 0.6602332328861799
111.0 0.6606266194812762
112.0 0.6585810091867742
113.0 0.6574008494014844
114.0 0.6566140762112902
115.0 0.656790715643517
116.0 0.6543418812477573
116.99999999999999 0.6527146596366544
118.0 0.654087173149071
119.0 0.6547879338365518
120.0 0.6546217058725508
121.0 0.6541318953065148
122.0 0.6521946585934468
122.99999999999999 0.6477783172601377
124.0 0.6502662952063388
125.0 0.6507904164615914
126.0 0.6512431955815203
127.0 0.6543710035481044
128.0 0.6541750793216894
129.0 0.651890002711157
130.0 0.6525687603943532
131.0 0.6506627580859686
132.0 0.6485874515290512
133.0 0.6466799110784001
134.0 0.6479580329768977
135.0 0.6480961028207475
136.0 0.6472603485739501
137.0 0.6510175750926901
138.0 0.6512728918439366
139.0 0.6444964013233596
140.0 0.6446269378511986
141.0 0.6460906002568886
142.0 0.6491293194362261
143.0 0.6502011056400802
144.0 0.647585469318256
145.0 0.6513916768935993
146.0 0.6500244662078548
147.0 0.6508409356604645
148.0 0.6513619806311831
149.0 0.6495331174995508
150.0 0.652021095445754
151.0 0.6497097569317781
152.0 0.6476938428996915
153.0 0.6491293194362263
154.0 0.6480575332323724
155.0 0.6489719647981894
156.0 0.6482341726646
157.0 0.6471920827231603
158.0 0.6492064586129794
159.0 0.6450766684355993
160.0 0.6475245386511572
161.0 0.6489407303935054
162.0 0.6477991401965925
163.0 0.6451345228181641
164.0 0.6441013062026854
165.0 0.6431571783744524
166.0 0.6422516201345982
167.0 0.6450350225626901
168.0 0.6451819657325001
169.0 0.6512119611768392
170.0 0.6402607879381255
171.0 0.634514567394811
172.0 0.6372068486786394
173.0 0.6406422249227256
174.0 0.640505693221142
175.0 0.6447839647106005
176.0 0.6449413193486395
177.0 0.6481790390389273
178.0 0.6508436564173562
179.0 0.6521811708406843
180.0 0.6532159255984341
181.0 0.6458245796342124
182.0 0.6365063522943664
183.0 0.6334189611417581
184.0 0.6473757018114397
185.0 0.6428822213013775
185.99999999999997 0.6478018609534876
187.0 0.6468993789981667
188.0 0.6491320401931244
189.0 0.6525136267686846
190.0 0.6467805939485044
191.0 0.6463189415026136
192.0 0.6542742240495246
193.0 0.6466024163740086
194.0 0.6425914112462903
195.0 0.6452159208940759
196.00000000000003 0.6418119732397899
197.00000000000003 0.6469942648268361
197.99999999999997 0.6362258835894199
199.0 0.6363936496956885
200.0 0.6379687342183422
201.0 0.642824366918813
202.0 0.6433855196201737
203.0 0.6494675724056544
204.0 0.647231834926163
205.0 0.6391384825354003
206.00000000000003 0.6400856866481679
207.0 0.6352097382139756
208.0 0.6387808675712702
209.0 0.6315297241253115
209.99999999999997 0.6194160489651261
210.99999999999997 0.6381422973660299
212.0 0.6319237128789691
213.0 0.6309186543836378
214.00000000000003 0.6369501879702456
215.0 0.6342917231608864
216.0 0.6346064324369635
217.0 0.6371048218513935
218.0 0.6382360005800818
219.0 0.6367337963350221
220.0 0.6342828498349283
220.99999999999997 0.6304380726712061
222.0 0.6366848152784175
223.0 0.636289890541054
224.0 0.6299154895582224
225.0 0.6388476724803152
226.0 0.6383844818921592
226.99999999999997 0.6425350950059937
228.0 0.6406557126754922
229.0 0.6374195311274693
230.0 0.638993077507856
231.0 0.6322403158249595
232.0 0.635206154726704
233.0 0.6317813841359634
233.99999999999997 0.6315083207327982
235.0 0.6325816450789189
236.0 0.638482444005366
237.00000000000003 0.6420807777437991
238.0 0.6375576009713204
239.00000000000003 0.6398095469604682
240.0 0.6253923127857485
241.0 0.6348335910680657
242.0 0.6306606168755047
242.99999999999997 0.6321925173829791
244.0 0.6243471465597709
244.99999999999997 0.6250031850898095
245.99999999999997 0.6239907914107847
247.0 0.6256399388256548
248.0 0.6226710236393785
249.00000000000003 0.6255049452663393
250.0 0.6260051673006037
251.0 0.6310301042496118
252.0 0.6327864426312929
253.00000000000003 0.6313173412586153
254.0 0.6223621114047235
