1.0 0.6903733191919816
2.0 0.7323062793431827
3.0 0.7342867000714294
4.0 0.7297561881152588
5.0 0.7367658046916712
6.0 0.722979663351683
7.0 0.7356242144947567
8.0 0.7401770875296491
9.0 0.738092907646771
10.0 0.7400926131692052
11.0 0.7439478018011508
12.0 0.7411019305636924
13.0 0.7431417438167699
14.0 0.7396679921694251
15.0 0.7397096380423354
16.0 0.7362729178411
17.0 0.7384804972004414
18.0 0.7399441318571269
19.0 0.7258195762051936
20.0 0.7407428546578158
21.0 0.7436153458731534
22.0 0.7381611734975634
23.0 0.736195778664349
24.0 0.7388989656311528
25.0 0.7424143631514082
26.0 0.7494062330758998
27.0 0.7394913527371989
28.0 0.745729222018448
29.0 0.7456906524300717
30.0 0.743269402192393
31.0 0.7389293477466445
32.0 0.7450419490837279
33.0 0.7481890418445009
34.0 0.7467134575773222
35.0 0.7460384645785324
36.0 0.7443323150702864
37.0 0.7442343529570803
38.0 0.7432589907241652
39.0 0.7409507284947255
40.0 0.7413826846781975
41.0 0.7450612338779163
42.0 0.7438201434255279
43.0 0.7485913017655573
44.0 0.746906305519202
45.0 0.7464550645415405
46.0 0.7472923569306054
47.0 0.7464284445636602
48.0 0.7427691801581272
49.00000000000001 0.7453744050117268
50.0 0.7422674199815956
51.0 0.7449825565588961
52.0 0.7489654035664663
53.0 0.7456312599052389
54.0 0.7455036015296131
55.0 0.7492118469917503
56.0 0.7444615115881767
57.0 0.7422971162440122
58.0 0.7427603068321676
59.0 0.7428509337616829
60.0 0.743339206185452
61.0 0.7447941314054943
62.0 0.7429666425268106
63.0 0.7391114538948663
64.0 0.7384330542861098
65.0 0.7407146965376692
66.0 0.740776121419519
67.0 0.7428389841511898
68.0 0.7483463964825424
69.0 0.744333853212559
70.0 0.7426029521941327
71.0 0.741973533641978
72.0 0.742602952194132
73.0 0.7449632717647123
74.0 0.7454353356788276
75.0 0.7433417605062298
76.0 0.7408720511757079
77.0 0.7405573418996295
78.0 0.7435470800223624
79.0 0.749211846991752
80.0 0.7404908365727237
81.0 0.7439894476740612
82.0 0.746772850102154
83.0 0.7454353356788265
84.0 0.7448059171266714
85.0 0.7455140129978449
86.0 0.7430750161082467
87.0 0.7397872991828464
88.0 0.7444125305315735
89.0 0.7448059171266718
90.0 0.7412654377708037
91.0 0.7443338532125557
92.0 0.7446821595757664
92.99999999999999 0.7441402764600796
94.0 0.7453165506291632
95.0 0.7463007861880394
96.0 0.7506473235282892
97.0 0.7454442090047863
98.00000000000001 0.7471751100232112
98.99999999999999 0.7474022686543079
100.0 0.7475596232923463
101.0 0.7474022686543075
102.0 0.7474022686543077
103.00000000000001 0.7479530098874426
104.0 0.7473235913352883
104.99999999999999 0.7485037511205782
106.0 0.7487397830776358
107.00000000000001 0.7495265562678296
108.0 0.7494478789488099
109.0 0.7518081985193894
110.0 0.7507853933721385
111.0 0.7509427480101771
112.0 0.7496839109058686
113.0 0.7477956552494053
114.0 0.7493692016297919
115.0 0.7505879310034569
116.0 0.7490297408435342
116.99999999999999 0.7489222195512909
118.0 0.7496734994376422
119.0 0.7525845602413551
120.0 0.7501262785575683
121.0 0.7490544923537148
122.0 0.7461121971453168
122.99999999999999 0.743182158071038
124.0 0.740585500019776
125.0 0.7385904089241445
126.0 0.7422095655990337
127.0 0.7456713676358847
128.0 0.7409082303326231
129.0 0.739161565567786
130.0 0.7466050839958885
131.0 0.7457068609397248
132.0 0.7460809627406323
133.0 0.7516581790650437
134.0 0.7536949160335844
135.0 0.7556915452714836
136.0 0.7555638868958601
137.0 0.7543837271105711
138.0 0.7515987865402126
139.0 0.746594679021654
140.0 0.7434931264645172
141.0 0.7443219036020587
142.0 0.7442447644253065
143.0 0.7441660871062883
144.0 0.747676870199742
145.0 0.7508239629605151
146.0 0.7527018071487508
147.0 0.7521614773838422
148.0 0.749958512451302
149.0 0.7495354295937899
150.0 0.7480598453266114
151.0 0.7479811680075916
152.0 0.7466139573218478
153.0 0.7458761651882586
154.0 0.7490826504738626
155.0 0.7474007305120415
156.0 0.7481385226456303
157.0 0.7467905967540744
158.0 0.7505968043294174
159.0 0.7492488784378611
160.0 0.749878296990015
161.0 0.7461804629961074
162.0 0.7474288886321893
163.0 0.7430719398237128
164.0 0.7416943176697403
165.0 0.7423133247536671
166.0 0.7445965051474946
167.0 0.7390385736172721
168.0 0.745441132720252
169.0 0.7531723329205983
170.0 0.746266475498819
171.0 0.7447132300911309
172.0 0.7437561364738952
173.0 0.7406984628258009
174.0 0.7346369026513463
175.0 0.7364434047042573
176.0 0.7422686025962196
177.0 0.7406861828898734
178.0 0.7352501126938505
179.0 0.7415516333990868
180.0 0.7348640612824454
181.0 0.733471900954202
182.0 0.7180252777354003
183.0 0.7238968629053821
184.0 0.7242275973198123
185.0 0.7280665774421012
185.99999999999997 0.7314408288339721
187.0 0.7246479594204321
188.0 0.7270098171332794
189.0 0.7282196731809807
190.0 0.7356539107571749
191.0 0.7236355657414084
192.0 0.7264783606943308
193.0 0.7273422730612762
194.0 0.7310312337292209
195.0 0.7312360312815969
196.00000000000003 0.7305472202046105
197.00000000000003 0.7336468700510482
197.99999999999997 0.7240289523365041
199.0 0.7330560210872695
200.0 0.7275219887780369
201.0 0.7281409958619647
202.0 0.7279227105568271
203.0 0.7205671502996568
204.0 0.7222444558346715
205.0 0.7231855073783696
206.00000000000003 0.7213832642246182
207.0 0.7093831058149516
208.0 0.7111541965736002
209.0 0.7020625273390545
209.99999999999997 0.7124206688912336
210.99999999999997 0.7118602323387486
212.0 0.7137990071940846
213.0 0.7125667900676564
214.00000000000003 0.7103965976820652
215.0 0.7165901003335113
216.0 0.7085160327369391
217.0 0.713034950610256
218.0 0.7129412473962078
219.0 0.7181370267360163
220.0 0.7137087357922123
220.99999999999997 0.7166317462064251
222.0 0.7173695383400114
223.0 0.7226617416507626
224.0 0.7170073861495979
225.0 0.7193083131953457
226.0 0.7246286746262429
226.99999999999997 0.7155510866766083
228.0 0.7187737804718662
229.0 0.7118663849078185
230.0 0.7130465446931089
231.0 0.7135544574387087
232.0 0.7116542521717547
233.0 0.7067998020858997
233.99999999999997 0.7121278542281361
235.0 0.7122940821921342
236.0 0.7055008572509486
237.00000000000003 0.710885225633476
238.0 0.7060947824992599
239.00000000000003 0.7121097520485709
240.0 0.7102453956130996
241.0 0.7063146059466664
242.0 0.7141703882381016
242.99999999999997 0.7107872635202702
244.0 0.7202227447611589
244.99999999999997 0.7161581441500381
245.99999999999997 0.7127676842485169
247.0 0.7168454170847569
248.0 0.716235283326794
249.00000000000003 0.7104281876143941
250.0 0.7156579221157727
251.0 0.7183745968353438
252.0 0.7149868576907124
253.00000000000003 0.7192593321387445
254.0 0.7155348781669526
