1.0 1.4943035302906378
2.0 1.5361593667998668
3.0 1.5327129209834822
4.0 1.536487041864951
5.0 1.539409036100651
6.0 1.521145131092299
7.0 1.5398514037523507
8.0 1.5404615375103177
9.0 1.5387973642004176
10.0 1.542812983754935
11.0 1.5378146667838086
12.0 1.5323354125726056
13.0 1.5395559792704616
14.0 1.5446152269086875
15.0 1.5505842916859263
16.0 1.5494234166948249
17.0 1.543049015711994
18.0 1.5512241217063099
19.0 1.5430875853003683
20.0 1.5467364382376734
21.0 1.54585324107654
22.0 1.548725732291878
23.0 1.5471417744432652
24.0 1.5500914048353553
25.0 1.5492556505885589
26.0 1.5469844198052267
27.0 1.5464529633662791
28.0 1.5477414967330052
29.0 1.5510266593376278
30.0 1.552778383292508
31.0 1.5498866072829822
32.0 1.5508010388487976
33.0 1.5509391086926485
34.0 1.5517748629394463
35.0 1.5560917040172788
36.0 1.5536928148583238
37.0 1.5493551508440315
38.0 1.547573730626737
39.0 1.549542201744488
40.0 1.550899000962005
41.0 1.55770535812831
42.0 1.5584832579925418
43.0 1.552906041668131
44.0 1.5554534121391659
45.0 1.5546874618854276
46.0 1.55446917658029
47.0 1.555448797712362
48.0 1.5501315125659973
49.00000000000001 1.551234533174537
50.0 1.5477831426059154
51.0 1.5495510750704486
52.0 1.5618470979161834
53.0 1.5546280693605945
54.0 1.549346277518072
55.0 1.556871142023777
56.0 1.553259320532582
57.0 1.5467869574365438
58.0 1.548629308320939
59.0 1.545579655709614
60.0 1.5465331788275674
61.0 1.5486118919944496
62.0 1.5534479095753049
63.0 1.551184013975665
64.0 1.5539465934673014
65.0 1.5507698044441132
66.0 1.5466256742247788
67.0 1.5496609867941507
68.0 1.5516649512157408
69.0 1.552540813193181
70.0 1.5471120781808503
71.0 1.5507104119192827
72.0 1.5499726197856922
73.0 1.5481526299800208
74.0 1.5455192470062762
75.0 1.5465092796065762
76.0 1.553220750944207
77.0 1.5506783252254084
78.0 1.5480369212148912
79.0 1.5500825315093947
80.0 1.5538639875745583
81.0 1.5568993001439262
82.0 1.5581878335106525
83.0 1.5539006886952336
84.0 1.5521296799461646
85.0 1.553724049263006
86.0 1.550970343097331
87.0 1.5528818121217085
88.0 1.5567627684423448
89.0 1.556004153372299
90.0 1.5551282913948599
91.0 1.554016397460361
92.0 1.5511992345033103
92.99999999999999 1.542692531364181
94.0 1.5469323624640896
95.0 1.5443182642845315
96.0 1.5442796946961557
97.0 1.5430208575918465
98.00000000000001 1.5493374041921135
98.99999999999999 1.5496224172057758
100.0 1.5527783832925082
101.0 1.55305452298021
102.0 1.5537136377947802
103.00000000000001 1.555857210202489
104.0 1.5558082291458857
104.99999999999999 1.553919973489421
106.0 1.557166566505669
107.00000000000001 1.5567241988539686
108.0 1.5556018934512443
109.0 1.5576475037457458
110.0 1.5568013380307215
111.0 1.5564658058181886
112.0 1.555462285465125
113.0 1.555687905953955
114.0 1.554509284310933
115.0 1.5536334223334947
116.0 1.5488414410570095
116.99999999999999 1.5507609311181552
118.0 1.5500439619210222
119.0 1.5512731027629176
120.0 1.5493165812556629
121.0 1.5503112282827658
122.0 1.554343056346938
122.99999999999999 1.5574797376394824
124.0 1.561934648561166
125.0 1.5641881326925773
126.0 1.5646601966066933
127.0 1.566873573007462
128.0 1.5639521007355195
129.0 1.5587964291263525
130.0 1.5552856460328999
131.0 1.554617657892369
132.0 1.5544707147225576
133.0 1.5515299576564288
134.0 1.5526017438602833
135.0 1.5552173801821074
136.0 1.5535844412768902
137.0 1.5589730685585788
138.0 1.5595832023165443
139.0 1.5570165470513202
140.0 1.5586390744883116
141.0 1.5580570988504934
142.0 1.5608108050161684
143.0 1.5584327387936696
144.0 1.5591007269342005
145.0 1.5579695482055151
146.0 1.5585499857010663
147.0 1.5571723635470947
148.0 1.558529162764611
149.0 1.558558859027026
150.0 1.5602407789888462
151.0 1.5629856118285628
152.0 1.5589626570903505
153.0 1.5646868165845722
154.0 1.5634561376004108
155.0 1.5618544330998765
156.0 1.5613526729233462
157.0 1.5598578038619784
158.0 1.5602704752512626
159.0 1.5591689927849932
160.0 1.5617742176385905
161.0 1.5621201613193498
162.0 1.5580081177938898
163.0 1.5576131930565251
164.0 1.553955466793262
165.0 1.5532770671845046
166.0 1.5542597646011125
167.0 1.5545239546783172
168.0 1.5476211735410745
169.0 1.5487018330708902
170.0 1.5418326490207825
171.0 1.5316630605833954
172.0 1.528712744338228
173.0 1.5307985421106862
174.0 1.5374949875532862
175.0 1.5414600879089349
176.0 1.5379998240143526
177.0 1.539520460764409
178.0 1.5321599557550039
179.0 1.5338299261063277
180.0 1.5326378167105437
181.0 1.49472980949434
182.0 1.4959762539103223
183.0 1.50704837380115
184.0 1.515051622911081
185.0 1.517211595466766
185.99999999999997 1.4962521942029494
187.0 1.5064247817243532
188.0 1.500184522011648
189.0 1.5089617407271576
190.0 1.5053113496475876
191.0 1.5065123323693315
192.0 1.5111261360713244
193.0 1.5008371539317173
194.0 1.5049106278688003
195.0 1.5052816533851723
196.00000000000003 1.4993928040692166
197.00000000000003 1.50217620649731
197.99999999999997 1.5110223769166904
199.0 1.5017681495348272
200.0 1.4977702766322265
201.0 1.4961284644010517
202.0 1.5093790265432463
203.0 1.501874984973997
204.0 1.5069697259160628
205.0 1.5044134821190671
206.00000000000003 1.499841324289987
207.0 1.5023357073528343
208.0 1.496227910261935
209.0 1.5003510938140283
209.99999999999997 1.4931556206410463
210.99999999999997 1.4913992822593642
212.0 1.497599434241429
213.0 1.4942845753743883
214.00000000000003 1.4892997461560242
215.0 1.4888199915305727
216.0 1.4894169930634173
217.0 1.4925062314416266
218.0 1.4994225003316328
219.0 1.497241896477818
220.0 1.5019594593344427
220.99999999999997 1.4973352441642225
222.0 1.503553828651283
223.0 1.4861260334173751
224.0 1.4970502311505611
225.0 1.4909743309341539
226.0 1.485941703273807
226.99999999999997 1.4879961868942695
228.0 1.4873239398545837
229.0 1.4923874463919669
230.0 1.4967420047689857
231.0 1.4842435748023364
232.0 1.4957837007881198
233.0 1.4856164160933891
233.99999999999997 1.4968720535760665
235.0 1.4889756415902278
236.0 1.4920232340955293
237.00000000000003 1.4850828995484158
238.0 1.4830763808060492
239.00000000000003 1.4858939022850337
240.0 1.4921693249761467
241.0 1.4929789534598163
242.0 1.4948102070229041
242.99999999999997 1.486859016939036
244.0 1.486690401090375
244.99999999999997 1.477869504144933
245.99999999999997 1.4778171164783636
247.0 1.483183382681332
248.0 1.4869109129376543
249.00000000000003 1.4839169159157601
250.0 1.4845151000632348
251.0 1.4805708226440362
252.0 1.4855305700267907
253.00000000000003 1.4783354406921927
254.0 1.4824510295147253
