1.0 1.1079396880009027
2.0 1.1540016510265876
3.0 1.1558865000730847
4.0 1.1531932026107483
5.0 1.1600891705280574
6.0 1.1557567815914367
7.0 1.1634514723094318
8.0 1.1641981377689838
9.0 1.164601935832307
10.0 1.1659587350498235
11.0 1.1595071948902391
12.0 1.1529530781906476
13.0 1.1638167007843805
14.0 1.1663937675178317
15.0 1.167614035033764
16.0 1.1680058834865936
17.0 1.1594315938557553
18.0 1.1662067166173768
19.0 1.1622238696098073
20.0 1.1653308546399375
21.0 1.1671419711196467
22.0 1.1691578851517337
23.0 1.1665808184182862
24.0 1.173740454449042
25.0 1.166344786461228
26.0 1.167033597538215
27.0 1.1685180551313519
28.0 1.1726092757203554
29.0 1.1709778749574065
30.0 1.1708398051135553
31.0 1.1687556252306783
32.0 1.1640527327414407
33.0 1.1714989199281258
34.0 1.170977874957406
35.0 1.1708205203193678
36.0 1.1691089040951304
37.0 1.1733189097337975
38.0 1.170770001120497
39.0 1.1703781526676686
40.0 1.1702400828238166
41.0 1.1737107581866268
42.0 1.1740551637251195
43.0 1.1702192598873609
44.0 1.1638656818409847
45.0 1.1579440599780808
46.0 1.163334225402036
47.0 1.1673186105518745
48.0 1.164178852974795
49.00000000000001 1.1663328368507302
50.0 1.1652625887891441
51.0 1.168222630649464
52.0 1.173780562179687
53.0 1.1695809680092468
54.0 1.1696299490658497
55.0 1.1756985140985659
56.0 1.1764363062321541
57.0 1.1593128088060927
58.0 1.1673290220201016
59.0 1.1624648463191003
60.0 1.1695007525479595
61.0 1.1724800792024663
62.0 1.1712331917086527
63.0 1.1695304488103766
64.0 1.1703172220005693
65.0 1.1694621829595826
66.0 1.1677065304309766
67.0 1.1639636439541927
68.0 1.1642887646984972
69.0 1.16926625873317
70.0 1.1713801348784625
71.0 1.171734951885184
72.0 1.168164776266899
73.0 1.1719220027856372
74.0 1.171360850084274
75.0 1.16463382834106
76.0 1.1700337471291733
77.0 1.1738577013564377
78.0 1.1806062041401761
79.0 1.1773507377979695
80.0 1.1776598724142415
81.0 1.181726971400635
82.0 1.178441808796012
83.0 1.1735237072861704
84.0 1.1671196100409238
85.0 1.1693032901792775
86.0 1.172165369926389
87.0 1.1709273557585356
88.0 1.167621370217457
89.0 1.166846546637758
90.0 1.1711946221202763
91.0 1.174173948774783
92.0 1.1747523261643082
92.99999999999999 1.1660802408563775
94.0 1.1711336914531771
95.0 1.17749768096778
96.0 1.1757925476380464
97.0 1.1743980311213438
98.00000000000001 1.1761185206715412
98.99999999999999 1.1790712273481676
100.0 1.182118819853466
101.0 1.180122190615567
102.0 1.1781463843141242
103.00000000000001 1.1773106300673273
104.0 1.1754119629426367
104.99999999999999 1.177123579166873
106.0 1.1754713554674685
107.00000000000001 1.176396198501511
108.0 1.1751863424538063
109.0 1.1756881026303379
110.0 1.177782693981444
111.0 1.177989029676086
112.0 1.1762581286576608
113.0 1.1748820446459574
114.0 1.1754327858790934
115.0 1.171152976247367
116.0 1.170340077294044
116.99999999999999 1.171345824189244
118.0 1.1709466405527211
119.0 1.169953531667886
120.0 1.1711842106520467
121.0 1.1756688178361487
122.0 1.1795047216739065
122.99999999999999 1.1749895381891937
124.0 1.1765014957984103
125.0 1.1799856589139837
126.0 1.1811079643167088
127.0 1.178186492044768
128.0 1.1724519210823188
129.0 1.1689820247553808
130.0 1.1740141759562803
131.0 1.1769870474652881
132.0 1.1818650412444867
133.0 1.180842236097235
134.0 1.1824944597966416
135.0 1.1774783961735937
136.0 1.1732298209465508
137.0 1.170348456405251
138.0 1.1697174997108293
139.0 1.1676565396898608
140.0 1.1740867284552357
141.0 1.1746606830562847
142.0 1.1792953096947323
143.0 1.172892750591752
144.0 1.173583099811005
145.0 1.1721460851322016
146.0 1.1760012737641476
147.0 1.1766885466988672
148.0 1.1761570902599188
149.0 1.173324706775223
150.0 1.1707653866936956
151.0 1.1701359681415422
152.0 1.1680012690597916
153.0 1.1648615114827132
154.0 1.162334963948137
155.0 1.1644696630298863
156.0 1.160408138703299
157.0 1.1575622674658408
158.0 1.1570531721056163
159.0 1.1536627122040912
160.0 1.15020091016724
161.0 1.1533850343741194
162.0 1.1557291454350447
163.0 1.155110138351116
164.0 1.161656564339372
165.0 1.1665569191972922
166.0 1.1640481183146347
167.0 1.1630654208980242
168.0 1.1622578247713775
169.0 1.1622385399771882
170.0 1.1591505683556098
171.0 1.153176429179818
172.0 1.1546476184075287
173.0 1.1513348096528122
174.0 1.1598751441220783
175.0 1.1615481907579381
176.0 1.1592264407757336
177.0 1.1563955954333065
178.0 1.1505734738258804
179.0 1.15572606915051
180.0 1.1450332889475767
181.0 1.1437739298795115
182.0 1.134072321072123
183.0 1.12768713989586
184.0 1.1380368045962872
185.0 1.1349282814238921
185.99999999999997 1.1353351557717495
187.0 1.125421813575317
188.0 1.1395185414325377
189.0 1.1470893107103082
190.0 1.13304310205196
191.0 1.1415834365212252
192.0 1.146519284682985
193.0 1.1351600544817906
194.0 1.131235061856786
195.0 1.151306651532669
196.00000000000003 1.1362704102740167
197.00000000000003 1.1342841925043508
197.99999999999997 1.1335656851649476
199.0 1.1414511637188032
200.0 1.140706036401515
201.0 1.1441574269701402
202.0 1.133812128590233
203.0 1.1372619810165856
204.0 1.1348630918576328
205.0 1.1347323571974772
206.00000000000003 1.1285642919092855
207.0 1.1140308543320279
208.0 1.1159930348895328
209.0 1.1124861926128398
209.99999999999997 1.1236738240090407
210.99999999999997 1.1274404483642904
212.0 1.134671426530372
213.0 1.1259012126731198
214.00000000000003 1.122669645551907
215.0 1.1140448367221998
216.0 1.1348912499777817
217.0 1.1235455075293488
218.0 1.1224054554747
219.0 1.1297729653423685
220.0 1.1276293929346575
220.99999999999997 1.133718780903826
222.0 1.132476152309172
223.0 1.128131153111192
224.0 1.1172825564124869
225.0 1.1295056989806218
226.0 1.1238602168054217
226.99999999999997 1.1292488440871118
228.0 1.1241660527555382
229.0 1.1210455799726506
230.0 1.120821497626086
231.0 1.1191781472526414
232.0 1.1115048014348587
233.0 1.1165432261366273
233.99999999999997 1.1208080098733244
235.0 1.1212712004614813
236.0 1.11990706606027
237.00000000000003 1.1244302428327475
238.0 1.1264758531272492
239.00000000000003 1.123014051090403
240.0 1.1222184045742485
241.0 1.1269672018355525
242.0 1.124489635357579
242.99999999999997 1.1148998757631816
244.0 1.1223815562537092
244.99999999999997 1.1204146232782284
245.99999999999997 1.1267519928149514
247.0 1.1240754258260304
248.0 1.1218531760992996
249.00000000000003 1.1135608231975862
250.0 1.1186050449407832
251.0 1.1267311698784976
252.0 1.1202499334565004
253.00000000000003 1.1224648479995336
254.0 1.10954520364307
