1.0 1.133232488599876
2.0 1.1761418708937845
3.0 1.1746277170382289
4.0 1.1742015578961833
5.0 1.1782484118553849
6.0 1.1639364749775636
7.0 1.182697525735645
8.0 1.1832972480253827
9.0 1.186778334856422
10.0 1.1813897075747317
11.0 1.1790174383936576
12.0 1.1927207796557804
13.0 1.186413106381472
14.0 1.1779441140475357
15.0 1.1836208306274194
16.0 1.18331653281957
17.0 1.1836431917061436
18.0 1.174662027727447
19.0 1.1800120854207603
20.0 1.1864844485168
21.0 1.1856591057382317
22.0 1.1846733320370866
23.0 1.1847238512359592
24.0 1.1802986365766897
25.0 1.184360160903278
26.0 1.1868095692611038
27.0 1.1761079157322105
28.0 1.186907531374312
29.0 1.1829231462244765
30.0 1.1804158834840837
31.0 1.1854667520111013
32.0 1.1863359672047216
33.0 1.1828861147783645
34.0 1.185905549163517
35.0 1.1859352454259333
36.0 1.1823353735452309
37.0 1.1856888020006464
38.0 1.1861712773829916
39.0 1.1869179428425396
40.0 1.186603233566463
41.0 1.1890630533925166
42.0 1.1870841708065394
43.0 1.1905282261914678
44.0 1.174672439195675
45.0 1.1865943602405018
46.0 1.1843320027831301
47.0 1.1928885457620468
48.0 1.193035488931858
49.00000000000001 1.1895385239166
50.0 1.1868377273812534
51.0 1.1863359672047216
52.0 1.1907835429427134
53.0 1.1913624422959967
54.0 1.1932908056831038
55.0 1.1945689275815994
56.0 1.192100234429585
57.0 1.1921388040179626
58.0 1.1994974405596692
59.0 1.1940053844487797
60.0 1.195229580538437
61.0 1.1960549233170068
62.0 1.1957402140409286
63.0 1.1952874349210016
64.0 1.193243362768766
65.0 1.1941280980721685
66.0 1.1870159049557454
67.0 1.1926035327483842
68.0 1.1912853031192447
69.0 1.193124577719105
70.0 1.1903500486169745
71.0 1.1885894513361328
72.0 1.1887765022365866
73.0 1.1866730375595227
74.0 1.1861801507089496
75.0 1.178139078040949
76.0 1.1883148497906995
77.0 1.1902609598297258
78.0 1.1816851320566224
79.0 1.1896033831574246
80.0 1.1845833909606514
81.0 1.189800845526106
82.0 1.1939796167600898
83.0 1.1894757247818022
84.0 1.1890808000444388
85.0 1.191442657757285
86.0 1.1872920446434478
87.0 1.178718579552794
88.0 1.1916104238635505
89.0 1.192554551691781
90.0 1.1940494207531482
91.0 1.1922591272098906
92.0 1.1867793510349305
92.99999999999999 1.1856933392269289
94.0 1.1885879131938641
95.0 1.1879199250533348
96.0 1.1870618097278156
97.0 1.1898749084183202
98.00000000000001 1.1941354332558596
98.99999999999999 1.194254218305524
100.0 1.1967437343939935
101.0 1.1957209292467426
102.0 1.1987596484260798
103.00000000000001 1.196743734393994
104.0 1.195032118169757
104.99999999999999 1.1967734306564086
106.0 1.1961929931608581
107.00000000000001 1.1963013667422937
108.0 1.1936456226898249
109.0 1.1945897505180565
110.0 1.1933309134137482
111.0 1.1918850254089843
112.0 1.195150903219419
113.0 1.1963206515364817
114.0 1.1932522360947269
115.0 1.1985621860573974
116.0 1.1977160203423711
116.99999999999999 1.19862004043996
118.0 1.1948732253894494
119.0 1.196999051145238
120.0 1.2012090567839042
121.0 1.1969604815568622
122.0 1.197903071242828
122.99999999999999 1.1959078444543771
124.0 1.201108018386164
125.0 1.2011080183861644
126.0 1.200794847252353
127.0 1.200008074062159
128.0 1.2060068351018158
129.0 1.1999862071981897
130.0 1.1909436183376456
131.0 1.1736909243936957
132.0 1.1859453013665144
133.0 1.1907581055794545
134.0 1.1919783730953872
135.0 1.195527725777216
136.0 1.1978109061710431
137.0 1.1981761346459912
138.0 1.1966812655846248
139.0 1.1925136501642486
140.0 1.1900069895824248
141.0 1.1957475492246212
142.0 1.1940062367379696
143.0 1.196868316485081
144.0 1.1966218730597957
145.0 1.1963769677767768
146.0 1.1952145546434065
147.0 1.195656922295108
148.0 1.1976639630012351
149.0 1.1972617030801775
150.0 1.194724744077372
151.0 1.1962284864646988
152.0 1.1933085523350229
153.0 1.1955412135299806
154.0 1.1937123503983469
155.0 1.1938295973057413
156.0 1.1946861744889943
157.0 1.1964556450957957
158.0 1.198088584001014
159.0 1.1962196131387373
160.0 1.1927578111018884
161.0 1.1943506422764625
162.0 1.1942318572267998
163.0 1.1898749084183224
164.0 1.1932773179303406
165.0 1.1954995676570694
166.0 1.1937004007878524
167.0 1.1924608484777308
168.0 1.1885551406469135
169.0 1.1880236842079666
170.0 1.1879306668469958
171.0 1.1781648179806326
172.0 1.1760169029792527
173.0 1.1671753772824756
174.0 1.180715566865133
175.0 1.1723075051982952
176.0 1.1796630654554658
177.0 1.1773710117356797
178.0 1.1767801627718995
179.0 1.1685175061326063
180.0 1.1725551312382039
181.0 1.1543258067554256
182.0 1.154333601232103
183.0 1.1514828760071603
184.0 1.1448308270426706
185.0 1.1500755874390816
185.99999999999997 1.1512088262737934
187.0 1.1496298131774128
188.0 1.151326073181189
189.0 1.1516665501459544
190.0 1.1608410840302912
191.0 1.155971963577053
192.0 1.1534647008366605
193.0 1.1581082008010692
194.0 1.159761962642742
195.0 1.1547581789556194
196.00000000000003 1.158902309174955
197.00000000000003 1.1586287238080266
197.99999999999997 1.1459591211251479
199.0 1.1587418782523802
200.0 1.158122871168453
201.0 1.148378833220556
202.0 1.1564023816182563
203.0 1.1455256267994072
204.0 1.152152268248946
205.0 1.1399514867595266
206.00000000000003 1.1485585489373151
207.0 1.1515957299743862
208.0 1.1425712155444006
209.0 1.1311590757128747
209.99999999999997 1.1425415192819832
210.99999999999997 1.1461915548339119
212.0 1.1479927818091507
213.0 1.142540503103474
214.00000000000003 1.140683481851693
215.0 1.1422466167638534
216.0 1.1425983574860357
217.0 1.142058027721132
218.0 1.137202395020654
219.0 1.1421768127707932
220.0 1.1382919278764287
220.99999999999997 1.1438780175268008
222.0 1.1467223506219917
223.0 1.141627609679928
224.0 1.138853080577794
225.0 1.1416468944741143
226.0 1.1378406868987743
226.99999999999997 1.148401194299278
228.0 1.150782336806314
229.0 1.1447939872348847
230.0 1.1342007072874296
231.0 1.1517665723651898
232.0 1.1515914710752293
233.0 1.1512054196638266
233.99999999999997 1.141893337899398
235.0 1.1460616976651552
236.0 1.1447048984476391
237.00000000000003 1.136060804823744
238.0 1.1357950766042686
239.00000000000003 1.13904900480421
240.0 1.1363412034106037
241.0 1.1363947988940086
242.0 1.150417108331364
242.99999999999997 1.143089706194342
244.0 1.1345524480096125
244.99999999999997 1.133067990416476
245.99999999999997 1.1415786286233267
247.0 1.133728643373312
248.0 1.1344174544502919
249.00000000000003 1.1371696224737038
250.0 1.1361186592063042
251.0 1.1308472788320083
252.0 1.1298703784568314
253.00000000000003 1.120016428785227
254.0 1.1370909451546851
