1.0 1.6255238611304244
2.0 1.6570064075757174
3.0 1.6614242870512947
4.0 1.6593088727637335
5.0 1.6601639118047185
6.0 1.6531897885321467
7.0 1.6589347709628244
8.0 1.6615118376962725
9.0 1.667581940871256
10.0 1.6656342926899612
11.0 1.6587106886162615
12.0 1.660125342216342
13.0 1.6606776215917434
14.0 1.6672375353327622
15.0 1.6669243641989524
16.0 1.6687042462739812
17.0 1.6632932579135704
18.0 1.6616796038025408
19.0 1.6619750282844303
20.0 1.6637950180901004
21.0 1.6667654714186475
22.0 1.6636480749202884
23.0 1.666008394490869
24.0 1.6680837010477878
25.0 1.6691169176632645
26.0 1.669442038407571
27.0 1.6656447041581879
28.0 1.6616097998094819
29.0 1.6620432941352203
30.0 1.6637252140970429
31.0 1.6685468916359418
32.0 1.6661063566040746
33.0 1.667120288425367
34.0 1.6671010036311782
35.0 1.6664611736107984
36.0 1.6679961504028082
37.0 1.6642285124158405
38.0 1.6653701026127543
39.0 1.6684473913804683
40.0 1.6688303665073367
41.0 1.6709858885255415
42.0 1.668085239190055
43.0 1.6719211430278123
44.0 1.6665888319864195
45.0 1.6693321266838685
46.0 1.6665695471922317
47.0 1.6688897590321685
48.0 1.6636376634520624
49.00000000000001 1.6680258466652256
50.0 1.6570376419804014
51.0 1.6471084215997467
52.0 1.6583068905529363
53.0 1.661492552902086
54.0 1.6650256970742618
55.0 1.6718899086231298
56.0 1.6651637669181136
57.0 1.6640696196355353
58.0 1.6623402567593795
59.0 1.6672255857222669
60.0 1.6657604129233168
61.0 1.6688303665073352
62.0 1.6714756990915773
63.0 1.6651012981087467
64.0 1.6620328826669926
65.0 1.6606745453072085
66.0 1.6614420337032134
67.0 1.6675804027289873
68.0 1.6633125427077573
69.0 1.6560638178897535
70.0 1.6521685215271649
71.0 1.6654175455270923
72.0 1.6634683592035278
73.0 1.6621798258368026
74.0 1.659308872763731
75.0 1.6642792539963311
76.0 1.666300742688225
77.0 1.6633777322740144
78.0 1.658845682175577
79.0 1.660227563228708
80.0 1.6572557356472153
81.0 1.6576743957162505
82.0 1.6577843074399532
83.0 1.6507612031107763
84.0 1.6575498136251596
85.0 1.6658807361152457
86.0 1.6646411838051238
87.0 1.6649944626695763
88.0 1.6653596911445245
89.0 1.668870474237979
90.0 1.6648741394776476
91.0 1.671564787878825
92.0 1.6721204738641957
92.99999999999999 1.6642575228251815
94.0 1.6699036908534606
95.0 1.677192523402109
96.0 1.6720086936727943
97.0 1.6677288840410691
98.00000000000001 1.6698250135344415
98.99999999999999 1.66902936701829
100.0 1.6694806079959499
101.0 1.6698902031006992
102.0 1.6689372019465063
103.00000000000001 1.6691450757834152
104.0 1.6687131195999423
104.99999999999999 1.6668264020857462
106.0 1.6672302001490702
107.00000000000001 1.6688720123802478
108.0 1.668094112516016
109.0 1.6706518944552773
110.0 1.6693336648261363
111.0 1.669971956704252
112.0 1.667838795764771
113.0 1.6726469855509083
114.0 1.6711417050213129
115.0 1.6700803302856864
116.0 1.66731775079405
116.99999999999999 1.6675626560770687
118.0 1.669471734669987
119.0 1.6702970774485553
120.0 1.6681743279773005
121.0 1.6727568972746076
122.0 1.6685260686994827
122.99999999999999 1.6549275587160097
124.0 1.6640947014711482
125.0 1.664891886129571
126.0 1.6630823077921257
127.0 1.6623846233891797
128.0 1.670598298971869
129.0 1.666222065369202
130.0 1.6623861615314437
131.0 1.6675314216723824
132.0 1.6678669538849171
133.0 1.668417695118051
134.0 1.6689298667628107
135.0 1.6668946679365368
136.0 1.6693826458827394
137.0 1.6710140466456886
138.0 1.6721244024379183
139.0 1.661124248142599
140.0 1.6571117048726165
141.0 1.6629457760905377
142.0 1.6633599856220895
143.0 1.6516073688257964
144.0 1.6540583153258885
145.0 1.6514307293935706
146.0 1.6588649669697626
147.0 1.6608037418250965
148.0 1.6560117605486102
149.0 1.6602499243074254
150.0 1.6565713751077071
151.0 1.657940123935718
152.0 1.6561899381231058
153.0 1.6530146872421834
154.0 1.651834527456894
155.0 1.6548049807854377
156.0 1.6489130551849507
157.0 1.6503975127780905
158.0 1.6526702817036918
159.0 1.6482331174339278
160.0 1.650752329784816
161.0 1.6498274867507723
162.0 1.655061835678955
163.0 1.6629978334316753
164.0 1.6617093000649517
165.0 1.6607948684991334
166.0 1.6575097058945123
167.0 1.6633333656442089
168.0 1.6653388682080676
169.0 1.654500682977591
170.0 1.654982966721611
171.0 1.645801978139272
172.0 1.649783780771835
173.0 1.6484309101280408
174.0 1.6419609374634614
175.0 1.6361654358339146
176.0 1.6254880118514425
177.0 1.6394386488280424
178.0 1.6323264557116215
179.0 1.6217485319846283
180.0 1.6194781534904867
181.0 1.6045513356822851
182.0 1.5849709531063252
183.0 1.5925662309637345
184.0 1.592686357838121
185.0 1.5963149098027252
185.99999999999997 1.5895879158085158
187.0 1.5850147418009255
188.0 1.5860136477271884
189.0 1.5939295083965306
190.0 1.5991822898297177
191.0 1.6068938749104384
192.0 1.6226288167505467
193.0 1.610252770081848
194.0 1.6202710792497508
195.0 1.618050697990719
196.00000000000003 1.6149645358970468
197.00000000000003 1.6177295058201386
197.99999999999997 1.618283323337811
199.0 1.6300181934821827
200.0 1.6204523331087786
201.0 1.6123069233768779
202.0 1.6158933075048176
203.0 1.6271279556149236
204.0 1.6190107040031736
205.0 1.615938029662262
206.00000000000003 1.607066777407269
207.0 1.595962150355235
208.0 1.5901693869011952
209.0 1.5877613368494612
209.99999999999997 1.58894008995358
210.99999999999997 1.5876894403221529
212.0 1.5963663064930007
213.0 1.6054445802957142
214.00000000000003 1.6020066774798516
215.0 1.5990862213864205
216.0 1.5924411474318807
217.0 1.5870603772976408
218.0 1.594484203405605
219.0 1.5833031507789035
220.0 1.601768421527452
220.99999999999997 1.5956285143594122
222.0 1.5873376995999706
223.0 1.5920108958267936
224.0 1.586366429830097
225.0 1.5839748758548333
226.0 1.5755673361517522
226.99999999999997 1.5880369221451789
228.0 1.5839175434360266
229.0 1.594586424417972
230.0 1.5853707666244847
231.0 1.5944452782895902
232.0 1.590542646743306
233.0 1.6011166418965748
233.99999999999997 1.5917243446708609
235.0 1.5827551303026568
236.0 1.5804202480953369
237.00000000000003 1.5937699549653623
238.0 1.591518008976219
239.00000000000003 1.5950303302119404
240.0 1.5916055596211998
241.0 1.5927679727545663
242.0 1.5925689722436196
242.99999999999997 1.5892660629870765
244.0 1.5869219519261477
244.99999999999997 1.5799107972074702
245.99999999999997 1.5833251563299826
247.0 1.5754736329377057
248.0 1.577867055380667
249.00000000000003 1.579674243286654
250.0 1.5769507553471493
251.0 1.5947588049510426
252.0 1.5898125453210532
253.00000000000003 1.5915330348712498
254.0 1.5839607274512064
