1.0 1.5946082571253624
2.0 1.6239284965290157
3.0 1.6270327608022555
4.0 1.6280050467506346
5.0 1.6274928751058766
6.0 1.6287131426218084
7.0 1.6309280571648441
8.0 1.6315559375747322
9.0 1.632500065402963
10.0 1.6355403227245688
11.0 1.629027851897887
12.0 1.6319404508438682
13.0 1.6345456756974657
14.0 1.636799159828876
15.0 1.6377240028629203
16.0 1.6369075334103125
17.0 1.6398185942140264
18.0 1.638274744096057
19.0 1.6380001425506223
20.0 1.6377833953877523
21.0 1.6378813575009599
22.0 1.6340157574007859
23.0 1.6325401731336062
24.0 1.6357956394758137
25.0 1.6366121089284227
26.0 1.6365052734892558
27.0 1.6386978269535677
28.0 1.6373707239984672
29.0 1.6384810797906995
30.0 1.6392084604560604
31.0 1.640045752845125
32.0 1.6350771321364126
33.0 1.6390021247614175
34.0 1.638519649379075
35.0 1.6363656655031382
36.0 1.633877687556934
37.0 1.6390318210238337
38.0 1.6408221145670894
39.0 1.6377922687137125
40.0 1.6346540492789001
41.0 1.6368184446230651
42.0 1.6354304110008655
43.0 1.6384128139399057
44.0 1.630542005753441
45.0 1.632795489884854
46.0 1.6359722789080413
47.0 1.6400546261710829
48.0 1.639325707363455
49.00000000000001 1.6409883425310878
50.0 1.6390615172862488
51.0 1.6328355976154973
52.0 1.637438989849259
53.0 1.634685283683583
54.0 1.6352047905120342
55.0 1.6345576253079606
56.0 1.636846602743214
57.0 1.639680524370176
58.0 1.6386087381663217
59.0 1.6359337093196662
60.0 1.6371925464239752
61.0 1.6350370244057697
62.0 1.6372133693604292
63.0 1.640841399361279
64.0 1.6405964940782591
65.0 1.6375354138201996
66.0 1.6417454194588665
67.0 1.6389130359741713
68.0 1.6395706126464746
69.0 1.6369742611188365
70.0 1.629685428570191
71.0 1.6410967161125236
72.0 1.638776504272588
73.0 1.640782006836447
74.0 1.6378620727067723
75.0 1.6402713733339558
76.0 1.6414723560557003
77.0 1.6426822121034048
78.0 1.6410685579923743
79.0 1.645070689794132
80.0 1.6397236806363464
81.0 1.6430829338821933
82.0 1.6424816734501875
83.0 1.6409497729427118
84.0 1.6411946782257316
85.0 1.6351646827813922
86.0 1.6390406943497946
87.0 1.6415390837642228
88.0 1.6444813789726203
89.0 1.6445600562916403
90.0 1.6430547757620457
91.0 1.6483959601293996
92.0 1.645469765486843
92.99999999999999 1.640687451333207
94.0 1.644815373042887
95.0 1.6455932729071188
96.0 1.6472188488796378
97.0 1.6451775252332987
98.00000000000001 1.6479624658036578
98.99999999999999 1.6458574629843243
100.0 1.6466546476427455
101.0 1.6493786575460054
102.0 1.6495657084464608
103.00000000000001 1.6510412927136395
104.0 1.6523595223427803
104.99999999999999 1.6508453684872253
106.0 1.6511496662950742
107.00000000000001 1.6505202477429186
108.0 1.6516321416774178
109.0 1.650560355473563
110.0 1.6489868090931783
111.0 1.646409742359728
112.0 1.645829304864177
113.0 1.6468818062738437
114.0 1.6496547972337074
115.0 1.6467036286993495
116.0 1.6416578688138852
116.99999999999999 1.640891918560147
118.0 1.643802979363862
119.0 1.6450425316739845
120.0 1.6438608337464276
121.0 1.6450514049999454
122.0 1.6457282664664359
122.99999999999999 1.633113992041837
124.0 1.6358816519785269
125.0 1.634091358435271
126.0 1.6390109980873782
127.0 1.643013129889135
128.0 1.6430092013154092
129.0 1.6371493624087954
130.0 1.63538568884342
131.0 1.6394340809448902
132.0 1.6401213538796078
133.0 1.6409096652120674
134.0 1.6413416213955394
135.0 1.6420986983233181
136.0 1.643142326407024
137.0 1.640605367404219
138.0 1.6393257073634542
139.0 1.6313777600002342
140.0 1.634535264229236
141.0 1.635549196050526
142.0 1.6349583470867486
143.0 1.6354512339373208
144.0 1.6334546046994227
145.0 1.6330909143667425
146.0 1.6346644607471286
147.0 1.6325016035452304
148.0 1.6329335597287027
149.0 1.6344477135842579
150.0 1.6376541988698607
151.0 1.635540322724568
152.0 1.6327465088282473
153.0 1.6330018255794951
154.0 1.6339563648759525
155.0 1.6321170902760929
156.0 1.6302272964773634
157.0 1.6293336878480018
158.0 1.6310051963415957
159.0 1.6323234259707364
160.0 1.6298933024070985
161.0 1.6295681816627932
162.0 1.629686966712457
163.0 1.6361473801979993
164.0 1.6348854668091541
165.0 1.6294760165910092
166.0 1.631035222929444
167.0 1.6295265357898823
168.0 1.6305196446747192
169.0 1.6236137872529381
170.0 1.6164611283314356
171.0 1.6114194655882326
172.0 1.6189059565054589
173.0 1.6162566888534964
174.0 1.6159477766188437
175.0 1.6145821040753692
176.0 1.6158112449172637
177.0 1.6102058704727051
178.0 1.608051886596765
179.0 1.6051882687073902
180.0 1.5978400436339115
181.0 1.5804778260768115
182.0 1.572697770825976
183.0 1.5621716651508781
184.0 1.5613187165117108
185.0 1.5672526183105469
185.99999999999997 1.5734486752827692
187.0 1.5647882092599004
188.0 1.574283935314815
189.0 1.56964452781345
190.0 1.5732384110144002
191.0 1.5710172052151885
192.0 1.5718555137827614
193.0 1.5719918815950265
194.0 1.5798556849232288
195.0 1.5699498417998101
196.00000000000003 1.575702681377938
197.00000000000003 1.5788656523229325
197.99999999999997 1.5741924560961105
199.0 1.5674029932925349
200.0 1.565997543343852
201.0 1.561185946947743
202.0 1.5611739973372476
203.0 1.5753009434206402
204.0 1.5867909082819927
205.0 1.5889005255281254
206.00000000000003 1.5793998547209767
207.0 1.575191581279853
208.0 1.5612040001232896
209.0 1.5583407403083476
209.99999999999997 1.55899457355126
210.99999999999997 1.555442502659332
212.0 1.5677721503412059
213.0 1.5640886563892515
214.00000000000003 1.5662610727701858
215.0 1.5679880452148858
216.0 1.5663551063096701
217.0 1.564865703964295
218.0 1.5610811716145978
219.0 1.5562625703602329
220.0 1.5666771507694388
220.99999999999997 1.5653833423250467
222.0 1.5657663174519147
223.0 1.5681088903705742
224.0 1.5702852353252326
225.0 1.5783650999632335
226.0 1.5691108725813734
226.99999999999997 1.5709936615218407
228.0 1.56655155249984
229.0 1.5691286192332885
230.0 1.5770646169860136
231.0 1.5577531805224423
232.0 1.5606715765098487
233.0 1.5691197459073287
233.99999999999997 1.5669079076488306
235.0 1.5733980173967912
236.0 1.5677452000378933
237.00000000000003 1.568472580703257
238.0 1.565974191288826
239.00000000000003 1.5784630620764388
240.0 1.5797901650315413
241.0 1.5650894559854256
242.0 1.5713242489821386
242.99999999999997 1.5775085227799812
244.0 1.5701633739910403
244.99999999999997 1.5675743576470942
245.99999999999997 1.5693187464182794
247.0 1.5659622416783296
248.0 1.5650358605020194
249.00000000000003 1.5803736788116254
250.0 1.5632517195278335
251.0 1.5695382143380425
252.0 1.566147754436517
253.00000000000003 1.5592079418531657
254.0 1.5691166696227958
