1.0 1.3614899772447664
2.0 1.4042106595578507
3.0 1.403395728247512
4.0 1.4017958922146754
5.0 1.4073519552771978
6.0 1.3921694314996047
7.0 1.398222309986422
8.0 1.4070862270577251
9.0 1.4045373184444254
10.0 1.408447640702043
11.0 1.405012458643076
12.0 1.3843184300710831
13.0 1.4009953009462859
14.0 1.4129411212121052
15.0 1.415568707144424
16.0 1.4163643536605777
17.0 1.409627800487332
18.0 1.4125076268863639
19.0 1.415617688201027
20.0 1.4131860264951226
21.0 1.4141004580609375
22.0 1.4165483282764983
23.0 1.4117114584064512
24.0 1.4196865477113085
25.0 1.4154796183571778
26.0 1.417298070020583
27.0 1.4182942551899527
28.0 1.4204274161294344
29.0 1.4210286765614402
30.0 1.4163643536605797
31.0 1.4210424946396345
32.0 1.4137487173387524
33.0 1.4146126297056978
34.0 1.4154587954207227
35.0 1.406893709441277
36.0 1.4060722952364355
37.0 1.41561615005876
38.0 1.415832897221631
39.0 1.416120986519826
40.0 1.4164816005679741
41.0 1.4117624995690827
42.0 1.4168749871630697
43.0 1.411432764397974
44.0 1.4107470296055244
45.0 1.4094376733023426
46.0 1.4205342515686024
47.0 1.4208281379082233
48.0 1.4143359680542402
49.00000000000001 1.4112368401715607
50.0 1.417097531367366
51.0 1.4136415263719404
52.0 1.4145902686269762
53.0 1.4153072378241078
54.0 1.415985637432869
55.0 1.4141687239117295
56.0 1.4132141846152706
57.0 1.4106857434107807
58.0 1.4143735214641067
59.0 1.4062542097463306
60.0 1.4029132528651678
61.0 1.4083523993457263
62.0 1.4143511603853816
63.0 1.4261068534662096
64.0 1.423215077456684
65.0 1.418560313734859
66.0 1.4183613132239106
67.0 1.4211725434467197
68.0 1.4171183543038237
69.0 1.419520319747311
70.0 1.418605888181498
71.0 1.4215674681840824
72.0 1.4228664130190345
73.0 1.4202685233491297
74.0 1.416072005463224
75.0 1.4255071246824793
76.0 1.4218821774601578
77.0 1.41810753461493
78.0 1.410292356815683
79.0 1.4126499556293728
80.0 1.4124736465225765
81.0 1.4092845775634608
82.0 1.4071437259126456
83.0 1.4080970825944816
84.0 1.401554915505383
85.0 1.4104558640227898
86.0 1.4101322814207533
87.0 1.4071538070554386
88.0 1.4075968605602143
89.0 1.41166146117134
90.0 1.4170797847154457
91.0 1.424625472157606
92.0 1.4186222560559332
92.99999999999999 1.4079912355848194
94.0 1.4152790797039623
95.0 1.4165155557295475
96.0 1.4150899686974825
97.0 1.4112634601494431
98.00000000000001 1.4153400103710634
98.99999999999999 1.4172386774957546
100.0 1.415734935108426
101.0 1.4181546472038373
102.0 1.4211355120006102
103.00000000000001 1.4225428304169971
104.0 1.4191878638193158
104.99999999999999 1.4188330468125943
106.0 1.4153727829180116
107.00000000000001 1.4144849713300778
108.0 1.4134428813886386
109.0 1.4165112968303917
110.0 1.4161283217035225
111.0 1.416215872348501
112.0 1.4150565354996678
113.0 1.4186652807063294
114.0 1.419175914208822
115.0 1.4232493881459045
116.0 1.422756291901701
116.99999999999999 1.4277246000402857
118.0 1.4255310303974638
119.0 1.4208906067175924
120.0 1.4207718216679304
121.0 1.4129233745601868
122.0 1.4199553522153217
122.99999999999999 1.4164816005679746
124.0 1.414188008705919
125.0 1.4182317863805887
126.0 1.4223453680483167
127.0 1.4232420529622127
128.0 1.427600539912958
129.0 1.4283328653305527
130.0 1.4290047820448084
131.0 1.4275203244516685
132.0 1.4241564845280261
133.0 1.4271165263883445
134.0 1.4268122285804956
135.0 1.4296268654132716
136.0 1.4267053931413294
137.0 1.4330099901311022
138.0 1.426753852234176
139.0 1.418974227631478
140.0 1.4189154585202215
141.0 1.4242247503788201
142.0 1.4225605770689191
143.0 1.4258264548793556
144.0 1.419403072839918
145.0 1.419181711250246
146.0 1.4243921609574424
147.0 1.4261558345228171
148.0 1.4295790669712902
149.0 1.4223511650897405
150.0 1.423223950782646
151.0 1.418022374401413
152.0 1.4157391940075883
153.0 1.4158683905254783
154.0 1.4144240406629829
155.0 1.4153473455547583
156.0 1.4247396427804717
157.0 1.4241754137945726
158.0 1.4276402921159572
159.0 1.4252992573395664
160.0 1.4272974247197319
161.0 1.4288655043841247
162.0 1.4306242331972663
163.0 1.4300750301063978
164.0 1.4330543567609029
165.0 1.4323150264850462
166.0 1.432559931768065
167.0 1.4243686172640972
168.0 1.42575511274403
169.0 1.4252622258934564
170.0 1.4138598116770842
171.0 1.416057309893631
172.0 1.4103741104192429
173.0 1.4075448032190843
174.0 1.417197031622844
175.0 1.4156238155678904
176.0 1.4126310011606182
177.0 1.4135894690308053
178.0 1.4077202348344717
179.0 1.4044133970042025
180.0 1.4025592603986297
181.0 1.388286251183627
182.0 1.3754050689192225
183.0 1.368256940282519
184.0 1.3879921732056817
185.0 1.3851894859833993
185.99999999999997 1.385550291669868
187.0 1.3833473267373304
188.0 1.392760446899499
189.0 1.3981907200540997
190.0 1.3880131877804556
191.0 1.3859556278754623
192.0 1.389571708265816
193.0 1.378034300490126
194.0 1.3900750065846108
195.0 1.3872352879162269
196.00000000000003 1.3864261536473073
197.00000000000003 1.3982204163165097
197.99999999999997 1.3876035926757098
199.0 1.3851714090060425
200.0 1.390092586800419
201.0 1.3946270273303145
202.0 1.3903857872869647
203.0 1.3810109063877365
204.0 1.3864840080298733
205.0 1.381908773916262
206.00000000000003 1.3875677438442249
207.0 1.3695330675915318
208.0 1.3655060212604246
209.0 1.3660831572502163
209.99999999999997 1.3649141149336461
210.99999999999997 1.3738333320667375
212.0 1.3696185481119436
213.0 1.3812022161873538
214.00000000000003 1.37075195083598
215.0 1.3657567101493895
216.0 1.3621308789416753
217.0 1.369413228595823
218.0 1.372805226639612
219.0 1.3551168395767863
220.0 1.358617211202011
220.99999999999997 1.365298108785823
222.0 1.356543442787364
223.0 1.3552950171512823
224.0 1.3537477352211273
225.0 1.356745164055199
226.0 1.356345980418676
226.99999999999997 1.360232403455308
228.0 1.3654247509829394
229.0 1.3639314200638375
230.0 1.3659978532947967
231.0 1.3605945556457193
232.0 1.3668709945153472
233.0 1.3593550033355963
233.99999999999997 1.3556155234687788
235.0 1.3622838107912358
236.0 1.3668872030249974
237.00000000000003 1.3520557593187257
238.0 1.3671556520013626
239.00000000000003 1.3583113752518952
240.0 1.3712665129122
241.0 1.3509720235043758
242.0 1.3630717640492571
242.99999999999997 1.3619011659897984
244.0 1.3427074706483757
244.99999999999997 1.3679569291228273
245.99999999999997 1.358054328720058
247.0 1.350710032220306
248.0 1.357864887388143
249.00000000000003 1.3510525692910964
250.0 1.350096161526935
251.0 1.3623771584776398
252.0 1.3594483510220012
253.00000000000003 1.3694792956534803
254.0 1.3741910614686752
