1.0 1.4592032169905216
2.0 1.5017555124517779
3.0 1.4973226348301782
4.0 1.496254255236293
5.0 1.5011592245210146
6.0 1.4826389588339
7.0 1.4982787122689054
8.0 1.4963029059674648
9.0 1.4994708216646908
10.0 1.5072317181274526
11.0 1.498530952735618
12.0 1.4811517830306666
13.0 1.504913044429786
14.0 1.5085499477565956
15.0 1.5047823097696267
16.0 1.5114610085603093
17.0 1.501222545619572
18.0 1.498406370644529
19.0 1.502539237106443
20.0 1.4942071067995237
21.0 1.5043592269121155
22.0 1.5031754688785341
23.0 1.5124780166661351
24.0 1.5115396858793275
25.0 1.5150936529879593
26.0 1.5125952635735298
27.0 1.51137345791533
28.0 1.5096128606344885
29.0 1.505374696875676
30.0 1.5080377761118358
31.0 1.5092341444067798
32.0 1.5071842752131197
33.0 1.5077037820415709
34.0 1.495143569118629
35.0 1.5034330096251236
36.0 1.5071113949355244
37.0 1.502696591744483
38.0 1.5001299364792609
39.0 1.4999486826202328
40.0 1.5030409972829752
41.0 1.500425360961151
42.0 1.5076042817860975
43.0 1.508447371216586
44.0 1.5052320126050212
45.0 1.5047838479118958
46.0 1.5026371992196506
47.0 1.5004615401180672
48.0 1.5045641883538072
49.00000000000001 1.5025897563053143
50.0 1.5030618202194306
51.0 1.5036229729207933
52.0 1.5044602653098587
53.0 1.5030826431558846
54.0 1.5097613419465665
55.0 1.5082159536863282
56.0 1.509757413372842
57.0 1.507637054333046
58.0 1.515438058526452
59.0 1.509831145939626
60.0 1.5125462825169278
61.0 1.5138749236142932
62.0 1.509693076095775
63.0 1.508956822104455
64.0 1.509685740912083
65.0 1.508219029970864
66.0 1.502337846164035
67.0 1.5105126218329197
68.0 1.5077083964683713
69.0 1.5125493588014611
70.0 1.514591892811428
71.0 1.5163347434403478
72.0 1.514672108272716
73.0 1.5164431170217842
74.0 1.511918402107039
75.0 1.5198311864918483
76.0 1.517905213536201
77.0 1.518281869657885
78.0 1.515212438037622
79.0 1.5153802041438902
80.0 1.511049875313292
81.0 1.514780481854151
82.0 1.5170428393115238
83.0 1.5095164366635492
84.0 1.5025095408440303
85.0 1.508432700849199
86.0 1.5056315517691883
87.0 1.5060046096425814
88.0 1.513698284182069
89.0 1.5160184960220064
90.0 1.515328146802753
91.0 1.5175326498775614
92.0 1.5066560354307497
92.99999999999999 1.5084915714102771
94.0 1.519401620739837
95.0 1.5255800974962535
96.0 1.524504382718673
97.0 1.5241464894274175
98.00000000000001 1.5265330986504444
98.99999999999999 1.5244088110369238
100.0 1.5205640338732058
101.0 1.5186861896849688
102.0 1.5183892270608115
103.00000000000001 1.5165557495023778
104.0 1.5133878338051499
104.99999999999999 1.514394430442748
106.0 1.515132222576337
107.00000000000001 1.5115338888379042
108.0 1.5105808876837128
109.0 1.5129901883108967
110.0 1.5147908933223806
111.0 1.5181339103095675
112.0 1.5202686093913163
113.0 1.5256973444036483
114.0 1.5262569589627446
115.0 1.519506918036736
116.0 1.5178191559766727
116.99999999999999 1.5199419505047473
118.0 1.5170605859634478
119.0 1.5196496023073913
120.0 1.520210755008753
121.0 1.5197491025628636
122.0 1.532368708010637
122.99999999999999 1.5273333595933989
124.0 1.5301954393405093
125.0 1.525641028163351
126.0 1.5192338546335675
127.0 1.5187498411089566
128.0 1.5186341323438286
129.0 1.5168349654746127
130.0 1.5164832247524271
131.0 1.516717718567217
132.0 1.51462312721611
133.0 1.5172595864743916
134.0 1.5178890050265474
135.0 1.515322349761326
136.0 1.5187054744791568
137.0 1.514872646925932
138.0 1.5075599151562955
139.0 1.5060258253439707
140.0 1.508783725422513
141.0 1.5116256983820437
142.0 1.5143200120228884
143.0 1.520776166609276
144.0 1.517225275785179
145.0 1.518758714434922
146.0 1.5177077511675234
147.0 1.5189607912304068
148.0 1.5221479917218235
149.0 1.5235522338536756
150.0 1.5208667935387923
151.0 1.5253321159287039
152.0 1.5215660160840034
153.0 1.5207302618372074
154.0 1.515890837646387
155.0 1.5142177910105266
156.0 1.5137249041599548
157.0 1.5120503193818255
158.0 1.5135675495219159
159.0 1.512347282005982
160.0 1.5105585266049946
161.0 1.5054445008687392
162.0 1.5067789390075328
163.0 1.507782459360594
164.0 1.5152335912995143
165.0 1.5141418344483948
166.0 1.5090116002024867
167.0 1.5060338116902496
168.0 1.502794553857695
169.0 1.499806353877227
170.0 1.4976685785109447
171.0 1.4945079979974112
172.0 1.4814934678122733
173.0 1.4720271076943443
174.0 1.4788037685982283
175.0 1.4777338508620745
176.0 1.4844912269717747
177.0 1.4937925669425391
178.0 1.501305481837752
179.0 1.5008052598034891
180.0 1.4963947155116042
181.0 1.4826546731288068
182.0 1.483258654317705
183.0 1.4794690415229528
184.0 1.4777150628294335
185.0 1.4835313873954343
185.99999999999997 1.4815072858904652
187.0 1.4913709611772208
188.0 1.4861146066979545
189.0 1.484655230940427
190.0 1.4722434993295652
191.0 1.4815852773564047
192.0 1.4883353182824124
193.0 1.4910014738031088
194.0 1.4791790530137587
195.0 1.4836532487296339
196.00000000000003 1.4742346618514726
197.00000000000003 1.4902092338969244
197.99999999999997 1.4808836643797378
199.0 1.4824869070225355
200.0 1.480005933934594
201.0 1.4784798304685474
202.0 1.4859927453637558
203.0 1.4809299246794476
204.0 1.4782364633277962
205.0 1.4740610987037785
206.00000000000003 1.4901254453895605
207.0 1.4684334233577288
208.0 1.4669166684396473
209.0 1.4458188383215225
209.99999999999997 1.4543452589661092
210.99999999999997 1.455240599922853
212.0 1.4617595813930448
213.0 1.4583358547298186
214.00000000000003 1.4639540310740653
215.0 1.4657275941439094
216.0 1.4639277414216159
217.0 1.463721927690735
218.0 1.4612112583403798
219.0 1.470600643170872
220.0 1.467393827559838
220.99999999999997 1.4692057963287364
222.0 1.4625567938004758
223.0 1.4707517065527338
224.0 1.462693847465813
225.0 1.4678880886633543
226.0 1.4666396630272742
226.99999999999997 1.4734741783137242
228.0 1.4668132261749625
229.0 1.4688306783493181
230.0 1.467700515799143
231.0 1.4700011125194585
232.0 1.4729473363015806
233.0 1.4692286793712173
233.99999999999997 1.4692730460010188
235.0 1.4627162085445375
236.0 1.4647193206769349
237.00000000000003 1.4645539450021283
238.0 1.4697362365891764
239.00000000000003 1.472204929741189
240.0 1.463757446196785
241.0 1.4731154327332783
242.0 1.4689895711296268
242.99999999999997 1.451650864682964
244.0 1.4722924803861668
244.99999999999997 1.4623158170911799
245.99999999999997 1.4688235070549451
247.0 1.4622362874829697
248.0 1.4716422388975576
249.00000000000003 1.4616191488667447
250.0 1.4562467300947068
251.0 1.4549655319116754
252.0 1.4446620180917915
253.00000000000003 1.442510780174958
254.0 1.4430924280341408
