1.0 0.6704133538386076
2.0 0.7145619451292127
3.0 0.7154617063276439
4.0 0.7165261573478052
5.0 0.7175370128845607
6.0 0.7132713491096678
7.0 0.7216104868216453
8.0 0.727481589485677
9.0 0.7247976873130604
10.0 0.7321740705066874
11.0 0.7279656030102885
12.0 0.73002008663075
13.0 0.7287820724628972
14.0 0.7241563191504111
15.0 0.7241312373147966
16.0 0.7246372563904874
17.0 0.7256959103692217
18.0 0.7242959271365291
19.0 0.7163136690840936
20.0 0.7289810729738462
21.0 0.7319900958907686
22.0 0.7255991308706398
23.0 0.7223081712245918
24.0 0.7213061890137955
25.0 0.7234914072944156
26.0 0.7314185317211783
27.0 0.720657485667452
28.0 0.7352054545023321
29.0 0.7288534145982245
30.0 0.732086519861708
31.0 0.7295664552216318
32.0 0.7334166991013431
33.0 0.7346755362056521
34.0 0.7357072146788642
35.0 0.7309899821476744
36.0 0.7285564519740663
37.0 0.7291962819944507
38.0 0.7295495608589031
39.0 0.7312924114878243
40.0 0.7359536581041499
41.0 0.7394154601409987
42.0 0.7370150328397771
43.0 0.7356092525656577
44.0 0.7323923558118262
45.0 0.7291071932072001
46.0 0.7300424477094745
47.0 0.7285371671798783
48.0 0.7322068430536371
49.00000000000001 0.7354414864593907
50.0 0.7323537862234482
51.0 0.7335146612145504
52.0 0.7337803894340243
53.0 0.7261783857515669
54.0 0.7311053605873647
55.0 0.734518181567614
56.0 0.7310652528567252
57.0 0.7327086032301696
58.0 0.7323152166350734
59.0 0.7326017677910022
60.0 0.7329446351872277
61.0 0.7364178648708141
62.0 0.7344098079861779
63.0 0.7304759420352144
64.0 0.7301122517025342
65.0 0.7331019898252671
66.0 0.7301612327591367
67.0 0.729954897064495
68.0 0.7316071207639013
69.0 0.7311350568497866
70.0 0.7314497661258622
71.0 0.7294041558313603
72.0 0.7311350568497846
73.0 0.7318431527209602
74.0 0.7298762197454766
75.0 0.7281195510383617
76.0 0.7342034722915385
77.0 0.7325512485921332
78.0 0.7364064372240777
79.0 0.7373505650523082
80.0 0.7302497995826265
81.0 0.7352158659705608
82.0 0.7367998238191749
83.0 0.729876219745476
84.0 0.7304269609786106
85.0 0.7320791846780156
86.0 0.7309777022117453
87.0 0.7239831140771595
88.0 0.7335740537393823
89.0 0.7367211465001554
90.0 0.733023312506249
91.0 0.7368785011381948
92.0 0.7372544714068024
92.99999999999999 0.7338923703045415
94.0 0.7348417641696526
95.0 0.73168579808292
96.0 0.7332400596691174
97.0 0.7320093806849549
98.00000000000001 0.7329238122507716
98.99999999999999 0.7342034722915369
100.0 0.7345181815676143
101.0 0.7355409867148655
102.0 0.7364851145430972
103.00000000000001 0.738137338242503
104.0 0.7384520475185793
104.99999999999999 0.7379799836044637
106.0 0.7369571784572124
107.00000000000001 0.7371932104142704
108.0 0.7357770186719225
109.0 0.7357770186719226
110.0 0.7360130506289808
111.0 0.7369571784572131
112.0 0.7372718877332911
113.0 0.7372718877332902
114.0 0.7398682392609279
115.0 0.738509901901145
116.0 0.7372638666965223
116.99999999999999 0.7363470446992468
118.0 0.7384119397879362
119.0 0.7359729428983374
120.0 0.7334062876331162
121.0 0.7300825554401182
122.0 0.7283026733650896
122.99999999999999 0.727714135085455
124.0 0.7287539143427485
125.0 0.7332593444633051
126.0 0.7392388207087733
127.0 0.7370358557762315
128.0 0.7354479693538929
129.0 0.7349712112656613
130.0 0.7342266579104442
131.0 0.7369244059102606
132.0 0.7388423578291409
133.0 0.7377512868310984
134.0 0.7377320020369093
135.0 0.7364048990818096
136.0 0.7396009728991876
137.0 0.7418930266189754
138.0 0.7380956923695936
139.0 0.7324345023934832
140.0 0.7341024338937984
141.0 0.7304639924247192
142.0 0.73515647344573
143.0 0.7331598442078334
144.0 0.7376251665977456
145.0 0.7354414864593926
146.0 0.740349176501005
147.0 0.7386969528016014
148.0 0.7400641634873444
149.0 0.7366810387695143
150.0 0.738401528319711
151.0 0.7342316304116868
152.0 0.7284881861232763
153.0 0.7311142339133297
154.0 0.7299533589222292
155.0 0.7282417426979917
156.0 0.7293239403700739
157.0 0.7301195868862274
158.0 0.7304342961623043
159.0 0.7273955769829666
160.0 0.7288310535195027
161.0 0.7305129734813229
162.0 0.7325377608393694
163.0 0.7335412811924326
164.0 0.7373370772995486
165.0 0.7375152548740415
166.0 0.7384400979080847
167.0 0.7402199799831135
168.0 0.7388141997089932
169.0 0.7419211847391213
170.0 0.7348074534804335
171.0 0.7275115081297144
172.0 0.7265720532205839
173.0 0.7286957044325406
174.0 0.7316187148467513
175.0 0.7330260332631375
176.0 0.7347287761614143
177.0 0.7310710498981502
178.0 0.7319260889391346
179.0 0.7350450235797585
180.0 0.7272440193863526
181.0 0.7204670931433272
182.0 0.7095698392194576
183.0 0.7141848012867733
184.0 0.7152299332697473
185.0 0.7096615902712944
185.99999999999997 0.717720987500482
187.0 0.7215584294805064
188.0 0.7242334583271637
189.0 0.7204064278153653
190.0 0.7139845839181979
191.0 0.7176423101814611
192.0 0.7225662087327264
193.0 0.7118973277507835
194.0 0.7111001430923652
195.0 0.7161636496297474
196.00000000000003 0.7178366962656092
197.00000000000003 0.7057026424847146
197.99999999999997 0.711309555071542
199.0 0.7119004040353202
200.0 0.7166819738435783
201.0 0.7130909752888392
202.0 0.7177834563098466
203.0 0.7134932352098946
204.0 0.7153903641923164
205.0 0.7105019589448939
206.00000000000003 0.7157243582625826
207.0 0.7023357822220453
208.0 0.7064043634051985
209.0 0.6943482173957362
209.99999999999997 0.7019655227535564
210.99999999999997 0.7060216106599497
212.0 0.6962270535131814
213.0 0.7082307281615615
214.00000000000003 0.7053462873357256
215.0 0.701868276789223
216.0 0.6966339278610364
217.0 0.6981214617387153
218.0 0.696069698875142
219.0 0.7000482869835537
220.0 0.7046663495846986
220.99999999999997 0.7085304115426082
222.0 0.6966651622657206
223.0 0.704038469174816
224.0 0.702659308878573
225.0 0.7034564935369976
226.0 0.6918716428469699
226.99999999999997 0.6980219614832384
228.0 0.6961232943585475
229.0 0.7005662556697374
230.0 0.6964083073722074
231.0 0.7078404178509997
232.0 0.6944830202696369
233.0 0.699383019599914
233.99999999999997 0.6938327787810271
235.0 0.7012967126196351
236.0 0.7024174798800938
237.00000000000003 0.7017124602934545
238.0 0.7084667601186178
239.00000000000003 0.7143054457633474
240.0 0.7007891554016751
241.0 0.7097464201593859
242.0 0.7059699088464573
242.99999999999997 0.6996236659837713
244.0 0.6995970460058929
244.99999999999997 0.7095489577907007
245.99999999999997 0.700915275635033
247.0 0.7059876554983799
248.0 0.7051414897833531
249.00000000000003 0.6961174973171216
250.0 0.7064539223710659
251.0 0.7026519736948825
252.0 0.7020078847753433
253.00000000000003 0.6986988229497312
254.0 0.6998195902101865
