1.0 0.7609868888560422
2.0 0.78656743482249
3.0 0.7989634798874607
4.0 0.8005320815156113
5.0 0.8036610972990297
6.0 0.7948669590185751
7.0 0.8014130798836071
8.0 0.8042488699782705
9.0 0.803698128745138
10.0 0.8010092818202865
11.0 0.7893261134894052
12.0 0.7976657428693431
13.0 0.8000250462614092
14.0 0.8037984812898016
15.0 0.8112168658839848
16.0 0.8070392772646242
17.0 0.7972447201178524
18.0 0.8034559694212222
19.0 0.7908069980364665
20.0 0.8085283492845651
21.0 0.8159672012875594
22.0 0.8101107689909127
23.0 0.812187613690096
24.0 0.8087346849792088
25.0 0.8125810002851945
26.0 0.817185930661224
27.0 0.8068047834498367
28.0 0.8123569179386294
29.0 0.8132046217959222
30.0 0.8052551362904399
31.0 0.813872609936451
32.0 0.8140676818736743
33.0 0.805690168758447
34.0 0.8170925829748189
35.0 0.8177011785905176
36.0 0.8106572513248891
37.0 0.8066431699126358
38.0 0.8067233853739241
39.0 0.8033580073080114
40.0 0.8174072922508966
41.0 0.815458105927333
42.0 0.8162286706078722
43.0 0.8136886353205321
44.0 0.811562809564744
45.0 0.8171816717620648
46.0 0.812229259563007
47.0 0.8168877854224422
48.0 0.8165381355495783
49.00000000000001 0.8124699059468665
50.0 0.8148761302895149
51.0 0.8138845595469492
52.0 0.8203866189054004
53.0 0.8210858414506141
54.0 0.8178600713708227
55.0 0.8150276878861272
56.0 0.8095187374125081
57.0 0.816889323564712
58.0 0.8173791341307496
59.0 0.8199824627676391
60.0 0.8172159824512834
61.0 0.8210193079272112
62.0 0.81889482612857
63.0 0.8185592939160368
64.0 0.8200140552467617
65.0 0.8222852860300929
66.0 0.8276577112961231
67.0 0.8254636131955511
68.0 0.8248920490259588
69.0 0.8222748745618693
70.0 0.8253062585575109
71.0 0.8230053315117615
72.0 0.8237816932337274
73.0 0.8279130215533752
74.0 0.8235352498084416
75.0 0.8272412062889374
76.0 0.8290769728290125
77.0 0.8282454774813706
78.0 0.8227276536817949
79.0 0.8250671503159175
80.0 0.8195805609210226
81.0 0.8213203352654078
82.0 0.8207962140101511
83.0 0.8159197583732236
84.0 0.8152637198431858
85.0 0.8254589987687466
86.0 0.8214302469891069
87.0 0.812167698988339
88.0 0.8086143617872783
89.0 0.8165507150676438
90.0 0.8204772458349174
91.0 0.8233898447808978
92.0 0.8183885356672425
92.99999999999999 0.827344594293042
94.0 0.8298919041393504
95.0 0.8269156537693794
96.0 0.8218270961396769
97.0 0.8246962886888612
98.00000000000001 0.825861614217445
98.99999999999999 0.8278108005410061
100.0 0.8282828644551231
101.0 0.8268666727127756
102.0 0.8258438675655246
103.00000000000001 0.8265519634366985
104.0 0.8241916438661196
104.99999999999999 0.8268666727127757
106.0 0.8289122830072788
107.00000000000001 0.8287549283692395
108.0 0.8255291582894482
109.0 0.8293056696023751
110.0 0.8284892001497665
111.0 0.8312726025778573
112.0 0.8301607086433597
113.0 0.8295802711478089
114.0 0.8250555562330645
115.0 0.8229964581857997
116.0 0.8211824704953626
116.99999999999999 0.8273737079669798
118.0 0.8284919209066605
119.0 0.8288571493816075
120.0 0.8288972571122513
121.0 0.8288482760556484
122.0 0.8253463662881555
122.99999999999999 0.8179356724053097
124.0 0.8198686502192171
125.0 0.8206064423528069
126.0 0.8207341007284291
127.0 0.8240593710636952
128.0 0.8259283419259703
129.0 0.8211718539533258
130.0 0.8194424910771676
131.0 0.8160149997295316
132.0 0.819004737852267
133.0 0.8202250053682005
134.0 0.8193981244473627
135.0 0.8206970692823163
136.0 0.8198805998297064
137.0 0.8216604819047351
138.0 0.8228174283221107
139.0 0.8231586843227533
140.0 0.8310995084427054
141.0 0.8307836190987999
142.0 0.8329198563228146
143.0 0.833402331705157
144.0 0.833029768046516
145.0 0.8332152808047022
146.0 0.8361070568142295
147.0 0.8342781936825973
148.0 0.8350368087526416
149.0 0.8313374366164673
150.0 0.8320173743674936
151.0 0.8310539617450727
152.0 0.8325488308064396
153.0 0.8321643175373051
154.0 0.832214836736176
155.0 0.8297268587899725
156.0 0.8302270808242378
157.0 0.8307392524689975
158.0 0.830602720767414
159.0 0.8299139096904273
160.0 0.8292547948758583
161.0 0.8300519795342786
162.0 0.8282616859910213
163.0 0.8278281916652833
164.0 0.8263259874202233
165.0 0.8239047371825446
166.0 0.8276129826446794
167.0 0.8266094622916174
168.0 0.8257544232506314
169.0 0.8225167035603458
170.0 0.8247582380812621
171.0 0.8128766471486993
172.0 0.8118309004666682
173.0 0.8203773900517953
174.0 0.8142717935729731
175.0 0.8214699991921056
176.0 0.8214788725180661
177.0 0.8249703708173314
178.0 0.8257212951760391
179.0 0.8226875207489383
180.0 0.8205552120986506
181.0 0.8202254824215467
182.0 0.809064625252498
183.0 0.8035291309875956
184.0 0.816449404331361
185.0 0.8026351654628325
185.99999999999997 0.8126285592312332
187.0 0.8054137895747995
188.0 0.8159140773634966
189.0 0.8076765025598132
190.0 0.8022030453900337
191.0 0.8138815992941083
192.0 0.803194971660245
193.0 0.8151153545628061
194.0 0.8035898963976104
195.0 0.8146282647536572
196.00000000000003 0.8120839705671579
197.00000000000003 0.812550237439851
197.99999999999997 0.8098351008625515
199.0 0.8084219854047395
200.0 0.8122735757883889
201.0 0.8137240782199555
202.0 0.8119243893869833
203.0 0.81053517315016
204.0 0.8070771080487096
205.0 0.8036516490580985
206.00000000000003 0.8075729072944989
207.0 0.8252542104118493
208.0 0.8181726653273969
209.0 0.8140061496894864
209.99999999999997 0.8223418770978156
210.99999999999997 0.8276457022404263
212.0 0.819406780932799
213.0 0.8229610783668672
214.00000000000003 0.8185616591452946
215.0 0.8252318149354471
216.0 0.8135394429531739
217.0 0.8303586425713869
218.0 0.8198633247371364
219.0 0.8239796271617555
220.0 0.8178917773348516
220.99999999999997 0.8193422797664189
222.0 0.8172773846777265
223.0 0.8186696771990863
224.0 0.8183314242296618
225.0 0.825029407814531
226.0 0.8145206022275177
226.99999999999997 0.8214696436644717
228.0 0.8184039489796122
229.0 0.8186341838952423
230.0 0.8174301248889658
231.0 0.8142579502925769
232.0 0.8129663406413217
233.0 0.8106195088235048
233.99999999999997 0.813922418080047
235.0 0.813474253386921
236.0 0.8173174924083711
237.00000000000003 0.8104428693912777
238.0 0.8158106737365084
239.00000000000003 0.8177760685697251
240.0 0.814602355831072
241.0 0.81349353818111
242.0 0.8224106952081724
242.99999999999997 0.8119273269844131
244.0 0.8085426641243172
244.99999999999997 0.8172789228199963
245.99999999999997 0.812999113188272
247.0 0.8118428526239708
248.0 0.8180938541303382
249.00000000000003 0.8198039322123046
250.0 0.8163718264378722
251.0 0.8216447449544318
252.0 0.8211206236991777
253.00000000000003 0.8197595655825048
254.0 0.824331723411583
