1.0 1.1736568471758888
2.0 1.206728641755973
3.0 1.2172567321371757
4.0 1.2188036585396815
5.0 1.222069536350115
6.0 1.2056672670203454
7.0 1.2212738898339615
8.0 1.2217459537480784
9.0 1.2212931746281495
10.0 1.2273929740655476
11.0 1.2233283734544254
12.0 1.2159577873022245
13.0 1.2226025309313302
14.0 1.222081485960611
15.0 1.2257110541037268
16.0 1.2270292837328662
17.0 1.2169956183445028
18.0 1.226676004868414
19.0 1.223317961986198
20.0 1.2333739884532835
21.0 1.230354554068133
22.0 1.227618594554379
23.0 1.2255047184090844
24.0 1.2266922133780662
25.0 1.2241286343973798
26.0 1.2214728903449132
27.0 1.2258788202099915
28.0 1.2281307661991379
29.0 1.2318197268670843
30.0 1.2279749497033658
31.0 1.2209559100882301
32.0 1.2226812082503493
33.0 1.2271287839883422
34.0 1.2264577195632764
35.0 1.2252895093884832
36.0 1.230393123656511
37.0 1.230580174556964
38.0 1.2299210597423922
39.0 1.2371697845603977
40.0 1.2301378069052626
41.0 1.220086394864981
42.0 1.2274226703279647
43.0 1.2299908637354535
44.0 1.225397882969916
45.0 1.2340435147360813
46.0 1.2268526443006416
47.0 1.2236253360785807
48.0 1.2205965064037134
49.00000000000001 1.2347901801956291
50.0 1.2319577967109356
51.0 1.2354982760668052
52.0 1.2369916069859042
53.0 1.2383009632890845
54.0 1.2381139123886309
55.0 1.2353899024853705
56.0 1.2287023303687303
57.0 1.226095567372863
58.0 1.2301867879618675
59.0 1.2312515693074635
60.0 1.237610614069832
61.0 1.2334511276300353
62.0 1.2321996257094188
63.0 1.236460150546958
64.0 1.2385948496287071
65.0 1.239795832350451
66.0 1.2331942727365224
67.0 1.2386750650899943
68.0 1.2395301041309772
69.0 1.2371400882979833
70.0 1.2394722497484132
71.0 1.2390001858342985
72.0 1.2380070769494613
73.0 1.2418622655814096
74.0 1.2390194706284852
75.0 1.2341518948115084
76.0 1.2290957169638255
77.0 1.2301971994300953
78.0 1.2278353417172483
79.0 1.2359391055762352
80.0 1.2361850270377652
81.0 1.2357030736191785
82.0 1.236718543582738
83.0 1.2318687079236885
84.0 1.2304984209534104
85.0 1.2311976434986232
86.0 1.2331364183539566
87.0 1.2298754852957565
88.0 1.2313758210731167
89.0 1.2319874929733514
90.0 1.232588753405358
91.0 1.2340836224667247
92.0 1.2279368743297436
92.99999999999999 1.2290222002846674
94.0 1.233598070799845
95.0 1.2332239689989362
96.0 1.23478419151588
97.0 1.2372013492905136
98.00000000000001 1.2340790080399209
98.99999999999999 1.2358781749091372
100.0 1.2348553697618863
101.0 1.2353764147326056
102.0 1.2350601673142612
103.00000000000001 1.2328853605018684
104.0 1.2340655202871578
104.99999999999999 1.2349309707963698
106.0 1.232885360501868
107.00000000000001 1.2328572023817201
108.0 1.2294844891321175
109.0 1.2287482351407948
110.0 1.2313758210731152
111.0 1.23074640252096
112.0 1.2294756158061564
113.0 1.224171462884912
114.0 1.215969736912718
115.0 1.2186111409232312
116.0 1.231516309544925
116.99999999999999 1.2349019603870333
118.0 1.2336871595870929
119.0 1.2373167277302088
120.0 1.2341013691186442
121.0 1.2365804737388884
122.0 1.2352236745213714
122.99999999999999 1.2308812018951587
124.0 1.2291030521475175
125.0 1.2324684302134272
126.0 1.2370911072413775
127.0 1.2360771754200883
128.0 1.2370614109789626
129.0 1.2371875312123195
130.0 1.2373143372987516
131.0 1.2381613553029658
132.0 1.2351716171802314
133.0 1.2369514992552597
134.0 1.2368535371420522
135.0 1.2346787303296598
136.0 1.2381613553029645
137.0 1.2444482056408166
138.0 1.2385018322677301
139.0 1.2299833369134332
140.0 1.2339864848937003
141.0 1.2341071661600675
142.0 1.2356614277462676
143.0 1.2289456975094764
144.0 1.240000629902824
145.0 1.2350736550670227
146.0 1.2338044064944858
147.0 1.2360177828952539
148.0 1.2373360125243926
149.0 1.2339632992747913
150.0 1.2354477568679296
151.0 1.2396280662441816
152.0 1.2367763979652975
153.0 1.2356051115059683
154.0 1.2325663923266301
155.0 1.2351627438542678
156.0 1.2346104644788667
157.0 1.2378763422893004
158.0 1.2340018688631658
159.0 1.2367555750288417
160.0 1.2392034452444023
161.0 1.239322230294065
162.0 1.2362434033840843
163.0 1.2369322144610702
164.0 1.236028194363482
165.0 1.2416810117223775
166.0 1.239458761995649
167.0 1.241060466496183
168.0 1.235137306491012
169.0 1.2291458806350501
170.0 1.2198296786585723
171.0 1.2110595792391268
172.0 1.2081120609513716
173.0 1.2150090450471878
174.0 1.2120848520183554
175.0 1.2156743124308298
176.0 1.2117716808845442
177.0 1.218623942822915
178.0 1.2176816834623858
179.0 1.2105437226572753
180.0 1.2053718425384548
181.0 1.2000038826375135
182.0 1.1860569956533669
183.0 1.1896077386667174
184.0 1.2007831206720845
185.0 1.198011312326841
185.99999999999997 1.1907108856953426
187.0 1.1942023839946108
188.0 1.2015907167987314
189.0 1.2074275087735473
190.0 1.1986588330585606
191.0 1.2041616309631096
192.0 1.205033234041392
193.0 1.2097388472875197
194.0 1.18316673639545
195.0 1.20471698662305
196.00000000000003 1.2058809378986803
197.00000000000003 1.2025244331587381
197.99999999999997 1.214806968251709
199.0 1.2017480714367688
200.0 1.1992512201646064
201.0 1.2038218398514189
202.0 1.2013323237629523
203.0 1.2045418853330871
204.0 1.2006627974801505
205.0 1.1989206327043105
206.00000000000003 1.1868853933258137
207.0 1.1867339996185187
208.0 1.1781256216800855
209.0 1.170534989698856
209.99999999999997 1.1729323407155487
210.99999999999997 1.1680246506739302
212.0 1.1808608393952542
213.0 1.1788688245841605
214.00000000000003 1.1832928566288037
215.0 1.182556602637486
216.0 1.1748743834937412
217.0 1.183193356373331
218.0 1.188504844478269
219.0 1.183959306627068
220.0 1.1758512838689241
220.99999999999997 1.1854811511939618
222.0 1.1831416545598379
223.0 1.1816660702926558
224.0 1.1759676784871287
225.0 1.1861877089228674
226.0 1.1840649594516115
226.99999999999997 1.176803432733926
228.0 1.1817996895990268
229.0 1.1825557503482966
230.0 1.1865370592135935
231.0 1.179003321381932
232.0 1.1868205340849882
233.0 1.1850020824215846
233.99999999999997 1.1786068585022966
235.0 1.1827871678785487
236.0 1.1777301442356676
237.00000000000003 1.1822340362139574
238.0 1.1886464848214078
239.00000000000003 1.1768711766209612
240.0 1.1799593710716476
241.0 1.1732129283939374
242.0 1.1751551098592408
242.99999999999997 1.1801355162891238
244.0 1.177151575207815
244.99999999999997 1.1782767930057567
245.99999999999997 1.1888461737322251
247.0 1.177213880127862
248.0 1.1733452037431533
249.00000000000003 1.1737652103161311
250.0 1.1728955009077588
251.0 1.1764687528105797
252.0 1.180289630753309
253.00000000000003 1.1880107750130744
254.0 1.1850075491375742
