1.0 0.878560585120712
2.0 0.9095497379601843
3.0 0.9245109001481044
4.0 0.9227661810514858
5.0 0.926811496868421
6.0 0.9089722128598496
7.0 0.9253744821896173
8.0 0.9242641263973862
9.0 0.9236420430289226
10.0 0.9272731493143097
11.0 0.922518199483934
12.0 0.9180871877832374
13.0 0.9240978984333856
14.0 0.9246247404455321
15.0 0.9319463455411309
16.0 0.9282782078096398
17.0 0.9208393558066466
18.0 0.9345041274803915
19.0 0.9208332032375761
20.0 0.9296677795741075
21.0 0.9292416204320587
22.0 0.9244777972757227
23.0 0.9276769473776323
24.0 0.928909164504062
25.0 0.9373692835120366
26.0 0.9277883972436013
27.0 0.9309011793151561
28.0 0.9292030508436825
29.0 0.9304024954231589
30.0 0.9312517374227185
31.0 0.9326590558391077
32.0 0.9373395872496219
33.0 0.9370738590301475
34.0 0.9352642806927058
35.0 0.9299053496734316
36.0 0.9322818777536631
37.0 0.9310141673233941
38.0 0.9305405652670112
39.0 0.9359025725708171
40.0 0.9325121126692961
41.0 0.9245464186541567
42.0 0.9354143001470502
43.0 0.9339684121422863
44.0 0.9408414970171137
45.0 0.9325819166623517
46.0 0.9262191097623741
47.0 0.9308745593372773
48.0 0.9359797117475704
49.00000000000001 0.9360614653511246
50.0 0.9372832710093275
51.0 0.9260277999627616
52.0 0.9283183155402834
53.0 0.9384827155888033
54.0 0.9348427359774587
55.0 0.9375088914981555
56.0 0.927093789125191
57.0 0.9321934748194939
58.0 0.931321541415778
59.0 0.9345701667890448
60.0 0.935224172962061
61.0 0.9325312895196712
62.0 0.9344894571130065
63.0 0.9384723041205761
64.0 0.9386103739644255
65.0 0.9393481660980144
66.0 0.9361674485011003
67.0 0.9399478883877544
68.0 0.9379126895614789
69.0 0.9375875688171764
70.0 0.9311464401258188
71.0 0.9390438682901648
72.0 0.9406070032023222
73.0 0.9341851593051566
74.0 0.9289820447816551
75.0 0.9330746118745983
76.0 0.9281937334491956
77.0 0.9412468332227069
78.0 0.9272704285574214
79.0 0.9330643920446996
80.0 0.9331283712473246
81.0 0.9352376607148277
82.0 0.941383364924291
83.0 0.9366924220455505
84.0 0.9342727099501387
85.0 0.9324245620243172
86.0 0.9358967755293969
87.0 0.9337308420429631
88.0 0.930928154820683
89.0 0.9330524424342054
90.0 0.9305050719631695
91.0 0.9340575009295319
92.0 0.9211712029522362
92.99999999999999 0.9336237629671577
94.0 0.9434363104024827
95.0 0.9471966132057578
96.0 0.9479601730280375
97.0 0.9483736967065122
98.00000000000001 0.9482491146154234
98.99999999999999 0.9508454661430603
100.0 0.9500586929528674
101.0 0.9502947249099262
102.0 0.9517895939712929
103.00000000000001 0.9513962073761963
104.0 0.9501373702718876
104.99999999999999 0.9528123991185438
106.0 0.9528910764375639
107.00000000000001 0.9530484310756022
108.0 0.9505307568669836
109.0 0.9514748846952157
110.0 0.9501373702718872
111.0 0.9513175300571769
112.0 0.9493505970816936
113.0 0.9462821816399409
114.0 0.9473836641062107
115.0 0.9453854967260455
116.0 0.9397485298023642
116.99999999999999 0.942079511184966
118.0 0.9469011887238665
119.0 0.9466057642419772
120.0 0.9451213066488381
121.0 0.9462821816399402
122.0 0.9447175085855142
122.99999999999999 0.9424365244380243
124.0 0.9460133771359315
125.0 0.948249114615422
126.0 0.9493505970816933
127.0 0.948091759977384
128.0 0.9471387588231928
129.0 0.9409196523723741
130.0 0.9417540323662215
131.0 0.9448451669611361
132.0 0.9384129115957401
133.0 0.9396331791116731
134.0 0.9409706935350024
135.0 0.9397608374872962
136.0 0.9435076525378077
137.0 0.9409811050032297
138.0 0.9425442399153887
139.0 0.9403274291556473
140.0 0.9362678010457657
141.0 0.938608835822157
142.0 0.9402209517909181
143.0 0.9409483324562806
144.0 0.9424624863118357
145.0 0.9444992232803782
146.0 0.9426020942979536
147.0 0.9451880343573644
148.0 0.9442053369407551
149.0 0.942376473809123
150.0 0.9401823822025416
151.0 0.9439500201895087
152.0 0.9417856248453447
153.0 0.9413432571936431
154.0 0.9422087077028555
155.0 0.9433784560199181
156.0 0.9425531132413477
157.0 0.9439693049836968
158.0 0.9418851251008171
159.0 0.9438906276646768
160.0 0.9446477045924533
161.0 0.9454047815202318
162.0 0.9422977964901034
163.0 0.9434081522823327
164.0 0.9467615807377487
165.0 0.9452073191515482
166.0 0.9448347554929074
167.0 0.9410165983070701
168.0 0.9378575559358031
169.0 0.9458367377037045
170.0 0.9417682085188582
171.0 0.9400384940622543
172.0 0.9496692071824903
173.0 0.9436114116924413
174.0 0.9403945149386098
175.0 0.9430012779344729
176.0 0.9395572225495442
177.0 0.9379836761691617
178.0 0.9344640197497462
179.0 0.9326039222134301
180.0 0.9349330073793312
181.0 0.9147225305454254
182.0 0.90657026485982
183.0 0.9066939315291919
184.0 0.9129079472785169
185.0 0.917570046184034
185.99999999999997 0.9143697134675017
187.0 0.9133187502001021
188.0 0.9169498564854859
189.0 0.9066281017989238
190.0 0.915423753019436
191.0 0.9137611178518008
192.0 0.9195180498929717
193.0 0.9213245519458806
194.0 0.9208035069751601
195.0 0.9066149695738107
196.00000000000003 0.9168341477203541
197.00000000000003 0.9188693465466314
197.99999999999997 0.914659340907965
199.0 0.9208274061961517
200.0 0.9073141921190201
201.0 0.919801524764367
202.0 0.9136631557385938
203.0 0.9185739220647396
204.0 0.910985406135043
205.0 0.9149103987600491
206.00000000000003 0.90818851595419
207.0 0.9137046771746609
208.0 0.9071709304693559
209.0 0.902586036331549
209.99999999999997 0.9102443435318005
210.99999999999997 0.9130576364074263
212.0 0.9045855677889547
213.0 0.9068598748568227
214.00000000000003 0.9103262913204746
215.0 0.9116356476236567
216.0 0.9134868718340121
217.0 0.9146238476041226
218.0 0.9140299223558053
219.0 0.9064857730559154
220.0 0.9063658053916304
220.99999999999997 0.9084499852745072
222.0 0.9098156578179831
223.0 0.9067441660916962
224.0 0.8998992393370171
225.0 0.9163458752965858
226.0 0.9116950401484866
226.99999999999997 0.9194528603267144
228.0 0.9114721404165457
229.0 0.9010304180657033
230.0 0.9095410562725504
231.0 0.9107983552345906
232.0 0.9075101163454337
233.0 0.9092826632367687
233.99999999999997 0.9136338150038242
235.0 0.9078857562886122
236.0 0.9122812746854622
237.00000000000003 0.9009162474428438
238.0 0.9068467426317047
239.00000000000003 0.9069535780708713
240.0 0.916898154671991
241.0 0.9139678090740877
242.0 0.9169679586650463
242.99999999999997 0.9173732948706393
244.0 0.9141652714427707
244.99999999999997 0.9136650494085028
245.99999999999997 0.9159748497802137
247.0 0.9107613237884846
248.0 0.9109780709513522
249.00000000000003 0.9092263469964733
250.0 0.9090007265076441
251.0 0.9193252019510938
252.0 0.9110567482703765
253.00000000000003 0.9148941902504002
254.0 0.9131794977416268
