1.0 0.8597686002340683
2.0 0.9066274994393538
3.0 0.9094346649481267
4.0 0.9112858891584787
5.0 0.9121267520468286
6.0 0.8929270983214582
7.0 0.9131698859157857
8.0 0.913258974703033
9.0 0.9181156235820157
10.0 0.9102557488275337
11.0 0.9142995265022035
12.0 0.9077365364766503
13.0 0.9185600513397393
14.0 0.9127780374629567
15.0 0.9146069005945877
16.0 0.9076370362211775
17.0 0.9170651822783749
18.0 0.9206739274850346
19.0 0.9045894437158783
20.0 0.9183347611763433
21.0 0.915735003038739
22.0 0.9211772258038334
23.0 0.9187679251766507
24.0 0.9201278006787021
25.0 0.9289604833453208
26.0 0.9274656142839522
27.0 0.9187902862553741
28.0 0.9210823399751583
29.0 0.9064159164160525
30.0 0.9141629948006222
31.0 0.9054980782402704
32.0 0.9203430096993034
33.0 0.9225000698597776
34.0 0.9283503495873539
35.0 0.9237573688218177
36.0 0.9266788410937573
37.0 0.9195890090560594
38.0 0.9216643156129792
39.0 0.9254126688057571
40.0 0.9272712281998075
41.0 0.9197656484882871
42.0 0.9285389386300771
43.0 0.9237693184323105
44.0 0.9193039960423984
45.0 0.9185187609944725
46.0 0.9257748209961724
47.0 0.926804961327117
48.0 0.9306592976698712
49.00000000000001 0.9276734881208649
50.0 0.9268080376116514
51.0 0.9233165393123847
52.0 0.9294549083381602
53.0 0.9285003690416987
54.0 0.9319887910564292
55.0 0.9299655418406476
56.0 0.9212620556919241
57.0 0.9303782132299366
58.0 0.9272014242067447
59.0 0.9111809473892237
60.0 0.9190382678229287
61.0 0.9210005863716059
62.0 0.9238776920137459
63.0 0.9259915681590392
64.0 0.9091634952148694
65.0 0.918350994888204
66.0 0.9217631300153794
67.0 0.9251943835006231
68.0 0.9237010525815217
69.0 0.925963410038894
70.0 0.9229736719161603
71.0 0.9221379176693637
72.0 0.9213407330109429
73.0 0.9250979595296819
74.0 0.9252360293735338
75.0 0.935838182646951
76.0 0.9411392592836629
77.0 0.9415816269353616
78.0 0.9457812211058009
79.0 0.9425554510260096
80.0 0.9395098908777292
81.0 0.9349430358753223
82.0 0.9362998350928384
83.0 0.9317662468521325
84.0 0.9359064484977418
85.0 0.9334377553457263
86.0 0.9356110240158523
87.0 0.9297754146556615
88.0 0.9330308809978693
89.0 0.9343016677126719
90.0 0.9366338291631039
91.0 0.9357787901221185
92.0 0.9308847542693829
92.99999999999999 0.936926835464528
94.0 0.9365551518440838
95.0 0.9287364009987571
96.0 0.9218776284168745
97.0 0.9260228025637267
98.00000000000001 0.9260717836203313
98.99999999999999 0.92776411505038
100.0 0.9284722109215534
101.0 0.928078824326457
102.0 0.927655741468945
103.00000000000001 0.9278130961069826
104.0 0.9304584286912234
104.99999999999999 0.9304777134854112
106.0 0.9300041114290274
107.00000000000001 0.9313817335829987
108.0 0.9331022231331959
109.0 0.9326108744248902
110.0 0.9337806227419524
111.0 0.9341547245428605
112.0 0.9348138393574309
113.0 0.9346861809818082
114.0 0.9349711939954697
115.0 0.936474936382798
116.0 0.9319815703105471
116.99999999999999 0.9347040915230517
118.0 0.9304329913279672
119.0 0.9291178379833605
120.0 0.9259811566908144
121.0 0.9216346193505639
122.0 0.9212323594295053
122.99999999999999 0.9237053114806782
124.0 0.9257732828539033
125.0 0.924330471133674
126.0 0.9255403271813784
127.0 0.9285107805099235
128.0 0.9283622991978464
129.0 0.9222787082701009
130.0 0.9207275229684379
131.0 0.9208671309545534
132.0 0.9226485511718495
133.0 0.9265423093921721
134.0 0.9274968486886324
135.0 0.9251573520545084
136.0 0.9274582791002564
137.0 0.9250578517990322
138.0 0.9277521654398758
139.0 0.9244514029781622
140.0 0.9228202181028377
141.0 0.922782006588902
142.0 0.9194092933392977
143.0 0.9227418988582576
144.0 0.9223099426747841
145.0 0.9281127794880257
146.0 0.9312598722487974
147.0 0.9282685959837972
148.0 0.9284556468842504
149.0 0.9317897905454777
150.0 0.9340120402722072
151.0 0.935793460489502
152.0 0.9375540577703433
153.0 0.9375941655009875
154.0 0.9424914440743715
155.0 0.9439670283415519
156.0 0.9440457056605691
157.0 0.9426889064430527
158.0 0.9420490764226702
159.0 0.944860636970911
160.0 0.9422939817056898
161.0 0.942472159280185
162.0 0.9414790503953494
163.0 0.9422554121173141
164.0 0.9390994460305818
165.0 0.9382517421732901
166.0 0.9397674341711116
167.0 0.9341323634641377
168.0 0.9380083750325408
169.0 0.9369157658922311
170.0 0.9284996554396169
171.0 0.9299864297634014
172.0 0.9250523360790279
173.0 0.9307697061551207
174.0 0.9274949550187256
175.0 0.9304887856045028
176.0 0.9324932719898522
177.0 0.9284020514008484
178.0 0.9316648529267489
179.0 0.9270286881460346
180.0 0.9314184095014653
181.0 0.9228935673929759
182.0 0.9157312131521232
183.0 0.9063416140447829
184.0 0.9092315442251278
185.0 0.9175918326521959
185.99999999999997 0.9230596592166624
187.0 0.9164739777869556
188.0 0.9119808276023276
189.0 0.913066431884377
190.0 0.9123008119560714
191.0 0.9139310301043962
192.0 0.9133017779883583
193.0 0.9147176394052737
194.0 0.9118258633957446
195.0 0.9110167291268321
196.00000000000003 0.9116446095367196
197.00000000000003 0.916789869677658
197.99999999999997 0.9120337372326565
199.0 0.915874255497217
200.0 0.916327034617142
201.0 0.9140554483061664
202.0 0.9166371294664201
203.0 0.9182600124310532
204.0 0.9179299217323003
205.0 0.9190749437413936
206.00000000000003 0.9089371636707525
207.0 0.8994959130076018
208.0 0.8917377718095671
209.0 0.8900469207894768
209.99999999999997 0.8960584490383219
210.99999999999997 0.9033746177137296
212.0 0.9023826914435149
213.0 0.9111355141764922
214.00000000000003 0.8978093509998119
215.0 0.9037548720837075
216.0 0.9017034647477815
217.0 0.9080065235952851
218.0 0.9130789034586315
219.0 0.8953556837428329
220.0 0.9035130430852274
220.99999999999997 0.9012981285421897
222.0 0.897126692491898
223.0 0.9007427728822485
224.0 0.9039758781457343
225.0 0.8967375647959607
226.0 0.8962107227838142
226.99999999999997 0.8931897502563966
228.0 0.9051012598329937
229.0 0.8983720418434417
230.0 0.8960830644081882
231.0 0.9002649119267092
232.0 0.8960726529399609
233.0 0.8985621690284373
233.99999999999997 0.891736527067938
235.0 0.8998803986575736
236.0 0.8990014603956007
237.00000000000003 0.9022407182281513
238.0 0.8982000168380208
239.00000000000003 0.9016008882077688
240.0 0.8984152258586209
241.0 0.8939171309217598
242.0 0.8960310070670506
242.99999999999997 0.89685788798789
244.0 0.8958277476569464
244.99999999999997 0.8931214844056041
245.99999999999997 0.9044436831606948
247.0 0.9018785660377395
248.0 0.8902416580065753
249.00000000000003 0.907716896154823
250.0 0.902365300319243
251.0 0.8857836708003558
252.0 0.9043025370323063
253.00000000000003 0.9063913313419891
254.0 0.8907599544713987
