1.0 1.1202195259426742
2.0 1.162626511210993
3.0 1.1677748476364667
4.0 1.1671365557583504
5.0 1.1679603603946527
6.0 1.16079918622163
7.0 1.1730284813588392
8.0 1.1696750529034248
9.0 1.168591317089075
10.0 1.1734218679539354
11.0 1.1732348170534814
12.0 1.162697853346319
13.0 1.1725861137071387
14.0 1.170688984724715
15.0 1.1749672562141749
16.0 1.1747416357253444
17.0 1.1746525469380975
18.0 1.172262531105101
19.0 1.175929130694327
20.0 1.1740424131801308
21.0 1.1717889290487176
22.0 1.167814955367109
23.0 1.176718980169054
24.0 1.1688392986566296
25.0 1.1768852081330536
26.0 1.1804168141629625
27.0 1.1807122386448505
28.0 1.1753220732208935
29.0 1.1810269479209279
30.0 1.1800932315609243
31.0 1.1757154598159927
32.0 1.173944451066923
33.0 1.1737574001664681
34.0 1.1653879080880056
35.0 1.174542635214394
36.0 1.1736667732369572
37.0 1.1772400251397732
38.0 1.1856496249488804
39.0 1.1778486207554726
40.0 1.180336598701674
41.0 1.1736980076416368
42.0 1.181803309642895
43.0 1.1799254654546592
44.0 1.1783222228118542
45.0 1.1833486979031318
46.0 1.1856496249488802
47.0 1.1867021263585458
48.0 1.1877041085693443
49.00000000000001 1.188686805985949
50.0 1.1838682047315838
51.0 1.1807909159638716
52.0 1.1862196509762029
53.0 1.1825218169822962
54.0 1.182815703321918
55.0 1.1861706699196002
56.0 1.1852057191549126
57.0 1.1829745961022238
58.0 1.179935876922886
59.0 1.184285820873104
60.0 1.183485229604715
61.0 1.1822368039686333
62.0 1.1882355650082894
63.0 1.1794132938098982
64.0 1.1823733356702175
65.0 1.1861305621889562
66.0 1.1840938252204138
67.0 1.1809957135162454
68.0 1.1903301563593953
69.0 1.1850587759851012
70.0 1.1889050912910861
71.0 1.1896814530130526
72.0 1.1839380087246423
73.0 1.1859049417001257
74.0 1.1796878953553314
75.0 1.1771323959037152
76.0 1.1805444725385852
77.0 1.1846075350074396
78.0 1.1817053475296877
79.0 1.1795721865902047
80.0 1.166202768244331
81.0 1.1810670556515714
82.0 1.1736297417908468
83.0 1.1715232008292444
84.0 1.1759233336529014
85.0 1.1768659233388656
86.0 1.1792648124978198
87.0 1.1811001585239547
88.0 1.183555033597774
89.0 1.1851968458289526
90.0 1.1835149258671307
91.0 1.18374208449823
92.0 1.1761226644892866
92.99999999999999 1.1787406912425669
94.0 1.1827088678827498
95.0 1.1849905101343106
96.0 1.181207157852442
97.0 1.1768836699907876
98.00000000000001 1.1724006009489534
98.99999999999999 1.1681416142536827
100.0 1.1677466895163187
101.0 1.1704217183629755
102.0 1.1708714211983697
103.00000000000001 1.1736355388322732
104.0 1.1739710710448046
104.99999999999999 1.17400076730722
106.0 1.1737261657617861
107.00000000000001 1.1716612706730958
108.0 1.1689148996911132
109.0 1.1708120286735364
110.0 1.1737512475974
111.0 1.1726794613935447
112.0 1.1731233671875125
113.0 1.1740898560944653
114.0 1.177985152457055
115.0 1.1765392644522927
116.0 1.1718482938245465
116.99999999999999 1.1688628423499763
118.0 1.176142801572664
119.0 1.1728398923161198
120.0 1.1693885017474974
121.0 1.1716686058567891
122.0 1.1700950594764026
122.99999999999999 1.168568956010352
124.0 1.1685022283018276
125.0 1.165512490179093
126.0 1.166042408475772
127.0 1.1691613431163967
128.0 1.1659934274191686
129.0 1.1627016462272246
130.0 1.1637885662699214
131.0 1.1649914452083732
132.0 1.1675685119418229
133.0 1.1707572505755062
134.0 1.1760880234746331
135.0 1.1754690163907051
136.0 1.1780861908547986
137.0 1.1812822646721741
138.0 1.1815375814234188
139.0 1.1822490839045612
140.0 1.1807704233528495
141.0 1.1845435280558072
142.0 1.1868564047120493
143.0 1.1872305065129587
144.0 1.1858247262388377
145.0 1.1833857293492382
146.0 1.1856183905441953
147.0 1.185892992089629
148.0 1.1857950299764213
149.0 1.1866500690174069
150.0 1.1873878611509958
151.0 1.1901623902531286
152.0 1.1930823243828041
153.0 1.1930244700002386
154.0 1.1923460703914806
155.0 1.1935559264391862
156.0 1.1905156691175813
157.0 1.1861795432455593
158.0 1.1881360647528143
159.0 1.192050645909592
160.0 1.188314242327308
161.0 1.187751551483678
162.0 1.1842704646526392
163.0 1.1848123325598143
164.0 1.183001216080103
165.0 1.181743917118062
166.0 1.186798550329485
167.0 1.1886185401351579
168.0 1.185557459877098
169.0 1.1856079790759675
170.0 1.1723662902597338
171.0 1.1661453153412178
172.0 1.1640017429335072
173.0 1.1688998737960807
174.0 1.1685720322948878
175.0 1.1693395206908914
176.0 1.1727122339404943
177.0 1.1743035269727997
178.0 1.1607799014274407
179.0 1.166642130765512
180.0 1.169443279845525
181.0 1.1430564427542291
182.0 1.1305734969172676
183.0 1.1379694696331706
184.0 1.1541544425925283
185.0 1.1500736334717483
185.99999999999997 1.143769036481972
187.0 1.1557279889729088
188.0 1.1615635983331023
189.0 1.1509140021453415
190.0 1.1529549980130462
191.0 1.1497485127274412
192.0 1.14286194009985
193.0 1.1453514561883211
194.0 1.138978593347756
195.0 1.1580200426926957
196.00000000000003 1.1471062564277374
197.00000000000003 1.151206350342697
197.99999999999997 1.15216976296512
199.0 1.1426868388098927
200.0 1.1497381012592125
201.0 1.1535651317710158
202.0 1.1494619615715151
203.0 1.147780041609688
204.0 1.1478899533333924
205.0 1.1517258571711484
206.00000000000003 1.1526861935090367
207.0 1.1265336231716956
208.0 1.1343509720150626
209.0 1.130100565557606
209.99999999999997 1.127707216367967
210.99999999999997 1.1302557669068287
212.0 1.1253520331879465
213.0 1.1170670154699307
214.00000000000003 1.1183055516015432
215.0 1.120304571270897
216.0 1.097267309129383
217.0 1.11166336484001
218.0 1.0987811074572988
219.0 1.0956514058208024
220.0 1.103929088355131
220.99999999999997 1.1042897024032747
222.0 1.1041994310014047
223.0 1.0949556150877686
224.0 1.1031638239544719
225.0 1.1143552880493992
226.0 1.103169290670461
226.99999999999997 1.1134671461360308
228.0 1.1112687956302922
229.0 1.1124474172733114
230.0 1.110899638581616
231.0 1.1033193101248069
232.0 1.111164844837332
233.0 1.1111465762216517
233.99999999999997 1.111406343510384
235.0 1.1077945220191858
236.0 1.101829027741234
237.00000000000003 1.1108600250657255
238.0 1.1031769536327893
239.00000000000003 1.0960534967589528
240.0 1.1048440393379082
241.0 1.1028665032558702
242.0 1.090865052602834
242.99999999999997 1.1117823137789902
244.0 1.0978570864166448
244.99999999999997 1.1074849213846634
245.99999999999997 1.1034437257797791
247.0 1.1133396516497216
248.0 1.1203436628230319
249.00000000000003 1.1134497550117477
250.0 1.1286078576045937
251.0 1.1277022993647379
252.0 1.1296129160999273
253.00000000000003 1.1254919992485042
254.0 1.1208322907744421
