1.0 1.1449232718978752
2.0 1.1872343616530037
3.0 1.1874255050165021
4.0 1.1915839752777877
5.0 1.1900520747703125
6.0 1.1611808800979821
7.0 1.1885082246523426
8.0 1.1924702487234569
9.0 1.1917058366119861
10.0 1.1944772894295814
11.0 1.1897095376995201
12.0 1.1844509592249113
13.0 1.19701886285919
14.0 1.1939176748704885
15.0 1.2018285907875956
16.0 1.1993969290816913
17.0 1.1908685442229217
18.0 1.200891798143057
19.0 1.1978353323117987
20.0 1.203844504819683
21.0 1.1997933919613213
22.0 1.200765677909703
23.0 1.199162435266901
24.0 1.1985330167147457
25.0 1.1981365538351145
26.0 1.1980385917219059
27.0 1.1974195846379798
28.0 1.203596523252128
29.0 1.1970960020359427
30.0 1.2031171241543215
31.0 1.2027696423312928
32.0 1.2015420396316674
33.0 1.2050697170878486
34.0 1.2100735007749714
35.0 1.202055749418694
36.0 1.2033307950326553
37.0 1.2037955237630775
38.0 1.2070718130417424
39.0 1.203402137167984
40.0 1.2042691258194638
41.0 1.2045526006908576
42.0 1.2056644946253552
43.0 1.2060297231003028
44.0 1.2042097332946313
45.0 1.2051122152499516
46.0 1.2019354262267639
47.0 1.2024494663392238
48.0 1.2011413178528774
49.00000000000001 1.2047886326479142
50.0 1.2076032694806884
51.0 1.200232683328487
52.0 1.2070733511840082
53.0 1.2073791871341257
54.0 1.2091278348044727
55.0 1.2082446376433382
56.0 1.2066086224535868
57.0 1.2056614183408214
58.0 1.2061558433336583
59.0 1.2113639026093965
60.0 1.2094529555487765
61.0 1.2074605852100369
62.0 1.2101876713978326
63.0 1.2144778924977842
64.0 1.2166407496996825
65.0 1.2077783707706489
66.0 1.2086685727900415
67.0 1.2098729621217537
68.0 1.2097587914988943
69.0 1.2089319105780578
70.0 1.2131523276849516
71.0 1.2167001422245127
72.0 1.2141084051236777
73.0 1.2093623286192625
74.0 1.2010641786761258
75.0 1.2118032564160601
76.0 1.2096947845472588
77.0 1.2040909482449673
78.0 1.202551357026152
79.0 1.2008563048392145
80.0 1.1988664888212506
81.0 1.2109462864678748
82.0 1.2076537886795593
83.0 1.2105112539998673
84.0 1.2109165902054595
85.0 1.215070279603828
86.0 1.211667870091812
87.0 1.209625144443518
88.0 1.2091752777188056
89.0 1.2115668316940682
90.0 1.2127454533370898
91.0 1.208603713549214
92.0 1.1948424358949508
92.99999999999999 1.194443371505295
94.0 1.200811582681771
95.0 1.2035089726071522
96.0 1.2060085420894109
97.0 1.210622703865842
98.00000000000001 1.2123833011466811
98.99999999999999 1.2144867658237466
100.0 1.2158628498354507
101.0 1.218322669661504
102.0 1.2175493842240719
103.00000000000001 1.2176473463372788
104.0 1.2133497900536319
104.99999999999999 1.212022687098531
106.0 1.210625780150371
107.00000000000001 1.2066903760571377
108.0 1.2034541945091193
109.0 1.2042112714368953
110.0 1.207958086487407
111.0 1.2116470471553553
112.0 1.2105960838879566
113.0 1.211648585297624
114.0 1.21549490060361
115.0 1.2142522720089537
116.0 1.2083620054825357
116.99999999999999 1.2121546043733167
118.0 1.2075720350760075
119.0 1.2057134756819596
120.0 1.2066205720640832
121.0 1.2057061404982674
122.0 1.205893191398722
122.99999999999999 1.204457714862183
124.0 1.2102026972928595
125.0 1.2128079221464574
126.0 1.2144408610516766
127.0 1.214657608214547
128.0 1.212592713125855
129.0 1.2073495038596997
130.0 1.2171039402878372
131.0 1.2173816181178054
132.0 1.2171664090972028
133.0 1.216842826495166
134.0 1.219073949547854
135.0 1.2197716339508
136.0 1.218276764889434
137.0 1.21405634778254
138.0 1.2054245340945677
139.0 1.2018552107654803
140.0 1.2066898263443768
141.0 1.218070073667147
142.0 1.2200801906578078
143.0 1.219017277779915
144.0 1.2138141632564121
145.0 1.2153715011271469
146.0 1.2145164620861617
147.0 1.2115371354316546
148.0 1.2143695189163486
149.0 1.214026651520125
150.0 1.213729688895967
151.0 1.21339723296797
152.0 1.2108884320853115
153.0 1.2133571252373272
154.0 1.2166511611679105
155.0 1.2141751328322035
156.0 1.2172628330681459
157.0 1.219387120681666
158.0 1.218313796335544
159.0 1.219859184595783
160.0 1.2189536263559253
161.0 1.2187681135977397
162.0 1.21634840150233
163.0 1.2147941399161306
164.0 1.2142730949454112
165.0 1.2132398783299323
166.0 1.2152854886244346
167.0 1.2093951011662125
168.0 1.2115668316940709
169.0 1.2055368362497314
170.0 1.2008871837162562
171.0 1.192666667164626
172.0 1.1952901606339026
173.0 1.19224734899152
174.0 1.1945351438121488
175.0 1.1872806219527199
176.0 1.197850002679188
177.0 1.1959393859440028
178.0 1.1872567227317272
179.0 1.1881889009494675
180.0 1.1816120650967141
181.0 1.1797496356212391
182.0 1.1765778260407815
183.0 1.1797568824643228
184.0 1.1779031337815031
185.0 1.176104819201473
185.99999999999997 1.1872131831889081
187.0 1.1842812994487397
188.0 1.1821141833476823
189.0 1.1877847473584955
190.0 1.1785378551603254
191.0 1.178741114570437
192.0 1.1788047659944239
193.0 1.1670864598873487
194.0 1.1803057876248606
195.0 1.173074809458775
196.00000000000003 1.180026571652626
197.00000000000003 1.1730362398704024
197.99999999999997 1.1756414647239966
199.0 1.174814583803164
200.0 1.169148278691505
201.0 1.1714939278946963
202.0 1.1785347788757912
203.0 1.1878545513515533
204.0 1.1709728829239792
205.0 1.1644726920332253
206.00000000000003 1.1585000290076908
207.0 1.1541024534520172
208.0 1.1485611838399976
209.0 1.146498106456402
209.99999999999997 1.157292147272195
210.99999999999997 1.1486090201409764
212.0 1.1575947985464734
213.0 1.1584151965728076
214.00000000000003 1.1510568878097434
215.0 1.1565436713897579
216.0 1.1560328437021443
217.0 1.1617756273396882
218.0 1.1715854045666059
219.0 1.1708546172912802
220.0 1.1713340163890877
220.99999999999997 1.1626740445809678
222.0 1.172259875601642
223.0 1.167409023764085
224.0 1.1696544868587275
225.0 1.1673293302665555
226.0 1.1688588403425713
226.99999999999997 1.1752822223820059
228.0 1.1758280188629036
229.0 1.17608333561415
230.0 1.1724858541649101
231.0 1.1784387104324971
232.0 1.1795907120976399
233.0 1.1706465795650478
233.99999999999997 1.1729089370224202
235.0 1.1667111754718158
236.0 1.1592992989743514
237.00000000000003 1.1672337585848043
238.0 1.1796559016638974
239.00000000000003 1.1636605066819834
240.0 1.1644295332202554
241.0 1.1684910575468466
242.0 1.1673004862933307
242.99999999999997 1.1651449642751193
244.0 1.151912834637928
244.99999999999997 1.1585474971242413
245.99999999999997 1.152939732248224
247.0 1.152959347367843
248.0 1.1554365583181745
249.00000000000003 1.1584249221879617
250.0 1.1465905214923142
251.0 1.158475574980347
252.0 1.1427008557350318
253.00000000000003 1.1503349461113623
254.0 1.1514960152875884
