1.0 1.0889847590439097
2.0 1.1377842262196116
3.0 1.1309747927687737
4.0 1.1368146610281213
5.0 1.1410902117606898
6.0 1.1289203091483089
7.0 1.1399976026203806
8.0 1.1467653901983075
9.0 1.145263185953248
10.0 1.1431878793963302
11.0 1.139497380586115
12.0 1.14388248751474
13.0 1.1440205573585904
14.0 1.1420447510571488
15.0 1.1491376593793812
16.0 1.145536249356414
17.0 1.1450271539961898
18.0 1.1344813169630688
19.0 1.1440710765574615
20.0 1.146639269964953
21.0 1.147623505523829
22.0 1.143786063543801
23.0 1.146983675503445
24.0 1.1508685603978068
25.0 1.1475240052683513
26.0 1.1515870677372073
27.0 1.1416810607244683
28.0 1.1490204124719878
29.0 1.1483107784585467
30.0 1.1317573070598075
31.0 1.1484334920819343
32.0 1.1473666506303128
33.0 1.1419780233486239
34.0 1.148016892118925
35.0 1.1433619645077813
36.0 1.1384464173187165
37.0 1.1496201347617263
38.0 1.1475359548788484
39.0 1.145301755541623
40.0 1.141651364462053
41.0 1.1483612976574173
42.0 1.1441320072245627
43.0 1.1428820434462126
44.0 1.1363028449110069
45.0 1.1498264704563683
46.0 1.1443977354440353
47.0 1.154458020810279
48.0 1.1503563887530475
49.00000000000001 1.1432754300413104
50.0 1.147378600240811
51.0 1.1415044212922423
52.0 1.1506340665830166
53.0 1.1511447000855073
54.0 1.1546851794413786
55.0 1.1511447000855082
56.0 1.14929501401742
57.0 1.153141329323406
58.0 1.1538984062511846
59.0 1.1534713948199473
60.0 1.1568985558421445
61.0 1.1508789718660346
62.0 1.1548529455476424
63.0 1.1552744902628882
64.0 1.1572236765864492
65.0 1.1585908872721942
66.0 1.1540349379527668
67.0 1.150349053569354
68.0 1.1557480923192716
69.0 1.1512530736669424
70.0 1.1518632074249109
71.0 1.1532111333164663
72.0 1.1519121884815133
73.0 1.1513020547235486
74.0 1.1502495533138808
75.0 1.140059441522177
76.0 1.1502599647821081
77.0 1.1554808259575313
78.0 1.1535347159185043
79.0 1.1512442003409828
80.0 1.1498194655981093
81.0 1.1501010720018021
82.0 1.1541745459388866
83.0 1.1531012215927645
84.0 1.1530611138621196
85.0 1.155068154568246
86.0 1.153819728932164
87.0 1.1460235056016737
88.0 1.1546955909096046
89.0 1.1587362922997375
90.0 1.1627503737119897
91.0 1.1605771050418643
92.0 1.1506895305341232
92.99999999999999 1.1471382039875762
94.0 1.1554792878152624
95.0 1.1606349594244276
96.0 1.16163847977749
97.0 1.159148963689022
98.00000000000001 1.1589337546684195
98.99999999999999 1.1579124876634368
100.0 1.1603514845530343
101.0 1.1579911649824552
102.0 1.1600367752769567
103.00000000000001 1.1606661938291123
104.0 1.1586205835346102
104.99999999999999 1.1597710470574847
106.0 1.1583251590527215
107.00000000000001 1.1574300122810934
108.0 1.156790182260712
109.0 1.1576942023583008
110.0 1.1560315671906674
111.0 1.1572518347066
112.0 1.1606735290128065
113.0 1.159797667035366
114.0 1.1532169303578912
115.0 1.1598466480919696
116.0 1.160192591772729
116.99999999999999 1.1632104880156109
118.0 1.162109005549341
119.0 1.1631734565695033
120.0 1.1646579141626414
121.0 1.1621282903435295
122.0 1.1612508902238223
122.99999999999999 1.1569502056573342
124.0 1.1582121710444853
125.0 1.1653451870973608
126.0 1.1646876104250576
127.0 1.1631734565695022
128.0 1.1607136367434467
129.0 1.1586878054578864
130.0 1.146396369289948
131.0 1.1436017334002404
132.0 1.1564380860108814
133.0 1.1548170967161573
134.0 1.16103414306095
135.0 1.1623820689525064
136.0 1.1588520010648644
137.0 1.1568079289126283
138.0 1.1572962013363979
139.0 1.15212555977771
140.0 1.1561516987442702
141.0 1.1533831583218883
142.0 1.1529897717267914
143.0 1.1541803429803092
144.0 1.1570809923157979
145.0 1.159364172709625
146.0 1.1599534835311371
147.0 1.1580829745265928
148.0 1.1525474040750914
149.0 1.1556351043110349
150.0 1.151148958984667
151.0 1.1545617799649122
152.0 1.1547889385960104
153.0 1.156816802238592
154.0 1.1539844187538968
155.0 1.1557835856231122
156.0 1.1569830302025903
157.0 1.1565109662884743
158.0 1.159383457503813
159.0 1.160220749892878
160.0 1.1613889600676723
161.0 1.1565302510826634
162.0 1.1550754897519393
163.0 1.15956009693604
164.0 1.1577119490102201
165.0 1.1594621348228311
166.0 1.154297589887706
167.0 1.1608293455085772
168.0 1.1544075016114093
169.0 1.1564619852318712
170.0 1.1532365454775122
171.0 1.1424142106822515
172.0 1.139864341835947
173.0 1.1398445068815017
174.0 1.1399158490168273
175.0 1.139581854946561
176.0 1.1443900447326996
177.0 1.1348106966065308
178.0 1.1415842812258834
179.0 1.1355959316544566
180.0 1.1250188602166533
181.0 1.114268770137047
182.0 1.106600397602309
183.0 1.1099498967575567
184.0 1.116637748853132
185.0 1.114186802353037
185.99999999999997 1.124188903011284
187.0 1.1174538879803053
188.0 1.118625174439636
189.0 1.113537768681259
190.0 1.1211116142435693
191.0 1.1192723396437096
192.0 1.1299026510372776
193.0 1.1085112935899872
194.0 1.1141479024392265
195.0 1.1216801021286245
196.00000000000003 1.1184396616814447
197.00000000000003 1.1160481077061877
197.99999999999997 1.113815446511229
199.0 1.1160346199534228
200.0 1.1106741507918805
201.0 1.1151957894220925
202.0 1.1072983612577467
203.0 1.1042789268725957
204.0 1.0990507305134822
205.0 1.1099964370362063
206.00000000000003 1.1060309786061144
207.0 1.0895075363420237
208.0 1.1048499690784284
209.0 1.09826719749714
209.99999999999997 1.111181541573731
210.99999999999997 1.101183891452964
212.0 1.1051419869503492
213.0 1.112675394456586
214.00000000000003 1.1101577202479664
215.0 1.1015062914403755
216.0 1.1052338216967004
217.0 1.1060919370222195
218.0 1.1157468861828717
219.0 1.1091676876476693
220.0 1.1071903432039574
220.99999999999997 1.111909444202846
222.0 1.1002073466054274
223.0 1.1006971571714597
224.0 1.1027932866648347
225.0 1.103155438855245
226.0 1.1015167029086057
226.99999999999997 1.1002104228899627
228.0 1.108608073088569
229.0 1.1100554992356026
230.0 1.124040777226848
231.0 1.1096605744982388
232.0 1.1072705586652418
233.0 1.0992381369415758
233.99999999999997 1.1019798934967593
235.0 1.1160245640128412
236.0 1.104268870932014
237.00000000000003 1.0934306857015363
238.0 1.102518685119401
239.00000000000003 1.1060576263330022
240.0 1.1036066798329076
241.0 1.0995868013792327
242.0 1.099083503060433
242.99999999999997 1.1028912487780402
244.0 1.0984957303811849
244.99999999999997 1.1032476039270327
245.99999999999997 1.107505052480033
247.0 1.1060368033965435
248.0 1.0995362821803607
249.00000000000003 1.1010342275262623
250.0 1.1015537343547137
251.0 1.103001160501744
252.0 1.1029031983885373
253.00000000000003 1.0986338002250378
254.0 1.0961130497318876
