1.0 0.8335616631918619
2.0 0.8692341791947655
3.0 0.8740917016179544
4.0 0.8742907021289011
5.0 0.88039852260307
6.0 0.8523283614155709
7.0 0.8756577463785304
8.0 0.8737865515209132
9.0 0.8834981724495051
10.0 0.8742374621731407
11.0 0.8684156708911441
12.0 0.8632832126498915
13.0 0.8833665855001563
14.0 0.8805445857346844
15.0 0.8832722216352432
16.0 0.874854931114801
17.0 0.8797877029920266
18.0 0.8856760555464327
19.0 0.8776270697854714
20.0 0.8818772889992921
21.0 0.8836224242151605
22.0 0.8774832029001961
23.0 0.8803654197306862
24.0 0.8791161418054153
25.0 0.8841762417328294
26.0 0.8789033232162693
27.0 0.8830315752513787
28.0 0.8871852646497501
29.0 0.8811788128987624
30.0 0.868976137739429
31.0 0.8814452269713092
32.0 0.8825267387903138
33.0 0.8868528087217539
34.0 0.8900041603816833
35.0 0.891341344479581
36.0 0.8844685899301825
37.0 0.8840485833572052
38.0 0.8859545856655903
39.0 0.879575570255955
40.0 0.8830762974088271
41.0 0.8851084199505668
42.0 0.8822791127504056
43.0 0.8921419357479689
44.0 0.8915406753159624
45.0 0.8771353907517342
46.0 0.8790429312023883
47.0 0.8914292254499926
48.0 0.8924450231921851
49.00000000000001 0.8843440078390948
50.0 0.8899732815046443
51.0 0.8858165158217389
52.0 0.8929229118967361
53.0 0.8929348615072309
54.0 0.8956854913883731
55.0 0.8885258553576136
56.0 0.8744661589465037
57.0 0.8905209464532461
58.0 0.8819242957436848
59.0 0.8770817952683302
60.0 0.8876619429906725
61.0 0.8781247652479639
62.0 0.8882300753480827
63.0 0.8899258385903078
64.0 0.8852063820637731
65.0 0.8784578792800307
66.0 0.892618422450561
67.0 0.8953171866288896
68.0 0.8901750027724846
69.0 0.8984584823482368
70.0 0.8933741528743956
71.0 0.890589212304037
72.0 0.8889042160576802
73.0 0.8866449348848449
74.0 0.880868718049484
75.0 0.8891062928531679
76.0 0.8850077370804732
77.0 0.8803434141796098
78.0 0.893426210215539
79.0 0.8689367410640798
80.0 0.8934142606050427
81.0 0.883640526394726
82.0 0.8848696672366206
83.0 0.8861373776668903
84.0 0.8959141881617392
85.0 0.8959454225664217
86.0 0.8960032769489886
87.0 0.8906704439438381
88.0 0.8955370100763
89.0 0.8943807495119995
90.0 0.8908105738937138
91.0 0.8897862306041947
92.0 0.8863108545732749
92.99999999999999 0.8897817800667108
94.0 0.8846440467477897
95.0 0.8863853592344401
96.0 0.8903704327841485
97.0 0.8981067416260525
98.00000000000001 0.8976450891801642
98.99999999999999 0.8999163199634975
100.0 0.8992676166171548
101.0 0.9006437006288596
102.0 0.8978483485902722
103.00000000000001 0.895332212523921
104.0 0.8956766180624155
104.99999999999999 0.8937883624059523
106.0 0.8912112956725023
107.00000000000001 0.8910049599778603
108.0 0.88815175355671
109.0 0.885810718780318
110.0 0.8842090142797844
111.0 0.88357959572763
112.0 0.8807472122429327
113.0 0.8782399495025418
114.0 0.8790668304233772
115.0 0.8836478615784165
116.0 0.8908257597308624
116.99999999999999 0.8949511058647533
118.0 0.8975529241083828
119.0 0.9025319562853222
120.0 0.9056003717270751
121.0 0.9088766610057374
122.0 0.9143929466630489
122.99999999999999 0.9136729011813803
124.0 0.9173707351752874
125.0 0.9207064169787809
126.0 0.919360029229492
127.0 0.91635987963853
128.0 0.9154751443351298
129.0 0.9061777329380871
130.0 0.9088053188704063
131.0 0.9084150085598435
132.0 0.9127719573683225
133.0 0.9103032642163073
134.0 0.9114344429449932
135.0 0.9108050243928403
136.0 0.9074218996750093
137.0 0.9087401293041505
138.0 0.9110217715557117
139.0 0.9030720424135943
140.0 0.9033711171420858
141.0 0.8988310460068772
142.0 0.8983605202350293
143.0 0.9003571494729264
144.0 0.8996980346583549
145.0 0.8985668559296675
146.0 0.9013398468895315
147.0 0.9028925703334624
148.0 0.9008870677696039
149.0 0.8998048700975224
150.0 0.8964024605855024
151.0 0.8968448282372031
152.0 0.8981052034837785
153.0 0.8950576109784796
154.0 0.8953619087863289
155.0 0.8943375654968115
156.0 0.8962169478273144
157.0 0.8941994956529622
158.0 0.8920366384510631
159.0 0.8924597213085761
160.0 0.893540380838391
161.0 0.893482526455827
162.0 0.8939248941075274
163.0 0.8967364546557681
164.0 0.8943865465534168
165.0 0.8940421410149247
166.0 0.8959793777279913
167.0 0.8958902889407444
168.0 0.8961737638121392
169.0 0.8959481433233076
170.0 0.8879660491601915
171.0 0.8884121299454846
172.0 0.8889928110776665
173.0 0.8917200355050784
174.0 0.8938014946310636
175.0 0.8869920611802242
176.0 0.8883399870717809
177.0 0.8833787015467622
178.0 0.8836548412344645
179.0 0.8775623769807603
180.0 0.8854046715194359
181.0 0.8751082185033141
182.0 0.8677670885014419
183.0 0.8773063309962672
184.0 0.8734812123323457
185.0 0.8689341363388773
185.99999999999997 0.8720812290996512
187.0 0.872669001778895
188.0 0.8703221699610768
189.0 0.8752298600026904
190.0 0.8793715997905648
191.0 0.8749004803592257
192.0 0.8802015569959363
193.0 0.8841504488419323
194.0 0.8919232949151875
195.0 0.8831218466532545
196.00000000000003 0.8824403707599635
197.00000000000003 0.8838164547716664
197.99999999999997 0.8943757795575519
199.0 0.8893003234096699
200.0 0.8872093025578521
201.0 0.8858470366243403
202.0 0.8856437772142353
203.0 0.8869106353553169
204.0 0.882464764195703
205.0 0.8826304979449501
206.00000000000003 0.8825101747530195
207.0 0.873867350092657
208.0 0.8660913466145579
209.0 0.8681801317815556
209.99999999999997 0.8659213184417465
210.99999999999997 0.8775014463136664
212.0 0.8704945504941435
213.0 0.8720356798552237
214.00000000000003 0.877488314088547
215.0 0.879847095516859
216.0 0.8757886474748036
217.0 0.8789581013142997
218.0 0.8789669746402631
219.0 0.8812960598061601
220.0 0.8833817778313034
220.99999999999997 0.8714718063969703
222.0 0.8730229916986322
223.0 0.8700702850220075
224.0 0.8759116914236257
225.0 0.8793958545391994
226.0 0.8691990374713714
226.99999999999997 0.8828352954973255
228.0 0.8693340310306853
229.0 0.8805922228341412
230.0 0.8689213596414035
231.0 0.876170084459407
232.0 0.8706433873338698
233.0 0.8760142679636379
233.99999999999997 0.8661394953555763
235.0 0.8731016690176492
236.0 0.8785466125396376
237.00000000000003 0.8672618007583027
238.0 0.8771246237558662
239.00000000000003 0.8740442587036196
240.0 0.8740650816400742
241.0 0.8716303436496299
242.0 0.8718783252171877
242.99999999999997 0.8792192151069717
244.0 0.8721100982750889
244.99999999999997 0.8708408497025492
245.99999999999997 0.8753551531490652
247.0 0.8736211758461068
248.0 0.8748830892349542
249.00000000000003 0.8766776416773627
250.0 0.8690416828333328
251.0 0.8718324204451189
252.0 0.8734518715975721
253.00000000000003 0.8653184114761707
254.0 0.8635458645848352
