1.0 0.45628415208155665
2.0 0.5073643853760748
3.0 0.5056588436254071
4.0 0.5148775777034278
5.0 0.5112353463477316
6.0 0.5042695996395761
7.0 0.5129560552852608
8.0 0.5150694094667968
9.0 0.5133920761827742
10.0 0.5107925404267893
11.0 0.5200183873068809
12.0 0.5090765513130788
13.0 0.5082949170602415
14.0 0.5201567874761637
15.0 0.512002698603425
16.0 0.5166537253898513
17.0 0.5061077869069113
18.0 0.5157218472017434
19.0 0.5010282817009981
20.0 0.5156278162090605
21.0 0.5183736929762885
22.0 0.5163262142140888
23.0 0.5060709955977273
24.0 0.517455827051499
25.0 0.5217836293103277
26.0 0.5186824110258195
27.0 0.5235585666331171
28.0 0.5243514671901687
29.0 0.5212750256180582
30.0 0.5074723505365757
31.0 0.516210149921316
32.0 0.519836119816135
33.0 0.515676466940232
34.0 0.5249301723583344
35.0 0.5230076034658565
36.0 0.5172698226253561
37.0 0.5196401955897233
38.0 0.5194915755905398
39.0 0.5187561738884072
40.0 0.5152359955052379
41.0 0.5150748761827915
42.0 0.5201081922430051
43.0 0.52260452155141
44.0 0.5094275255398945
45.0 0.5200489661542871
46.0 0.5172848485203903
47.0 0.5146729465871691
48.0 0.5223306058590562
49.00000000000001 0.5215608934677078
50.0 0.5205437466747744
51.0 0.5177777353709546
52.0 0.5176458180961797
53.0 0.5183924835557254
54.0 0.5204870749068297
55.0 0.5185056077042762
56.0 0.514434718383771
57.0 0.5276555842635494
58.0 0.524658510957123
59.0 0.5250496497550652
60.0 0.5213984301881119
61.0 0.5186609325320917
62.0 0.5218616207762675
63.0 0.5186061544340599
64.0 0.5241390041286683
65.0 0.5192949655110447
66.0 0.5188896293054538
67.0 0.5190736039213757
68.0 0.5219268103425238
69.0 0.5232882239868436
70.0 0.5232049322410213
71.0 0.5239133836398349
72.0 0.5245736810690339
73.0 0.5240587886673819
74.0 0.5197431302041702
75.0 0.5237649023277586
76.0 0.5246388706352894
77.0 0.5318169643732533
78.0 0.5214385379187538
79.0 0.5111071988509487
80.0 0.5306195521507914
81.0 0.5291199299755163
82.0 0.5190010791714169
83.0 0.5244279205138452
84.0 0.5297605870828754
85.0 0.5222758303078125
86.0 0.5235239004162564
87.0 0.5224432903379552
88.0 0.5194611934750424
89.0 0.5219341455262134
90.0 0.5193956483811414
91.0 0.5194700668010024
92.0 0.5217986859486466
92.99999999999999 0.5316638686343722
94.0 0.5281723703351086
95.0 0.5292190747033471
96.0 0.5290944371142478
97.0 0.5303294304955786
98.00000000000001 0.5320738192667663
98.99999999999999 0.5314548121828395
100.0 0.5315527742960469
101.0 0.5330002004430778
102.0 0.5297744303632866
103.00000000000001 0.5308269317729531
104.0 0.5300713929874415
104.99999999999999 0.529609740541555
106.0 0.5291079803650222
107.00000000000001 0.5313614644964344
108.0 0.527142585531808
109.0 0.5297894562583154
110.0 0.529593532031901
111.0 0.5284727647714423
112.0 0.5256997738115782
113.0 0.526250515044714
114.0 0.5312858634619494
115.0 0.5319939593331235
116.0 0.5268444125440211
116.99999999999999 0.5253850645354995
118.0 0.523182099602959
119.0 0.5228673903268819
120.0 0.5264865470017701
121.0 0.5281387707011754
122.0 0.5257383433999524
122.99999999999999 0.5233764856871066
124.0 0.5225422695825758
125.0 0.5262505150447113
126.0 0.5242049047502092
127.0 0.5216872305415917
128.0 0.5211750588968322
129.0 0.5144755371696963
130.0 0.5170406542926507
131.0 0.5203288931818058
132.0 0.5218920280939641
133.0 0.5233290427727669
134.0 0.5247348230468865
135.0 0.5247645193093026
136.0 0.5245967532030371
137.0 0.5229117569566806
138.0 0.5148992806780719
139.0 0.5150365199352357
140.0 0.5182161996511349
141.0 0.5151936889814505
142.0 0.5140031177279325
143.0 0.5105621386275376
144.0 0.512254470057585
145.0 0.5118907797249048
146.0 0.5099951888847477
147.0 0.5078041735627019
148.0 0.5098096761265607
149.0 0.5079302937960584
150.0 0.5096908910768986
151.0 0.5083252185334214
152.0 0.5091713842484465
153.0 0.5059174560485069
154.0 0.5080610284562158
155.0 0.5104510442892105
156.0 0.5078057117049699
157.0 0.505071290333483
158.0 0.5085435038385597
159.0 0.5059294056590009
160.0 0.5067933180259461
161.0 0.5078651042298022
162.0 0.5083298329602244
163.0 0.5095188660714755
164.0 0.5085049342501833
165.0 0.507278869692827
166.0 0.5059486904531901
167.0 0.5058715512764387
168.0 0.5052702908444332
169.0 0.5079557311593189
170.0 0.5014432603326364
171.0 0.5010232260106532
172.0 0.5029956257021297
173.0 0.5035957060663078
174.0 0.502690147826451
175.0 0.5051009865959017
176.0 0.5022581916429798
177.0 0.5074389450877619
178.0 0.5116088429957846
179.0 0.5129552307450722
180.0 0.5236522698471635
181.0 0.5278873573214464
182.0 0.5359365149132085
183.0 0.5333217001753983
184.0 0.5540606401046413
185.0 0.5489836458144953
185.99999999999997 0.5394162472988211
187.0 0.5389619300366276
188.0 0.5396075570984357
189.0 0.5378454216753259
190.0 0.5352267090689663
191.0 0.5349995504378685
192.0 0.5327773007111407
193.0 0.5263894119755459
194.0 0.5264013615860405
195.0 0.5245308525814991
196.00000000000003 0.5279822431501205
197.00000000000003 0.5270975078467203
197.99999999999997 0.5317602926053151
199.0 0.5259632528334971
200.0 0.5277847807814399
201.0 0.5243943208799151
202.0 0.5250653853049838
203.0 0.5222121788838295
204.0 0.5220459509198312
205.0 0.5258224622327587
206.00000000000003 0.5244672011575102
207.0 0.5240404398568996
208.0 0.5135630048148798
209.0 0.520073333078463
209.99999999999997 0.5214578201661506
210.99999999999997 0.5275325403147266
212.0 0.5235720543858812
213.0 0.5221041608300384
214.00000000000003 0.5338448280158392
215.0 0.5300756518866028
216.0 0.5274422689128586
217.0 0.5191425808274533
218.0 0.5261938432767755
219.0 0.5251324685411475
220.0 0.5206270384205931
220.99999999999997 0.5253179812993369
222.0 0.5220150720427942
223.0 0.526685191985081
224.0 0.5209016399660249
225.0 0.5228300033531351
226.0 0.5246812275634896
226.99999999999997 0.5218280211423383
228.0 0.5274438070551246
229.0 0.5279575168421522
230.0 0.5299140383494068
231.0 0.5240502708690689
232.0 0.5255065703420583
233.0 0.5284072196775458
233.99999999999997 0.5213960649588679
235.0 0.5230972697148765
236.0 0.5228462118627868
237.00000000000003 0.5323395474862446
238.0 0.5249542909666545
239.00000000000003 0.5202321136832291
240.0 0.5252674621004674
241.0 0.5224855978146417
242.0 0.5135044338359485
242.99999999999997 0.5210381716676131
244.0 0.5273338953314245
244.99999999999997 0.5167005076533241
245.99999999999997 0.511623513363178
247.0 0.5187060102171828
248.0 0.5214180705099466
249.00000000000003 0.5154073598597966
250.0 0.5163796458081753
251.0 0.5197242009376313
252.0 0.5167923171974612
253.00000000000003 0.5117480954542641
254.0 0.5175493941252385
