1.0 1.5300238492395306
2.0 1.5673185475929774
3.0 1.5697374073991976
4.0 1.5715273706170207
5.0 1.568148174472915
6.0 1.5618454459508428
7.0 1.5673905755813795
8.0 1.568368328245753
9.0 1.571905400991654
10.0 1.5742228920746997
11.0 1.5773611115095123
12.0 1.5597732156784598
13.0 1.5767246880990962
14.0 1.5766306545596154
15.0 1.5825418649542904
16.0 1.5738047539694218
17.0 1.5713963056314297
18.0 1.573486968408809
19.0 1.5702997679173945
20.0 1.5788112584134326
21.0 1.5713715541212478
22.0 1.5775539594513917
23.0 1.5771011803314645
24.0 1.5862709333528826
25.0 1.5796412156188069
26.0 1.582975359280031
27.0 1.5769453638356925
28.0 1.5813497555585063
29.0 1.5798772475758618
30.0 1.5753736859230076
31.0 1.5737071221816483
32.0 1.5800909184541976
33.0 1.5810647425448436
34.0 1.5806536092978267
35.0 1.5852162638933769
36.0 1.5811225969274094
37.0 1.5849245456035927
38.0 1.5823370674019162
39.0 1.5875490552513807
40.0 1.5861047053888828
41.0 1.5827748206268142
42.0 1.584853203468267
43.0 1.5892116904190128
44.0 1.5878251949390794
45.0 1.5871853649186984
46.0 1.585393533233174
47.0 1.580340438164016
48.0 1.589569232129822
49.00000000000001 1.5899822550995522
50.0 1.5947102294244047
51.0 1.5918273267408374
52.0 1.5904384408294476
53.0 1.5930001513424341
54.0 1.5945987795584329
55.0 1.5830524984567813
56.0 1.584410835816569
57.0 1.5758377288003538
58.0 1.5870665798690355
59.0 1.5855092419983028
60.0 1.5811340245741468
61.0 1.5804040895880087
62.0 1.5734958417347702
63.0 1.5762966604893494
64.0 1.577555497593662
65.0 1.5753228363987037
66.0 1.5777753210410648
67.0 1.5860838824524275
68.0 1.5844574264417108
69.0 1.583803778343134
70.0 1.575880912815529
71.0 1.578499625421891
72.0 1.5821484783591953
73.0 1.5774293773603048
74.0 1.5808896412548872
75.0 1.5885660139056916
76.0 1.5867059658208889
77.0 1.5862982391838405
78.0 1.5856623377371812
79.0 1.5842149115901532
80.0 1.5700318157025779
81.0 1.5718417495676653
82.0 1.575932970156669
83.0 1.5802393997662756
84.0 1.5783615555780413
85.0 1.5772928456587219
86.0 1.5878579674860305
87.0 1.5823815979210372
88.0 1.5832811952301482
89.0 1.5845681904546054
90.0 1.5869701558980953
91.0 1.5853445521765712
92.0 1.5783376563570517
92.99999999999999 1.5705584912786101
94.0 1.5862308256222373
95.0 1.5833849543847789
96.0 1.5791995923124797
97.0 1.5754984319034127
98.00000000000001 1.58193599009548
98.99999999999999 1.5831948271997893
100.0 1.5866165215059946
101.0 1.592412023135543
102.0 1.5945852918056695
103.00000000000001 1.5939010951554864
104.0 1.589691089516819
104.99999999999999 1.590862375976149
106.0 1.5861907178915953
107.00000000000001 1.584961577049703
108.0 1.5859057048779348
109.0 1.5864059269121988
110.0 1.5823147063231948
111.0 1.5788841386910284
112.0 1.5736859689197604
113.0 1.5721020110711463
114.0 1.5741191077178596
115.0 1.5678314050908142
116.0 1.5764558103417745
116.99999999999999 1.579310272630868
118.0 1.5837336188224367
119.0 1.5844656139146005
120.0 1.5797168166532924
121.0 1.5794719113702769
122.0 1.56964765796109
122.99999999999999 1.5756969381996164
124.0 1.5769156675732825
125.0 1.5807338247591205
126.0 1.578609537145598
127.0 1.5798772475758678
128.0 1.5801680576309547
129.0 1.5759491786663278
130.0 1.5731584410545436
131.0 1.5711305774119602
132.0 1.571436413362076
133.0 1.5729922130905436
134.0 1.5756954000573504
135.0 1.5809609833902172
136.0 1.5850788239571008
137.0 1.580721875148625
138.0 1.584562393413186
139.0 1.5722521237082907
140.0 1.5764905246097458
141.0 1.5787344495621194
142.0 1.5804687571905094
143.0 1.575241413120585
144.0 1.5691040602733202
145.0 1.5664824630207517
146.0 1.5712046403041782
147.0 1.5767729833026274
148.0 1.5801858042828727
149.0 1.5836595559302171
150.0 1.5821245791382057
151.0 1.5807974761831054
152.0 1.5759966215806611
153.0 1.5763144071412734
154.0 1.5755662035394553
155.0 1.5742865434986901
156.0 1.5736868212089523
157.0 1.5779161116418063
158.0 1.5739733723648817
159.0 1.575408848901417
160.0 1.5751704265128994
161.0 1.572440949893647
162.0 1.575833800226626
163.0 1.5706226646663557
164.0 1.571987484920642
165.0 1.5709165510059795
166.0 1.5690748859746628
167.0 1.573005345315663
168.0 1.573655586804274
169.0 1.5800982536378936
170.0 1.5726921741818514
171.0 1.5681724040193459
172.0 1.5729058450601907
173.0 1.5734284281731763
174.0 1.573520593244958
175.0 1.5788513661440837
176.0 1.5764301159064036
177.0 1.5757921543537203
178.0 1.5616746035600466
179.0 1.5574881416147246
180.0 1.5603077231997335
181.0 1.5540980120386352
182.0 1.5368256500238457
183.0 1.533091470436907
184.0 1.539785553197057
185.0 1.5346643587132212
185.99999999999997 1.537262934236202
187.0 1.546502327361363
188.0 1.5454308714829401
189.0 1.545335299801189
190.0 1.5452114035631779
191.0 1.545272664555709
192.0 1.5435707739466213
193.0 1.54528357023869
194.0 1.541727046262489
195.0 1.5540196624982545
196.00000000000003 1.5463883206278182
197.00000000000003 1.5506793940169632
197.99999999999997 1.5534346383249058
199.0 1.5527721169003688
200.0 1.5458343392208278
201.0 1.555569503842765
202.0 1.5517532403268428
203.0 1.555439124710253
204.0 1.5507227444682508
205.0 1.5350901875298364
206.00000000000003 1.5503636685623743
207.0 1.539799020802399
208.0 1.5353475773750929
209.0 1.5368821983549354
209.99999999999997 1.5326520473241165
210.99999999999997 1.5401860504949194
212.0 1.5332439055249167
213.0 1.5325258924002678
214.00000000000003 1.5367476837601122
215.0 1.5325586952430201
216.0 1.531771922052826
217.0 1.530122419110312
218.0 1.5307846102094167
219.0 1.5338707723030878
220.0 1.5247264566449306
220.99999999999997 1.529521514205947
222.0 1.5366676624839442
223.0 1.5356684010300399
224.0 1.5311290157479098
225.0 1.5302835358859646
226.0 1.531044871712897
226.99999999999997 1.5355221437133064
228.0 1.545248435009284
229.0 1.5382396707220631
230.0 1.5332444300354697
231.0 1.5336825387880135
232.0 1.5337195702341233
233.0 1.5313730687417393
233.99999999999997 1.5324561187030132
235.0 1.5222087824363129
236.0 1.5240420683564235
237.00000000000003 1.5335971869361684
238.0 1.5328699701601232
239.00000000000003 1.526787065085456
240.0 1.528294405721074
241.0 1.5356433191944248
242.0 1.525176159480319
242.99999999999997 1.5243260651915707
244.0 1.5216387564089875
244.99999999999997 1.5374523755681144
245.99999999999997 1.5205121921071083
247.0 1.5296244210713912
248.0 1.5336635843192568
249.00000000000003 1.5270596342738736
250.0 1.5268732692264921
251.0 1.5275525211244392
252.0 1.5251317651015153
253.00000000000003 1.526286870800202
254.0 1.5329116185798248
