1.0 1.0606345880526022
2.0 1.0891554188024875
3.0 1.0923922862035849
4.0 1.0973389013612167
5.0 1.0943831184000563
6.0 1.0894216689857212
7.0 1.0991879015762283
8.0 1.0926832878969956
9.0 1.1013377929891202
10.0 1.1016289585718524
11.0 1.0911617988577493
12.0 1.0834363956988273
13.0 1.0932543301028295
14.0 1.0916990523381183
15.0 1.1010693440127555
16.0 1.1010381096080728
17.0 1.0974100796072244
18.0 1.1013350722322304
19.0 1.0931553518111115
20.0 1.1051798493959502
21.0 1.1001726590988608
22.0 1.0997599877095765
23.0 1.1037339613911854
24.0 1.1072520796683307
25.0 1.1057186410185895
26.0 1.105601394111193
27.0 1.1107466542521338
28.0 1.1087411516882724
29.0 1.1052569885727002
30.0 1.1037621195113334
31.0 1.1024766624291427
32.0 1.1063407243870509
33.0 1.1023682888477087
34.0 1.1058227557008675
35.0 1.1070889279888672
36.0 1.0913607993686985
37.0 1.1056727362465186
38.0 1.1115068074644439
39.0 1.1047286084182877
40.0 1.1113760728042847
41.0 1.1129407458587095
42.0 1.113129334901435
43.0 1.1118971177750048
44.0 1.112332150243014
45.0 1.114783096743109
46.0 1.10957690593507
47.0 1.10890004446858
48.0 1.1070399469322634
49.00000000000001 1.1035958915473347
50.0 1.1089401521992235
51.0 1.1047880009431192
52.0 1.1054367042894628
53.0 1.105977034054369
54.0 1.1073739410025278
55.0 1.1102657170120562
56.0 1.1004136358081529
57.0 1.0972842896993027
58.0 1.1011507420886688
59.0 1.1110430949125316
60.0 1.1065945029960311
61.0 1.1074923679777526
62.0 1.1079663281085763
63.0 1.1128072904416664
64.0 1.1083967461497817
65.0 1.1120991945704917
66.0 1.1099066411061782
67.0 1.1123722579736584
68.0 1.1109873006359923
69.0 1.1090172913759753
70.0 1.1115276304008999
71.0 1.1063036929409436
72.0 1.111468237876069
73.0 1.1129037144126035
74.0 1.1078787774635965
75.0 1.1028190078616098
76.0 1.1017982628203862
77.0 1.1016945036657535
78.0 1.104976589985842
79.0 1.10597703405437
80.0 1.10713994140249
81.0 1.1153099387552514
82.0 1.122301808679742
83.0 1.1205115151364855
84.0 1.1203155909100708
85.0 1.1173555490497515
86.0 1.1118377252501745
87.0 1.1129584925106317
88.0 1.113265866603016
89.0 1.1137275190489042
90.0 1.11132862988995
91.0 1.1196121094657001
92.0 1.1123285514173835
92.99999999999999 1.106593521508013
94.0 1.1128755562924544
95.0 1.1177149804832738
96.0 1.1186294120490898
97.0 1.1158726295988795
98.00000000000001 1.1197324326576286
98.99999999999999 1.1210506622867693
100.0 1.1209719849677502
101.0 1.1227815633051954
102.0 1.1243254134231662
103.00000000000001 1.125849978746949
104.0 1.1234005703891228
104.99999999999999 1.1245317491178086
106.0 1.122515835085722
107.00000000000001 1.122860240624215
108.0 1.1190540330488716
109.0 1.1185819691347554
110.0 1.116064294926137
111.0 1.1146777994462067
112.0 1.1178248922069778
113.0 1.1181885825396591
114.0 1.1195260969629868
115.0 1.1169579035554975
116.0 1.108076212083269
116.99999999999999 1.108277961100114
118.0 1.11350343670234
119.0 1.116108661555938
120.0 1.1238680198764346
121.0 1.1259032187027098
122.0 1.1192349313802543
122.99999999999999 1.1142931530310476
124.0 1.1247658874049578
125.0 1.1196399120582052
126.0 1.11892294286107
127.0 1.1230261130605685
128.0 1.1199889320235004
129.0 1.1190640889894576
130.0 1.1163190619646202
131.0 1.1186128480117936
132.0 1.1189202221041779
133.0 1.1153010654292903
134.0 1.1097535453672942
135.0 1.1070696431946763
136.0 1.1152447491889907
137.0 1.1189545327933954
138.0 1.1178515121848591
139.0 1.1097457441653509
140.0 1.1076294216430933
141.0 1.11615918075481
142.0 1.116188877017225
143.0 1.1132955628654317
144.0 1.1146388743301872
145.0 1.1125338715108535
146.0 1.1165953958374422
147.0 1.1138729240764493
148.0 1.1162139588528408
149.0 1.11638018681684
150.0 1.116303047640089
151.0 1.1206407116543775
152.0 1.1169725739228846
153.0 1.1193047353733172
154.0 1.121025224923514
155.0 1.1215462698942338
156.0 1.1178885436309682
157.0 1.113678537992302
158.0 1.117189321085756
159.0 1.1174847455676447
160.0 1.1124983782070135
161.0 1.1137186457229453
162.0 1.116215496995107
163.0 1.115545970712309
164.0 1.1112588258968925
165.0 1.1095664944668435
166.0 1.114189171494793
167.0 1.115986800221744
168.0 1.1129480810424057
169.0 1.1112943192007332
170.0 1.110161602329779
171.0 1.111222977065406
172.0 1.1073874594985884
173.0 1.1037100621701958
174.0 1.1141074178912371
175.0 1.1101365204941651
176.0 1.1156454709677843
177.0 1.1139026203388627
178.0 1.1119341492211132
179.0 1.1085583596869761
180.0 1.1098052471807904
181.0 1.0891761402891227
182.0 1.0748791605275236
183.0 1.0757235157537912
184.0 1.0839258507372251
185.0 1.0907827271023953
185.99999999999997 1.0838814841074214
187.0 1.0881373945181574
188.0 1.0828050834767635
189.0 1.0866440635990573
190.0 1.082794672008534
191.0 1.081224201912683
192.0 1.0763431318489511
193.0 1.084938244416247
194.0 1.0832030844986575
195.0 1.0827977482930715
196.00000000000003 1.0809600118354752
197.00000000000003 1.0958790061867307
197.99999999999997 1.0861928226213973
199.0 1.0798334475335933
200.0 1.0814440253600892
201.0 1.0827236854008557
202.0 1.0816102533240883
203.0 1.0882607939946192
204.0 1.0870478616623804
205.0 1.084942858843047
206.00000000000003 1.0805307764088947
207.0 1.0851002314770422
208.0 1.0852474458901167
209.0 1.0858741847715923
209.99999999999997 1.0854542341441207
210.99999999999997 1.0862851797789963
212.0 1.0756750054688065
213.0 1.0786380676681553
214.00000000000003 1.0770966079816378
215.0 1.0730934322523709
216.0 1.0698937879357093
217.0 1.0769721923266697
218.0 1.0802976290980464
219.0 1.077107377524311
220.0 1.0686385516264862
220.99999999999997 1.0771179554286516
222.0 1.0722904808483242
223.0 1.0806422262748687
224.0 1.0753469466795849
225.0 1.0686416279110258
226.0 1.067243182820593
226.99999999999997 1.0829073044891298
228.0 1.080272383373117
229.0 1.0742990596967206
230.0 1.0685467420823518
231.0 1.0824726275487668
232.0 1.0797382061772747
233.0 1.085406049431204
233.99999999999997 1.0744772372712088
235.0 1.0798110864548718
236.0 1.0770751269411172
237.00000000000003 1.0820792409536675
238.0 1.0745751993844193
239.00000000000003 1.0744891868817068
240.0 1.0818374119551857
241.0 1.0782865211310932
242.0 1.0860161831891684
242.99999999999997 1.0868326526417789
244.0 1.0751112702501657
244.99999999999997 1.0830279832087026
245.99999999999997 1.085762404580191
247.0 1.086409569784266
248.0 1.0826658310182897
249.00000000000003 1.0725889816147478
250.0 1.0799283333622678
251.0 1.0823866150460542
252.0 1.0788149012855035
253.00000000000003 1.0852486947931645
254.0 1.0834421927402547
