1.0 1.3906571319720988
2.0 1.4349039480470311
3.0 1.449418814009528
4.0 1.4519989570275118
5.0 1.44571210668966
6.0 1.4421992634901812
7.0 1.450572353816937
8.0 1.4520479380841147
9.0 1.45148832352502
10.0 1.4495318020177639
11.0 1.455757721688519
12.0 1.44927648526652
13.0 1.4553924932135704
14.0 1.4480234452036356
15.0 1.4551684108670078
16.0 1.4532103512174837
17.0 1.454193048634093
18.0 1.4578434397136648
19.0 1.458600516641441
20.0 1.4606476650782116
21.0 1.4606164306735285
22.0 1.4588261371302733
23.0 1.463370136839205
24.0 1.4600938475605418
25.0 1.4606580765464403
26.0 1.4573995339196963
27.0 1.4570254321187874
28.0 1.459280454392467
29.0 1.4580987564649106
30.0 1.4571561667789465
31.0 1.460836748335684
32.0 1.4611968681690786
33.0 1.462791237485921
34.0 1.4606862346665885
35.0 1.461257798836178
36.0 1.4597929563626606
37.0 1.4590502194768347
38.0 1.4610186905945866
39.0 1.4588469600667293
40.0 1.4616319006370877
41.0 1.458610928109669
42.0 1.4600745627663545
43.0 1.4533958639756732
44.0 1.4569571662679959
45.0 1.457507907501132
46.0 1.4591319730803876
47.0 1.4496193526627443
48.0 1.4512268542047042
49.00000000000001 1.4664890714798287
50.0 1.4616673939409288
51.0 1.4659294569207322
52.0 1.469293296844374
53.0 1.467413914513871
54.0 1.4630465542371647
55.0 1.4661921088556704
56.0 1.4632721747259956
57.0 1.457497496032905
58.0 1.4703249753175862
59.0 1.4674035030456456
60.0 1.4697059682336604
61.0 1.471809432910726
62.0 1.468908783575238
63.0 1.4714754388404598
64.0 1.4693793093470857
65.0 1.4650505186587575
66.0 1.4684208414768996
67.0 1.4682778268808143
68.0 1.4623280468977633
69.0 1.4688999102492775
70.0 1.4661446659413349
71.0 1.4660185457079786
72.0 1.4638734351580014
73.0 1.4681918143781036
74.0 1.4661342544731062
75.0 1.4631622630022942
76.0 1.4654276967442006
77.0 1.477210009802909
78.0 1.463186162223283
79.0 1.4649363480358968
80.0 1.4613735076013055
81.0 1.4654944244527253
82.0 1.4644909040996625
83.0 1.4619564994176346
84.0 1.456493975679843
85.0 1.4616080014160973
86.0 1.4669017428691138
87.0 1.4635582039181696
88.0 1.4654647281903102
89.0 1.4668720466066985
90.0 1.4687795870573483
91.0 1.4652302343755201
92.0 1.45393595049928
92.99999999999999 1.4622937644050475
94.0 1.475056025926973
95.0 1.4770646047753666
96.0 1.4771413858776812
97.0 1.474937240877311
98.00000000000001 1.4791591961264734
98.99999999999999 1.4850360958319309
100.0 1.4832770366933563
101.0 1.479551044579302
102.0 1.478618866361565
103.00000000000001 1.4786292778297934
104.0 1.4775277953635224
104.99999999999999 1.4779998592776387
106.0 1.4783932458727354
107.00000000000001 1.4755608623880396
108.0 1.4765836675352904
109.0 1.4777638273205804
110.0 1.4788845945810392
111.0 1.479807899472815
112.0 1.480072089550021
113.0 1.4785579356944663
114.0 1.4776539155968789
115.0 1.4722637501729223
116.0 1.463652651477595
116.99999999999999 1.4616720083677286
118.0 1.4653594308934104
119.0 1.4664609133596833
120.0 1.4647805315401303
121.0 1.4652198229072946
122.0 1.468122010385049
122.99999999999999 1.461186456700852
124.0 1.4599573158589583
125.0 1.4637338271718854
126.0 1.461373507601307
127.0 1.4607618357010745
128.0 1.4602882336446898
129.0 1.4561673167932683
130.0 1.459277378107931
131.0 1.4619435336286297
132.0 1.4610468487147341
133.0 1.4645591699504548
134.0 1.465161968524728
135.0 1.469006745688446
136.0 1.47073031152318
137.0 1.4728619343203928
138.0 1.4761262739885606
139.0 1.465339673586981
140.0 1.4663511655253
141.0 1.4678057629667036
142.0 1.4721256803290714
143.0 1.4692636005819621
144.0 1.469095834475695
145.0 1.4731099158879484
146.0 1.4778409664973342
147.0 1.478351599999826
148.0 1.4748392787641036
149.0 1.4702567094667964
150.0 1.4696168794464133
151.0 1.471818306236688
152.0 1.4680313834555334
153.0 1.4677166741794567
154.0 1.4683669156680677
155.0 1.4692620624396941
156.0 1.47171147079752
157.0 1.469538202127396
158.0 1.4704615070191713
159.0 1.4700384241616589
160.0 1.4671867558827763
161.0 1.4665870335930384
162.0 1.461186456700855
163.0 1.462158742649235
164.0 1.4703041523811327
165.0 1.4736487075105873
166.0 1.4776330926604238
167.0 1.4767186610946061
168.0 1.4763133248890141
169.0 1.4706678427138118
170.0 1.466198922075609
171.0 1.4582722918635995
172.0 1.460662665771034
173.0 1.4622891217817493
174.0 1.453894547867673
175.0 1.4559000504315305
176.0 1.466128101904039
177.0 1.4580212617605164
178.0 1.4496976744541223
179.0 1.4355488892557682
180.0 1.427574130276342
181.0 1.4214821879863961
182.0 1.410177377808795
183.0 1.4119055328681174
184.0 1.4216210823704336
185.0 1.423119549680092
185.99999999999997 1.420518775363978
187.0 1.416009746995126
188.0 1.413384385058155
189.0 1.416365085965608
190.0 1.4139214746492086
191.0 1.414553969485898
192.0 1.4101761977409655
193.0 1.421912933806243
194.0 1.4242410027936263
195.0 1.4259642383029247
196.00000000000003 1.422379558753372
197.00000000000003 1.430404645293336
197.99999999999997 1.4220880628452028
199.0 1.4239380792387253
200.0 1.425705681377825
201.0 1.4186598856444974
202.0 1.426303535199862
203.0 1.4233270931915687
204.0 1.428070945700642
205.0 1.4203141417009233
206.00000000000003 1.4092334138698754
207.0 1.400374583737624
208.0 1.4137345118379554
209.0 1.407392031397414
209.99999999999997 1.4185331359510625
210.99999999999997 1.4084032902283912
212.0 1.4107318534305295
213.0 1.4078148316960686
214.00000000000003 1.408095258031937
215.0 1.410993245102837
216.0 1.3994776204966044
217.0 1.409775145636738
218.0 1.4008004645525447
219.0 1.407881423264284
220.0 1.4132724409774335
220.99999999999997 1.404287018099579
222.0 1.405956988450903
223.0 1.4105870006625476
224.0 1.4115623628954612
225.0 1.414581797280613
226.0 1.4026421295838638
226.99999999999997 1.4077843134402679
228.0 1.3992047209827556
229.0 1.406805186522945
230.0 1.3964240393115557
231.0 1.4074890528476969
232.0 1.4007275842749527
233.0 1.3988997373218315
233.99999999999997 1.3880629263443034
235.0 1.3972103182869968
236.0 1.3943243393188953
237.00000000000003 1.4044278087003197
238.0 1.4034003891262683
239.00000000000003 1.4031747686374352
240.0 1.3928043884219161
241.0 1.4021299579391089
242.0 1.4083929090559686
242.99999999999997 1.4060028932229753
244.0 1.395509113530989
244.99999999999997 1.409337036884201
245.99999999999997 1.4049341833036526
247.0 1.4020172977095062
248.0 1.4018157428777822
249.00000000000003 1.3924797341433603
250.0 1.3922735623380376
251.0 1.3935756137533282
252.0 1.3887058074470107
253.00000000000003 1.3962530330314398
254.0 1.403246110772766
