1.0 0.6871448844317946
2.0 0.7256499392154188
3.0 0.7228086824047634
4.0 0.7225267456756364
5.0 0.7275308596881901
6.0 0.7211339034415161
7.0 0.7305607055415677
8.0 0.735771155248761
9.0 0.7345049829607606
10.0 0.7341725270327625
11.0 0.7373493160559517
12.0 0.7390578559956521
13.0 0.735412079342884
14.0 0.7372779739206244
15.0 0.7361795677388884
16.0 0.7339808617055066
17.0 0.7368298092274967
18.0 0.7360889408093753
19.0 0.7283596090767258
20.0 0.740693871185406
21.0 0.7395048380741551
22.0 0.7335384940538063
23.0 0.7307180601796069
24.0 0.7296640206276719
25.0 0.7343996856638596
26.0 0.7432011339257957
27.0 0.7324400878720704
28.0 0.740782959972653
29.0 0.7383543745512825
30.0 0.7389421472305246
31.0 0.7372528920850104
32.0 0.7417182144749233
33.0 0.7484057865915643
34.0 0.7444615091723724
35.0 0.7435504842165248
36.0 0.7425331457852646
37.0 0.7411466503053334
38.0 0.7426696774868481
39.0 0.7428196969411948
40.0 0.7452779786249816
41.0 0.7451503202493568
42.0 0.7423950759414142
43.0 0.7458480046523042
44.0 0.7414983910275185
45.0 0.741991277878089
46.0 0.742690500423304
47.0 0.7402233454135558
48.0 0.7393563567620758
49.00000000000001 0.7453744025959207
50.0 0.7424945761968886
51.0 0.7435173813441398
52.0 0.7428092854729663
53.0 0.7376269938859185
54.0 0.7378229181123305
55.0 0.741954246431981
56.0 0.7387180648839616
57.0 0.7413248278798271
58.0 0.7406954093276723
59.0 0.7383400345093271
60.0 0.7393964644927211
61.0 0.740014097323698
62.0 0.7360534475055324
63.0 0.7351093196773036
64.0 0.7369188980147486
65.0 0.7408527639657139
66.0 0.7405276432214076
67.0 0.7425836649841375
68.0 0.7437638247694284
69.0 0.7428196969411982
70.0 0.7441572113645251
71.0 0.7410101186037528
72.0 0.7434491154933509
73.0 0.7405380546896373
74.0 0.742032923751004
75.0 0.7414711411420687
76.0 0.7415608598368877
77.0 0.7423476330270797
78.0 0.7423476330270788
79.0 0.745494725787851
80.0 0.7387899012340419
81.0 0.7398195473502339
82.0 0.7428983742602144
83.0 0.7425049876651186
84.0 0.743291760855311
85.0 0.7421116010700206
86.0 0.7438425020884463
87.0 0.7377303949661144
88.0 0.7479337226774492
89.0 0.7499793329719531
90.0 0.7462028216590259
91.0 0.74565208042589
92.0 0.7425449597029407
92.99999999999999 0.7430983072551596
94.0 0.7415994294252616
95.0 0.7413248278798282
96.0 0.7424338094191095
97.0 0.7454947257878507
98.00000000000001 0.7468322402111792
98.99999999999999 0.7463601762970642
100.0 0.7471469494872574
101.0 0.7472256268062769
102.0 0.7476190134013732
103.00000000000001 0.7486418185486241
104.0 0.7486418185486237
104.99999999999999 0.7480910773154884
106.0 0.7469895948492181
107.00000000000001 0.7465175309351022
108.0 0.7440785340455033
109.0 0.7440785340455037
110.0 0.7429770515792332
111.0 0.7443932433215809
112.0 0.7458094350639289
113.0 0.7465962082541214
114.0 0.7475403360823535
115.0 0.746173125396609
116.0 0.7452306501484518
116.99999999999999 0.7476086019331447
118.0 0.750725998431501
119.0 0.7490247936754932
120.0 0.7461731253966096
121.0 0.747146949487257
122.0 0.7469598985868026
122.99999999999999 0.7441343842675477
124.0 0.7424263103460981
125.0 0.7424263103460979
126.0 0.7424263103460991
127.0 0.7446292752786396
128.0 0.7418265880563597
129.0 0.7415030921431239
130.0 0.7457282034241328
131.0 0.7465634357071714
132.0 0.7473205126349477
133.0 0.7513241825789732
134.0 0.7526616970023017
135.0 0.7508625301330848
136.0 0.74913162911466
137.0 0.745856877978264
138.0 0.7430912222020927
139.0 0.7407644195238426
140.0 0.7381939436287092
141.0 0.7403776237670615
142.0 0.7399070979952126
143.0 0.74228670235998
144.0 0.7429562286427781
145.0 0.7387269382099234
146.0 0.7396413697757384
147.0 0.7426118231042855
148.0 0.7428968361179458
149.0 0.7442447620095018
150.0 0.7452868519509414
151.0 0.7441363884280675
152.0 0.7461819987225702
153.0 0.748650691874585
154.0 0.747047449231785
155.0 0.7461819987225712
156.0 0.746909379387933
157.0 0.7462502645733631
158.0 0.7446470219305613
159.0 0.7458271817158508
160.0 0.7427186585434542
161.0 0.7454040988583372
162.0 0.7411748084254841
163.0 0.7444005785052745
164.0 0.7394423692647911
165.0 0.7390401093437342
166.0 0.7439181031229307
167.0 0.741842796566011
168.0 0.7462398531051326
169.0 0.7456281812048992
170.0 0.7435351279960594
171.0 0.7341772866406662
172.0 0.7364622835038864
173.0 0.7330008850457888
174.0 0.7345597610587895
175.0 0.7368799728987254
176.0 0.740953446835808
177.0 0.7387608933714963
178.0 0.7355262499657467
179.0 0.740236477638675
180.0 0.7412504094599653
181.0 0.7260561836557092
182.0 0.7232476806837864
183.0 0.7236107103656042
184.0 0.7282493670275932
185.0 0.727484599388479
185.99999999999997 0.7230165562416764
187.0 0.7295467737202773
188.0 0.728592234423819
189.0 0.7234677972193345
190.0 0.7236918795658965
191.0 0.7271343968085597
192.0 0.7303794516825387
193.0 0.7240482347148838
194.0 0.7282775251477418
195.0 0.735082344171776
196.00000000000003 0.7233312655177507
197.00000000000003 0.7280222083964939
197.99999999999997 0.7239383229911814
199.0 0.7231885812471001
200.0 0.7248006972158627
201.0 0.7185643660768806
202.0 0.7200785199324338
203.0 0.7192932848845112
204.0 0.7149556208702216
205.0 0.7239545315008353
206.00000000000003 0.7197429877199031
207.0 0.7054707852897758
208.0 0.7007679600073552
209.0 0.7057570520720771
209.99999999999997 0.7113557489895195
210.99999999999997 0.7177760547444179
212.0 0.7080482253061738
213.0 0.7172966556466112
214.00000000000003 0.7206604955702526
215.0 0.7195902475086676
216.0 0.709160474768319
217.0 0.7176961948107797
218.0 0.7162800030684329
219.0 0.7128093277056214
220.0 0.7224658150085396
220.99999999999997 0.7082028591873214
222.0 0.7168484909534883
223.0 0.7159116983089499
224.0 0.7090370752918503
225.0 0.7127333711434913
226.0 0.7111999324937479
226.99999999999997 0.6979956306512661
228.0 0.7142239813057017
229.0 0.7092403347019555
230.0 0.709416974134184
231.0 0.7055783495395388
232.0 0.7072259588121415
233.0 0.7040935364187513
233.99999999999997 0.7090282019658933
235.0 0.711152489579414
236.0 0.7095388354683816
237.00000000000003 0.7082711250381116
238.0 0.7133214993503791
239.00000000000003 0.722964498900538
240.0 0.7179588467457171
241.0 0.710339096411339
242.0 0.7067184015941842
242.99999999999997 0.7192531771538699
244.0 0.7109758501471859
244.99999999999997 0.7162487686637475
245.99999999999997 0.7158094772965822
247.0 0.7186730951859586
248.0 0.7213762821527674
249.00000000000003 0.7136628286043382
250.0 0.7105631787579004
251.0 0.7122138643150401
252.0 0.7123742952376139
253.00000000000003 0.7104355203822802
254.0 0.7087327774840055
