1.0 1.0954779243833495
2.0 1.136353317767119
3.0 1.1435276241652628
4.0 1.1330859018144153
5.0 1.147820921549749
6.0 1.1429463343805208
7.0 1.1477526556989595
8.0 1.1376452577438105
9.0 1.1418518567725098
10.0 1.1444023035280784
11.0 1.1456403176959307
12.0 1.1468204774812234
13.0 1.147687466132702
14.0 1.1516302054096264
15.0 1.14646719861677
16.0 1.1419633066384813
17.0 1.14218005380135
18.0 1.1480021754087797
19.0 1.1440771827837748
20.0 1.158712702263634
21.0 1.1513259076017786
22.0 1.145767976071554
23.0 1.1531458974074502
24.0 1.1435545996707885
25.0 1.1505391344115863
26.0 1.150383317915814
27.0 1.1516510283460828
28.0 1.151414996389025
29.0 1.1406554884775688
30.0 1.1472940795376065
31.0 1.1498247195352274
32.0 1.1497419497531642
33.0 1.1583698348674076
34.0 1.1592842664332235
35.0 1.1592352853766197
36.0 1.157906644279252
37.0 1.1594520325394908
38.0 1.1596672415600937
39.0 1.1567368959621909
40.0 1.1567665922246053
41.0 1.152684244961561
42.0 1.1536877653146238
43.0 1.159352532284016
44.0 1.15414208257682
45.0 1.1490458034924864
46.0 1.1558907302471635
47.0 1.1489655880311984
48.0 1.1456299062277047
49.00000000000001 1.1407445772648153
50.0 1.1420138258373516
51.0 1.1430439661682965
52.0 1.1515322432964208
53.0 1.150959140984563
54.0 1.150871590339582
55.0 1.1640523484887182
56.0 1.1559782808921437
57.0 1.1570323204440804
58.0 1.159324374163868
59.0 1.1543637744919266
60.0 1.1499216654699262
61.0 1.1527847613955473
62.0 1.1521631999908435
63.0 1.1524659596564268
64.0 1.1565571802454298
65.0 1.156852604727319
66.0 1.1595365068999355
67.0 1.1552790583469321
68.0 1.1561044011255015
69.0 1.1580431759808352
70.0 1.15882107584507
71.0 1.1605326920693053
72.0 1.1598438809923202
73.0 1.1565988261183389
74.0 1.1639840826379277
75.0 1.162283894060429
76.0 1.1602075713250006
77.0 1.1660994969254879
78.0 1.160543103537534
79.0 1.1569254850049115
80.0 1.1567711789024013
81.0 1.1663370670248137
82.0 1.1651866035019403
83.0 1.1622755426982254
84.0 1.1614887695080343
85.0 1.1656586674160565
86.0 1.1635343798025357
87.0 1.1665959542753477
88.0 1.1664053328756063
89.0 1.1646254508005787
90.0 1.1599730775102104
91.0 1.1590393611502032
92.0 1.15352615895128
92.99999999999999 1.1566786063046686
94.0 1.1617128518545932
95.0 1.165903572699073
96.0 1.1609052557279445
97.0 1.159989286019862
98.00000000000001 1.157149567351474
98.99999999999999 1.161280895671121
100.0 1.1614070159044767
101.0 1.159774076999259
102.0 1.161277819386587
103.00000000000001 1.1618300987619896
104.0 1.162646568214599
104.99999999999999 1.1626554415405599
106.0 1.1618790798185943
107.00000000000001 1.1630206700155077
108.0 1.1629034231081132
109.0 1.1621953272369392
110.0 1.1637198925607215
111.0 1.1643107415245
112.0 1.1639470511918186
113.0 1.1680085755184062
114.0 1.1684316583759187
115.0 1.1698775463806819
116.0 1.1675509877865533
116.99999999999999 1.1665121683147708
118.0 1.1665225797829997
119.0 1.1634541643412477
120.0 1.1626673911510548
121.0 1.1606514771189693
122.0 1.1595202983902815
122.99999999999999 1.155007891607965
124.0 1.1579644986618176
125.0 1.1599626660419822
126.0 1.1617529595852372
127.0 1.1618019406418396
128.0 1.163784229837786
129.0 1.1633788936321983
130.0 1.1698276852858822
131.0 1.1677116128942524
132.0 1.1700125399400005
133.0 1.1693341403312403
134.0 1.1689600385303318
135.0 1.1723238784539751
136.0 1.1733273988070374
137.0 1.171626194051027
138.0 1.1645838049276658
139.0 1.1572251683859576
140.0 1.1544240193059465
141.0 1.1602476790556435
142.0 1.162184915768712
143.0 1.1633353792915848
144.0 1.1600012356303593
145.0 1.1594385447867261
146.0 1.160835451734886
147.0 1.1620067381942165
148.0 1.1611324143590442
149.0 1.157168852145664
150.0 1.1578279669602334
151.0 1.1604628880762464
152.0 1.160069501481151
153.0 1.1587111641213679
154.0 1.158672594532992
155.0 1.15721629506
156.0 1.16295973934841
157.0 1.1623006245338403
158.0 1.1584261511077059
159.0 1.1574924347477011
160.0 1.1560361352747106
161.0 1.1565556421031624
162.0 1.1565556421031633
163.0 1.1551795580914588
164.0 1.1538420436681314
165.0 1.156085116331315
166.0 1.162367352242364
167.0 1.1620526429662852
168.0 1.1565332810244409
169.0 1.1557360963660197
170.0 1.1530617281702273
171.0 1.151013630389139
172.0 1.1512532497058046
173.0 1.1587034734100305
174.0 1.1530178835041842
175.0 1.1572560472629994
176.0 1.1525412051632644
177.0 1.1527861104462835
178.0 1.1534348137926262
179.0 1.1425788819102296
180.0 1.138155205393228
181.0 1.1294752629378444
182.0 1.1203780971058759
183.0 1.11336730695563
184.0 1.1173446157669182
185.0 1.1208091385606576
185.99999999999997 1.1212330711605656
187.0 1.1169754587182432
188.0 1.1200269797972668
189.0 1.1208257025979558
190.0 1.119028073871007
191.0 1.1265008810355777
192.0 1.1207277404847504
193.0 1.118591503260732
194.0 1.12139111419848
195.0 1.1163419477030478
196.00000000000003 1.1179540636718066
197.00000000000003 1.1163627706395018
197.99999999999997 1.125685263872156
199.0 1.1255961750849115
200.0 1.1161267386824425
201.0 1.1273702601185098
202.0 1.1256898782989586
203.0 1.128824169160047
204.0 1.1215908005625026
205.0 1.1268824819094956
206.00000000000003 1.123088745908407
207.0 1.1106370269213655
208.0 1.1072340795352345
209.0 1.1077580308442474
209.99999999999997 1.1177553909394982
210.99999999999997 1.117749266119435
212.0 1.111925606369741
213.0 1.1133074874228746
214.00000000000003 1.1091630268781072
215.0 1.1130984309713405
216.0 1.1137976535165504
217.0 1.1130035451426654
218.0 1.1168884300370279
219.0 1.1228293366941215
220.0 1.113566235986301
220.99999999999997 1.1091691794471783
222.0 1.106091890679462
223.0 1.1055396113040583
224.0 1.1176543802907635
225.0 1.1064837391322881
226.0 1.103955653455445
226.99999999999997 1.1091661031626405
228.0 1.1048982431414078
229.0 1.1205461563002912
230.0 1.1093546922053625
231.0 1.1109193652597873
232.0 1.1111939668052198
233.0 1.1039363686612538
233.99999999999997 1.1065207705783997
235.0 1.1168868918947623
236.0 1.1153326303085624
237.00000000000003 1.1027546707337024
238.0 1.1033158234350655
239.00000000000003 1.1059418712251177
240.0 1.1122553415408498
241.0 1.1062719367216538
242.0 1.1052090238437604
242.99999999999997 1.1168686232790825
244.0 1.1074747879110995
244.99999999999997 1.099962394979647
245.99999999999997 1.1211948596466352
247.0 1.1168112908602792
248.0 1.100955503864485
249.00000000000003 1.1083245518744178
250.0 1.1107411876852928
251.0 1.1019678975435057
252.0 1.1138169383107404
253.00000000000003 1.1079994311301142
254.0 1.1032637660939255
