1.0 2.2292771820701063
2.0 2.2452027730589568
3.0 2.2510754138652582
4.0 2.2512520532974856
5.0 2.2510071480144664
6.0 2.2470628705952724
7.0 2.249017853960259
8.0 2.251606870304205
9.0 2.247099902041381
10.0 2.2532695054718372
11.0 2.2524723208134176
12.0 2.2572627639476353
13.0 2.2464720216314937
14.0 2.2495716714779306
15.0 2.2532486825353826
16.0 2.251232768503296
17.0 2.252542124806476
18.0 2.2562978131829476
19.0 2.2553656349652123
20.0 2.25258223253712
21.0 2.255423489347775
22.0 2.251755351616284
23.0 2.2507711160574075
24.0 2.2581980184499053
25.0 2.2493148165844183
26.0 2.2493341013786057
27.0 2.2481940493239585
28.0 2.2493356395208712
29.0 2.249071449443666
30.0 2.2493356395208735
31.0 2.2498863807540084
32.0 2.251912706254321
33.0 2.2486572399121143
34.0 2.254106797860903
35.0 2.249019392102528
36.0 2.2545283425761484
37.0 2.254460076725355
38.0 2.25662447206952
39.0 2.254834178526263
40.0 2.256801111501748
41.0 2.256781826707558
42.0 2.255776768212229
43.0 2.249758722378386
44.0 2.2562013892120074
45.0 2.2470123513964015
46.0 2.2490402150389825
47.0 2.2490105187765654
48.0 2.2458827108099824
49.00000000000001 2.2481450682673554
50.0 2.247634434764862
51.0 2.2501818052358957
52.0 2.250475691575518
53.0 2.2506538691500126
54.0 2.2482317666231446
55.0 2.2507726541996744
56.0 2.244543658244389
57.0 2.248183637855731
58.0 2.2489036833374008
59.0 2.2413475844270114
60.0 2.239517183153113
61.0 2.2367441921932487
62.0 2.243739138402273
63.0 2.2421150728230153
64.0 2.244288341493141
65.0 2.2472499214957256
66.0 2.2413981036258823
67.0 2.250693976880655
68.0 2.247634434764863
69.0 2.246111407583348
70.0 2.2465834714974644
71.0 2.2459999577173804
72.0 2.2447411206130687
73.0 2.2497853423562653
74.0 2.249204904860715
75.0 2.2459470480870483
76.0 2.2465834714974626
77.0 2.252825599677869
78.0 2.249798830109027
79.0 2.251019097624961
80.0 2.244929187692032
81.0 2.254164652243464
82.0 2.256683864594351
83.0 2.246817965312255
84.0 2.2427876753903497
85.0 2.252316504317646
86.0 2.2532413473516906
87.0 2.249828526371442
88.0 2.2552171536531334
89.0 2.2480648528060674
90.0 2.255325527234567
91.0 2.25875917115127
92.0 2.2499353618106133
92.99999999999999 2.2460064406118825
94.0 2.2515995351205125
95.0 2.247615149970677
96.0 2.2381356324254145
97.0 2.2464824330997217
98.00000000000001 2.246443863511347
98.99999999999999 2.2473108521628267
100.0 2.244978690712396
101.0 2.2476224851543685
102.0 2.2490193921025283
103.00000000000001 2.2487671516358185
104.0 2.2492673736700817
104.99999999999999 2.2480366946859203
106.0 2.2507236731430713
107.00000000000001 2.251687085765492
108.0 2.248914094805629
109.0 2.2569584661397863
110.0 2.252316504317646
111.0 2.254549165512604
112.0 2.246060888384479
113.0 2.2530631697771963
114.0 2.254921729171242
115.0 2.25214873821138
116.0 2.248819539302389
116.99999999999999 2.2511837874466933
118.0 2.2548727481146393
119.0 2.2530037772523657
120.0 2.2545194692501878
121.0 2.2469263388936906
122.0 2.252797441557723
122.99999999999999 2.252123986701199
124.0 2.2494786541169582
125.0 2.2496815832016335
126.0 2.2495138170953664
127.0 2.2517256553538676
128.0 2.2541557789175055
129.0 2.250425172376648
130.0 2.2517360668220943
131.0 2.2558778066099703
132.0 2.2508690781706164
133.0 2.2510873634757553
134.0 2.2502990521432933
135.0 2.2529220236488112
136.0 2.2583449616197173
137.0 2.253171543358631
138.0 2.252396719778932
139.0 2.2496977917112857
140.0 2.2548044822638484
141.0 2.2568396810901223
142.0 2.2544407919311666
143.0 2.2566437568637077
144.0 2.253083992713653
145.0 2.2570178586646175
146.0 2.2541750637116937
147.0 2.254077101598486
148.0 2.253397163847461
149.0 2.252061187566401
150.0 2.2520226179780245
151.0 2.2500927164486515
152.0 2.2564640411469483
153.0 2.254970710227849
154.0 2.2526208021254965
155.0 2.252257111792818
156.0 2.2480559794801103
157.0 2.249147050478154
158.0 2.2448109246061323
159.0 2.2480872138847925
160.0 2.245597697796322
161.0 2.2447202976766176
162.0 2.2452043112012277
163.0 2.2516678009713056
164.0 2.2501729319099386
165.0 2.25231496617538
166.0 2.2513500154106922
167.0 2.243847511983708
168.0 2.245872299341756
169.0 2.2503673179940833
170.0 2.239686487401647
171.0 2.2428736878930606
172.0 2.2430977702396238
173.0 2.2446535699680887
174.0 2.2453215581086203
175.0 2.248055979480108
176.0 2.246020780653835
177.0 2.2442096641741256
178.0 2.2457951601650046
179.0 2.2436500496150265
180.0 2.2368302046959605
181.0 2.229171884773204
182.0 2.221760668926601
183.0 2.222111557359596
184.0 2.2176092035235757
185.0 2.2165788993033124
185.99999999999997 2.222488571555723
187.0 2.228952061325801
188.0 2.2272701413639804
189.0 2.2252735121260816
190.0 2.2239953902275835
191.0 2.2236910924197355
192.0 2.227091111500295
193.0 2.231334741975103
194.0 2.2290145301351667
195.0 2.2284742003702585
196.00000000000003 2.2255481136715143
197.00000000000003 2.2253224931826825
197.99999999999997 2.224241833652867
199.0 2.2276947623637584
200.0 2.2229725850803295
201.0 2.2246633783681125
202.0 2.220766543863255
203.0 2.22391825105083
204.0 2.2179822891459744
205.0 2.2185666552152474
206.00000000000003 2.2164928868005997
207.0 2.2129013662821047
208.0 2.210135710505935
209.0 2.204196672316545
209.99999999999997 2.2102036182822875
210.99999999999997 2.2078163509551874
212.0 2.205834061759242
213.0 2.212122450239363
214.00000000000003 2.211069948829697
215.0 2.2101940868522547
216.0 2.2031871910327343
217.0 2.209575079768328
218.0 2.2134229332165813
219.0 2.211760298048948
220.0 2.2095662064423682
220.99999999999997 2.208034305934892
222.0 2.2124683939201217
223.0 2.2124001280693295
224.0 2.213847554216361
225.0 2.2103857521795103
226.0 2.2143107448045156
226.99999999999997 2.214448814648366
228.0 2.2171327168209833
229.0 2.2151746571714614
230.0 2.2146416625902456
231.0 2.2092009779674195
232.0 2.2085611479470373
233.0 2.2139289522922714
233.99999999999997 2.212554406422835
235.0 2.212286287771903
236.0 2.2101852135262954
237.00000000000003 2.212123988381629
238.0 2.2155946637444393
239.00000000000003 2.216296962574187
240.0 2.211655000752048
241.0 2.209408851804329
242.0 2.2060257270864985
242.99999999999997 2.2085329898268875
244.0 2.213351591081255
244.99999999999997 2.2133234329611056
245.99999999999997 2.2115123164813952
247.0 2.213053090314829
248.0 2.2059883401127456
249.00000000000003 2.2094612394709
250.0 2.2136173193007305
251.0 2.214915742171923
252.0 2.215703037325876
253.00000000000003 2.215092903567909
254.0 2.2084573887924046
