1.0 1.8377170867712669
2.0 1.8585678118772242
3.0 1.869531787015625
4.0 1.8671595178345497
5.0 1.8730961655924843
6.0 1.851027591151058
7.0 1.867909259578635
8.0 1.8761502409922834
9.0 1.877120988798397
10.0 1.8698256733552463
11.0 1.872425101167419
12.0 1.8668255237642872
13.0 1.865891807404281
14.0 1.8709005358436368
15.0 1.8765089865727305
16.0 1.8799426304894322
17.0 1.872521525138359
18.0 1.876421435927751
19.0 1.870979213162655
20.0 1.8778954820526614
21.0 1.8744039837533968
22.0 1.8781924446768192
23.0 1.8776667852792968
24.0 1.8726418483302893
25.0 1.8796337182547793
26.0 1.8794763636167406
27.0 1.8793012623267817
28.0 1.8800004848719964
29.0 1.8730217471726236
30.0 1.874270172808704
31.0 1.8755994997591476
32.0 1.8789271605258728
33.0 1.8754846432832126
34.0 1.8776084089329752
35.0 1.8777207110881369
36.0 1.872298980934064
37.0 1.8736646534775394
38.0 1.8852629919203285
39.0 1.8839551737594167
40.0 1.8815755693946508
41.0 1.880857062055247
42.0 1.8790771799802202
43.0 1.8845622312328487
44.0 1.8814432965922245
45.0 1.878309691584213
46.0 1.8767153222673727
47.0 1.874147128859883
48.0 1.8780809948108461
49.00000000000001 1.879666490801731
50.0 1.8810772158280848
51.0 1.8778850705844348
52.0 1.8812623982608392
53.0 1.8749250287241157
54.0 1.8773833104079025
55.0 1.880946150842497
56.0 1.8762313087427624
57.0 1.8757657277231485
58.0 1.8784045774128872
59.0 1.8759235765759377
60.0 1.8759671186655558
61.0 1.8811405369266407
62.0 1.882161803931626
63.0 1.8851843146013094
64.0 1.8869537852081113
65.0 1.8839447622911887
66.0 1.8884012113551403
67.0 1.8856980243883377
68.0 1.8866494874002617
69.0 1.8861076194930853
70.0 1.8892577885383923
71.0 1.8859622144655421
72.0 1.887310140357099
73.0 1.8835529138383602
74.0 1.8794215855187149
75.0 1.8735146340231943
76.0 1.8823962977464164
77.0 1.8797420918362138
78.0 1.8763485556501573
79.0 1.886612455954154
80.0 1.887799950923135
81.0 1.8884887620001205
82.0 1.8810796062595427
83.0 1.884544484580927
84.0 1.8823577281580393
85.0 1.8834607487665773
86.0 1.8808169543246014
87.0 1.8782279379806568
88.0 1.8811494102525994
89.0 1.881456784344984
90.0 1.8822524308611381
91.0 1.8887440787513639
92.0 1.8767702642547204
92.99999999999999 1.8688250376483908
94.0 1.8739465902066652
95.0 1.871785271147033
96.0 1.8790000408034628
97.0 1.8778866087266979
98.00000000000001 1.8843500984967774
98.99999999999999 1.886651025542526
100.0 1.88323820456228
101.0 1.8848221624108938
102.0 1.8852363719424465
103.00000000000001 1.8846173648585198
104.0 1.8856104737433557
104.99999999999999 1.8886299081285052
106.0 1.891137170868896
107.00000000000001 1.8904082520612646
108.0 1.8899867073460197
109.0 1.8896214788710723
110.0 1.8909277588897173
111.0 1.8860601765787481
112.0 1.8810988910537283
113.0 1.8800161714178873
114.0 1.8835571727375156
115.0 1.8752470731838844
116.0 1.8732556670253468
116.99999999999999 1.8763886633807967
118.0 1.8800969088429327
119.0 1.8809519478839192
120.0 1.8804590610333483
121.0 1.8787636533187635
122.0 1.885866973109226
122.99999999999999 1.8868438734844089
124.0 1.8903072136635253
125.0 1.8897772953668457
126.0 1.8900904665006557
127.0 1.8944400801254402
128.0 1.8898752574800521
129.0 1.884278234397697
130.0 1.8811543550048373
131.0 1.88249733614416
132.0 1.8830689003137508
133.0 1.8855256438552703
134.0 1.8865484490025228
135.0 1.884689889608474
136.0 1.8838572116462118
137.0 1.8797659910572069
138.0 1.8811524865371394
139.0 1.8676273228495104
140.0 1.86898104578249
141.0 1.8766752145367314
142.0 1.8812192142456619
143.0 1.8752991305250262
144.0 1.8742555024413197
145.0 1.872157834805679
146.0 1.8744321418735461
147.0 1.8762208972745351
148.0 1.8690597231015094
149.0 1.867900386252675
150.0 1.863786804584947
151.0 1.864395400200646
152.0 1.8659689465810323
153.0 1.8642781532932513
154.0 1.8664514219633754
155.0 1.8668635713889024
156.0 1.8619212403326386
157.0 1.8634809686348295
158.0 1.86367296428752
159.0 1.8669180191614991
160.0 1.8654745215881927
161.0 1.862919815933468
162.0 1.8649149070290987
163.0 1.8651347304765036
164.0 1.8671400388552426
165.0 1.860694653811522
166.0 1.8631102734438887
167.0 1.8651050342140882
168.0 1.8608880237171592
169.0 1.8615317823112667
170.0 1.8573337262830985
171.0 1.8543231652239085
172.0 1.8515189398593617
173.0 1.8552048242427719
174.0 1.855166254654397
175.0 1.848600188344308
176.0 1.8490024482653673
177.0 1.8495118991532333
178.0 1.8512308505611657
179.0 1.847129218503934
180.0 1.8455259758611302
181.0 1.8342209238865101
182.0 1.8251324115787733
183.0 1.8309958923652838
184.0 1.8270354064364351
185.0 1.8370953614772476
185.99999999999997 1.8326011951141097
187.0 1.8345345032534517
188.0 1.8371436566807735
189.0 1.8249853733534578
190.0 1.842676836700814
191.0 1.8315155908320606
192.0 1.841479452227364
193.0 1.8289632756087915
194.0 1.8321134446540974
195.0 1.8373373821140557
196.00000000000003 1.8348197079054371
197.00000000000003 1.832200995299076
197.99999999999997 1.8317442876054242
199.0 1.8318205744929845
200.0 1.8293665517083586
201.0 1.8373535906237093
202.0 1.823933724232979
203.0 1.826258550499717
204.0 1.8247652195806185
205.0 1.82587557537285
206.00000000000003 1.8363041654985774
207.0 1.812548510902963
208.0 1.8187370128566693
209.0 1.822773590681786
209.99999999999997 1.824808897810552
210.99999999999997 1.824821866146349
212.0 1.8193689015875958
213.0 1.8235128653708126
214.00000000000003 1.831130225273733
215.0 1.8232752952714888
216.0 1.825568887133544
217.0 1.8244593836305065
218.0 1.8214617883603224
219.0 1.8244644922720576
220.0 1.8220758506920132
220.99999999999997 1.8147827314951976
222.0 1.8122316266355596
223.0 1.8105736058947277
224.0 1.8026152470632824
225.0 1.8223816866421292
226.0 1.8253710944394281
226.99999999999997 1.8297056821691853
228.0 1.827207292754757
229.0 1.821705677464827
230.0 1.8254393602902217
231.0 1.816881279169039
232.0 1.8214356903461966
233.0 1.8261933609334615
233.99999999999997 1.825532707976624
235.0 1.815641726858915
236.0 1.8174111974657172
237.00000000000003 1.8148028963275866
238.0 1.8189430979731935
239.00000000000003 1.8218394884095217
240.0 1.8209443416378959
241.0 1.8197611055680707
242.0 1.8288907508588448
242.99999999999997 1.821788969210651
244.0 1.8253108496254093
244.99999999999997 1.8308785067707825
245.99999999999997 1.8306393985291907
247.0 1.8237038448449954
248.0 1.8263240955936229
249.00000000000003 1.824887080914819
250.0 1.8192088261926689
251.0 1.8332847311134313
252.0 1.812960545443193
253.00000000000003 1.8137962996899875
254.0 1.8197494862830106
