1.0 0.8213887628062425
2.0 0.8636679172163171
3.0 0.8668660536865133
4.0 0.8720866122855094
5.0 0.8626977216697608
6.0 0.8509660664970353
7.0 0.8713414849682278
8.0 0.8784410400742804
9.0 0.8739885195840553
10.0 0.8688060641076895
11.0 0.8774401017910017
12.0 0.8589667848034747
13.0 0.8690589904274771
14.0 0.8748256480837989
15.0 0.8795212053893431
16.0 0.8770702588892512
17.0 0.8876770265894716
18.0 0.877040562626836
19.0 0.8732744627821347
20.0 0.8824662213546315
21.0 0.8780328192224826
22.0 0.8702688464751835
23.0 0.8810160744507097
24.0 0.8717437448892804
25.0 0.8818815249599247
26.0 0.880462256933042
27.0 0.8824619624554733
28.0 0.8836644833194883
29.0 0.8825228931225738
30.0 0.8698928762065722
31.0 0.8816944740594695
32.0 0.8789141479159108
33.0 0.878372280008739
34.0 0.8892328263179377
35.0 0.8866974054573988
36.0 0.8755163528306954
37.0 0.8826462925990353
38.0 0.8826713744346512
39.0 0.8844173013481055
40.0 0.8829714133433393
41.0 0.877781075517315
42.0 0.8751125547673699
43.0 0.8888795474534872
44.0 0.8787895658248216
45.0 0.8846695418148166
46.0 0.8883554261982307
47.0 0.8930864768076181
48.0 0.8866926310884757
49.00000000000001 0.8879338814829842
50.0 0.8871085387044141
51.0 0.888376249134684
52.0 0.8883585024827646
53.0 0.8842985162984426
54.0 0.8870298613853944
55.0 0.8860976831676597
56.0 0.8859862333016891
57.0 0.8759170746094825
58.0 0.881256720834571
59.0 0.8948204541105753
60.0 0.8789453823205948
61.0 0.8834871857831901
62.0 0.8854266187425929
63.0 0.8955879425065786
64.0 0.8929634328587948
65.0 0.8874648938534028
66.0 0.894482531466583
67.0 0.8951960940537504
68.0 0.8938481681621949
69.0 0.8973797741921049
70.0 0.8964059501014555
71.0 0.8955196766557868
72.0 0.8949303658342752
73.0 0.9011948550934058
74.0 0.8905213596846594
75.0 0.881534398664538
76.0 0.8849769159071993
77.0 0.8871501845773224
78.0 0.8845121871767754
79.0 0.873065406330601
80.0 0.8699835031360867
81.0 0.8741846354487901
82.0 0.8856938851043319
83.0 0.8771670383878318
84.0 0.8808367142615916
85.0 0.8846236370427486
86.0 0.8842584085678004
87.0 0.8743906130689966
88.0 0.8839942184905945
89.0 0.8860679869052437
90.0 0.8912919243652018
91.0 0.886344126592944
92.0 0.8761505804422652
92.99999999999999 0.8840310127940633
94.0 0.8917817349312348
95.0 0.8887815853402755
96.0 0.8924111534833918
97.0 0.8945265677709544
98.00000000000001 0.8968587292213857
98.99999999999999 0.898983016834906
100.0 0.8986787190270568
101.0 0.8995545810044966
102.0 0.895276309515039
103.00000000000001 0.8960927789676477
104.0 0.8956993923725515
104.99999999999999 0.8976663253480345
106.0 0.89821706658117
107.00000000000001 0.9011281273848848
108.0 0.9016001912990005
109.0 0.9023082871701739
110.0 0.9021509325321352
111.0 0.9043538974646754
112.0 0.9052980252929076
113.0 0.9055340572499644
114.0 0.90710760363035
115.0 0.906445412531243
116.0 0.9026575707015736
116.99999999999999 0.90375997221636
118.0 0.899658340159128
119.0 0.8995306817835054
120.0 0.9004748096117366
121.0 0.9010641204332486
122.0 0.9016387608873725
122.99999999999999 0.8926915520702516
124.0 0.8943942949685278
125.0 0.8937293831125303
126.0 0.8920875708813542
127.0 0.8956785694360939
128.0 0.8928269011572112
129.0 0.8900373461600497
130.0 0.8920652098026322
131.0 0.8965737162077219
132.0 0.8933286613337421
133.0 0.8959354243296072
134.0 0.8960630827052313
135.0 0.8937413327230276
136.0 0.888371990235526
137.0 0.8871027416629907
138.0 0.8882195803497221
139.0 0.884484307383757
140.0 0.8865024696604892
141.0 0.8850760606350344
142.0 0.8818028476409062
143.0 0.8853834347274194
144.0 0.8879011089360367
145.0 0.8875285452773968
146.0 0.8838484579354089
147.0 0.8837416224962421
148.0 0.8816975503440062
149.0 0.8841944016161698
150.0 0.8834670209508071
151.0 0.8852187449056863
152.0 0.8841959397584358
153.0 0.8832919196608457
154.0 0.8808899542173565
155.0 0.8816381578191732
156.0 0.8796044971351659
157.0 0.8802235042190926
158.0 0.881776227663024
159.0 0.8828376023986502
160.0 0.8826817859028793
161.0 0.8806377137506428
162.0 0.8855720237701372
163.0 0.8848045353741313
164.0 0.8834002932422791
165.0 0.8868991267252374
166.0 0.8856522392314229
167.0 0.8859742836911928
168.0 0.8891911804450247
169.0 0.888717578388641
170.0 0.8911990734403398
171.0 0.8877468028335211
172.0 0.8854996377072945
173.0 0.8821900816669271
174.0 0.8779712027023013
175.0 0.8767285741076486
176.0 0.8790310392956632
177.0 0.8815263524255592
178.0 0.8837501402945578
179.0 0.8846942681227884
180.0 0.8813546577455688
181.0 0.8763856984443995
182.0 0.8755486973704465
183.0 0.883250097315288
184.0 0.8880164621735201
185.0 0.888978500542991
185.99999999999997 0.891031967984944
187.0 0.8846630337181045
188.0 0.8924104424281063
189.0 0.8883562532852101
190.0 0.8901600345812295
191.0 0.888922020413376
192.0 0.8937035902216325
193.0 0.8975973484419534
194.0 0.890151161255266
195.0 0.8910270232327084
196.00000000000003 0.8904924905092262
197.00000000000003 0.8825460812882745
197.99999999999997 0.885138173916757
199.0 0.89057424411278
200.0 0.8847370966103225
201.0 0.8897932679640155
202.0 0.8862157571620356
203.0 0.8719944472137314
204.0 0.8888418049520902
205.0 0.8876300526876784
206.00000000000003 0.880801004117219
207.0 0.8619328489042013
208.0 0.8663529672249681
209.0 0.8802951514776453
209.99999999999997 0.8716916875481496
210.99999999999997 0.8817265355511327
212.0 0.8766213831408376
213.0 0.8768531561987393
214.00000000000003 0.8753791100738284
215.0 0.8845338372002141
216.0 0.8792535834999641
217.0 0.8753239764481565
218.0 0.8746293683297448
219.0 0.8670331616887108
220.0 0.8661677111795013
220.99999999999997 0.8672707317880389
222.0 0.869105391961099
223.0 0.8632504978067179
224.0 0.8665105785757249
225.0 0.8705157866620182
226.0 0.8690355879680327
226.99999999999997 0.8629002952267991
228.0 0.8640982016640091
229.0 0.8639111507635552
230.0 0.8751604692410464
231.0 0.862811206439555
232.0 0.863299834390965
233.0 0.8648421463666707
233.99999999999997 0.8778786821028833
235.0 0.867255705893006
236.0 0.8640550176488287
237.00000000000003 0.8686614861671289
238.0 0.8663161924915795
239.00000000000003 0.8704934255832926
240.0 0.8669409966169316
241.0 0.8670701931348223
242.0 0.8790962288619256
242.99999999999997 0.8647561338639551
244.0 0.8637422020426642
244.99999999999997 0.8808656994687261
245.99999999999997 0.8768724409929312
247.0 0.86675583938639
248.0 0.8772496190783694
249.00000000000003 0.8755734961579735
250.0 0.8714066745344905
251.0 0.8776295179207042
252.0 0.866350147653147
253.00000000000003 0.859088290610031
254.0 0.8707946471066073
