1.0 0.9010011667479848
2.0 0.943391022283965
3.0 0.9456853025458911
4.0 0.9497101509540159
5.0 0.9501999615200492
6.0 0.9306459850027092
7.0 0.9482627248069841
8.0 0.9480266928499264
9.0 0.9484007946508345
10.0 0.9536841246356222
11.0 0.9592420561658453
12.0 0.9498289360036773
13.0 0.9549178799043189
14.0 0.9544203786269443
15.0 0.9550617467895952
16.0 0.952947870644303
17.0 0.9630883714718309
18.0 0.9498779170602796
19.0 0.9480502365432703
20.0 0.9535757510541911
21.0 0.9572928698422842
22.0 0.9563502801563205
23.0 0.9492990177069965
24.0 0.9489650236367311
25.0 0.9565211225471201
26.0 0.9652246086958481
27.0 0.9576804593959569
28.0 0.9618518954462464
29.0 0.9634061570324438
30.0 0.9612386854037448
31.0 0.954306208004086
32.0 0.9609463372063902
33.0 0.96477182957592
34.0 0.9627366307496485
35.0 0.9651766438177538
36.0 0.9571906488299168
37.0 0.963839651358184
38.0 0.9606420393985396
39.0 0.9633571759758417
40.0 0.9709487681900686
41.0 0.9503499809743972
42.0 0.9698873934544432
43.0 0.958802764798683
44.0 0.958299466479881
45.0 0.9615950405527317
46.0 0.9601981336045743
47.0 0.9599605635052479
48.0 0.9582851264379275
49.00000000000001 0.9625495798491905
50.0 0.960544077285332
51.0 0.9598166966199702
52.0 0.9624620292042125
53.0 0.9620983388715312
54.0 0.95878348000449
55.0 0.9705064005383701
56.0 0.9566399075967841
57.0 0.947896313717408
58.0 0.9660322048224943
59.0 0.9591749703828809
60.0 0.9607118433915987
61.0 0.970340172574371
62.0 0.9628064347427038
63.0 0.9695830956465934
64.0 0.9634254418266341
65.0 0.9673400229834096
66.0 0.9686113039129656
67.0 0.9664151799493667
68.0 0.9656669763475504
69.0 0.9738019746112221
70.0 0.9720992317129459
71.0 0.9719121808124912
72.0 0.972857846782991
73.0 0.9713228699909799
74.0 0.9681669039042455
75.0 0.9707721287578438
76.0 0.979054070191328
77.0 0.9690990821219835
78.0 0.9745783363331859
79.0 0.9683524166624334
80.0 0.9680373493119179
81.0 0.9668085665444615
82.0 0.9726114033577027
83.0 0.9687562147257568
84.0 0.967901175684773
85.0 0.9698978049226712
86.0 0.971265015608416
87.0 0.9702531161441446
88.0 0.9726707958825372
89.0 0.9694450258027443
90.0 0.9694346143345185
91.0 0.9718350416357405
92.0 0.9697070478301129
92.99999999999999 0.9701446931111979
94.0 0.9754140905799848
95.0 0.9790837664537444
96.0 0.9752463244737167
97.0 0.9705009338223771
98.00000000000001 0.9699764822416908
98.99999999999999 0.9714520665088695
100.0 0.9745991592696416
101.0 0.9754646097788539
102.0 0.9750712231837575
103.00000000000001 0.9727598846697821
104.0 0.9713822625158105
104.99999999999999 0.9694835953911197
106.0 0.9684013977190372
107.00000000000001 0.969936374511048
108.0 0.9702510837871252
109.0 0.9718928960183034
110.0 0.9750311154531153
111.0 0.97492274187168
112.0 0.9739103481926562
113.0 0.9697998428094637
114.0 0.9693277788953479
115.0 0.9726989540026839
116.0 0.973686589677534
116.99999999999999 0.9715607704157385
118.0 0.9710822236071208
119.0 0.9733268344125715
120.0 0.9747044565665428
121.0 0.9740765761566557
122.0 0.973309087760649
122.99999999999999 0.9682513782646901
124.0 0.9655867608862609
125.0 0.9644852784199908
126.0 0.9641528224919923
127.0 0.9668575476010648
128.0 0.9680080111239389
129.0 0.9600554493339185
130.0 0.958522010684176
131.0 0.9623417060122814
132.0 0.9585058021745225
133.0 0.962686111550773
134.0 0.9665308887144918
135.0 0.9685572142148045
136.0 0.9730418213989049
137.0 0.9737692020642664
138.0 0.9721041764651742
139.0 0.9715527493789649
140.0 0.9663750444697151
141.0 0.9689178282629523
142.0 0.9677673647400766
143.0 0.9701677920413008
144.0 0.9702642160122392
145.0 0.9705611786363972
146.0 0.9713568251525504
147.0 0.9713271288901352
148.0 0.969536835346879
149.0 0.968396783292234
150.0 0.9707081218062094
151.0 0.9695487849573747
152.0 0.9724405609669021
153.0 0.9698739057016794
154.0 0.9724613839033568
155.0 0.970760179147348
156.0 0.9727865046476628
157.0 0.9722357634145271
158.0 0.9726588462720394
159.0 0.9720784087764883
160.0 0.973209587505175
161.0 0.9715380790115814
162.0 0.9775353019089692
163.0 0.9785106641418848
164.0 0.979248456275473
165.0 0.9804583123231774
166.0 0.9775858211078384
167.0 0.977033541732436
168.0 0.9747029184242719
169.0 0.9703756658782102
170.0 0.9617894266368779
171.0 0.9565541976704962
172.0 0.9543833194318279
173.0 0.9571517237138963
174.0 0.9647760884750762
175.0 0.9575659332454469
176.0 0.9569557994874794
177.0 0.9535013326343232
178.0 0.9570819197208388
179.0 0.961588887983659
180.0 0.9584387189383545
181.0 0.9466461608475347
182.0 0.9425626152088591
183.0 0.9486170663269284
184.0 0.9458926544190459
185.0 0.9503873427459402
185.99999999999997 0.9502277641125553
187.0 0.9443936928946318
188.0 0.9476877288252178
189.0 0.9455352830915479
190.0 0.9501135934896976
191.0 0.9442467497248219
192.0 0.9413090689432246
193.0 0.9487641294558709
194.0 0.9563692094228624
195.0 0.9486796550954256
196.00000000000003 0.955720506076522
197.00000000000003 0.9515343996588467
197.99999999999997 0.9515255263328872
199.0 0.9485415852515764
200.0 0.9554235434523665
201.0 0.9558450881676096
202.0 0.9404837261646554
203.0 0.9440122559100296
204.0 0.9382287038909777
205.0 0.9408724983329504
206.00000000000003 0.939106104010685
207.0 0.9289809235832893
208.0 0.9199385495264895
209.0 0.9233868509929506
209.99999999999997 0.9329014711953403
210.99999999999997 0.938936799762152
212.0 0.9273993919864614
213.0 0.931700024554642
214.00000000000003 0.930481295180975
215.0 0.9331146781547268
216.0 0.9301264781742569
217.0 0.9282517102705576
218.0 0.9304531370608302
219.0 0.9295549140046686
220.0 0.9320548415613646
220.99999999999997 0.9359412645979938
222.0 0.9300670856494263
223.0 0.9335022677083946
224.0 0.9333464512126237
225.0 0.9373277600779274
226.0 0.9302541365498781
226.99999999999997 0.9297805344934968
228.0 0.9305005799751676
229.0 0.9317000245546406
230.0 0.9400888014272939
231.0 0.9294136014401684
232.0 0.9246197516959814
233.0 0.9309045419278065
233.99999999999997 0.931685848402007
235.0 0.9334751257667553
236.0 0.9282196235766834
237.00000000000003 0.9391270908364607
238.0 0.9394685839797371
239.00000000000003 0.9281776196293327
240.0 0.9247004613720228
241.0 0.9358820359624823
242.0 0.9351476504388596
242.99999999999997 0.9307980368140749
244.0 0.9274492227854624
244.99999999999997 0.925208018589978
245.99999999999997 0.934182205459422
247.0 0.9335986916793333
248.0 0.9314527288401675
249.00000000000003 0.9229579688175412
250.0 0.9305661250690666
251.0 0.9338111799430464
252.0 0.9262165114442832
253.00000000000003 0.9278359625967385
254.0 0.9294808511124513
