1.0 0.8550557297600628
2.0 0.9012977253924588
3.0 0.9032669126590875
4.0 0.9025248616263394
5.0 0.9020512595699546
6.0 0.881418819769137
7.0 0.9035299201216693
8.0 0.905105004644323
9.0 0.9064276570619412
10.0 0.9030933495113953
11.0 0.8992840656515165
12.0 0.8968361954359585
13.0 0.9111503563091242
14.0 0.9035121734697503
15.0 0.9054855893397337
16.0 0.9009393656354615
17.0 0.9105055815365078
18.0 0.9125052870589392
19.0 0.9002802508208886
20.0 0.9129945756612214
21.0 0.9100736253530348
22.0 0.9100080802591345
23.0 0.9092409473907725
24.0 0.9076122673847153
25.0 0.9181418959081825
26.0 0.915288689487031
27.0 0.911915976237429
28.0 0.9123598820313957
29.0 0.8985940719599091
30.0 0.8957246570291063
31.0 0.9031677679312571
32.0 0.9112136774076806
33.0 0.9118774066490553
34.0 0.9147483597221249
35.0 0.9191631629131667
36.0 0.9127606038101832
37.0 0.9096447454540938
38.0 0.9105472274094182
39.0 0.9105472274094171
40.0 0.9130486931083841
41.0 0.9091352945662272
42.0 0.912183242599172
43.0 0.9137641241632479
44.0 0.9097901504816408
45.0 0.9025221408694474
46.0 0.9118060645137295
47.0 0.9098094352758308
48.0 0.9128290335502985
49.00000000000001 0.9123687553573596
50.0 0.9160681274935337
51.0 0.9135014722283111
52.0 0.9143565112692986
53.0 0.917307679803655
54.0 0.9248591642872396
55.0 0.9243693537212037
56.0 0.909567606277346
57.0 0.9203359875147653
58.0 0.9200124049127244
59.0 0.8978817171895773
60.0 0.911317792089959
61.0 0.9153344581187882
62.0 0.915487689997979
63.0 0.9244777273026366
64.0 0.9073453565506161
65.0 0.9121446730107906
66.0 0.9158745936985752
67.0 0.9156257598418333
68.0 0.9127740915629494
69.0 0.9180261871430545
70.0 0.91718002142803
71.0 0.9174457496475044
72.0 0.9176995282564833
73.0 0.9204636458903869
74.0 0.9230407126238368
75.0 0.9337913472093321
76.0 0.9334662264650294
77.0 0.9252051079679996
78.0 0.9314117428445653
79.0 0.9258256531941959
80.0 0.9256486556875267
81.0 0.9191870621341552
82.0 0.9213113497476776
83.0 0.9156465827782847
84.0 0.9191276696093235
85.0 0.9181538455186756
86.0 0.9156658675724756
87.0 0.9169963771375428
88.0 0.924810183230636
89.0 0.9265811919797026
90.0 0.9274080729005401
91.0 0.925549513506491
92.0 0.9154120334654849
92.99999999999999 0.9271814084841928
94.0 0.9314992934895441
95.0 0.9264832298664968
96.0 0.922926214222337
97.0 0.9253199644439389
98.00000000000001 0.9246736515290539
98.99999999999999 0.9264060906897456
100.0 0.924124448438185
101.0 0.9254322665990975
102.0 0.9256386022937395
103.00000000000001 0.9248518291035458
104.0 0.9263852677532886
104.99999999999999 0.9254010321944135
106.0 0.9248576261449702
107.00000000000001 0.9268068124685326
108.0 0.9274451043466472
109.0 0.9277212440343472
110.0 0.9264816917242277
111.0 0.9265113879866433
112.0 0.92491855681207
113.0 0.9233939914882876
114.0 0.9240828025652743
115.0 0.9233226493529634
116.0 0.9252639785290767
116.99999999999999 0.9240025871039897
118.0 0.9197316507982235
119.0 0.9159566776275634
120.0 0.9151506196431815
121.0 0.9123687553573556
122.0 0.9103840757299517
122.99999999999999 0.9099797557028704
124.0 0.9144143656518566
125.0 0.9137062697806821
126.0 0.9118477103866333
127.0 0.9177990285119529
128.0 0.9150734804664254
129.0 0.9137818708151663
130.0 0.9103987460973354
131.0 0.9126240721085986
132.0 0.9104612149067002
133.0 0.9114246275291205
134.0 0.9152709428351067
135.0 0.9164318178262086
136.0 0.9143669227375189
137.0 0.9124192745562223
138.0 0.9111372240840007
139.0 0.9061591066357519
140.0 0.9121618976989558
141.0 0.9086975413413274
142.0 0.9080577113209443
143.0 0.9072813495989799
144.0 0.9027863309466513
145.0 0.9049892958791915
146.0 0.9084927437889518
147.0 0.9133113450433189
148.0 0.9138042318938889
149.0 0.9122677169596122
150.0 0.9158186077837088
151.0 0.9174010274900544
152.0 0.9201755565921861
153.0 0.9197628852029021
154.0 0.921582875008573
155.0 0.9208836524633598
156.0 0.9258700198239931
157.0 0.9264311725253553
158.0 0.9253979559098772
159.0 0.9225848572193714
160.0 0.9242860619753795
161.0 0.9228016043822409
162.0 0.9274138699419648
163.0 0.9222805594115212
164.0 0.9202453605852465
165.0 0.9212577542642716
166.0 0.9201250373933179
167.0 0.9161541399962428
168.0 0.9221914706242756
169.0 0.923539396515832
170.0 0.9155968881196012
171.0 0.9118371137740794
172.0 0.9103923498916392
173.0 0.9162251266039277
174.0 0.9126237165809609
175.0 0.9132541513116225
176.0 0.9126044317867716
177.0 0.916097468228305
178.0 0.921772646665923
179.0 0.9204929866251594
180.0 0.918929851713
181.0 0.9174710261157344
182.0 0.9017328722982763
183.0 0.9011462002966641
184.0 0.9000354842249815
185.0 0.9147512191661237
185.99999999999997 0.9090137635574694
187.0 0.9133538180032147
188.0 0.9022094387481814
189.0 0.9012726461036447
190.0 0.9027362807603289
191.0 0.9042767242683288
192.0 0.8978446353390492
193.0 0.9036896399889586
194.0 0.9056982188373522
195.0 0.9040517921793719
196.00000000000003 0.8971089033114866
197.00000000000003 0.9010635921989043
197.99999999999997 0.9087697105636425
199.0 0.9098013890368519
200.0 0.9104620419936881
201.0 0.9042670011999749
202.0 0.9039198749045904
203.0 0.8983237293136365
204.0 0.9094539072138245
205.0 0.9055589663788787
206.00000000000003 0.9029981081550817
207.0 0.8869211251438693
208.0 0.8832883332926043
209.0 0.8869092340256738
209.99999999999997 0.8785408643846043
210.99999999999997 0.8827048013618785
212.0 0.8826793639986222
213.0 0.8837812019925348
214.00000000000003 0.8918610666305392
215.0 0.8841286838155641
216.0 0.8848413941135426
217.0 0.886650972450985
218.0 0.8905906354433751
219.0 0.8937022349003072
220.0 0.8789197722506414
220.99999999999997 0.8952757812806974
222.0 0.8867504727064638
223.0 0.8930816896741179
224.0 0.8844078997877995
225.0 0.891134041492823
226.0 0.8808793700424298
226.99999999999997 0.887070979023962
228.0 0.8889727224331906
229.0 0.8876780364973939
230.0 0.898687064118675
231.0 0.8870057894577084
232.0 0.8874867266977846
233.0 0.8806283121903388
233.99999999999997 0.8869255739964225
235.0 0.879313158845735
236.0 0.884756564225454
237.00000000000003 0.8923157394203801
238.0 0.8837800193779127
239.00000000000003 0.8865931180684204
240.0 0.8921703343928353
241.0 0.8848101597088582
242.0 0.887909809555298
242.99999999999997 0.8910376175218802
244.0 0.887330910202011
244.99999999999997 0.8871824288899364
245.99999999999997 0.8972724105185937
247.0 0.8819318714520907
248.0 0.8871407830170241
249.00000000000003 0.882090408704756
250.0 0.8846184943816012
251.0 0.8862722562232797
252.0 0.8800062288218785
253.00000000000003 0.8712271416386667
254.0 0.8894120138003555
