1.0 1.7642077516198427
2.0 1.7956654386111437
3.0 1.7973488967152333
4.0 1.7964730347377913
5.0 1.7954799258529552
6.0 1.7804197853733184
7.0 1.800548046817142
8.0 1.7970445989073822
9.0 1.804125557619119
10.0 1.8055047179153587
11.0 1.7949797038186923
12.0 1.8015693138221256
13.0 1.798637430081955
14.0 1.7989432660320746
15.0 1.8044506783634238
16.0 1.7998665709238504
17.0 1.7988051961882214
18.0 1.8002896537813613
19.0 1.7979798534096538
20.0 1.8040572917683284
21.0 1.8028281509264352
22.0 1.8029261130396426
23.0 1.802238840104924
24.0 1.8065067001261548
25.0 1.8064176113389074
26.0 1.8060539210062256
27.0 1.7986003986358463
28.0 1.805160312376866
29.0 1.8022492515731507
30.0 1.8029855055644741
31.0 1.8070871376217055
32.0 1.804029133648179
33.0 1.8076883980537124
34.0 1.8058684082480392
35.0 1.80304096951558
36.0 1.8023086440979823
37.0 1.8014327821205423
38.0 1.805779319460794
39.0 1.80249415685617
40.0 1.8103024962332694
41.0 1.8090540705971871
42.0 1.8121240241812089
43.0 1.8157832885867415
44.0 1.8054349139222985
45.0 1.8046674255262933
46.0 1.8069803021825375
47.0 1.810244641850704
48.0 1.8046184444696896
49.00000000000001 1.8068808019270628
50.0 1.8089769314204367
51.0 1.8036847281096864
52.0 1.8084647597756778
53.0 1.8082792470174904
54.0 1.8111991811471648
55.0 1.8100086098936485
56.0 1.805277559284263
57.0 1.8108636489346337
58.0 1.8119562580749424
59.0 1.8101169834750828
60.0 1.8113669472534308
61.0 1.8073124000360954
62.0 1.8127044616767602
63.0 1.8097340083482136
64.0 1.812938955491551
65.0 1.814799053027865
66.0 1.808647360138647
67.0 1.8096954387598378
68.0 1.8064577190695499
69.0 1.809811147524965
70.0 1.8105801740632377
71.0 1.8112095926153933
72.0 1.812241271088604
73.0 1.8046169063274236
74.0 1.8026411000259805
75.0 1.8043704629021373
76.0 1.8053265403408645
77.0 1.8105786359209706
78.0 1.8103337306379523
79.0 1.8099997365676852
80.0 1.8129894746904194
81.0 1.811375820579391
82.0 1.8132953106405378
83.0 1.8134615386045363
84.0 1.8162063714442518
85.0 1.8153602057292282
86.0 1.8152622436160204
87.0 1.813716855355782
88.0 1.8130978482718547
89.0 1.8141013686249179
90.0 1.8125366955704925
91.0 1.8118093149051315
92.0 1.80719551120314
92.99999999999999 1.8035844900028282
94.0 1.8083756709884296
95.0 1.812153720443624
96.0 1.8052608288108478
97.0 1.8077952334928766
98.00000000000001 1.8108266174885226
98.99999999999999 1.8131171330660438
100.0 1.813295310640538
101.0 1.8160683016004013
102.0 1.8144145397587284
103.00000000000001 1.8166873086843285
104.0 1.8133828612855167
104.99999999999999 1.8137272668240105
106.0 1.8102342303824763
107.00000000000001 1.8145718943967672
108.0 1.8130191709528358
109.0 1.814868857020923
110.0 1.8169040558471972
111.0 1.814839160758507
112.0 1.813146829328459
113.0 1.8146120021274104
114.0 1.8123303598758504
115.0 1.8126925120662647
116.0 1.808481246612455
116.99999999999999 1.8120927897765247
118.0 1.8132255066474787
119.0 1.8113179661968273
120.0 1.8120364735362295
121.0 1.8119859543373587
122.0 1.8133516268808365
122.99999999999999 1.8033452395744245
124.0 1.8109095537067021
125.0 1.8107240409485157
126.0 1.8055105149567838
127.0 1.801950750806728
128.0 1.8044772983413064
129.0 1.800654360292553
130.0 1.8012204577461497
131.0 1.8065645545087174
132.0 1.8033580692231144
133.0 1.802719777345001
134.0 1.8032392841734528
135.0 1.8011342813541178
136.0 1.7963870222350757
137.0 1.8020028081478614
138.0 1.801885561240468
139.0 1.803319499634739
140.0 1.8021169787707272
141.0 1.807291935174081
142.0 1.8088076271719031
143.0 1.807824929755296
144.0 1.8092901025542458
145.0 1.812515872634039
146.0 1.8122412710886038
147.0 1.8146401602475601
148.0 1.812958240285738
149.0 1.811029876898633
150.0 1.8064368961330968
151.0 1.803289803372327
152.0 1.802286283019263
153.0 1.8013124589286142
154.0 1.8034560313363233
155.0 1.8062691300268297
156.0 1.807744714294008
157.0 1.8096433814187005
158.0 1.8060747439426827
159.0 1.8055328760355074
160.0 1.809202551909267
161.0 1.8139216529081577
162.0 1.8139810454329894
163.0 1.8149637428495977
164.0 1.8119458466067158
165.0 1.8111575352742544
166.0 1.8140597227520092
167.0 1.808120354237184
168.0 1.8082480126128064
169.0 1.8092010137669996
170.0 1.8044298554269704
171.0 1.7957253790339636
172.0 1.7941797212028638
173.0 1.7965679205664646
174.0 1.7921843517801064
175.0 1.7939746453233612
176.0 1.794013214911738
177.0 1.7977496184940214
178.0 1.790677533108243
179.0 1.7890816256491342
180.0 1.7830130606164183
181.0 1.77454335636533
182.0 1.765128714242072
183.0 1.764668087857588
184.0 1.7635157558670145
185.0 1.766765425167795
185.99999999999997 1.7737291369721402
187.0 1.7717622039966539
188.0 1.7637903574124474
189.0 1.7646711641421233
190.0 1.7578678832603534
191.0 1.7621693681177242
192.0 1.7643322253196219
193.0 1.7708639809404905
194.0 1.764825112170194
195.0 1.7692325801775453
196.00000000000003 1.769293510844641
197.00000000000003 1.7678356732293847
197.99999999999997 1.7675167050541487
199.0 1.7702688730775553
200.0 1.7656951771062093
201.0 1.7611569744386983
202.0 1.763992434207929
203.0 1.768062831860478
204.0 1.7627602170815033
205.0 1.755818866355882
206.00000000000003 1.774153757971916
207.0 1.7533069891886919
208.0 1.7510550431995469
209.0 1.7407363647975218
209.99999999999997 1.7405424729281234
210.99999999999997 1.7351451387565846
212.0 1.7338799826470934
213.0 1.7492611514079959
214.00000000000003 1.7394713751241395
215.0 1.7433296400406193
216.0 1.7346037928131706
217.0 1.7352285969385217
218.0 1.7454199724925692
219.0 1.7425177850148128
220.0 1.7480444821403516
220.99999999999997 1.7542495788746504
222.0 1.7502885709820475
223.0 1.7499603739532088
224.0 1.7509219181079263
225.0 1.7469028919434364
226.0 1.752451428183943
226.99999999999997 1.7439404596516639
228.0 1.7505519087700627
229.0 1.7453235485216285
230.0 1.752404507233365
231.0 1.7509659544122984
232.0 1.7539171229466564
233.0 1.737195885441652
233.99999999999997 1.742378177028698
235.0 1.744208578302597
236.0 1.744316951884032
237.00000000000003 1.7436786600059144
238.0 1.7413386414080316
239.00000000000003 1.7501960755848334
240.0 1.7467431468739456
241.0 1.7448622264011733
242.0 1.7495378130594517
242.99999999999997 1.7446840488266802
244.0 1.7379049974913325
244.99999999999997 1.7458049799764555
245.99999999999997 1.7413476786233146
247.0 1.7424822639619653
248.0 1.7482335653978278
249.00000000000003 1.7443966453815583
250.0 1.7428429057591184
251.0 1.7543016362157913
252.0 1.7489693251743976
253.00000000000003 1.7465407397530275
254.0 1.7412157638953245
