1.0 1.0048311586095526
2.0 1.0343266631924846
3.0 1.0311700112526723
4.0 1.0372593992218464
5.0 1.0396509531971068
6.0 1.022293292281688
7.0 1.0417054368175698
8.0 1.0396019721405039
9.0 1.0388344837444974
10.0 1.040921739911912
11.0 1.037489634137477
12.0 1.0426881342341767
13.0 1.0461842469602443
14.0 1.0366403921379177
15.0 1.0475232995258423
16.0 1.0464515133219858
17.0 1.0446018272538982
18.0 1.050936120506086
19.0 1.0447992896225797
20.0 1.0489186683317329
21.0 1.0456751516000191
22.0 1.0454969740255255
23.0 1.0456751516000224
24.0 1.0434394141205292
25.0 1.0423305964705678
26.0 1.0516530897032208
27.0 1.0399895616941746
28.0 1.0523122045177906
29.0 1.05642424804325
30.0 1.054831416868677
31.0 1.0526180404679082
32.0 1.0467766340662903
33.0 1.050720911485484
34.0 1.049264612012493
35.0 1.0470215393493114
36.0 1.047327375299427
37.0 1.050002404146082
38.0 1.0531005158502518
39.0 1.0514779884132612
40.0 1.0467959188604794
41.0 1.0531599083750827
42.0 1.0523434389224744
43.0 1.052883768687381
44.0 1.0570497380216795
45.0 1.057181324971029
46.0 1.0485268198789026
47.0 1.0578196168491427
48.0 1.0529624460064013
49.00000000000001 1.0531302121126678
50.0 1.0505041643226145
51.0 1.054595384911618
52.0 1.05782115499141
53.0 1.0579488133670334
54.0 1.0607322157951233
55.0 1.0581655605299027
56.0 1.055348147442224
57.0 1.0527649836377193
58.0 1.0558735068101144
59.0 1.0512893993705408
60.0 1.0510726522076697
61.0 1.0489875922865937
62.0 1.0534537947147047
63.0 1.0559714689233233
64.0 1.0555291012716228
65.0 1.0549783600384888
66.0 1.051614520114844
67.0 1.0527368255175702
68.0 1.0518713750083588
69.0 1.0529238764180258
70.0 1.053710649608219
71.0 1.052687844460967
72.0 1.0531599083750822
73.0 1.0544187454793914
74.0 1.0521860842844362
75.0 1.0541113713870074
76.0 1.0581551490616743
77.0 1.050925709037859
78.0 1.0542895489615005
79.0 1.0467083682154998
80.0 1.0453012721807315
81.0 1.0506318226982378
82.0 1.052530489822928
83.0 1.0494620743811747
84.0 1.050248847571368
85.0 1.0522157805468515
86.0 1.0518119824835266
87.0 1.0536259836094484
88.0 1.055527563129356
89.0 1.054014947416067
90.0 1.051665039313715
91.0 1.05840159248696
92.0 1.0545815455784093
92.99999999999999 1.0480660197222047
94.0 1.0522246538728104
95.0 1.0549887715067146
96.0 1.0501003662592887
97.0 1.0482209839287866
98.00000000000001 1.0513993110942423
98.99999999999999 1.0522944578658706
100.0 1.053631972289199
101.0 1.0525289516806604
102.0 1.052784268431906
103.00000000000001 1.052312204517791
104.0 1.0520969954971893
104.99999999999999 1.0523627237166626
106.0 1.0537106496082183
107.00000000000001 1.0546547774364508
108.0 1.0560709691787982
109.0 1.056621710411933
110.0 1.055569209002266
111.0 1.0564643557738937
112.0 1.0566409952061209
113.0 1.0544677265359959
114.0 1.053415225126329
115.0 1.056798349844159
116.0 1.0575806724968686
116.99999999999999 1.0555869556541868
118.0 1.0559016649302637
119.0 1.054455776925501
120.0 1.0544958846561432
121.0 1.0554415506266435
122.0 1.0547407899391614
122.99999999999999 1.0544072900836488
124.0 1.055928284908145
125.0 1.057690420331253
126.0 1.055258758625347
127.0 1.0553285626184061
128.0 1.0569213937929796
129.0 1.0526788141871748
130.0 1.0560663547519962
131.0 1.056370652559846
132.0 1.055781341738336
133.0 1.0579843066708752
134.0 1.0583479970035548
135.0 1.0556922529510855
136.0 1.0561747283334304
137.0 1.0591347701937484
138.0 1.0571978638061128
139.0 1.0477976014891395
140.0 1.0511260560527524
141.0 1.0530083507784689
142.0 1.055163872796674
143.0 1.0482105724605575
144.0 1.0521741346739406
145.0 1.0526951796446586
146.0 1.0509241708955903
147.0 1.0525378250066215
148.0 1.0525081287442042
149.0 1.0521830079999
150.0 1.0510325444770254
151.0 1.0522319890565035
152.0 1.0534923643030791
153.0 1.055733898823996
154.0 1.0530692814455669
155.0 1.0555958289801455
156.0 1.0550925306613477
157.0 1.0540415673939485
158.0 1.0519766723052604
159.0 1.0547986443217272
160.0 1.0556359367107917
161.0 1.0571990716229498
162.0 1.0547303784709334
163.0 1.0585350479040097
164.0 1.057256926005512
165.0 1.0524175018146904
166.0 1.0535783768057916
167.0 1.055475505788215
168.0 1.0559772659647475
169.0 1.055456220994027
170.0 1.0563890573158345
171.0 1.0502164980851512
172.0 1.0476474740909785
173.0 1.0529813752729429
174.0 1.0503182960367827
175.0 1.0505824861139876
176.0 1.0436781668344763
177.0 1.0499827638242498
178.0 1.0488797432157149
179.0 1.0465981009641534
180.0 1.040648320981099
181.0 1.0351543686535054
182.0 1.0246233658770885
183.0 1.0175589716501423
184.0 1.0120174423671977
185.0 1.0218888083652873
185.99999999999997 1.0185323036253378
187.0 1.0188412158599889
188.0 1.025124137624117
189.0 1.0258762697996613
190.0 1.0168981821054988
191.0 1.017938733904669
192.0 1.028048000327518
193.0 1.0251191928718826
194.0 1.0221977205999389
195.0 1.0293172489000548
196.00000000000003 1.0264655806211693
197.00000000000003 1.0260455740481949
197.99999999999997 1.0266927392522682
199.0 1.0314045050674663
200.0 1.0329556903691317
201.0 1.0317354228531972
202.0 1.0190564248805956
203.0 1.023649405646126
204.0 1.0289149889789964
205.0 1.0221070936704255
206.00000000000003 1.018357202335382
207.0 1.0208014717558567
208.0 1.006275808501683
209.0 1.005375386652391
209.99999999999997 1.0160999535195674
210.99999999999997 1.0077178259775303
212.0 1.0007059854057732
213.0 1.0051259249873754
214.00000000000003 0.99926385953862
215.0 1.002621738531522
216.0 1.0050445269114678
217.0 1.0097740393785868
218.0 1.0105608125687768
219.0 1.0058386352853508
220.0 1.001630167788952
220.99999999999997 0.9984148091773931
222.0 1.001551490469933
223.0 1.0190074438239942
224.0 1.008397955366882
225.0 1.0080639612966142
226.0 1.008880430749222
226.99999999999997 1.0105384514900544
228.0 1.0134822848407203
229.0 1.0188219310658033
230.0 1.0141518111235173
231.0 1.016148440361418
232.0 1.0141294500447944
233.0 1.016942548735303
233.99999999999997 1.009303513606736
235.0 1.005969369945509
236.0 1.0137865826485692
237.00000000000003 1.0126376572679598
238.0 1.0168846943527363
239.00000000000003 1.0033626069496435
240.0 1.008772057167787
241.0 1.0126762268563372
242.0 1.004915330393576
242.99999999999997 0.9985779608568524
244.0 1.0134005312371637
244.99999999999997 1.008807550471633
245.99999999999997 1.0122145744104523
247.0 1.0089085888693707
248.0 1.008561107046344
249.00000000000003 0.9980511188447087
250.0 1.0079316884941898
251.0 1.0109823572840229
252.0 1.0035481197078315
253.00000000000003 1.0046079563011927
254.0 1.006879187084526
