1.0 1.108794063456032
2.0 1.1417959283439372
3.0 1.141320788145286
4.0 1.1415093771880085
5.0 1.1471074164488733
6.0 1.1447506673775834
7.0 1.1482490066457873
8.0 1.136384087694334
9.0 1.142732720988475
10.0 1.149735002381195
11.0 1.1438133805182888
12.0 1.1474221257249526
13.0 1.1518342081591018
14.0 1.1517420430873195
15.0 1.1522557528743465
16.0 1.1480264624414938
17.0 1.1474163286835253
18.0 1.1450471357869836
19.0 1.150683744636229
20.0 1.1596737819408856
21.0 1.1505337251818832
22.0 1.1495525659075412
23.0 1.1582159443256266
24.0 1.1447397616946025
25.0 1.1515877647338173
26.0 1.151353270919027
27.0 1.152346379803861
28.0 1.1560723719179176
29.0 1.1527798741296031
30.0 1.1521504555774458
31.0 1.154006102576279
32.0 1.1505263899981897
33.0 1.1571071266756634
34.0 1.1545775028565508
35.0 1.1591037559135609
36.0 1.1569675186895467
37.0 1.1587296541126537
38.0 1.1584743373614081
39.0 1.1517570689823504
40.0 1.1533795964193403
41.0 1.1455519722480496
42.0 1.1469384677279837
43.0 1.158808331431673
44.0 1.1590563129992255
45.0 1.1547275223108968
46.0 1.1563010686912785
47.0 1.1469958001467904
48.0 1.15239228457593
49.00000000000001 1.144700339817034
50.0 1.148393229058707
51.0 1.1495525659075425
52.0 1.1584654640354486
53.0 1.1637561292039302
54.0 1.1602526812941707
55.0 1.1636388822965353
56.0 1.1630441047590288
57.0 1.1623889185181862
58.0 1.1619658356606748
59.0 1.156783022109871
60.0 1.154853642544253
61.0 1.159244710403621
62.0 1.1529935450079378
63.0 1.1541929895874148
64.0 1.1557977703724849
65.0 1.1594258003733338
66.0 1.156936284284863
67.0 1.1551282440896868
68.0 1.1541945277296823
69.0 1.1513309098403035
70.0 1.1545582180623648
71.0 1.155177225146291
72.0 1.1568992528387538
73.0 1.15522774434516
74.0 1.1577454185537777
75.0 1.1564000469829991
76.0 1.1596352123525089
77.0 1.1676306026300611
78.0 1.1686237115148999
79.0 1.1660481829237168
80.0 1.1710175479778062
81.0 1.1783025598965418
82.0 1.1706218788950662
83.0 1.1690764906348268
84.0 1.1620533863056537
85.0 1.163528970572833
86.0 1.1569987530942292
87.0 1.1610394544843619
88.0 1.1593174267918982
89.0 1.1619554241924464
90.0 1.1639327686361551
91.0 1.1607648529389274
92.0 1.1522674945386964
92.99999999999999 1.1598713309983693
94.0 1.1695485545489441
95.0 1.1698721371509804
96.0 1.1670767851123929
97.0 1.163193438360298
98.00000000000001 1.1659783789306575
98.99999999999999 1.167593571183954
100.0 1.1681443124170892
101.0 1.1693244722023788
102.0 1.1667281206747424
103.00000000000001 1.1657839928465108
104.0 1.1681443124170905
104.99999999999999 1.1692947759399648
106.0 1.1700815491301577
107.00000000000001 1.1714680446100898
108.0 1.1728842363524383
109.0 1.1729436288772692
110.0 1.1730223061962881
111.0 1.1742811433005969
112.0 1.1734943701104035
113.0 1.1754613030858865
114.0 1.1724715649631516
115.0 1.1728946478206652
116.0 1.1660017561878886
116.99999999999999 1.1683105403810885
118.0 1.1679958311050105
119.0 1.171487329404277
120.0 1.1700221566053264
121.0 1.1660393095977564
122.0 1.1657735813782832
122.99999999999999 1.1616491222240777
124.0 1.160537694307832
125.0 1.1609222075769674
126.0 1.1624853424891268
127.0 1.167366412552858
128.0 1.1642677788849287
129.0 1.1625788952493374
130.0 1.174033161733044
131.0 1.1713967024747647
132.0 1.1733532239820188
133.0 1.1729212677985446
134.0 1.1706203407527975
135.0 1.170845961241628
136.0 1.1733354773300972
137.0 1.1784984841229555
138.0 1.1774058749826453
139.0 1.1672478498848142
140.0 1.1652825629954124
141.0 1.1683386985012363
142.0 1.1671361776372235
143.0 1.1661044991640133
144.0 1.1674628365237962
145.0 1.169459465761697
146.0 1.172812894217112
147.0 1.1712883288933293
148.0 1.1708756575040442
149.0 1.1728826982101708
150.0 1.1747991119867818
151.0 1.1712987403615567
152.0 1.1727446283663197
153.0 1.1731572997556037
154.0 1.1697429406330906
155.0 1.1689874018475808
156.0 1.1666166708087726
157.0 1.165081694016762
158.0 1.1663301196528448
159.0 1.1628579061477664
160.0 1.1646289148968356
161.0 1.1666745251913382
162.0 1.170174896816564
163.0 1.1720558172893338
164.0 1.172113671671897
165.0 1.1674998679699073
166.0 1.1666344174606942
167.0 1.1645382879673218
168.0 1.1613094416029959
169.0 1.1618304865737161
170.0 1.166711201109801
171.0 1.1577655603163768
172.0 1.1580557075881757
173.0 1.1571438025941279
174.0 1.1533440779132877
175.0 1.159342838952944
176.0 1.1564271637224273
177.0 1.1557468956459709
178.0 1.1592472672711924
179.0 1.1575044166422752
180.0 1.147049206538668
181.0 1.1360379006614676
182.0 1.1266640966953219
183.0 1.1288650357648395
184.0 1.1213718868905804
185.0 1.125935171393699
185.99999999999997 1.12194993395467
187.0 1.1293015656381176
188.0 1.1253450082829983
189.0 1.1195252771070274
190.0 1.123901510709694
191.0 1.1315540335910217
192.0 1.123144433781917
193.0 1.1276795601648877
194.0 1.1300169966929907
195.0 1.1241593817817237
196.00000000000003 1.123460159236507
197.00000000000003 1.132972779654148
197.99999999999997 1.1336071429585395
199.0 1.13074028234851
200.0 1.1243807156223864
201.0 1.129982683456976
202.0 1.1294780108852311
203.0 1.1299444719430394
204.0 1.131847067641454
205.0 1.1352865085995798
206.00000000000003 1.12295004769777
207.0 1.126107536588415
208.0 1.1120448091125594
209.0 1.116471999647747
209.99999999999997 1.1135520618219377
210.99999999999997 1.1180257936188605
212.0 1.1197181250489097
213.0 1.1191392256956303
214.00000000000003 1.1143706216763765
215.0 1.1144661933581275
216.0 1.1098814000654762
217.0 1.1123797894799057
218.0 1.1057048528268363
219.0 1.1097190981284082
220.0 1.1143738618502324
220.99999999999997 1.1175858138518302
222.0 1.1207716400902936
223.0 1.1162349755650558
224.0 1.1194267627342671
225.0 1.1084256200094516
226.0 1.119419099771937
226.99999999999997 1.1139517951712297
228.0 1.1117061681872682
229.0 1.1164515588386066
230.0 1.1040874340314006
231.0 1.1233717563023398
232.0 1.1128016897227953
233.0 1.1144112513707825
233.99999999999997 1.1250519742325746
235.0 1.111699191078014
236.0 1.1098703279463844
237.00000000000003 1.1271006608116105
238.0 1.12649206519591
239.00000000000003 1.131240862457216
240.0 1.1224232056856267
241.0 1.1284042200733622
242.0 1.135635198239445
242.99999999999997 1.1224814155958331
244.0 1.1273891056374468
244.99999999999997 1.1267832307786385
245.99999999999997 1.1268811928918467
247.0 1.118274130714061
248.0 1.1256875453537958
249.00000000000003 1.1190416191100676
250.0 1.1232219284863147
251.0 1.118288801081448
252.0 1.1177322628068884
253.00000000000003 1.108541686849012
254.0 1.1162967862703541
