1.0 1.218272685958424
2.0 1.2592048035559342
3.0 1.2624973013442498
4.0 1.2651962294118957
5.0 1.2659502300551382
6.0 1.2574723643952432
7.0 1.2689503796460997
8.0 1.263670125945846
9.0 1.2722177955988028
10.0 1.2627155866493862
11.0 1.2699762610778864
12.0 1.2680197395706314
13.0 1.2690024369872392
14.0 1.2689044748740324
15.0 1.266308123346395
16.0 1.2724449542299006
17.0 1.2702419892973604
18.0 1.2706265025664956
19.0 1.271854105266123
20.0 1.2703399514105693
21.0 1.268343322172668
22.0 1.2615948193889277
23.0 1.2669464152245076
24.0 1.2713835794942738
25.0 1.2730951957185104
26.0 1.2714711301392543
27.0 1.275228356657992
28.0 1.276448624173925
29.0 1.2766445484003384
30.0 1.2735568481643975
31.0 1.2729675373428884
32.0 1.2673324666359118
33.0 1.2778054233914409
34.0 1.2755831736647125
35.0 1.2701336157159233
36.0 1.266907845636132
37.0 1.2742842288297602
38.0 1.2773140746831377
39.0 1.2769800806128733
40.0 1.2819070554486747
41.0 1.2725741507477915
42.0 1.2744134253476511
43.0 1.274020038752555
44.0 1.2733994935263602
45.0 1.2785729117874471
46.0 1.2765080166987572
47.0 1.2775204103777782
48.0 1.2733223543496086
49.00000000000001 1.2758369522736905
50.0 1.2757702245651663
51.0 1.2749537551125565
52.0 1.274492102666669
53.0 1.272483523818277
54.0 1.267203270118022
55.0 1.2736162406892295
56.0 1.2786218928440494
57.0 1.2787302664254852
58.0 1.2836572412612866
59.0 1.2858409213996391
60.0 1.2868251569585132
61.0 1.2842762483452126
62.0 1.283657241261285
63.0 1.280658629812591
64.0 1.2806289335501764
65.0 1.276646086542607
66.0 1.2811499785208946
67.0 1.2811499785208964
68.0 1.2804908637063253
69.0 1.2742159629789673
70.0 1.272965999200618
71.0 1.269032133249653
72.0 1.2638097339319618
73.0 1.2696808365959957
74.0 1.2687679431724455
75.0 1.2720410764192611
76.0 1.275139267870745
77.0 1.2828793413970525
78.0 1.278700570163068
79.0 1.2842183939626481
80.0 1.2826591876242146
81.0 1.282232176192976
82.0 1.2817898085412762
83.0 1.280058907522851
84.0 1.2802652432174948
85.0 1.282261872455394
86.0 1.2821045178173551
87.0 1.2789207239359066
88.0 1.2759364525291654
89.0 1.278376987561032
90.0 1.2806883260750057
91.0 1.2824682081500347
92.0 1.2760610346202554
92.99999999999999 1.2650342603470524
94.0 1.2788386400069196
95.0 1.282683417170639
96.0 1.2872156311583938
97.0 1.2878969431623677
98.00000000000001 1.2829402720641518
98.99999999999999 1.2855663198542049
100.0 1.2858023518112622
101.0 1.2848582239830297
102.0 1.283442032240683
103.00000000000001 1.2814750992652
104.0 1.2812390673081422
104.99999999999999 1.2799015528848134
106.0 1.2727612016482435
107.00000000000001 1.2686001770661788
108.0 1.2647152921718174
109.0 1.2678029924077583
110.0 1.2724553656981272
111.0 1.277579802902611
112.0 1.2792617228644336
113.0 1.2781112593415593
114.0 1.278328006504428
115.0 1.2772249858958906
116.0 1.2713069345322736
116.99999999999999 1.273776316084159
118.0 1.278835563722385
119.0 1.2780013476178556
120.0 1.277501125583592
121.0 1.2774328597328004
122.0 1.273705329476478
122.99999999999999 1.2731603852847677
124.0 1.2748349700628947
125.0 1.2684918034847448
126.0 1.2700564765391729
127.0 1.274836508205163
128.0 1.2712455096504207
129.0 1.2630902021470303
130.0 1.271472804421833
131.0 1.2735167404337548
132.0 1.2736266521574562
133.0 1.2748557929993498
134.0 1.2743050517662153
135.0 1.2770884541943068
136.0 1.2786323043122758
137.0 1.2809613894781744
138.0 1.2803963082030843
139.0 1.2671971175489518
140.0 1.2722548270449106
141.0 1.2722386185352543
142.0 1.275641028047274
143.0 1.272317295854274
144.0 1.2701930082407544
145.0 1.272444954229899
146.0 1.2732999932708857
147.0 1.2755727621964839
148.0 1.2821029796750856
149.0 1.281010370534776
150.0 1.2829877149784876
151.0 1.2792794695163532
152.0 1.2802043125503972
153.0 1.2824755433337294
154.0 1.2799875653875263
155.0 1.279674394253717
156.0 1.2797307104940137
157.0 1.2780696134686462
158.0 1.2782566643691
159.0 1.2815908080303278
160.0 1.2809421046839855
161.0 1.2793685583035996
162.0 1.2779419550930244
163.0 1.2765747444072792
164.0 1.2706338377501882
165.0 1.2776168343487193
166.0 1.2770660931155837
167.0 1.2805961610032264
168.0 1.27748763783083
169.0 1.274693823934509
170.0 1.2717803726993393
171.0 1.2592008472332032
172.0 1.2573393754439397
173.0 1.2658623238825168
174.0 1.2561599318075292
175.0 1.262175587209913
176.0 1.2600953359007612
177.0 1.256664768268593
178.0 1.258987534429307
179.0 1.2588068025340344
180.0 1.2522334010402538
181.0 1.236519448442878
182.0 1.2173458452578592
183.0 1.2284287088651997
184.0 1.2225315885116905
185.0 1.2283583245459206
185.99999999999997 1.230772239599901
187.0 1.2319658871379595
188.0 1.2352865430464213
189.0 1.2319612727111515
190.0 1.2304544540392928
191.0 1.2416505325610232
192.0 1.239209997529158
193.0 1.2279888371718137
194.0 1.2319925071158344
195.0 1.2303715178211145
196.00000000000003 1.228726629305403
197.00000000000003 1.231840949519226
197.99999999999997 1.2337885977005179
199.0 1.243134990154164
200.0 1.2339713897018165
201.0 1.2323353745120615
202.0 1.2228154189107263
203.0 1.225638929069456
204.0 1.2207397568261658
205.0 1.21405951989322
206.00000000000003 1.2112923259747808
207.0 1.1953039081021273
208.0 1.201088504048697
209.0 1.2093448416828065
209.99999999999997 1.2012772569807315
210.99999999999997 1.204097690854934
212.0 1.1972241117653544
213.0 1.2120540173293584
214.00000000000003 1.2038896783309154
215.0 1.212969820601329
216.0 1.220232033172095
217.0 1.212865539482941
218.0 1.215168856960146
219.0 1.2035102737033323
220.0 1.197120516500036
220.99999999999997 1.2032394368423045
222.0 1.215228085595657
223.0 1.2148555219370143
224.0 1.2149847184549025
225.0 1.214422027611272
226.0 1.2089339000741097
226.99999999999997 1.2075578160624054
228.0 1.2081174306215066
229.0 1.2026856193246367
230.0 1.2054497369585409
231.0 1.2020681503829764
232.0 1.1980305252773804
233.0 1.2034488488214827
233.99999999999997 1.2126124492738324
235.0 1.2086889947910935
236.0 1.212259170409374
237.00000000000003 1.2110998335605425
238.0 1.2111457383326147
239.00000000000003 1.1971338403634812
240.0 1.2095976293154824
241.0 1.2128885889615295
242.0 1.202647049736258
242.99999999999997 1.207378100345644
244.0 1.2038302858060825
244.99999999999997 1.2072519801122883
245.99999999999997 1.2047655403083581
247.0 1.2124477594521037
248.0 1.2186796400535973
249.00000000000003 1.2094477737504596
250.0 1.20763358098621
251.0 1.2000146829410216
252.0 1.2208677707294342
253.00000000000003 1.2060598707165053
254.0 1.1806081715572478
