1.0 1.495023220040905
2.0 1.5451359443445034
3.0 1.5529562333321003
4.0 1.5528806322976152
5.0 1.557581986644585
6.0 1.5534387087144441
7.0 1.5490832980482336
8.0 1.5547985842164944
9.0 1.5570505302056388
10.0 1.5577111831624773
11.0 1.5550658505782358
12.0 1.5472945426472442
13.0 1.5611135926744955
14.0 1.555586895548954
15.0 1.5580748734951577
16.0 1.5604440663916967
17.0 1.5591377863730516
18.0 1.5540310958204901
19.0 1.55775129089312
20.0 1.562382841247032
21.0 1.5594316727126731
22.0 1.5578982340629308
23.0 1.5599824139458083
24.0 1.568430583343291
25.0 1.5607113327534388
26.0 1.5639282295072698
27.0 1.5618425114821226
28.0 1.5616450491134415
29.0 1.5616643339076302
30.0 1.550717775095718
31.0 1.55694369476647
32.0 1.5577304679566628
33.0 1.5615278022060475
34.0 1.5618498466658173
35.0 1.5535086765968196
36.0 1.5554681104992911
37.0 1.5599438443574312
38.0 1.5663953845170144
39.0 1.5654126871004084
40.0 1.5677625952027607
41.0 1.5640840460030403
42.0 1.56466448349859
43.0 1.5629038862177502
44.0 1.559875578506642
45.0 1.561124004142723
46.0 1.5600699645907887
47.0 1.553596063352482
48.0 1.5606504020863399
49.00000000000001 1.5615366755320053
50.0 1.5605539781153996
51.0 1.5596692428119987
52.0 1.5661416059080393
53.0 1.5588913429477662
54.0 1.5597567934569774
55.0 1.5635140199757163
56.0 1.551042895840023
57.0 1.5522512137454614
58.0 1.5600684264485205
59.0 1.5672504235580003
60.0 1.5665423276868284
61.0 1.5625490692110302
62.0 1.5616836187018184
63.0 1.5645962176478
64.0 1.5641804699739812
65.0 1.5597047361158407
66.0 1.5595265585413443
67.0 1.560562851441362
68.0 1.5628043859622769
69.0 1.5615945299145706
70.0 1.5633744119895983
71.0 1.562636619856009
72.0 1.5645723184268083
73.0 1.5649286735757968
74.0 1.5646436605621357
75.0 1.566885195083052
76.0 1.5608478644550214
77.0 1.568402425223142
78.0 1.5663151690557284
79.0 1.5664740618360358
80.0 1.563578357252781
81.0 1.5680773044788368
82.0 1.5655372691914962
83.0 1.5659900483114237
84.0 1.5635792095419745
85.0 1.565765965964861
86.0 1.566376099722827
87.0 1.5644368029037357
88.0 1.5660405675102957
89.0 1.5688729509949917
90.0 1.5679986271598187
91.0 1.5724060951671672
92.0 1.5569370353174017
92.99999999999999 1.561591098102392
94.0 1.5604054968033207
95.0 1.5630716523240185
96.0 1.5641122041231896
97.0 1.567651145336791
98.00000000000001 1.571392163345876
98.99999999999999 1.5751775479847654
100.0 1.5732804190023428
101.0 1.5735862549524582
102.0 1.5779239189667473
103.00000000000001 1.5759168782606219
104.0 1.5737806410366049
104.99999999999999 1.5708013143820982
106.0 1.5706543712122876
107.00000000000001 1.5701020918368844
108.0 1.5718329928553103
109.0 1.5721477021313872
110.0 1.573142349158489
111.0 1.5713238974950858
112.0 1.5714515558707085
113.0 1.5697607625829264
114.0 1.5696122812708482
115.0 1.568255482053332
116.0 1.5644489228975433
116.99999999999999 1.5665542772973216
118.0 1.569858724696131
119.0 1.5688046851441986
120.0 1.5702031302346262
121.0 1.570704890411158
122.0 1.5718939235224065
122.99999999999999 1.5684915140103883
124.0 1.564153849996099
125.0 1.565157370349163
126.0 1.5661119096456224
127.0 1.5672920694309107
128.0 1.562510499622654
129.0 1.5665037580984504
130.0 1.5665646887655476
131.0 1.5664459037158844
132.0 1.5688849006054841
133.0 1.568757242229861
134.0 1.5702906808796062
135.0 1.566661112736489
136.0 1.5562533455472183
137.0 1.5543473432388348
138.0 1.5577200564884395
139.0 1.5482560655469564
140.0 1.5540380729297478
141.0 1.5527780557576072
142.0 1.5500525077120806
143.0 1.5505750908250666
144.0 1.5541645512375388
145.0 1.5524409854028074
146.0 1.5574007327855577
147.0 1.551991282567413
148.0 1.5498789445643866
149.0 1.5425692890792844
150.0 1.5436337400994464
151.0 1.5418835542868312
152.0 1.5435566009226924
153.0 1.5450989128983954
154.0 1.5466204019376435
155.0 1.546942446397412
156.0 1.5462169341997505
157.0 1.5497806269235332
158.0 1.5438982605020837
159.0 1.5408812165483923
160.0 1.5418164710506632
161.0 1.5421863139524141
162.0 1.5427771629161926
163.0 1.5518057698092238
164.0 1.5513144211009189
165.0 1.5546011218478095
166.0 1.5537148484021435
167.0 1.555512477129091
168.0 1.5540978235290117
169.0 1.5495923934084557
170.0 1.542271776742362
171.0 1.5235546543448355
172.0 1.5302614033118545
173.0 1.5409406090732256
174.0 1.5470701047730364
175.0 1.5502395586125333
176.0 1.5410786789170745
177.0 1.5354941274089715
178.0 1.535602500990407
179.0 1.5366727490519947
180.0 1.523729561002184
181.0 1.5129219550666115
182.0 1.5007830367282942
183.0 1.5067056227713933
184.0 1.5067014184173404
185.0 1.4954894894603963
185.99999999999997 1.4956225868030029
187.0 1.4914870021309916
188.0 1.4775510355217802
189.0 1.4842551716757206
190.0 1.4898212906788246
191.0 1.483070067138198
192.0 1.4954869073906112
193.0 1.4915097187373605
194.0 1.4867003211343863
195.0 1.4906053431121264
196.00000000000003 1.4888493602580872
197.00000000000003 1.495879799770954
197.99999999999997 1.4934199799449002
199.0 1.483498780601017
200.0 1.4893927663075295
201.0 1.491794209787262
202.0 1.4856643837620178
203.0 1.5015194849047275
204.0 1.4962735418936923
205.0 1.496907547123642
206.00000000000003 1.4898679065061795
207.0 1.470582932495319
208.0 1.4827718739586162
209.0 1.4888225595305684
209.99999999999997 1.483276342241233
210.99999999999997 1.485159683441261
212.0 1.4909144192360932
213.0 1.481624698550391
214.00000000000003 1.4834801816599055
215.0 1.4908200553711835
216.0 1.494904271101925
217.0 1.4851656998700162
218.0 1.4835710002277416
219.0 1.4956176672529766
220.0 1.4847689066649568
220.99999999999997 1.4852890993464858
222.0 1.4815719805583887
223.0 1.4857507517923774
224.0 1.4811840606792823
225.0 1.4874069040655038
226.0 1.4770762760529847
226.99999999999997 1.4931561453953366
228.0 1.489592452671554
229.0 1.4897320606576727
230.0 1.4914598853915628
231.0 1.4828528232137776
232.0 1.4862536945835272
233.0 1.4948750968032678
233.99999999999997 1.4833754063267617
235.0 1.4795715891828798
236.0 1.4811886499038736
237.00000000000003 1.4787909408127442
238.0 1.4751202487604786
239.00000000000003 1.4921461143987642
240.0 1.4767376675559147
241.0 1.4767673638183334
242.0 1.4701372905566061
242.99999999999997 1.4736255461352277
244.0 1.4797164722466625
244.99999999999997 1.4806880975441816
245.99999999999997 1.4928460505460643
247.0 1.4974791390422404
248.0 1.4902708522803176
249.00000000000003 1.4972379706946268
250.0 1.4975033685886632
251.0 1.492069688824099
252.0 1.478955658383488
253.00000000000003 1.478331681345119
254.0 1.4768665085461727
