1.0 0.8518996327052676
2.0 0.8916787879571325
3.0 0.8837730084305865
4.0 0.8878321423257163
5.0 0.8866905521288007
6.0 0.8726492084753731
7.0 0.8867214562080507
8.0 0.8886421288838231
9.0 0.895170972109474
10.0 0.8847108172536355
11.0 0.877858721751373
12.0 0.8851996116411598
13.0 0.8997076366347145
14.0 0.8937255783194658
15.0 0.8966486164826825
16.0 0.8875822922904634
17.0 0.8970235705727793
18.0 0.8997745559815628
19.0 0.8832248215182273
20.0 0.8965292791734569
21.0 0.8947064350173768
22.0 0.8900218085970244
23.0 0.8887134710191478
24.0 0.8962543775983922
25.0 0.8980124205584558
26.0 0.8881897052915371
27.0 0.8975908758432092
28.0 0.8992905424569522
29.0 0.9006265187380146
30.0 0.8938483196918591
31.0 0.8983418002019192
32.0 0.897691914240953
33.0 0.9000194612645838
34.0 0.9056144242409144
35.0 0.9051235974963674
36.0 0.9068509002665
37.0 0.9008656269796034
38.0 0.9037975107197765
39.0 0.9026779260739387
40.0 0.9066595904668882
41.0 0.911568818650769
42.0 0.9014090330290472
43.0 0.904544176179327
44.0 0.8999674039234447
45.0 0.9003565316193799
46.0 0.9033744278622639
47.0 0.9068566973079263
48.0 0.904984811503636
49.00000000000001 0.9029721679412067
50.0 0.9021780595673204
51.0 0.8964373360358026
52.0 0.9011240200153868
53.0 0.896700343498384
54.0 0.900562867314026
55.0 0.8980081616592962
56.0 0.8889109333878265
57.0 0.9098691520370255
58.0 0.8961257030442592
59.0 0.8916141203546333
60.0 0.8965904317746854
61.0 0.8898011631562278
62.0 0.9021927299347063
63.0 0.9037026248911029
64.0 0.8976128813942895
65.0 0.8936909650538167
66.0 0.897950174130708
67.0 0.9011950066230673
68.0 0.9014237033964323
69.0 0.9039058843012109
70.0 0.903297288685511
71.0 0.9020176286447469
72.0 0.8971261471127873
73.0 0.8979352813817036
74.0 0.8948653277976826
75.0 0.9014452121859682
76.0 0.898039396063982
77.0 0.893049952418816
78.0 0.9049333038752673
79.0 0.89382939042532
80.0 0.9050065144782928
81.0 0.9008509566122231
82.0 0.9042356194723216
83.0 0.8939971565315842
84.0 0.905916001291875
85.0 0.9025521613682315
86.0 0.8990903593313835
87.0 0.8967977836478397
88.0 0.8965873554901531
89.0 0.8980571427159038
90.0 0.9019404894679989
91.0 0.9020295782552454
92.0 0.8999774850662423
92.99999999999999 0.9010780874943161
94.0 0.9087379733083429
95.0 0.9100072218808777
96.0 0.9055569838782961
97.0 0.9047744110949618
98.00000000000001 0.8991393403879877
98.99999999999999 0.899102308941879
100.0 0.9002037914081493
101.0 0.9000464367701112
102.0 0.8991809862608989
103.00000000000001 0.9009118872793236
104.0 0.9029574975738263
104.99999999999999 0.9031148522118648
106.0 0.9042163346781343
107.00000000000001 0.9062619449726375
108.0 0.9058685583775407
109.0 0.9086222645432155
110.0 0.90807152331008
111.0 0.9069877874957303
112.0 0.9092501449531019
113.0 0.9078235417425259
114.0 0.909112075109248
115.0 0.9092559419945224
116.0 0.9039623236938339
116.99999999999999 0.9129042729680716
118.0 0.9145466071630072
119.0 0.9147456076739565
120.0 0.9152384945245272
121.0 0.916449888714501
122.0 0.9128010357771965
122.99999999999999 0.9112109253595151
124.0 0.9154120576722214
125.0 0.9167036673234805
126.0 0.9171074653868045
127.0 0.9180323084208487
128.0 0.9206093751542983
129.0 0.9141428090996855
130.0 0.9112244131122776
131.0 0.9105683745822404
132.0 0.9121804905510014
133.0 0.9107257292202783
134.0 0.9124477569127426
135.0 0.914059872881505
136.0 0.9142750819021062
137.0 0.9105876593764266
138.0 0.912023135912962
139.0 0.9090318596479632
140.0 0.9077919492634026
141.0 0.9081513832437201
142.0 0.9104553865740013
143.0 0.9115287109201244
144.0 0.9148034620565193
145.0 0.9137420873208913
146.0 0.9192494996522435
147.0 0.9199591336656833
148.0 0.9215816611026734
149.0 0.9223788457610931
150.0 0.9235678788723445
151.0 0.9207563183241033
152.0 0.9215430915142969
153.0 0.9193786961701315
154.0 0.9217478890666718
155.0 0.9158085205518477
156.0 0.9190832716882439
157.0 0.9149029623119928
158.0 0.9142631322916103
159.0 0.9123748766351474
160.0 0.9131809346195287
161.0 0.9117543314089533
162.0 0.9109482734245721
163.0 0.9094325814267498
164.0 0.9065126472970749
165.0 0.9064428433040161
166.0 0.901238190638247
167.0 0.9047385622634723
168.0 0.9026721290325143
169.0 0.905258069091926
170.0 0.8925780271918062
171.0 0.8916551948122754
172.0 0.896914316953147
173.0 0.8933002992156147
174.0 0.8980008012733924
175.0 0.8979117124861461
176.0 0.8980625842296821
177.0 0.8971851841099766
178.0 0.9038109732703282
179.0 0.9029212932146949
180.0 0.8964844234224978
181.0 0.8901912848227546
182.0 0.8753325114837165
183.0 0.8832817582342233
184.0 0.8857126103729034
185.0 0.8862872508270261
185.99999999999997 0.8863056833320245
187.0 0.8905504938746605
188.0 0.8862899690371226
189.0 0.8911630180640846
190.0 0.888913462506398
191.0 0.8898758589503114
192.0 0.8919045748820784
193.0 0.8954986497213556
194.0 0.8956961120900369
195.0 0.8944997437950937
196.00000000000003 0.8982986161867413
197.00000000000003 0.9025471914137858
197.99999999999997 0.9093061056657514
199.0 0.9053722397147872
200.0 0.9043926185827116
201.0 0.9090820233191885
202.0 0.9060313545293571
203.0 0.908281762376234
204.0 0.8958492078289172
205.0 0.8946393517812139
206.00000000000003 0.8936389077126823
207.0 0.8841803251495766
208.0 0.874322107112096
209.0 0.86930133387225
209.99999999999997 0.8843397362392466
210.99999999999997 0.8763264657162573
212.0 0.8744764241205228
213.0 0.8798846917240472
214.00000000000003 0.8646405766284886
215.0 0.8793489763859453
216.0 0.8774221511411013
217.0 0.8745824324727121
218.0 0.874568944719951
219.0 0.873416943054811
220.0 0.8778259492044284
220.99999999999997 0.8765374158377021
222.0 0.8702922113727608
223.0 0.8695675514642895
224.0 0.869810918605039
225.0 0.8784225952096296
226.0 0.8699373943660427
226.99999999999997 0.878553329869791
228.0 0.8742750583803282
229.0 0.8818161313956892
230.0 0.8766785619660857
231.0 0.8786736530617215
232.0 0.8807994788175082
233.0 0.8800424018897315
233.99999999999997 0.881645644532534
235.0 0.8840726918116378
236.0 0.8715583836607648
237.00000000000003 0.8765107958598225
238.0 0.8788310076997599
239.00000000000003 0.8670471564987808
240.0 0.8699983250331397
241.0 0.8825331005928247
242.0 0.8739603491042504
242.99999999999997 0.8757714655839658
244.0 0.8815550176030174
244.99999999999997 0.8733235953684054
245.99999999999997 0.8785371213601366
247.0 0.8821697657877855
248.0 0.8778336399157622
249.00000000000003 0.8830618362748806
250.0 0.8759615927689538
251.0 0.8793551289550103
252.0 0.8810636688947171
253.00000000000003 0.8824694491688349
254.0 0.8749580724158911
