1.0 1.2375545212684036
2.0 1.2692439535685955
3.0 1.2759820448841066
4.0 1.2819823440660307
5.0 1.2838023338717013
6.0 1.2752650756869728
7.0 1.2871171927387413
8.0 1.279121802461186
9.0 1.2839299922473237
10.0 1.2825658578461157
11.0 1.2890366827998876
12.0 1.2754937724603386
13.0 1.2865744725423747
14.0 1.2854368109191867
15.0 1.288376029843049
16.0 1.2883389983969413
17.0 1.2843947209777467
18.0 1.286185014521003
19.0 1.2819468507621898
20.0 1.284177973814879
21.0 1.28244861093872
22.0 1.283961226652008
23.0 1.282772193540759
24.0 1.2870311802360284
25.0 1.2889965750692447
26.0 1.2893513920759656
27.0 1.2797824554180228
28.0 1.2906993179675217
29.0 1.2844838097649942
30.0 1.2799398100560624
31.0 1.277643827762551
32.0 1.2797824554180242
33.0 1.2798804175312308
34.0 1.2807859757710875
35.0 1.2801268609565162
36.0 1.2892623032887196
37.0 1.2907884067547688
38.0 1.2902673617840494
39.0 1.2855467226428905
40.0 1.2911625085556777
41.0 1.2780916621302447
42.0 1.2891168982611738
43.0 1.290012045032803
44.0 1.2912130277545475
45.0 1.2924896115107771
46.0 1.2900209183587616
47.0 1.2843634865730653
48.0 1.2873404227961143
49.00000000000001 1.2889996513537798
50.0 1.2916048762073766
51.0 1.2908759573997477
52.0 1.2951349440950175
53.0 1.2967975792626507
54.0 1.292606858418172
55.0 1.291300578399528
56.0 1.2866674899033501
57.0 1.2900000954223079
58.0 1.2969549339006887
59.0 1.296610528362198
60.0 1.293098207126477
61.0 1.295615881335093
62.0 1.2954970962854309
63.0 1.2979584542537517
64.0 1.2954392419028669
65.0 1.2911713818816357
66.0 1.2928934095740996
67.0 1.290463286010464
68.0 1.295538742158342
69.0 1.2927256434678343
70.0 1.2941418352101826
71.0 1.2937885563457299
72.0 1.2928444285174965
73.0 1.2938479488705603
74.0 1.2964635851923856
75.0 1.290172290811043
76.0 1.2881029664398826
77.0 1.2953219949954708
78.0 1.2955179192218857
79.0 1.2934723089273827
80.0 1.2931857577714565
81.0 1.2945722532513866
82.0 1.2947118612375053
83.0 1.2931768844454954
84.0 1.294956766520524
85.0 1.2925771621557562
86.0 1.2933238276153056
87.0 1.2928205292965067
88.0 1.2920352942485807
89.0 1.2844051324459753
90.0 1.2852408866927711
91.0 1.2926083965604407
92.0 1.285522301458144
92.99999999999999 1.2923349776296287
94.0 1.2963255153485358
95.0 1.2994043422585162
96.0 1.2973389252060685
97.0 1.2988728858195695
98.00000000000001 1.299846709910216
98.99999999999999 1.2992766838828917
100.0 1.2955788498889844
101.0 1.294556044741734
102.0 1.2946347220607533
103.00000000000001 1.2959722364840822
104.0 1.2977031375025072
104.99999999999999 1.2991980065638742
106.0 1.2996700704779904
107.00000000000001 1.300614198306222
108.0 1.2986962463873426
109.0 1.2996700704779887
110.0 1.2977031375025063
111.0 1.29738842822643
112.0 1.2998274251160273
113.0 1.295627830945587
114.0 1.2832724155750186
115.0 1.2940897778690448
116.0 1.2844852122144446
116.99999999999999 1.2878614677668345
118.0 1.286882698923951
119.0 1.286882698923951
120.0 1.2901767348545337
121.0 1.292695947205421
122.0 1.2934337393390105
122.99999999999999 1.2878519085877962
124.0 1.2868441293355746
125.0 1.284287885538579
126.0 1.2873859972427502
127.0 1.2881045045821524
128.0 1.2840463868655299
129.0 1.2771955061215954
130.0 1.2899927602386132
131.0 1.2885661570280382
132.0 1.287081699434899
133.0 1.2860974638760239
134.0 1.2866586165773881
135.0 1.2863631920954979
136.0 1.286223584109379
137.0 1.284856373423637
138.0 1.2816811225427152
139.0 1.2763843048051684
140.0 1.279316188545334
141.0 1.2849736203310316
142.0 1.2869108570441006
143.0 1.2899703991598939
144.0 1.2888199356370205
145.0 1.2878357000781444
146.0 1.2851799560256758
147.0 1.2857708049894534
148.0 1.2869999458313466
149.0 1.2884651186302991
150.0 1.2863423691590448
151.0 1.2799872529704006
152.0 1.2819750088823398
153.0 1.285033012855865
154.0 1.2873740476322568
155.0 1.2875105793338395
156.0 1.2934306630544763
157.0 1.293351985735457
158.0 1.2923291805882071
159.0 1.2893008728770956
160.0 1.2946123609820337
161.0 1.2912975021149937
162.0 1.2902272540534079
163.0 1.2861047990597205
164.0 1.287856523014601
165.0 1.2898917218408747
166.0 1.2839315303895948
167.0 1.2867519642637932
168.0 1.2861329571798685
169.0 1.2834444405804482
170.0 1.2792072930001441
171.0 1.2777467068789867
172.0 1.2707517606699636
173.0 1.2757070878110317
174.0 1.2765104250385229
175.0 1.2787133899710628
176.0 1.273814573255411
177.0 1.2689840223905486
178.0 1.2617352975725433
179.0 1.2621969500184296
180.0 1.265029333503125
181.0 1.2434916935368876
182.0 1.2353004097762184
183.0 1.2274795125835618
184.0 1.23225141482147
185.0 1.2331393902987273
185.99999999999997 1.2361054208387912
187.0 1.2306068818334017
188.0 1.236457161560982
189.0 1.236458699703246
190.0 1.2277297761912658
191.0 1.2277579343114104
192.0 1.224878107912379
193.0 1.2206962603938598
194.0 1.2327874856872203
195.0 1.232376352440206
196.00000000000003 1.2369901561421952
197.00000000000003 1.2440668559547736
197.99999999999997 1.2448061862306268
199.0 1.2488113943169223
200.0 1.2518277524175372
201.0 1.2416351942488686
202.0 1.2374837036436297
203.0 1.2271138453918682
204.0 1.2264122324151983
205.0 1.2287339823974008
206.00000000000003 1.224329754563905
207.0 1.2232284385337504
208.0 1.2124887096312318
209.0 1.2099515867391053
209.99999999999997 1.2126752663169336
210.99999999999997 1.227651948614638
212.0 1.2229644123458616
213.0 1.2183719535440838
214.00000000000003 1.2274188290527945
215.0 1.232826410803238
216.0 1.2297194257731092
217.0 1.229472982347826
218.0 1.2318317637761347
219.0 1.2190104370605215
220.0 1.2261716112335495
220.99999999999997 1.2262310037583781
222.0 1.2240650702719502
223.0 1.2191276839679184
224.0 1.2270725550465995
225.0 1.2261878197432035
226.0 1.227850454910833
226.99999999999997 1.2281651641869136
228.0 1.218940633067465
229.0 1.2207502114049107
230.0 1.225096748745161
231.0 1.2354435852673316
232.0 1.2294536975536388
233.0 1.2190177722442173
233.99999999999997 1.2169632886237525
235.0 1.2229828725998646
236.0 1.2260883194877321
237.00000000000003 1.2288227408592174
238.0 1.2229041952808481
239.00000000000003 1.2169216427508422
240.0 1.222841726471479
241.0 1.2204220143760687
242.0 1.2194096206970462
242.99999999999997 1.224694488824105
244.0 1.2272268334001049
244.99999999999997 1.2240234243990358
245.99999999999997 1.225617793715878
247.0 1.2321599608049763
248.0 1.2285095697254038
249.00000000000003 1.223944747080017
250.0 1.219059418117129
251.0 1.220522530810052
252.0 1.2180756767730063
253.00000000000003 1.2238674137181458
254.0 1.2269573404962257
