1.0 1.1402494181369105
2.0 1.181648248695888
3.0 1.1959086779453365
4.0 1.1875217695403866
5.0 1.1868380671049523
6.0 1.1710191476659517
7.0 1.198484370425836
8.0 1.190961566026156
9.0 1.1986792784737408
10.0 1.1940704195239855
11.0 1.197203694206561
12.0 1.188477846979112
13.0 1.1885773472345835
14.0 1.191935720442234
15.0 1.2023168676536253
16.0 1.199645767380694
17.0 1.1890292740653248
18.0 1.1926003019727975
19.0 1.2012339841284674
20.0 1.1978080309231047
21.0 1.193703322581333
22.0 1.1970077699801476
23.0 1.200198046756096
24.0 1.1834675803974908
25.0 1.19393781639613
26.0 1.1952398375156141
27.0 1.192582555320879
28.0 1.2011510479102911
29.0 1.2075478099718442
30.0 1.1968534916266445
31.0 1.189707151710323
32.0 1.2016304470080976
33.0 1.1990919498630264
34.0 1.2092104451394758
35.0 1.2061285419449617
36.0 1.2051547178543134
37.0 1.2033154432544553
38.0 1.2061358771286537
39.0 1.205402699421867
40.0 1.2078698544316142
41.0 1.2033362661909106
42.0 1.2093037928258834
43.0 1.2076901387148538
44.0 1.203109107559814
45.0 1.20582578227938
46.0 1.2013662569308934
47.0 1.1913861870259355
48.0 1.2048079218843644
49.00000000000001 1.2048592933724251
50.0 1.207792715254864
51.0 1.200456439791879
52.0 1.2012906558964087
53.0 1.2019320240590567
54.0 1.212240290992854
55.0 1.2076650568792406
56.0 1.205355256507531
57.0 1.203613944020879
58.0 1.2104708203860535
59.0 1.2058764653675713
60.0 1.2139029261604892
61.0 1.2126336775879512
62.0 1.2110601312075657
63.0 1.212161613673837
64.0 1.204274596977718
65.0 1.2076264872908633
66.0 1.2058395791025622
67.0 1.2100357879180468
68.0 1.2161444606814051
69.0 1.2131443110904434
70.0 1.2191060406839913
71.0 1.2140498693303003
72.0 1.2121037592912705
73.0 1.212575823205387
74.0 1.215250852052045
75.0 1.2141715455201656
76.0 1.2199626178672431
77.0 1.2249979662844785
78.0 1.2102718198751032
79.0 1.218151501387531
80.0 1.2142144512082171
81.0 1.216843683226618
82.0 1.2169431834820925
83.0 1.2103504971941235
84.0 1.2177685262606623
85.0 1.22196965857337
86.0 1.2236708633293794
87.0 1.219745870704373
88.0 1.2163137649299396
89.0 1.2185954071815
90.0 1.216813986964203
91.0 1.2175236209776428
92.0 1.2125553305943646
92.99999999999999 1.2130500339143286
94.0 1.2200486303699518
95.0 1.2190273633649682
96.0 1.2104757373892805
97.0 1.2154655391088882
98.00000000000001 1.2142265087625237
98.99999999999999 1.2168629680208047
100.0 1.2195484083356896
101.0 1.2181218051251141
102.0 1.2188210276703277
103.00000000000001 1.2183489637562124
104.0 1.2162736571992934
104.99999999999999 1.215476472540873
106.0 1.21534881416525
107.00000000000001 1.2139920149477346
108.0 1.2132052417575412
109.0 1.2172370698217139
110.0 1.2200887381005965
111.0 1.2176690260051855
112.0 1.2184750839895666
113.0 1.2170276578425356
114.0 1.2136356597987443
115.0 1.21643101183733
116.0 1.2109169809186593
116.99999999999999 1.208763463060974
118.0 1.211235232497522
119.0 1.2137351600542203
120.0 1.213392292657994
121.0 1.2130181908570856
122.0 1.2109324728319397
122.99999999999999 1.2030038102629106
124.0 1.207981304297581
125.0 1.211238308782056
126.0 1.2110215616191862
127.0 1.2139727301535441
128.0 1.2132333998776876
129.0 1.2094355436645496
130.0 1.2114743407391158
131.0 1.2114697263123135
132.0 1.213193292147045
133.0 1.2128592980767796
134.0 1.215091959271735
135.0 1.2128889943391954
136.0 1.2160761948306114
137.0 1.218644388238099
138.0 1.212026950439947
139.0 1.2266212315728504
140.0 1.2270094297790812
141.0 1.2332054892981004
142.0 1.232752710178173
143.0 1.2344242186717664
144.0 1.229811953112043
145.0 1.2294393894533995
146.0 1.2268029301951182
147.0 1.2213325493098737
148.0 1.2203097441626218
149.0 1.2201315665881287
150.0 1.2150383637883282
151.0 1.2171626514018483
152.0 1.2166994608136923
153.0 1.216248219836031
154.0 1.2122669109707296
155.0 1.2141135207542835
156.0 1.2152238765465135
157.0 1.213877488797226
158.0 1.2164949935867508
159.0 1.2106486424328997
160.0 1.2104928259371277
161.0 1.2133653171524672
162.0 1.2169250813025234
163.0 1.2154911429082544
164.0 1.2117412515732084
165.0 1.2161070737076476
166.0 1.2124372313977743
167.0 1.212153922962494
168.0 1.2128442721817458
169.0 1.2073931760906929
170.0 1.1943082619039314
171.0 1.190878417362132
172.0 1.197637887373362
173.0 1.1953420585279737
174.0 1.1956567678040524
175.0 1.1929520426949787
176.0 1.1911690843354175
177.0 1.1971574339068458
178.0 1.2015737752401556
179.0 1.1880829222417437
180.0 1.1970833710146334
181.0 1.1909128658434727
182.0 1.1850843834057754
183.0 1.1838777558014308
184.0 1.1949851814152377
185.0 1.195846539461403
185.99999999999997 1.2001294253776629
187.0 1.2012918385110332
188.0 1.1998251275698129
189.0 1.1968087694692033
190.0 1.1900844962318828
191.0 1.195807281473154
192.0 1.1911955378771928
193.0 1.1953139004078313
194.0 1.196600895632288
195.0 1.1912508379389777
196.00000000000003 1.195906617839313
197.00000000000003 1.190524473452123
197.99999999999997 1.1895303483887791
199.0 1.1932860367652518
200.0 1.1930812392128751
201.0 1.1938383161406536
202.0 1.1902889634588245
203.0 1.1810173197504725
204.0 1.1864397357576222
205.0 1.1878004635488657
206.00000000000003 1.1828750268553327
207.0 1.1885280081035436
208.0 1.1690252366381475
209.0 1.17873595356377
209.99999999999997 1.182694789174811
210.99999999999997 1.1804885840684152
212.0 1.1800204487280246
213.0 1.1745917137156934
214.00000000000003 1.1782555925480278
215.0 1.179465448595735
216.0 1.1684641116857957
217.0 1.1803710068355882
218.0 1.179633214701998
219.0 1.1733301558544948
220.0 1.1685100164578623
220.99999999999997 1.176606445133157
222.0 1.1763704131760986
223.0 1.185483494429578
224.0 1.1692967896480524
225.0 1.1678019205866874
226.0 1.1742164293001613
226.99999999999997 1.1806961275798948
228.0 1.1688335990598986
229.0 1.180822247813252
230.0 1.1803293609626782
231.0 1.1774584078896093
232.0 1.1678894712316705
233.0 1.1768274511951877
233.99999999999997 1.175372689864466
235.0 1.1712918807436858
236.0 1.1684996049896326
237.00000000000003 1.1748176897321707
238.0 1.1828550562080684
239.00000000000003 1.1844593150293783
240.0 1.1830446614292964
241.0 1.181234066913345
242.0 1.1738706495087239
242.99999999999997 1.175820852010797
244.0 1.180559237803874
244.99999999999997 1.1704252198708445
245.99999999999997 1.1710210135868575
247.0 1.1784300054381167
248.0 1.1788411386851338
249.00000000000003 1.1703236872583485
250.0 1.1715205775170472
251.0 1.1698965119377953
252.0 1.1764757104730013
253.00000000000003 1.1718233371826368
254.0 1.167978560018916
