1.0 1.061731907211295
2.0 1.1054562637730616
3.0 1.1061848522552562
4.0 1.1084973733838568
5.0 1.1087414263776847
6.0 1.1079870954090092
7.0 1.1134736848039042
8.0 1.117360107840536
9.0 1.1100192179507473
10.0 1.1132792987197595
11.0 1.125867669762848
12.0 1.0935817856425731
13.0 1.1117250371335603
14.0 1.1084888555855408
15.0 1.111883929913867
16.0 1.1081325004365532
17.0 1.1089508383568627
18.0 1.1151482695820307
19.0 1.114064533767684
20.0 1.119601642361451
21.0 1.1107377252901487
22.0 1.1133668493647386
23.0 1.1187616292154963
24.0 1.1164530114584097
25.0 1.1121851514371808
26.0 1.11883723024998
27.0 1.1113197009279665
28.0 1.116338840835552
29.0 1.1212688919558869
30.0 1.1141863951018822
31.0 1.1183740396618274
32.0 1.123255109725559
33.0 1.110670997581626
34.0 1.1176080894080884
35.0 1.1120798541402792
36.0 1.1220510507192787
37.0 1.120577004594366
38.0 1.1223183170810194
39.0 1.1248760990202793
40.0 1.1202029027934575
41.0 1.112434671147
42.0 1.1164560877429441
43.0 1.1193879714831148
44.0 1.1131886717902426
45.0 1.127563077477433
46.0 1.1136946908659304
47.0 1.1234954005817692
48.0 1.1126502104930345
49.00000000000001 1.119629800481598
50.0 1.1291960163826498
51.0 1.1144683318310118
52.0 1.124484250567452
53.0 1.117919722399629
54.0 1.119433876255183
55.0 1.118678337469675
56.0 1.1255055175724338
57.0 1.1278881982217346
58.0 1.1277605398461124
59.0 1.1243912332064787
60.0 1.1246134470853408
61.0 1.1118156640630728
62.0 1.1152388965115478
63.0 1.1076384309713594
64.0 1.1146777438101856
65.0 1.1137945466490533
66.0 1.1122981394454188
67.0 1.1130849126356104
68.0 1.115467593284913
69.0 1.1170484748489922
70.0 1.1139102554141795
71.0 1.1159928971547888
72.0 1.1113139038865405
73.0 1.115057642652518
74.0 1.11418639510188
75.0 1.1271987012916742
76.0 1.1183250586052194
77.0 1.1152018650654392
78.0 1.1170334489539644
79.0 1.1216888985288656
80.0 1.1124546725375626
81.0 1.1142963068255818
82.0 1.1156766497364454
83.0 1.1231436598595863
84.0 1.125965631876057
85.0 1.1212939737915009
86.0 1.1253570362603553
87.0 1.120455829113245
88.0 1.127110298357503
89.0 1.1278569638170526
90.0 1.1283988317242275
91.0 1.132944369575428
92.0 1.1246321821667669
92.99999999999999 1.124209833438575
94.0 1.1321664697111955
95.0 1.1294632827443918
96.0 1.1313238744954583
97.0 1.1285665978304964
98.00000000000001 1.1270242858547914
98.99999999999999 1.1251449035242878
100.0 1.1249860107439815
101.0 1.1254461250476018
102.0 1.1268117975910774
103.00000000000001 1.1268904749100963
104.0 1.1235250968441863
104.99999999999999 1.122472595434519
106.0 1.1231822294479605
107.00000000000001 1.1243029967084193
108.0 1.1208010869409266
109.0 1.122759146590449
110.0 1.1231436598595859
111.0 1.1249042571404255
112.0 1.1213637777845573
113.0 1.1188669265123954
114.0 1.1185923249669623
115.0 1.1155536057876239
116.0 1.1083632295669372
116.99999999999999 1.1131149392234607
118.0 1.1175872664716318
119.0 1.1172740953378226
120.0 1.1199209660643303
121.0 1.1239632055967304
122.0 1.1216919748133996
122.99999999999999 1.1183370082157171
124.0 1.1188210217403278
125.0 1.1195588138739174
126.0 1.1230992932297865
127.0 1.125499720531009
128.0 1.12329675559847
129.0 1.119819075377401
130.0 1.1188121206653636
131.0 1.1209541826798106
132.0 1.1191654272788216
133.0 1.123020615910768
134.0 1.1253022581623287
135.0 1.1245066116461753
136.0 1.1256466637008204
137.0 1.1265418104724485
138.0 1.1321560582429668
139.0 1.1313158534586885
140.0 1.1372676935477664
141.0 1.1380553190271492
142.0 1.1440155104784282
143.0 1.1411445574053547
144.0 1.138675864253341
145.0 1.1403963538035382
146.0 1.1373086535675978
147.0 1.1357054109247948
148.0 1.1356757146623782
149.0 1.138813934097191
150.0 1.136294721746306
151.0 1.1372403877168058
152.0 1.1379484835879796
153.0 1.1390395545860208
154.0 1.1390900737848924
155.0 1.1343991309061496
156.0 1.1369850709655598
157.0 1.1381845155450372
158.0 1.1337593008857678
159.0 1.1331788633902165
160.0 1.134378307969695
161.0 1.1320966657181344
162.0 1.1315563359532288
163.0 1.1333466294964847
164.0 1.1365723995762762
165.0 1.1338973707296212
166.0 1.130367302841979
167.0 1.129234585971024
168.0 1.126234436380063
169.0 1.1271102983575008
170.0 1.1211470306216889
171.0 1.119582357567265
172.0 1.117066221500914
173.0 1.1148659773252616
174.0 1.116405568544075
175.0 1.1258009420543253
176.0 1.126271467826172
177.0 1.1186204830871085
178.0 1.1223079056127891
179.0 1.1070518409067374
180.0 1.108122088968323
181.0 1.0922262096468263
182.0 1.0855835696064442
183.0 1.086718394866257
184.0 1.0940050323894068
185.0 1.094414297168726
185.99999999999997 1.104587406653885
187.0 1.1004024828508296
188.0 1.0992269374923447
189.0 1.0982145438133188
190.0 1.109740001978512
191.0 1.109495096695496
192.0 1.1180709244686005
193.0 1.1130089560734815
194.0 1.099938109648051
195.0 1.1098113441138386
196.00000000000003 1.106208395948606
197.00000000000003 1.1009073193118954
197.99999999999997 1.0998548179022285
199.0 1.1011788445727955
200.0 1.09552448907163
201.0 1.104318602149872
202.0 1.0864411040805737
203.0 1.097405409544403
204.0 1.0905604827897217
205.0 1.0939656130586328
206.00000000000003 1.078627794749027
207.0 1.0635911434176393
208.0 1.0684171972877896
209.0 1.0664363699865027
209.99999999999997 1.0704111512731087
210.99999999999997 1.07551874706608
212.0 1.0803097121640572
213.0 1.076105339677496
214.00000000000003 1.0796343913866298
215.0 1.0737960612695487
216.0 1.0644496688159002
217.0 1.0759026022311466
218.0 1.06978197985729
219.0 1.0718900589611633
220.0 1.0712572085968317
220.99999999999997 1.0602288961813633
222.0 1.0597109274951806
223.0 1.057651829447917
224.0 1.052456050108109
225.0 1.049647565844409
226.0 1.047102916130261
226.99999999999997 1.0596824138473926
228.0 1.0541734633737712
229.0 1.0538930647869122
230.0 1.050653806954357
231.0 1.0485564948463606
232.0 1.0523877842573175
233.0 1.0537978234305965
233.99999999999997 1.0486363547800066
235.0 1.0524946196964846
236.0 1.054500122260345
237.00000000000003 1.0554681493095626
238.0 1.0653934411164916
239.00000000000003 1.0682319771702573
240.0 1.063068970377397
241.0 1.071684905881147
242.0 1.0712428937570913
242.99999999999997 1.0726857054773198
244.0 1.06869244700152
244.99999999999997 1.0784141238706964
245.99999999999997 1.0783458580199052
247.0 1.0724481353779904
248.0 1.0686758829642216
249.00000000000003 1.0732661429728694
250.0 1.0665577479197728
251.0 1.0731724397588205
252.0 1.070255581913679
253.00000000000003 1.0706015255944406
254.0 1.0792367458923762
