1.0 1.0930458706854473
2.0 1.1429034724229221
3.0 1.138808323260193
4.0 1.1462495656946432
5.0 1.1473599214868748
6.0 1.137200135865155
7.0 1.1456513815471712
8.0 1.1529282644853236
9.0 1.1466236674955517
10.0 1.1548492926887381
11.0 1.1506184641136155
12.0 1.1619896439253061
13.0 1.1530084799466105
14.0 1.1510295973606337
15.0 1.155272375546249
16.0 1.1545716148587672
17.0 1.1516235226089466
18.0 1.1518001620411726
19.0 1.1494383043283258
20.0 1.156195680438027
21.0 1.1501583498099959
22.0 1.1490360444072694
23.0 1.1545048871502468
24.0 1.1553109451346266
25.0 1.1511113509641873
26.0 1.1558038319851995
27.0 1.1537285254282785
28.0 1.158832139696307
29.0 1.1573476821031692
30.0 1.1573773783655854
31.0 1.1569438840398425
32.0 1.1520153710617744
33.0 1.15782128415955
34.0 1.156580193707163
35.0 1.1512855999649576
36.0 1.1516443455454026
37.0 1.1503839702988252
38.0 1.153462797208806
39.0 1.1551551286388564
40.0 1.1568771563313198
41.0 1.1593234884046122
42.0 1.1590504250014455
43.0 1.1584788608318535
44.0 1.155562333312148
45.0 1.1575941255284559
46.0 1.1583022213996264
47.0 1.1608094841400172
48.0 1.1583913101868752
49.00000000000001 1.1596798435535984
50.0 1.158293348073668
51.0 1.1582532403430243
52.0 1.1620104668617637
53.0 1.1582621136689852
54.0 1.1582324174065695
55.0 1.1571220616143383
56.0 1.1564421238633127
57.0 1.1548492926887381
58.0 1.1567984790122998
59.0 1.1572481818476943
60.0 1.160819895608247
61.0 1.16035670502009
62.0 1.1586555002640802
63.0 1.1593740076034822
64.0 1.1627779552577673
65.0 1.163622582830526
66.0 1.161655649855043
67.0 1.1601310845312593
68.0 1.1647151919708363
69.0 1.162286606549465
70.0 1.1598564829858273
71.0 1.1630614301291624
72.0 1.163624120972792
73.0 1.1595714699721649
74.0 1.15569699654603
75.0 1.1595218590079905
76.0 1.1646662109142312
77.0 1.1612429784657567
78.0 1.1541130386974159
79.0 1.1576446447273234
80.0 1.1605577378880592
81.0 1.1616363650608532
82.0 1.1602691543751107
83.0 1.161508706685232
84.0 1.159975268035489
85.0 1.1649319391337054
86.0 1.1604176356871894
87.0 1.1602669581287737
88.0 1.1630332720090162
89.0 1.1630733797396586
90.0 1.1630911263915795
91.0 1.1642223051202667
92.0 1.1565456888328287
92.99999999999999 1.1554114056231086
94.0 1.1564614086575034
95.0 1.1596902550218309
96.0 1.1597585208726215
97.0 1.1573758402233199
98.00000000000001 1.1551551286388577
98.99999999999999 1.152321207011896
100.0 1.1502964196538472
101.0 1.1505501982628252
102.0 1.1513473829212444
103.00000000000001 1.155221856347379
104.0 1.1562951806935016
104.99999999999999 1.1624809926336128
106.0 1.162993164278372
107.00000000000001 1.164232716588493
108.0 1.1624231382510493
109.0 1.1655702310118223
110.0 1.1649111161972523
111.0 1.1639075958441896
112.0 1.1633078735544506
113.0 1.1653045027923485
114.0 1.1633672660792813
115.0 1.1628936640228982
116.0 1.1619522049532494
116.99999999999999 1.1628045752356513
118.0 1.1616645231810043
119.0 1.1644984448079672
120.0 1.1632885887602606
121.0 1.1636329942987544
122.0 1.1629337717535386
122.99999999999999 1.1560260761181194
124.0 1.1579265814564492
125.0 1.1543564058381666
126.0 1.1565416241187865
127.0 1.1574961634152465
128.0 1.1590785831215946
129.0 1.15587652062447
130.0 1.1583146652248766
131.0 1.160503648189904
132.0 1.1611315285997903
133.0 1.16053180631005
134.0 1.1634725633761813
135.0 1.1625967013987404
136.0 1.1660480919673621
137.0 1.1668734347459304
138.0 1.1679170628296371
139.0 1.1630636848678007
140.0 1.164959053326337
141.0 1.161189382982351
142.0 1.1632068351567035
143.0 1.1620178020454546
144.0 1.1642207669779947
145.0 1.1644567989350527
146.0 1.1626279358034215
147.0 1.1656666549827586
148.0 1.1617030927693772
149.0 1.1592937921421926
150.0 1.161536864805378
151.0 1.1634636900502169
152.0 1.163246942887347
153.0 1.1618604474074146
154.0 1.1600894386583471
155.0 1.162135048952849
156.0 1.164021766467047
157.0 1.1644849570552014
158.0 1.1613972568192605
159.0 1.1638732851549678
160.0 1.163343366858288
161.0 1.16140613014522
162.0 1.1634428671137622
163.0 1.160757426798877
164.0 1.1630004994620613
165.0 1.1628327333557955
166.0 1.1639430891480267
167.0 1.1634339937878027
168.0 1.1564969019613407
169.0 1.1604323060545725
170.0 1.1556374123828728
171.0 1.1420878834560029
172.0 1.1388039009192088
173.0 1.143745023711143
174.0 1.1393406319883295
175.0 1.1411814447304556
176.0 1.149755734361293
177.0 1.1455962479214987
178.0 1.1384558966849294
179.0 1.1399958182291767
180.0 1.1453972474105507
181.0 1.1276534584134683
182.0 1.1249529121834412
183.0 1.109152221318581
184.0 1.1188174458071474
185.0 1.1197881936132572
185.99999999999997 1.1196072952818732
187.0 1.1305436065148762
188.0 1.1239836927738551
189.0 1.1172485138535595
190.0 1.115935228976655
191.0 1.1252616507830346
192.0 1.1140404904256866
193.0 1.1186735789218674
194.0 1.1228315272193974
195.0 1.1153008656722665
196.00000000000003 1.1196177067501007
197.00000000000003 1.1214569813499597
197.99999999999997 1.1215564816054338
199.0 1.1257263795134576
200.0 1.1206702081597673
201.0 1.1188814527587791
202.0 1.1272212485748268
203.0 1.122951850411327
204.0 1.1178987553421686
205.0 1.1219795644629433
206.00000000000003 1.1215491464217404
207.0 1.1098577906179814
208.0 1.1079842053289057
209.0 1.1040672337406716
209.99999999999997 1.100994203872112
210.99999999999997 1.0997867382558661
212.0 1.119909532983697
213.0 1.1060732582682826
214.00000000000003 1.1108829861966905
215.0 1.1059887839078386
216.0 1.1007336120432
217.0 1.1124715584721054
218.0 1.1115050695651498
219.0 1.111681708997381
220.0 1.1111398410902027
220.99999999999997 1.103756122712881
222.0 1.0982116789354217
223.0 1.120740012152826
224.0 1.1197885491409039
225.0 1.1104911377438618
226.0 1.1113878226577578
226.99999999999997 1.108691970874647
228.0 1.1113774111895294
229.0 1.1072476210121502
230.0 1.1052405803060257
231.0 1.1100622578449233
232.0 1.113562629470149
233.0 1.1073737412455031
233.99999999999997 1.1118406017776856
235.0 1.1140435667102262
236.0 1.1116832471396454
237.00000000000003 1.1118213169834965
238.0 1.1106604419923964
239.00000000000003 1.1089873953565357
240.0 1.1128425839884797
241.0 1.1077582545146418
242.0 1.1057512138085166
242.99999999999997 1.1077181467839992
244.0 1.1085747239672503
244.99999999999997 1.1089769838883041
245.99999999999997 1.1058611255322153
247.0 1.108337153867925
248.0 1.113757015554296
249.00000000000003 1.099381427252489
250.0 1.1090838193274708
251.0 1.103764996038846
252.0 1.1034606982309951
253.00000000000003 1.1045027881724316
254.0 1.1021424686018535
