1.0 2.147758089002235
2.0 2.1726401202086083
3.0 2.171795492635852
4.0 2.1804114281395996
5.0 2.176410834480111
6.0 2.1744601100142797
7.0 2.177638437179736
8.0 2.183049425540149
9.0 2.1771648351233535
10.0 2.178829008433253
11.0 2.18281339358309
12.0 2.1831281028591674
13.0 2.182025082250629
14.0 2.1810824925646646
15.0 2.1794688384536345
16.0 2.1831740076312363
17.0 2.1753375101339882
18.0 2.181918246811462
19.0 2.182201721682857
20.0 2.17985675833274
21.0 2.177068411152413
22.0 2.17999482817659
23.0 2.1766067587065248
24.0 2.182705020001654
25.0 2.177951608313545
26.0 2.183315153759622
27.0 2.177412816690907
28.0 2.1782574442636626
29.0 2.1807781947568152
30.0 2.174421540425906
31.0 2.178690938589403
32.0 2.1768100181166328
33.0 2.178622672738611
34.0 2.176671948272782
35.0 2.1697058460369805
36.0 2.1752380098785133
37.0 2.180510928395075
38.0 2.181239847202704
39.0 2.1751786173536827
40.0 2.1782277480012464
41.0 2.182054778513046
42.0 2.188065489163196
43.0 2.1838257872621134
44.0 2.1883609136450843
45.0 2.1817875121513053
46.0 2.1793604648722
47.0 2.1806875678273006
48.0 2.184652668182949
49.00000000000001 2.184406224757664
50.0 2.1818781390808177
51.0 2.1781105010938515
52.0 2.1785544068878195
53.0 2.1798325287863163
54.0 2.1831296410014347
55.0 2.1877893494754943
56.0 2.1865305123711862
57.0 2.1821423291580255
58.0 2.1904940745845662
59.0 2.1862158030951084
60.0 2.187565267128932
61.0 2.185831289825973
62.0 2.180461947338471
63.0 2.1817593540311573
64.0 2.1787206348518176
65.0 2.1769897338333934
66.0 2.186166822038503
67.0 2.1840722306873985
68.0 2.180383270019451
69.0 2.1850846243664233
70.0 2.180479693990391
71.0 2.185446776556836
72.0 2.1844640791402274
73.0 2.1794584269854074
74.0 2.1782470327954355
75.0 2.185136904089181
76.0 2.18427856638204
77.0 2.185250852330422
78.0 2.1809548341890412
79.0 2.1816019993931164
80.0 2.183986440566305
81.0 2.1853503525858953
82.0 2.1826961466756947
83.0 2.182035493718858
84.0 2.184799611352761
85.0 2.190032422138679
86.0 2.1860792713935253
87.0 2.1891664496657075
88.0 2.1922562100076743
89.0 2.1963385572707192
90.0 2.1931706415734915
91.0 2.1915955570508383
92.0 2.1828607008046075
92.99999999999999 2.1710467670702807
94.0 2.168982393945347
95.0 2.1734403811515657
96.0 2.1787023662361436
97.0 2.1763900115436554
98.00000000000001 2.1758007007221463
98.99999999999999 2.1789180972205036
100.0 2.181121062153044
101.0 2.1800893836798334
102.0 2.1810809544224
103.00000000000001 2.1839534456377376
104.0 2.183087995128526
104.99999999999999 2.1890882943104497
106.0 2.1886860343893932
107.00000000000001 2.188116008362069
108.0 2.189413415054754
109.0 2.190514897521025
110.0 2.1873485199660645
111.0 2.1897369976567918
112.0 2.1825283805694315
113.0 2.1881931475388225
114.0 2.1869030760298305
115.0 2.1814967020962213
116.0 2.178942326766926
116.99999999999999 2.177656183831658
118.0 2.1794568888431436
119.0 2.180363985225267
120.0 2.1797241552048847
121.0 2.1824601147186407
122.0 2.182077139591772
122.99999999999999 2.174520518717625
124.0 2.1775647046129554
125.0 2.1790962747949973
126.0 2.178711761525861
127.0 2.1809517579045106
128.0 2.183028602603696
129.0 2.1758249302685693
130.0 2.1757798777856907
131.0 2.177096569272563
132.0 2.181247182386398
133.0 2.1822537790239966
134.0 2.1850059470474057
135.0 2.1844567439565385
136.0 2.181051258159985
137.0 2.1747644078221318
138.0 2.174390306021224
139.0 2.171163276126289
140.0 2.1643230157967213
141.0 2.169521185567987
142.0 2.1722748917336627
143.0 2.1739544212640256
144.0 2.171218131424838
145.0 2.1792432179648067
146.0 2.175159332559496
147.0 2.179930490899526
148.0 2.1759580553601854
149.0 2.172043474203407
150.0 2.1752499594890113
151.0 2.1770876959466046
152.0 2.1746174646523224
153.0 2.173887007702426
154.0 2.171979467251776
155.0 2.1749529968648558
156.0 2.1736035328310304
157.0 2.1708498266653544
158.0 2.166160752254311
159.0 2.168575519597487
160.0 2.174778225900326
161.0 2.1765106650610178
162.0 2.1760217067841716
163.0 2.176277023535417
164.0 2.1807454222098652
165.0 2.1835882171627876
166.0 2.1784934762207198
167.0 2.1737327293489175
168.0 2.172255606939471
169.0 2.170967073572749
170.0 2.1665630121753683
171.0 2.1568987821628056
172.0 2.1562009898160452
173.0 2.156634313758472
174.0 2.15611480693002
175.0 2.160844319397139
176.0 2.160139299810499
177.0 2.162989429947115
178.0 2.155918882703605
179.0 2.1537706958690928
180.0 2.157807138360066
181.0 2.1414987946259654
182.0 2.120412229201275
183.0 2.1180400744580075
184.0 2.1179038943368713
185.0 2.121830425104142
185.99999999999997 2.1292796885753633
187.0 2.1239697386126926
188.0 2.116184942928939
189.0 2.1137845156277177
190.0 2.1126487224722283
191.0 2.1132441858628086
192.0 2.1189016176485067
193.0 2.1251205324609987
194.0 2.124910268192632
195.0 2.126110234735869
196.00000000000003 2.117835628486078
197.00000000000003 2.120893632459601
197.99999999999997 2.1200401315608843
199.0 2.1312331337980828
200.0 2.1312554948768057
201.0 2.134276467404221
202.0 2.136498717130951
203.0 2.130286615538395
204.0 2.1232554901724545
205.0 2.1250207018800924
206.00000000000003 2.130045638829104
207.0 2.1207450968869512
208.0 2.110168971120035
209.0 2.1161948086316036
209.99999999999997 2.117747883655978
210.99999999999997 2.1098866371953413
212.0 2.118767970593134
213.0 2.1164105634177703
214.00000000000003 2.120843799113808
215.0 2.117040667823001
216.0 2.1136375724579075
217.0 2.1104118023781155
218.0 2.111131847859784
219.0 2.1137386108556493
220.0 2.114053320131729
220.99999999999997 2.1096547254503375
222.0 2.1146573013206242
223.0 2.1127216027498243
224.0 2.1074502223755305
225.0 2.103768596891275
226.0 2.1069349744462382
226.99999999999997 2.1031198935449353
228.0 2.0981574254052933
229.0 2.102140272412861
230.0 2.103942515566612
231.0 2.10953014335925
232.0 2.114598264323436
233.0 2.106676936938097
233.99999999999997 2.109746890522121
235.0 2.104790219423903
236.0 2.1157016152574055
237.00000000000003 2.1097013160754843
238.0 2.1114079875474863
239.00000000000003 2.1080665087025667
240.0 2.1141874614018525
241.0 2.1122630265884705
242.0 2.1125287548079448
242.99999999999997 2.118242502833937
244.0 2.122863641719621
244.99999999999997 2.116803950012869
245.99999999999997 2.1138172881746677
247.0 2.120499063249885
248.0 2.1198102521729005
249.00000000000003 2.1093951497999353
250.0 2.1126163054529243
251.0 2.112848408836257
252.0 2.1080040398932027
253.00000000000003 2.1069781584614145
254.0 2.105965764782395
