1.0 1.1038304083999901
2.0 1.134900084876183
3.0 1.1366043659167293
4.0 1.1324761138816164
5.0 1.1387470860352467
6.0 1.1190818235412532
7.0 1.1433366601908144
8.0 1.1410118339240771
9.0 1.1500668943588759
10.0 1.1402339340598469
11.0 1.146373841227886
12.0 1.1328565069387044
13.0 1.143311908680634
14.0 1.1420955697384274
15.0 1.145542701407891
16.0 1.1501757899040688
17.0 1.1401054233950305
18.0 1.136889378930391
19.0 1.1505988727615821
20.0 1.1471918488227637
21.0 1.1390807497800823
22.0 1.1511704369311724
23.0 1.1353030306503198
24.0 1.1363239673298713
25.0 1.1469380702137826
26.0 1.1450602260255496
27.0 1.1531462432326154
28.0 1.1492806431324412
29.0 1.1571900209072834
30.0 1.1502158976347134
31.0 1.1432506476881028
32.0 1.144673322324953
33.0 1.1505113221166015
34.0 1.1384008120290554
35.0 1.1424565393142168
36.0 1.1393302694899
37.0 1.140339586884388
38.0 1.1411383096850762
39.0 1.1495047254790063
40.0 1.14753045731983
41.0 1.1434496481990533
42.0 1.1521442610218202
43.0 1.1484553003538733
44.0 1.150355505620831
45.0 1.1559207723347469
46.0 1.1518368869294364
47.0 1.1550242513101694
48.0 1.1450667089200497
49.00000000000001 1.1515711587099617
50.0 1.1546233656420613
51.0 1.147098501136354
52.0 1.1567684761920385
53.0 1.1536985226080179
54.0 1.155165233549235
55.0 1.1511407406687555
56.0 1.150438441839008
57.0 1.1559207723347453
58.0 1.1598665878962064
59.0 1.1539555413908489
60.0 1.1559149752933235
61.0 1.1526089897522438
62.0 1.1523151034126213
63.0 1.1550005437275057
64.0 1.1527782940007798
65.0 1.1603802976832356
66.0 1.141670451977102
67.0 1.1519128434915638
68.0 1.1531419843334603
69.0 1.1509478927268784
70.0 1.157233204922461
71.0 1.1390483327607746
72.0 1.1546680877995064
73.0 1.1533676048222858
74.0 1.1486855352695062
75.0 1.1559263405005595
76.0 1.1458041707282094
77.0 1.1575359645880452
78.0 1.1380031665348027
79.0 1.1553538225919582
80.0 1.147043723038329
81.0 1.1573311670356696
82.0 1.1548921701460746
83.0 1.1505633794577443
84.0 1.1513011715913333
85.0 1.1540460044310494
86.0 1.1551177906349048
87.0 1.1441589241380539
88.0 1.1502903160545768
89.0 1.1578136424180152
90.0 1.1596930247485182
91.0 1.1607409117313818
92.0 1.1594370221441952
92.99999999999999 1.1554121754209976
94.0 1.1539480423178365
95.0 1.1510651396342713
96.0 1.1557958321692194
97.0 1.157691781083815
98.00000000000001 1.1555794430807875
98.99999999999999 1.158745820635748
100.0 1.1592579922805073
101.0 1.1580867058211772
102.0 1.159433093570467
103.00000000000001 1.1595518786201309
104.0 1.1610185895613485
104.99999999999999 1.1606444877604412
106.0 1.1593767773301724
107.00000000000001 1.161656881439465
108.0 1.162562439679321
109.0 1.161863217134108
110.0 1.163534725627701
111.0 1.1643214988178945
112.0 1.1623946735730566
113.0 1.1611535831206683
114.0 1.1650697024197134
115.0 1.1664650712256048
116.0 1.1607748148946475
116.99999999999999 1.1647607901850605
118.0 1.1650785757456712
119.0 1.1692396003277348
120.0 1.1697309490360392
121.0 1.1698184996810184
122.0 1.163610326662185
122.99999999999999 1.1596739345869418
124.0 1.1658206267784184
125.0 1.165330816212381
126.0 1.1656142910837746
127.0 1.1651645882483832
128.0 1.1650072336103443
129.0 1.162933959410446
130.0 1.1642120813089425
131.0 1.162666198833952
132.0 1.1643184225333576
133.0 1.1687540486608559
134.0 1.1662957669770684
135.0 1.165718405766052
136.0 1.166309254729831
137.0 1.1604099939456503
138.0 1.1621642722213066
139.0 1.1637339485202702
140.0 1.163887124453955
141.0 1.1654303164678568
142.0 1.1611921527090434
143.0 1.1622446541187084
144.0 1.1598650497539391
145.0 1.1603000822219474
146.0 1.1639281122227954
147.0 1.164046897272458
148.0 1.163594118152532
149.0 1.164508549718348
150.0 1.166052399836319
151.0 1.16765564247912
152.0 1.16830588396773
153.0 1.1692411384700003
154.0 1.1708146848503873
155.0 1.1657095324400915
156.0 1.1699685191353635
157.0 1.1698111644973248
158.0 1.1688863214632816
159.0 1.1685523273930165
160.0 1.166634375474136
161.0 1.1672637940262902
162.0 1.1638791311661922
163.0 1.1676764654155734
164.0 1.1647461198176725
165.0 1.1662587355309597
166.0 1.1685226311305985
167.0 1.1631991934151655
168.0 1.159363289577407
169.0 1.1584874275999668
170.0 1.1463349135650702
171.0 1.1359370358802714
172.0 1.1441615954434363
173.0 1.1442360658616033
174.0 1.1414989237332256
175.0 1.14538688491212
176.0 1.143850369977845
177.0 1.147292887220503
178.0 1.1419382151003903
179.0 1.1326350066619228
180.0 1.1374327849798342
181.0 1.1392351398864708
182.0 1.1293885156426704
183.0 1.134427989314333
184.0 1.136461159682324
185.0 1.1475833417479517
185.99999999999997 1.140143307130333
187.0 1.1450817096128705
188.0 1.1418405833126186
189.0 1.1407568474982661
190.0 1.1423006976162369
191.0 1.1417851193615094
192.0 1.144736287895867
193.0 1.145499161865071
194.0 1.1359302252071293
195.0 1.1494152811641156
196.00000000000003 1.1475894943170202
197.00000000000003 1.1429386591689195
197.99999999999997 1.1398864522368197
199.0 1.135519091960116
200.0 1.1410323013328925
201.0 1.1360548072982217
202.0 1.1379623477488696
203.0 1.1403955475970449
204.0 1.138213405600959
205.0 1.139800439734108
206.00000000000003 1.132694043659112
207.0 1.1250223998729125
208.0 1.1202095956599756
209.0 1.1107384269301208
209.99999999999997 1.1279337910020617
210.99999999999997 1.110926002341129
212.0 1.116339217243679
213.0 1.1182762875206302
214.00000000000003 1.1249790519684162
215.0 1.1256084705205698
216.0 1.1183781782075626
217.0 1.1277022095824856
218.0 1.1211165281527782
219.0 1.1127408835052433
220.0 1.1154710459775747
220.99999999999997 1.111281863275364
222.0 1.1195503169560836
223.0 1.1176740109101144
224.0 1.1190605063900472
225.0 1.1192757154106514
226.0 1.1217845162933078
226.99999999999997 1.1210081545713402
228.0 1.1165220092449726
229.0 1.1223618775043227
230.0 1.1151949062898732
231.0 1.117486960009662
232.0 1.1121561871105383
233.0 1.1185957776596247
233.99999999999997 1.1156550205934932
235.0 1.1149261017858658
236.0 1.1213421486416069
237.00000000000003 1.115350722785647
238.0 1.117985643901659
239.00000000000003 1.1125866051517417
240.0 1.1085428274770766
241.0 1.1196691020057479
242.0 1.11956380470885
242.99999999999997 1.1148578359350774
244.0 1.1164626167201444
244.99999999999997 1.1122259911036003
245.99999999999997 1.1112656547657167
247.0 1.1193485956882459
248.0 1.1195830895030372
249.00000000000003 1.1203937619142195
250.0 1.122573513478846
251.0 1.121472031012579
252.0 1.1257279414233126
253.00000000000003 1.123435035414335
254.0 1.1239342412700908
