1.0 1.2637275611299965
2.0 1.3015644794185577
3.0 1.3036413241177427
4.0 1.3056676496180564
5.0 1.3039328200259053
6.0 1.3025961578917675
7.0 1.3097010158244966
8.0 1.3076955132606378
9.0 1.3110385302478234
10.0 1.3106273970008073
11.0 1.314592497356456
12.0 1.2909314220658885
13.0 1.313283141053276
14.0 1.3121326775304012
15.0 1.3127428112883683
16.0 1.3151922196461956
17.0 1.3122024815234625
18.0 1.31837942013761
19.0 1.3157429608793316
20.0 1.3156835683545
21.0 1.314788421582871
22.0 1.306337175900854
23.0 1.3164005375516319
24.0 1.314463300838566
25.0 1.3162744173182774
26.0 1.3118476645167407
27.0 1.3114542779216447
28.0 1.3132044637342568
29.0 1.3093091673716677
30.0 1.3128600581957623
31.0 1.308452754077733
32.0 1.308581786706305
33.0 1.31610665121201
34.0 1.3162848287865063
35.0 1.3123390132250425
36.0 1.3114126320487343
37.0 1.3127917923449723
38.0 1.312192070055234
39.0 1.3124770830688963
40.0 1.314227268881509
41.0 1.3082582041042676
42.0 1.3122499244377972
43.0 1.3054435672714941
44.0 1.3081185961181492
45.0 1.3088876226564201
46.0 1.3101449216184644
47.0 1.3085520904438899
48.0 1.3090202257842805
49.00000000000001 1.317000259841371
50.0 1.315318339879551
51.0 1.3248695298855702
52.0 1.3263555256209767
53.0 1.3224498177901587
54.0 1.325173827693419
55.0 1.3233538378877476
56.0 1.3207382015659228
57.0 1.3207960559484853
58.0 1.3209267906086444
59.0 1.3223310327404978
60.0 1.3194897759298434
61.0 1.315152111915553
62.0 1.3136483695282237
63.0 1.3178182674362489
64.0 1.3232766987109965
65.0 1.3213394619979297
66.0 1.3188499459094591
67.0 1.3184565593143622
68.0 1.3228536158534834
69.0 1.3232084328602036
70.0 1.3248903528220253
71.0 1.3254900751117638
72.0 1.3253994481822495
73.0 1.3247908525665506
74.0 1.3207887207647921
75.0 1.3145158523944533
76.0 1.3164020756938988
77.0 1.3193725290224454
78.0 1.320376049375509
79.0 1.322874438789937
80.0 1.3181805835159803
81.0 1.3217922411178553
82.0 1.3244479851703246
83.0 1.3248309602971937
84.0 1.3244761432904737
85.0 1.324673605659155
86.0 1.324191130276811
87.0 1.3204740114887152
88.0 1.3210737337784546
89.0 1.3205808469278835
90.0 1.3236106927812625
91.0 1.3272595457185659
92.0 1.3218608372940823
92.99999999999999 1.3207520196441198
94.0 1.321407727848722
95.0 1.3216051902174042
96.0 1.3215300833976718
97.0 1.31952595508676
98.00000000000001 1.32265769162707
98.99999999999999 1.3227170841519023
100.0 1.321979292018313
101.0 1.3207887207647946
102.0 1.3195491684546736
103.00000000000001 1.3208184170272108
104.0 1.3220475578691036
104.99999999999999 1.322627995364655
106.0 1.3234147685548483
107.00000000000001 1.323344964561789
108.0 1.3230005590232958
109.0 1.3238081551499445
110.0 1.3238972439371919
111.0 1.322953116108961
112.0 1.3250774037224824
113.0 1.3235825346611148
114.0 1.3256177334873889
115.0 1.3129981280396126
116.0 1.3135403262722252
116.99999999999999 1.3134300842230895
118.0 1.3156048910354807
119.0 1.315791941935936
120.0 1.3198044852059214
121.0 1.316853316671564
122.0 1.3154965174540472
122.99999999999999 1.3065643345319544
124.0 1.3099578707180113
125.0 1.3144945352432496
126.0 1.3096952187830706
127.0 1.3104225994484313
128.0 1.31306246531668
129.0 1.3141886992931315
130.0 1.3139896987821829
131.0 1.3080013492107558
132.0 1.3065643345319518
133.0 1.3091414012653997
134.0 1.3139511291938066
135.0 1.3218605069686487
136.0 1.3267088044854298
137.0 1.3193011868871183
138.0 1.3219480576136255
139.0 1.317733437548158
140.0 1.3200655989985879
141.0 1.3197331430705899
142.0 1.3220356082586049
143.0 1.3204620618782197
144.0 1.3180141916626618
145.0 1.3192329210363267
146.0 1.319115674128933
147.0 1.3230985211365025
148.0 1.321337923855663
149.0 1.3189479080226676
150.0 1.3196263076314247
151.0 1.3256755878699513
152.0 1.3228432043852563
153.0 1.3277508944268708
154.0 1.3260986707274653
155.0 1.3237680474193008
156.0 1.3185545214275705
157.0 1.3171873107418255
158.0 1.319477826319345
159.0 1.3202927576296861
160.0 1.3254187329764375
161.0 1.3237487626251105
162.0 1.322792685186385
163.0 1.3190844397242498
164.0 1.3218589688263802
165.0 1.318152261506512
166.0 1.3135087615421046
167.0 1.3167538164160841
168.0 1.3157101883323794
169.0 1.314598294397882
170.0 1.301485802099538
171.0 1.2981619342137234
172.0 1.292545376206551
173.0 1.3035919875334945
174.0 1.297981146372944
175.0 1.292646966863852
176.0 1.2899823494854226
177.0 1.2935421136354797
178.0 1.2858213249033585
179.0 1.284260910748092
180.0 1.2768227445981775
181.0 1.263188467085618
182.0 1.2459707769430728
183.0 1.2531050013570237
184.0 1.260120134230788
185.0 1.2563604890840874
185.99999999999997 1.2595789239801867
187.0 1.2670201664146397
188.0 1.2626157746918234
189.0 1.2560705313181886
190.0 1.2589935417323974
191.0 1.2526394417222657
192.0 1.2710014752799372
193.0 1.260673923551953
194.0 1.2728719842844785
195.0 1.2600549164680264
196.00000000000003 1.2616878553732453
197.00000000000003 1.265302397621329
197.99999999999997 1.259085515165853
199.0 1.2611802981552866
200.0 1.264834095844826
201.0 1.2692867827711622
202.0 1.26272261013099
203.0 1.2700442152265878
204.0 1.263507845178912
205.0 1.263200471086528
206.00000000000003 1.244535844299386
207.0 1.2435835289982784
208.0 1.2634037304966403
209.0 1.243170502081344
209.99999999999997 1.2526798797783414
210.99999999999997 1.2458523693501484
212.0 1.2500806436044953
213.0 1.246407725010087
214.00000000000003 1.2373166493076868
215.0 1.2380448822622394
216.0 1.2349587201685643
217.0 1.246695980744398
218.0 1.251582847849553
219.0 1.2515354049352163
220.0 1.2454074473776735
220.99999999999997 1.2518508000643722
222.0 1.2488798247720678
223.0 1.2407414198984275
224.0 1.244755501310682
225.0 1.2431720654258285
226.0 1.25014465055613
226.99999999999997 1.2442052820413045
228.0 1.253941984805512
229.0 1.2468120450371687
230.0 1.2505557838031471
231.0 1.248366306623363
232.0 1.2529488759206726
233.0 1.252261602985954
233.99999999999997 1.2453676951746717
235.0 1.2465543378544677
236.0 1.2432382711705907
237.00000000000003 1.2432788731159827
238.0 1.2438842285578304
239.00000000000003 1.235801287635296
240.0 1.2267192768971875
241.0 1.2429684504880707
242.0 1.243067950743549
242.99999999999997 1.2226816517915926
244.0 1.23580727631505
244.99999999999997 1.2456033716040844
245.99999999999997 1.2324241515972223
247.0 1.2373661523280524
248.0 1.253496018905513
249.00000000000003 1.2284221836847844
250.0 1.2474219871568089
251.0 1.2570110608981253
252.0 1.2284710008520703
253.00000000000003 1.2389828827236147
254.0 1.2411499710756633
