1.0 0.8917740528008624
2.0 0.9318848051975465
3.0 0.9354266865553716
4.0 0.9389243374237052
5.0 0.9377144813760009
6.0 0.9193053352294239
7.0 0.9384642231200836
8.0 0.9288802605671161
9.0 0.9395281521764881
10.0 0.9392806925726942
11.0 0.9354775612818856
12.0 0.936017891046793
13.0 0.9405055745154275
14.0 0.9314738913378611
15.0 0.9411334549253143
16.0 0.9346298574245949
17.0 0.9392629459207745
18.0 0.9428716911274335
19.0 0.9283206460080189
20.0 0.9380010325319292
21.0 0.9432353814601127
22.0 0.9435589640621519
23.0 0.9381244320083939
24.0 0.9486004650484575
25.0 0.9511003926051546
26.0 0.9507336259879376
27.0 0.9429549828732544
28.0 0.9448135422673013
29.0 0.9409182459047118
30.0 0.9373866398748049
31.0 0.9330875454488919
32.0 0.94871925009812
33.0 0.9431435719159792
34.0 0.9493679534444631
35.0 0.9438011485882789
36.0 0.944764561210698
37.0 0.9449917198417966
38.0 0.942877843696504
39.0 0.945454910429953
40.0 0.9467924248532802
41.0 0.9323053866854989
42.0 0.9484936296092906
43.0 0.9442346429140188
44.0 0.9362778222248423
45.0 0.944442516750927
46.0 0.9445790484525147
47.0 0.9392066296804763
48.0 0.9439375441495501
49.00000000000001 0.9451000934232332
50.0 0.9451089667491926
51.0 0.9357463657858923
52.0 0.9481685088649867
53.0 0.9486405727791016
54.0 0.9490324212319307
55.0 0.9443133202330384
56.0 0.9418831966694001
57.0 0.9474812359302667
58.0 0.9498593021527636
59.0 0.9464722488612103
60.0 0.9475005207244552
61.0 0.9526531160490863
62.0 0.9480705467517772
63.0 0.949318972387857
64.0 0.9441366808008117
65.0 0.9461525948328968
66.0 0.9558002088098566
67.0 0.9554172336829898
68.0 0.9572565082828499
69.0 0.9562826841922022
70.0 0.9584470795363661
71.0 0.9558017469521259
72.0 0.9523295334470483
73.0 0.9503922967339808
74.0 0.9458587084932776
75.0 0.9535547457152151
76.0 0.9484357752267257
77.0 0.9477766604121546
78.0 0.9509237531729277
79.0 0.9448166185518385
80.0 0.9534825512906987
81.0 0.9508940569105121
82.0 0.9539431875580786
83.0 0.9541792195151364
84.0 0.9546705682234407
85.0 0.9533627500625279
86.0 0.9512473357749675
87.0 0.9480882934036992
88.0 0.9540099152666036
89.0 0.956204006873184
90.0 0.958062566267231
91.0 0.9568527102195253
92.0 0.9558273507514983
92.99999999999999 0.9510285285060722
94.0 0.952466065148632
95.0 0.9496248083379751
96.0 0.9440233347181344
97.0 0.9467033360660344
98.00000000000001 0.9463886267899569
98.99999999999999 0.9480913696882334
100.0 0.9475896095117016
101.0 0.9484253637584987
102.0 0.9455439992172002
103.00000000000001 0.9443935356943256
104.0 0.9457310501176546
104.99999999999999 0.9464881270454328
106.0 0.9422202670242013
107.00000000000001 0.9447082449704044
108.0 0.9434494078660953
109.0 0.944029845361646
110.0 0.9436067625041338
111.0 0.9452100051469357
112.0 0.9486421109213697
113.0 0.9514255133494606
114.0 0.9543365741531739
115.0 0.952197260644622
116.0 0.9513987364237491
116.99999999999999 0.9563359241479665
118.0 0.9557080437380784
119.0 0.957263843466544
120.0 0.9563405385747682
121.0 0.9558788861288794
122.0 0.9574138629208896
122.99999999999999 0.9526589130905126
124.0 0.9512442594904325
125.0 0.9580031737424002
126.0 0.9611502665031721
127.0 0.9606782025890558
128.0 0.9603530818447528
129.0 0.9529574138569353
130.0 0.9497598018972927
131.0 0.9485900535802291
132.0 0.9528401669495398
133.0 0.9506668982794139
134.0 0.9541776813728674
135.0 0.9522404446598008
136.0 0.9544329981241141
137.0 0.9578057113737171
138.0 0.960609936738263
139.0 0.9576700319613257
140.0 0.955491954679277
141.0 0.9599847770852699
142.0 0.9598482453836844
143.0 0.9632907626263466
144.0 0.9642958211216752
145.0 0.9673241288327844
146.0 0.9663325580902161
147.0 0.9647293154474129
148.0 0.9651018791060538
149.0 0.9660949879908898
150.0 0.9612867982047517
151.0 0.9620245903383404
152.0 0.9610314814535056
153.0 0.958286648613789
154.0 0.956791779552423
155.0 0.9578041732314473
156.0 0.955169252115434
157.0 0.953761933699046
158.0 0.953496205479573
159.0 0.9543423711945983
160.0 0.9521394062620571
161.0 0.9499557261237036
162.0 0.9488542436574341
163.0 0.9472405895464037
164.0 0.9391368256874154
165.0 0.9421354371361096
166.0 0.9431374193469049
167.0 0.9465116707387747
168.0 0.9477689697008157
169.0 0.941266910342362
170.0 0.9410871946256
171.0 0.937346726776771
172.0 0.9374166387136443
173.0 0.9398044583003013
174.0 0.9425627788927801
175.0 0.9458359918869091
176.0 0.9434386408702216
177.0 0.9422642781263558
178.0 0.9403062184768358
179.0 0.9409429722126823
180.0 0.938638968882399
181.0 0.9324402193497835
182.0 0.9322434150851753
183.0 0.9328191275370011
184.0 0.9253795334142466
185.0 0.9407898764738024
185.99999999999997 0.944965926950894
187.0 0.9419406955243207
188.0 0.9411330993976698
189.0 0.9407262250498131
190.0 0.9348238879811005
191.0 0.9327871510125544
192.0 0.9411223324018022
193.0 0.9297573051591803
194.0 0.9342483952377811
195.0 0.9334993393467769
196.00000000000003 0.9335467822611115
197.00000000000003 0.9391287794484381
197.99999999999997 0.9391929502893928
199.0 0.937013720688524
200.0 0.9394882108819602
201.0 0.9335885945701399
202.0 0.9330617525579935
203.0 0.9350051418401294
204.0 0.9287846636831576
205.0 0.9280680500136661
206.00000000000003 0.9248997787887951
207.0 0.9013481503112692
208.0 0.9053494426813363
209.0 0.9015257702347244
209.99999999999997 0.9051561945034278
210.99999999999997 0.9049496949194634
212.0 0.9198389930082986
213.0 0.9197147664448573
214.00000000000003 0.9195126896493752
215.0 0.9090964046617858
216.0 0.9164801230391094
217.0 0.9188878855240221
218.0 0.9159945713722264
219.0 0.9108092035006454
220.0 0.9076844718186007
220.99999999999997 0.9086775807034358
222.0 0.9128964596680617
223.0 0.9113896409961986
224.0 0.916965319178339
225.0 0.9101427535023839
226.0 0.9137619101772707
226.99999999999997 0.9112457741109196
228.0 0.9161862366994855
229.0 0.9160362172451398
230.0 0.9162143948196362
231.0 0.911801129770862
232.0 0.9105793241126597
233.0 0.9142474618441535
233.99999999999997 0.908944847065175
235.0 0.903278541953517
236.0 0.9095696511905264
237.00000000000003 0.9220839593414005
238.0 0.9093308984765783
239.00000000000003 0.9086301377890935
240.0 0.9088171886895531
241.0 0.9101932727012554
242.0 0.9111775082601284
242.99999999999997 0.9113911791384669
244.0 0.9139921450929068
244.99999999999997 0.9132319918805945
245.99999999999997 0.9110617994950028
247.0 0.9178859033132267
248.0 0.917091794939344
249.00000000000003 0.9238372214385462
250.0 0.906850255714068
251.0 0.9215555791869889
252.0 0.9172831047389527
253.00000000000003 0.913340365462024
254.0 0.9096394551835831
