1.0 1.6109007979120242
2.0 1.6486891496114182
3.0 1.651641856288044
4.0 1.648721922158368
5.0 1.6474912431742077
6.0 1.6491523401995736
7.0 1.6416394253043645
8.0 1.6483478203574597
9.0 1.6474125658551895
10.0 1.65055078529
11.0 1.6540422835892665
12.0 1.6480419844073428
13.0 1.6461255706307305
14.0 1.6512484696929464
15.0 1.6497640120998072
16.0 1.6521540279328015
17.0 1.650344449595358
18.0 1.6509441718850968
19.0 1.6542679040780968
20.0 1.6489980618460698
21.0 1.648623960045159
22.0 1.6528918200663922
23.0 1.6499896325886367
24.0 1.6485927256404762
25.0 1.650295468538754
26.0 1.652105046876199
27.0 1.6499020819436574
28.0 1.655773184607692
29.0 1.6537780935120585
30.0 1.651877888245101
31.0 1.6583116817527659
32.0 1.6555267411824053
33.0 1.656649046585131
34.0 1.6566000655285273
35.0 1.652403519893616
36.0 1.6538359478946234
37.0 1.6568746670739616
38.0 1.6569059014786438
39.0 1.6534722575619436
40.0 1.6564724071529053
41.0 1.6555965451754642
42.0 1.6552016204381002
43.0 1.653323776249864
44.0 1.6581335041782703
45.0 1.655998805096521
46.0 1.6515735904372504
47.0 1.6489178463847822
48.0 1.6542976003405119
49.00000000000001 1.6537275743131885
50.0 1.6557346150193153
51.0 1.6543080118087405
52.0 1.6573764272504934
53.0 1.6552209052322884
54.0 1.6553485636079108
55.0 1.6589202773684637
56.0 1.6516522677562713
57.0 1.6525370030596709
58.0 1.6571211104992476
59.0 1.6562606047422685
60.0 1.6572784651372856
61.0 1.6514548053875893
62.0 1.6531486749599047
63.0 1.6526557881093338
64.0 1.65372757431319
65.0 1.6558726848631653
66.0 1.6524687372088793
67.0 1.652496895329027
68.0 1.656362495429202
69.0 1.658084523121667
70.0 1.6586263910288424
71.0 1.6607610901105911
72.0 1.6622262629095415
73.0 1.660346880579039
74.0 1.6620777815974634
75.0 1.6640535878989058
76.0 1.6617912304415339
77.0 1.659707050558657
78.0 1.6560581976213535
79.0 1.6600024750405458
80.0 1.6589781317510282
81.0 1.6621861551789
82.0 1.6590672205382746
83.0 1.661193046294064
84.0 1.6613696857262918
85.0 1.6642020692109856
86.0 1.6619694080160297
87.0 1.655929001103461
88.0 1.662067370129236
89.0 1.6606037354725538
90.0 1.6555668489130497
91.0 1.6580933964476272
92.0 1.65358796632707
92.99999999999999 1.6475236601935146
94.0 1.6579954343344196
95.0 1.6612613121448552
96.0 1.6623523831428988
97.0 1.6511312227855517
98.00000000000001 1.6582434159019739
98.99999999999999 1.6619308384276534
100.0 1.6580652383274794
101.0 1.6508566212401188
102.0 1.6506888551338523
103.00000000000001 1.6503340381271312
104.0 1.6491835746042576
104.99999999999999 1.6498041198304514
106.0 1.6522030089894075
107.00000000000001 1.6521139202021609
108.0 1.6540719798516832
109.0 1.6537958401639825
110.0 1.6548884493042915
111.0 1.6516345211043506
112.0 1.6574462312435523
113.0 1.662796288936865
114.0 1.66114406523746
115.0 1.6561353367981033
116.0 1.651859002709841
116.99999999999999 1.6575233704203038
118.0 1.6596580695020522
119.0 1.6554584753316135
120.0 1.661408255314667
121.0 1.6631406944753602
122.0 1.6623346364909781
122.99999999999999 1.6562363751958469
124.0 1.6566297617909433
125.0 1.657426946449365
126.0 1.6585268907733681
127.0 1.661397843846439
128.0 1.6619204269594268
129.0 1.6598941014591118
130.0 1.6578187949021936
131.0 1.6573378576621176
132.0 1.660465665628702
133.0 1.6581142193840819
134.0 1.6603958616356418
135.0 1.6587243531420481
136.0 1.6534440994417947
137.0 1.6541610686389285
138.0 1.6472463378911881
139.0 1.6455885460259745
140.0 1.646690788046134
141.0 1.6498276635237967
142.0 1.6465440390614383
143.0 1.649561935304322
144.0 1.6497832968939945
145.0 1.6444317010584133
146.0 1.643526142818557
147.0 1.6392671561232848
148.0 1.6385783450462987
149.0 1.6388945924646445
150.0 1.6340937378621991
151.0 1.6405556894900102
152.0 1.6441555613707117
153.0 1.6462516908640834
154.0 1.6494581761496883
155.0 1.648454655796625
156.0 1.6497551387738456
157.0 1.6445994671646798
158.0 1.6389836812518928
159.0 1.6402216954197462
160.0 1.6429248823865519
161.0 1.6413528741484336
162.0 1.642494464345349
163.0 1.6427200848341788
164.0 1.6457364429347912
165.0 1.6436538011941813
166.0 1.6462027098074847
167.0 1.6412059309786233
168.0 1.6409475379428426
169.0 1.6381047429899194
170.0 1.6416637909910974
171.0 1.63225633867153
172.0 1.6380496718037474
173.0 1.6444729914036815
174.0 1.636715171225454
175.0 1.641377955984048
176.0 1.635033251263632
177.0 1.6371189692887762
178.0 1.633753591222868
179.0 1.6293773576202013
180.0 1.6275503629562698
181.0 1.605796031772672
182.0 1.6059421291472846
183.0 1.605800929205817
184.0 1.6017784878049508
185.0 1.6129689357213668
185.99999999999997 1.6136430764309657
187.0 1.6089343869003025
188.0 1.611814213299334
189.0 1.605548185897937
190.0 1.5995062408431018
191.0 1.5991664497314146
192.0 1.5968119272022598
193.0 1.604270063999439
194.0 1.6003435332321676
195.0 1.5938117776112968
196.00000000000003 1.5912034764731646
197.00000000000003 1.598897289699758
197.99999999999997 1.5897915436299732
199.0 1.5805774239787564
200.0 1.575273601382944
201.0 1.567894827757861
202.0 1.576634162738075
203.0 1.577045981838168
204.0 1.5933098257964395
205.0 1.5862244442962228
206.00000000000003 1.5802033221778484
207.0 1.5766319669392268
208.0 1.5779433295353547
209.0 1.5597322215342975
209.99999999999997 1.56964842018044
210.99999999999997 1.5724997581338882
212.0 1.566384272150596
213.0 1.57339883347924
214.00000000000003 1.5770434275173897
215.0 1.5714226968523684
216.0 1.5656495563015413
217.0 1.577607656503285
218.0 1.585991982838458
219.0 1.5851593048761927
220.0 1.5813857059584853
220.99999999999997 1.5821555847859452
222.0 1.5754576012010766
223.0 1.582174869580135
224.0 1.5760260890861357
225.0 1.5734995415515536
226.0 1.5738632318842347
226.99999999999997 1.5770222742554987
228.0 1.5736599724741291
229.0 1.5679358129799053
230.0 1.5864573999687512
231.0 1.5788199029824506
232.0 1.5816403368566534
233.0 1.5800089360936993
233.99999999999997 1.5753869449188256
235.0 1.5739598197444913
236.0 1.5689258455802053
237.00000000000003 1.5717920177903597
238.0 1.5732764753834991
239.00000000000003 1.575728438062101
240.0 1.5714066522320347
241.0 1.5730459101424308
242.0 1.5775305173265342
242.99999999999997 1.5720285717111777
244.0 1.578566124373469
244.99999999999997 1.5821289648080672
245.99999999999997 1.584184986570796
247.0 1.5798241091885905
248.0 1.5829855419913155
249.00000000000003 1.5728836107521629
250.0 1.5794805559392875
251.0 1.588022428550819
252.0 1.5793991578633766
253.00000000000003 1.584427171096921
254.0 1.5988281967619908
