1.0 1.2307228580049658
2.0 1.264664508127435
3.0 1.2698498759990158
4.0 1.2732538236533015
5.0 1.2741370208144345
6.0 1.2682200133783346
7.0 1.2734690326739055
8.0 1.27143383384763
9.0 1.276078871954303
10.0 1.2695679392698902
11.0 1.278989932758019
12.0 1.2675801833579514
13.0 1.2728194770383714
14.0 1.2766994171804988
15.0 1.2748481929701445
16.0 1.282364184149889
17.0 1.2714666063945816
18.0 1.2704927823039343
19.0 1.278381337142322
20.0 1.2802977509189326
21.0 1.2757448778840383
22.0 1.270697579856309
23.0 1.2800825418983286
24.0 1.2778305959091838
25.0 1.2797975288846686
26.0 1.2812033091587889
27.0 1.2768671832867644
28.0 1.2845671490824309
29.0 1.283958553466731
30.0 1.2754405800761897
31.0 1.2738951918159516
32.0 1.2734736471007069
33.0 1.2813220942084498
34.0 1.284930839415111
35.0 1.2743568442618403
36.0 1.2777904881785433
37.0 1.2816472149527562
38.0 1.280605125011317
39.0 1.283142084014122
40.0 1.2883941795942295
41.0 1.2770542341872215
42.0 1.2798970291401417
43.0 1.2811454547762244
44.0 1.2851387132520193
45.0 1.2829149253830254
46.0 1.282432450000681
47.0 1.2806421564574237
48.0 1.276209084650704
49.00000000000001 1.2737779449085553
50.0 1.2760403023659304
51.0 1.2784792992555265
52.0 1.2859833408247785
53.0 1.2871650387523355
54.0 1.2862683538384398
55.0 1.2858171128607794
56.0 1.2868784875964059
57.0 1.2871635006100677
58.0 1.2852143142865042
59.0 1.2861777269089245
60.0 1.2872630008655415
61.0 1.2840846737000857
62.0 1.2870358422344435
63.0 1.2896233204361205
64.0 1.2861125373426683
65.0 1.2887088888703049
66.0 1.288757869926909
67.0 1.2889746170897796
68.0 1.2857681318041763
69.0 1.2820999940726816
70.0 1.2835458820774457
71.0 1.283624559396465
72.0 1.2855914923719471
73.0 1.28469634560032
74.0 1.277230873619444
75.0 1.2778214789465914
76.0 1.2815982338961518
77.0 1.2908034802214108
78.0 1.2860338600236492
79.0 1.2910989047032997
80.0 1.2911615958942848
81.0 1.2928001094593096
82.0 1.2956621892064208
83.0 1.2913349366603593
84.0 1.2947967386972081
85.0 1.2921217098505506
86.0 1.2922790644885895
87.0 1.2897494406694767
88.0 1.2869467534471968
89.0 1.285109016989604
90.0 1.2868696142704443
91.0 1.2841633510191055
92.0 1.2719524883868911
92.99999999999999 1.2822022150850465
94.0 1.2895446431171007
95.0 1.2892893263658567
96.0 1.2895253583229127
97.0 1.286239673754531
98.00000000000001 1.2808203340319158
98.99999999999999 1.2809271694710853
100.0 1.2869540886308881
101.0 1.286403347397754
102.0 1.2871619624677988
103.00000000000001 1.286070891469757
104.0 1.2840461041117108
104.99999999999999 1.2855706694354931
106.0 1.285836397654967
107.00000000000001 1.2877053685172415
108.0 1.2876756722548257
109.0 1.2871056462275017
110.0 1.2823834689440736
111.0 1.274445933049083
112.0 1.2725102344782837
113.0 1.2803289853236126
114.0 1.2789529013119112
115.0 1.2824740958735916
116.0 1.2736195463430011
116.99999999999999 1.2741948751969985
118.0 1.2777770004257771
119.0 1.2803957130321368
120.0 1.2799251872602888
121.0 1.2791592370065517
122.0 1.2806733908621062
122.99999999999999 1.278550971716285
124.0 1.274573591424708
125.0 1.2733949697816858
126.0 1.2773377090586127
127.0 1.2776435450087291
128.0 1.2675088412226216
129.0 1.2631724222624594
130.0 1.277524759959066
131.0 1.2767067523641884
132.0 1.2784985840497123
133.0 1.2784006219365054
134.0 1.2768270755561195
135.0 1.2734350775123287
136.0 1.2757464160263052
137.0 1.2735226281573093
138.0 1.2683492098962197
139.0 1.2731053423412222
140.0 1.2646957425321155
141.0 1.2673264047489692
142.0 1.2671393538485158
143.0 1.2701098071770627
144.0 1.2725383925984335
145.0 1.2688316852785664
146.0 1.2714546567840848
147.0 1.27096330807578
148.0 1.2714322957053612
149.0 1.2706069529267938
150.0 1.271117586429285
151.0 1.267585980399375
152.0 1.267722512100961
153.0 1.2676037270512956
154.0 1.2659202689472073
155.0 1.2641700831345943
156.0 1.265154318693469
157.0 1.266150503862838
158.0 1.268451430908587
159.0 1.2667502261525774
160.0 1.268638481809041
161.0 1.2740672168213736
162.0 1.2716876124566066
163.0 1.2762628465702193
164.0 1.2796667942245077
165.0 1.2788993058285019
166.0 1.2761263148686401
167.0 1.2745631799564812
168.0 1.27693391099529
169.0 1.2761159034004126
170.0 1.2716466524367778
171.0 1.2665622952139302
172.0 1.268868330901234
173.0 1.2637840317231943
174.0 1.267752208363377
175.0 1.272501005624683
176.0 1.2673395369740925
177.0 1.2628445183217654
178.0 1.2636980192204814
179.0 1.2523299156933254
180.0 1.256625933834703
181.0 1.2371325900872534
182.0 1.227901958560014
183.0 1.22829636117065
184.0 1.2374283124663499
185.0 1.2261581710523985
185.99999999999997 1.235290892627704
187.0 1.2372905981501416
188.0 1.2353606966207693
189.0 1.2435759103457256
190.0 1.2468194270774398
191.0 1.2343394296157877
192.0 1.2369519896530763
193.0 1.233341706304146
194.0 1.2416444706740852
195.0 1.229275923078404
196.00000000000003 1.2444888037692765
197.00000000000003 1.234958436699708
197.99999999999997 1.2422368577801304
199.0 1.2299080623874452
200.0 1.2302389801731777
201.0 1.2231368429973424
202.0 1.2220577216097932
203.0 1.213009829922573
204.0 1.220132434507217
205.0 1.2136022170286183
206.00000000000003 1.209848066794411
207.0 1.210049266098495
208.0 1.2143850616450884
209.0 1.2047239599153634
209.99999999999997 1.2130098299225684
210.99999999999997 1.2124671097262054
212.0 1.2124107934859085
213.0 1.2100743731363217
214.00000000000003 1.211982929765479
215.0 1.2035675329149513
216.0 1.2174988850973631
217.0 1.2277975928521199
218.0 1.2204089297225647
219.0 1.2214525578062716
220.0 1.2011225750946066
220.99999999999997 1.2215327732675545
222.0 1.2230839585692206
223.0 1.2094415479741982
224.0 1.2102610937113414
225.0 1.2206835312680022
226.0 1.2201462777876277
226.99999999999997 1.2271886669109837
228.0 1.2133295091530885
229.0 1.2137066872385347
230.0 1.203212907546551
231.0 1.21626139289326
232.0 1.2188473329526683
233.0 1.2206345502113927
233.99999999999997 1.2115168545311144
235.0 1.2160118731834448
236.0 1.2218548177273256
237.00000000000003 1.2147144664907625
238.0 1.2146758969023808
239.00000000000003 1.212471393827573
240.0 1.2103590558245478
241.0 1.221137848530195
242.0 1.2131528697208658
242.99999999999997 1.226560786501101
244.0 1.2246501697659082
244.99999999999997 1.2069165385818874
245.99999999999997 1.2171623367063122
247.0 1.2238009277663515
248.0 1.2137672623779945
249.00000000000003 1.220580954727988
250.0 1.2021943612984622
251.0 1.2039020489489716
252.0 1.2185071863133428
253.00000000000003 1.2154290452564345
254.0 1.2010689796112017
