1.0 1.59924043895106
2.0 1.636566316211176
3.0 1.6344435667399242
4.0 1.6384858062723235
5.0 1.6386238761161749
6.0 1.630606124759897
7.0 1.6386832686410053
8.0 1.6394507570370098
9.0 1.6412217657860793
10.0 1.6478603568461159
11.0 1.6468672479612823
12.0 1.6386238761161727
13.0 1.6469073556919236
14.0 1.6443302889584754
15.0 1.648480902072309
16.0 1.6464055955153936
17.0 1.6466906085290551
18.0 1.6412217657860795
19.0 1.643739439994697
20.0 1.646896944223697
21.0 1.644486105454247
22.0 1.6418600576641929
23.0 1.646847963167093
24.0 1.6460908862393155
25.0 1.645166043205271
26.0 1.6507031517990396
27.0 1.649278086730732
28.0 1.6464931461603727
29.0 1.6459231201330504
30.0 1.6454510562189337
31.0 1.6461961835362162
32.0 1.6433460533996
33.0 1.6440749722072299
34.0 1.6477431099387225
35.0 1.6425295839469938
36.0 1.6487466302917841
37.0 1.645421359956518
38.0 1.6502993537357156
39.0 1.6507417213874165
40.0 1.648696111092913
41.0 1.645007150424966
42.0 1.6497085047719375
43.0 1.6499564863394898
44.0 1.64608780995478
45.0 1.646994906336904
46.0 1.6529269396680364
47.0 1.648418433262944
48.0 1.6475417189963146
49.00000000000001 1.6501925182965476
50.0 1.6492973715249202
51.0 1.645398998877796
52.0 1.6489024467875553
53.0 1.6431100214425414
54.0 1.6432658379383136
55.0 1.652385071760861
56.0 1.6505650819551885
57.0 1.65137113993957
58.0 1.649316656319107
59.0 1.6431485910309187
60.0 1.6411816580554366
61.0 1.6442678201491066
62.0 1.6458340313458009
63.0 1.6418407728700066
64.0 1.648863877199181
65.0 1.6450071504249657
66.0 1.6452343090560646
67.0 1.6431975720875232
68.0 1.6437305666687378
69.0 1.6464352917778105
70.0 1.6425295839469929
71.0 1.653378180645696
72.0 1.6480281229523832
73.0 1.6480755658667208
74.0 1.6455177839274577
75.0 1.643508244846062
76.0 1.649327067787335
77.0 1.6462362912668589
78.0 1.6445350865108512
79.0 1.6491488902128433
80.0 1.6455781926307993
81.0 1.6464426269615005
82.0 1.646197721678486
83.0 1.6510861269259094
84.0 1.6478499453778896
85.0 1.6555514493158208
86.0 1.6570463183771884
87.0 1.6549918347567254
88.0 1.6546563025441923
89.0 1.650881329373534
90.0 1.6532609337383009
91.0 1.6548537649128758
92.0 1.6513334226403855
92.99999999999999 1.64789181363242
94.0 1.651175215713157
95.0 1.6554935949332588
96.0 1.65446925164374
97.0 1.6557057276693257
98.00000000000001 1.6552174552455572
98.99999999999999 1.6529061167315815
100.0 1.6554638986708428
101.0 1.6532713452065302
102.0 1.6548448915869156
103.00000000000001 1.6560532094923544
104.0 1.6544410935235918
104.99999999999999 1.6567998749519042
106.0 1.6554342024084265
107.00000000000001 1.6571458186326626
108.0 1.6529759207246395
109.0 1.6533187881208657
110.0 1.6547141569267574
111.0 1.6534078769081142
112.0 1.6546578406864636
113.0 1.6567435587116086
114.0 1.6574516545827822
115.0 1.6543535428786125
116.0 1.6538814789644956
116.99999999999999 1.652386609903128
118.0 1.6545494671050254
119.0 1.6539690296094762
120.0 1.6543327199421571
121.0 1.6545479289627587
122.0 1.6551950941668327
122.99999999999999 1.6489606596920516
124.0 1.6547126187844892
125.0 1.6515774756342105
126.0 1.6524413880011573
127.0 1.6479166730864117
128.0 1.6438640220857845
129.0 1.6348917314330516
130.0 1.6449431434733315
131.0 1.647878103498034
132.0 1.650023214048013
133.0 1.651322158882966
134.0 1.6485001868664988
135.0 1.65180463426531
136.0 1.6547156950690247
137.0 1.6510950002518692
138.0 1.6489618393123875
139.0 1.6455177839274566
140.0 1.643049090775443
141.0 1.6406293786800317
142.0 1.6464916080181042
143.0 1.643335641931371
144.0 1.646442626961501
145.0 1.6441802695041288
146.0 1.640806018112259
147.0 1.6433059456689556
148.0 1.6446434600922835
149.0 1.6432272683499363
150.0 1.6458340313458026
151.0 1.6420663933588344
152.0 1.6458251580198406
153.0 1.6455000372755364
154.0 1.6460789366288187
155.0 1.6451243973323586
156.0 1.6429792867823827
157.0 1.642369153024416
158.0 1.6396065735327814
159.0 1.6413181897570166
160.0 1.6402969227520336
161.0 1.638790104080172
162.0 1.640798682928565
163.0 1.6373457542176733
164.0 1.6389489968604778
165.0 1.6361463096381963
166.0 1.635504941475547
167.0 1.6374140200684684
168.0 1.6349245039799964
169.0 1.6336953631381037
170.0 1.6287919319956496
171.0 1.6206136912244988
172.0 1.6203950261424167
173.0 1.622858360522252
174.0 1.6218178087230797
175.0 1.6144680455073346
176.0 1.6173628978013959
177.0 1.6094639314947854
178.0 1.603067169433227
179.0 1.6016999587474834
180.0 1.604483691501009
181.0 1.5820262192170078
182.0 1.547661953993469
183.0 1.5662562430670657
184.0 1.5736645183219524
185.0 1.5815267835078848
185.99999999999997 1.5845138008737285
187.0 1.5838640813488785
188.0 1.5890306586410237
189.0 1.5832268056492729
190.0 1.5899519311757775
191.0 1.5847503547945476
192.0 1.5840422589233736
193.0 1.582989757513706
194.0 1.5795352906605493
195.0 1.5914391347280257
196.00000000000003 1.5932695360019242
197.00000000000003 1.5974320987262514
197.99999999999997 1.596171723479676
199.0 1.5956209822465406
200.0 1.595680374771377
201.0 1.5904980831843278
202.0 1.6023165753999524
203.0 1.5972762822304827
204.0 1.5895539553560938
205.0 1.593401808804346
206.00000000000003 1.5958080331469968
207.0 1.5862593196838974
208.0 1.5748896172155336
209.0 1.5715822108539728
209.99999999999997 1.5781069828715957
210.99999999999997 1.574744517200898
212.0 1.5755922210581925
213.0 1.588841245058119
214.00000000000003 1.5825011547645083
215.0 1.5890714799737535
216.0 1.5750372209258996
217.0 1.5729016695549594
218.0 1.5867360758026712
219.0 1.575571231685626
220.0 1.5782204928435883
220.99999999999997 1.5782942254103753
222.0 1.575647354683866
223.0 1.5766909827675724
224.0 1.5784114723177696
225.0 1.578941390614451
226.0 1.5649784737019208
226.99999999999997 1.573514193744386
228.0 1.5703863857777995
229.0 1.5776559335322606
230.0 1.568428326128275
231.0 1.570433828692136
232.0 1.575339980591482
233.0 1.5719776788101079
233.99999999999997 1.5719109511015812
235.0 1.5709251774004398
236.0 1.5620257670252964
237.00000000000003 1.5719479825476896
238.0 1.5797747544297875
239.00000000000003 1.5817367426530342
240.0 1.5825073073335756
241.0 1.575110101203496
242.0 1.5721959641152454
242.99999999999997 1.5793259038835874
244.0 1.5709965195357678
244.99999999999997 1.579475923337928
245.99999999999997 1.580685779385639
247.0 1.5733375543121584
248.0 1.5844325944361497
249.00000000000003 1.5749913161538298
250.0 1.567242369301563
251.0 1.5842976008768306
252.0 1.5917125536588363
253.00000000000003 1.570733867600833
254.0 1.5673148940515118
