1.0 1.7631160890260145
2.0 1.7960209802302192
3.0 1.7972011400155108
4.0 1.7988845981195978
5.0 1.798137932660049
6.0 1.7945646807572293
7.0 1.7927566405620532
8.0 1.7976554572777046
9.0 1.8011365441087421
10.0 1.8000454731106994
11.0 1.7964857089606423
12.0 1.7995734091965834
13.0 1.7936695339856001
14.0 1.799611978784958
15.0 1.8017971970655795
16.0 1.7999475109974934
17.0 1.8000840426990765
18.0 1.79957494733885
19.0 1.8020019946179548
20.0 1.802622539844149
21.0 1.8050021442089166
22.0 1.8020509756745575
23.0 1.7990909338142393
24.0 1.803194104013738
25.0 1.8035666676723794
26.0 1.8024162041495058
27.0 1.7972620706826068
28.0 1.801599734696896
29.0 1.8016784120159166
30.0 1.8039511809415172
31.0 1.7998584222102465
32.0 1.7960047717205654
33.0 1.8004878407623994
34.0 1.7981676289224637
35.0 1.8013840037125368
36.0 1.801274613952593
37.0 1.800734284187685
38.0 1.8058675947181286
39.0 1.8054356385346553
40.0 1.8090058141529415
41.0 1.806154145874058
42.0 1.8021697607242217
43.0 1.806684064170738
44.0 1.8007535689818748
45.0 1.8059566835053764
46.0 1.8009807276129717
47.0 1.7988340789207269
48.0 1.8028392870070187
49.00000000000001 1.7948022508565529
50.0 1.8062625194554924
51.0 1.8008426577691214
52.0 1.8007743919183286
53.0 1.8071071470282492
54.0 1.803487990353361
55.0 1.8056315627610733
56.0 1.8018550514481446
57.0 1.804668150138652
58.0 1.7999667957916814
59.0 1.7968983803499292
60.0 1.8000647579048883
61.0 1.8006050876697965
62.0 1.8099900497118173
63.0 1.8073832867159516
64.0 1.8065371210009276
65.0 1.8060249493561675
66.0 1.806024427392409
67.0 1.8048447895708786
68.0 1.8031732810772831
69.0 1.804059554522952
70.0 1.805524727321904
71.0 1.8100004611800435
72.0 1.8070195963832698
73.0 1.8038235225658952
74.0 1.7995244281399796
75.0 1.8051699103151821
76.0 1.809065206677773
77.0 1.8143662833144816
78.0 1.8058201518037933
79.0 1.8035770791406085
80.0 1.8006363220744799
81.0 1.800811423364437
82.0 1.798323445418234
83.0 1.8000855808413423
84.0 1.805454923328845
85.0 1.8086004779473488
86.0 1.8050110175348777
87.0 1.8015823183704092
88.0 1.80063478393221
89.0 1.809261130904187
90.0 1.810579360533327
91.0 1.7989054210560531
92.0 1.781987959742494
92.99999999999999 1.7867359047146105
94.0 1.7960433413089427
95.0 1.7938893574330061
96.0 1.787639702430582
97.0 1.78100248562349
98.00000000000001 1.7886580847893545
98.99999999999999 1.793062476512169
100.0 1.7937898571775324
101.0 1.7942619210916477
102.0 1.7971359504492548
103.00000000000001 1.7974699445195188
104.0 1.7960834490395878
104.99999999999999 1.791962532188168
106.0 1.7932896351432674
107.00000000000001 1.7914310757492198
108.0 1.7927091976477165
109.0 1.7945187759851595
110.0 1.7944802063967844
111.0 1.7923752035774505
112.0 1.797361570938082
113.0 1.8022202799230913
114.0 1.8030055149710171
115.0 1.8043623141885325
116.0 1.8049977001654258
116.99999999999999 1.804439453365284
118.0 1.8033780786296567
119.0 1.8028585718012047
120.0 1.8016398424275413
121.0 1.8048552010391061
122.0 1.8001507704076003
122.99999999999999 1.7961081728007642
124.0 1.8046056813292854
125.0 1.8056894171436353
126.0 1.80460875761382
127.0 1.8067434566955685
128.0 1.7961976196624454
129.0 1.7884407384622094
130.0 1.7850720032378427
131.0 1.7847076548010894
132.0 1.7887039895614194
133.0 1.7928249064128399
134.0 1.7978884129502242
135.0 1.801932190624894
136.0 1.807371337105456
137.0 1.8063485319582058
138.0 1.8056107398246162
139.0 1.7920231073276203
140.0 1.7858388335297792
141.0 1.7844137684614694
142.0 1.7888613441994639
143.0 1.7872299434365138
144.0 1.7815651764671234
145.0 1.7816824233745194
146.0 1.7807946117865847
147.0 1.7812489290487779
148.0 1.787160139443454
149.0 1.7933579009940581
150.0 1.793788319035263
151.0 1.7927180709736776
152.0 1.7934350401708106
153.0 1.796020980230221
154.0 1.7997396371605834
155.0 1.7976153495470621
156.0 1.802001994617956
157.0 1.8009494932082875
158.0 1.8000929160250358
159.0 1.8010177590590792
160.0 1.8011454174347008
161.0 1.8053450116051402
162.0 1.8061630192000164
163.0 1.807776673311046
164.0 1.8075896224105936
165.0 1.811238475347898
166.0 1.8119658560132588
167.0 1.8045107955006126
168.0 1.8047067197270283
169.0 1.8059566835053749
170.0 1.8004195749116094
171.0 1.7978899510924977
172.0 1.8006733535205879
173.0 1.7998360611315245
174.0 1.79399773101444
175.0 1.7870502277197517
176.0 1.788184813058405
177.0 1.7872284052942464
178.0 1.7890557302836088
179.0 1.7767924799848231
180.0 1.7779977216057279
181.0 1.760942490030456
182.0 1.742161166496176
183.0 1.7459599829423194
184.0 1.7554963386916336
185.0 1.7516049709027712
185.99999999999997 1.7428405540869474
187.0 1.7468194725207913
188.0 1.7516554901016452
189.0 1.7533478215316944
190.0 1.7435798843628014
191.0 1.7477216241506794
192.0 1.7508301473230752
193.0 1.7478685673204897
194.0 1.7543231837646087
195.0 1.7481848147388348
196.00000000000003 1.7523103460170548
197.00000000000003 1.7511448565991492
197.99999999999997 1.749571310218765
199.0 1.7469822938748196
200.0 1.7414941663376573
201.0 1.7392792517946192
202.0 1.7446636201771506
203.0 1.744764658574894
204.0 1.740584679524076
205.0 1.7476429468316579
206.00000000000003 1.7489538412771033
207.0 1.7428837381021245
208.0 1.7267352473813316
209.0 1.732751588636795
209.99999999999997 1.7402977980427148
210.99999999999997 1.7349550755330936
212.0 1.733859553997565
213.0 1.7309722007765174
214.00000000000003 1.7235859280784178
215.0 1.7254810247038248
216.0 1.7240767825719716
217.0 1.7339580380745292
218.0 1.7253574587912441
219.0 1.7378340496429336
220.0 1.7207218159742863
220.99999999999997 1.7310855468591935
222.0 1.732152388310811
223.0 1.7209964175197232
224.0 1.7228831350339195
225.0 1.7216570704765612
226.0 1.7297994039239244
226.99999999999997 1.7335300104647837
228.0 1.7241049406921198
229.0 1.7245087387554412
230.0 1.729851461265065
231.0 1.7217253363273486
232.0 1.7230524392824518
233.0 1.7290527384643768
233.99999999999997 1.7234280792256278
235.0 1.7260155574273055
236.0 1.7249318216129543
237.00000000000003 1.7176148309441592
238.0 1.7263464752130386
239.00000000000003 1.7200033086348858
240.0 1.7236378215302368
241.0 1.7296702074060346
242.0 1.72227453941822
242.99999999999997 1.7301912523767533
244.0 1.7316876595803912
244.99999999999997 1.7239950289684174
245.99999999999997 1.7233181675019267
247.0 1.7210360032866103
248.0 1.7131611026370988
249.00000000000003 1.7125166581899174
250.0 1.7200811084625065
251.0 1.7037285060424177
252.0 1.703590958162323
253.00000000000003 1.7206077840385376
254.0 1.7185439328773606
