1.0 0.8561056821207869
2.0 0.8989750226232549
3.0 0.9000033247823003
4.0 0.9033941402114681
5.0 0.9044940845354696
6.0 0.8753702913219925
7.0 0.9010571978981197
8.0 0.9051562756345766
9.0 0.9088535876647252
10.0 0.9008675926768895
11.0 0.8919026372078461
12.0 0.8979638670568689
13.0 0.9101947003363451
14.0 0.9094321566925786
15.0 0.9098340862882018
16.0 0.900456459429875
17.0 0.9093053506061433
18.0 0.9129217865241412
19.0 0.9038662041255835
20.0 0.9125613086163088
21.0 0.9060456253647783
22.0 0.8995254638267596
23.0 0.9081891977724871
24.0 0.9004846175500218
25.0 0.9191789405995782
26.0 0.9122345135894225
27.0 0.9127139126872289
28.0 0.9142014465649039
29.0 0.9042507173947202
30.0 0.895216313460262
31.0 0.9042892869830946
32.0 0.9062697077113386
33.0 0.9134651925735838
34.0 0.9122329754471563
35.0 0.9138066579678535
36.0 0.9191372947266653
37.0 0.9153341634358558
38.0 0.9178576346859006
39.0 0.9138331418054205
40.0 0.9175475398366287
41.0 0.920584365346053
42.0 0.9178043947301406
43.0 0.9236219019107663
44.0 0.9137070215720675
45.0 0.9135126354879181
46.0 0.9137486674449792
47.0 0.9136476290472386
48.0 0.9136044424852612
49.00000000000001 0.9093249909279757
50.0 0.9137502055872437
51.0 0.911695721966782
52.0 0.9133005027518512
53.0 0.9163986144560201
54.0 0.9228470783310696
55.0 0.9224671794887352
56.0 0.9069662094996603
57.0 0.9195931501311277
58.0 0.9201944105631344
59.0 0.9086288446672953
60.0 0.9205195313074418
61.0 0.9161148118059871
62.0 0.9181889079992746
63.0 0.9258800004689803
64.0 0.9153862207769953
65.0 0.9138126743966061
66.0 0.9227497743219293
67.0 0.9244742201948605
68.0 0.9211593613278187
69.0 0.924198080507158
70.0 0.9259482663197702
71.0 0.9232539526789258
72.0 0.9240495991950789
73.0 0.9234201806429259
74.0 0.9233102689192233
75.0 0.9287663097625143
76.0 0.9207748480586858
77.0 0.9142133961753994
78.0 0.9246790177472359
79.0 0.9132411102270217
80.0 0.9193518153473961
81.0 0.9115206206768223
82.0 0.924463808726634
83.0 0.9147953718132168
84.0 0.9169790519515706
85.0 0.915681645258884
86.0 0.9148933339264264
87.0 0.912028699858539
88.0 0.9154706951374432
89.0 0.9178325528502883
90.0 0.9198989860812463
91.0 0.9185985031040274
92.0 0.9114279618377851
92.99999999999999 0.919044935469766
94.0 0.9303719428367756
95.0 0.9365087737202823
96.0 0.9304791363503806
97.0 0.9261931716027924
98.00000000000001 0.921931108622986
98.99999999999999 0.9222593056518256
100.0 0.921934184907521
101.0 0.9241267383718335
102.0 0.925336594419539
103.00000000000001 0.9259467281775049
104.0 0.928602472229974
104.99999999999999 0.9291235172006936
106.0 0.9299488599792627
107.00000000000001 0.9307757409000997
108.0 0.9314051594522547
109.0 0.9318282423097662
110.0 0.9321637745222995
111.0 0.9353509750137153
112.0 0.9377498641726705
113.0 0.9386554224125258
114.0 0.9396886390280037
115.0 0.9330855412718052
116.0 0.9309101604973494
116.99999999999999 0.9291021723004799
118.0 0.92270747034495
119.0 0.9202164161142142
120.0 0.9188804398331517
121.0 0.9162960379160084
122.0 0.9143217697568302
122.99999999999999 0.9126961660353069
124.0 0.9155509105987246
125.0 0.9160245126551094
126.0 0.9192190483302184
127.0 0.9204690121085662
128.0 0.9117639878175713
129.0 0.9131416099715431
130.0 0.9056834731743626
131.0 0.9089227310069148
132.0 0.9099262513599775
133.0 0.9129560972133551
134.0 0.9144316814805331
135.0 0.9171364065896047
136.0 0.9184530980764778
137.0 0.9196926503865982
138.0 0.9175065798167866
139.0 0.9194440389114766
140.0 0.91354452799667
141.0 0.9128238244109301
142.0 0.9176929448641672
143.0 0.9167399437099748
144.0 0.9165054498951847
145.0 0.9177048944746615
146.0 0.9202626764139227
147.0 0.9210687343983042
148.0 0.9203903347895457
149.0 0.9184619714024389
150.0 0.9184916676648531
151.0 0.9197505047691631
152.0 0.9227699391543119
153.0 0.9232508763943887
154.0 0.9231336294869926
155.0 0.9232211801319727
156.0 0.9233488385075965
157.0 0.9219430582334756
158.0 0.9240361114423148
159.0 0.9235937437906151
160.0 0.9218524313039619
161.0 0.9215481334961116
162.0 0.9203070430437241
163.0 0.9192931112224345
164.0 0.9181144895794123
165.0 0.9149955549387883
166.0 0.9137174330402905
167.0 0.9116213035469192
168.0 0.9138836610042919
169.0 0.9092401610398855
170.0 0.9061132053624913
171.0 0.9052934719342225
172.0 0.9017020008672368
173.0 0.9087684274512028
174.0 0.9090307490607086
175.0 0.9142164472577236
176.0 0.9083492731674151
177.0 0.9139739324061648
178.0 0.9213992966563924
179.0 0.920968878615189
180.0 0.9108742825597284
181.0 0.9090544873866678
182.0 0.8962830504098482
183.0 0.898812311832425
184.0 0.9076556560253067
185.0 0.9042831344140267
185.99999999999997 0.916844885479235
187.0 0.9146122242842794
188.0 0.9231598939372364
189.0 0.9202449045597985
190.0 0.9125811179210512
191.0 0.9080574191848173
192.0 0.9158007354317728
193.0 0.9045524331327895
194.0 0.913568074236816
195.0 0.8978389294381383
196.00000000000003 0.9172143728533426
197.00000000000003 0.9018692193600449
197.99999999999997 0.9009058067376248
199.0 0.9122191321667529
200.0 0.8997167736263735
201.0 0.9115762258618341
202.0 0.9053101984604368
203.0 0.9135612610168822
204.0 0.9117216308893776
205.0 0.906493790057907
206.00000000000003 0.9115777640041002
207.0 0.8921827456537692
208.0 0.8946511567542319
209.0 0.8854835324717294
209.99999999999997 0.8979004904603005
210.99999999999997 0.8891620632672896
212.0 0.8913735459981491
213.0 0.8951785709588681
214.00000000000003 0.8904860899378575
215.0 0.8908112106821636
216.0 0.8899206783373368
217.0 0.8779987572925108
218.0 0.8821343445113162
219.0 0.881819635235237
220.0 0.8856497420315758
220.99999999999997 0.8876240101907484
222.0 0.8803768235150103
223.0 0.8876729912473525
224.0 0.8888917206210142
225.0 0.8935664549901072
226.0 0.8890671774386214
226.99999999999997 0.8910429837400659
228.0 0.8867855351870626
229.0 0.8840569108569981
230.0 0.8873258649519696
231.0 0.8900869063013392
232.0 0.8804674504445276
233.0 0.888777549998159
233.99999999999997 0.8838135437162512
235.0 0.8794728034174251
236.0 0.8948029310156964
237.00000000000003 0.8938144365576621
238.0 0.8845247158719566
239.00000000000003 0.8861649899608699
240.0 0.8862332558116617
241.0 0.9017681809623024
242.0 0.8829866627954118
242.99999999999997 0.8866621357105947
244.0 0.8993129755630522
244.99999999999997 0.8865063192148263
245.99999999999997 0.887511377710154
247.0 0.8916234212356171
248.0 0.8946085449315466
249.00000000000003 0.8796479047073832
250.0 0.8927380359270016
251.0 0.8891605251250273
252.0 0.8897868673926473
253.00000000000003 0.8900734185485728
254.0 0.8898909820749199
