1.0 0.5776987286121231
2.0 0.621776931506415
3.0 0.6136354200524388
4.0 0.6268512050396707
5.0 0.6241663733773434
6.0 0.6131338540610269
7.0 0.6236281557167672
8.0 0.6290318088934895
9.0 0.6285023848115595
10.0 0.6274864206332509
11.0 0.6208582410414433
12.0 0.6191362133489742
13.0 0.6253682855887985
14.0 0.6280100199247469
15.0 0.6323883136334362
16.0 0.6218378621735147
17.0 0.6226068887117826
18.0 0.6255773420403327
19.0 0.6267737103352766
20.0 0.6267308818477394
21.0 0.6310591505723141
22.0 0.6289669496526643
23.0 0.6261222862320422
24.0 0.6241017577731537
25.0 0.6325576178819717
26.0 0.6326185485490686
27.0 0.6258056807392562
28.0 0.6357000962159395
29.0 0.6381645304687964
30.0 0.6345392212248381
31.0 0.6307360899340293
32.0 0.6339352400359441
33.0 0.6334751257323209
34.0 0.6416456172998346
35.0 0.6295267558500864
36.0 0.6352222352604003
37.0 0.6337111576893802
38.0 0.6289295878811254
39.0 0.6311043946935164
40.0 0.6324434472591115
41.0 0.6312841104102779
42.0 0.6379909673211062
43.0 0.6344801842276533
44.0 0.6405337233653393
45.0 0.6357255335791995
46.0 0.6307939443165982
47.0 0.6359607132470678
48.0 0.6278300298280571
49.00000000000001 0.6314503383742743
50.0 0.63171452845148
51.0 0.6309204200775939
52.0 0.6356306477505247
53.0 0.634006582171267
54.0 0.6269954274525853
55.0 0.631284110410273
56.0 0.6335449297253767
57.0 0.6311622490760753
58.0 0.6349329633475782
59.0 0.6284126353734438
60.0 0.6255703623842795
61.0 0.6317962820550327
62.0 0.6346182540715013
63.0 0.6370290928409509
64.0 0.6361933385941545
65.0 0.6354258501981496
66.0 0.6391830767168873
67.0 0.6327701061456805
68.0 0.6358504711979294
69.0 0.6392721655041357
70.0 0.6424786507897384
71.0 0.6297121021721547
72.0 0.6417304471879218
73.0 0.6310511547377514
74.0 0.6294776083573639
75.0 0.6357509085029551
76.0 0.6366461177140841
77.0 0.6368285541877325
78.0 0.6380472835613997
79.0 0.6415403200029314
80.0 0.6459484764101567
81.0 0.6392096966947708
82.0 0.6417987130387172
83.0 0.6358265719769427
84.0 0.6335730878455322
85.0 0.639810957126778
86.0 0.6390851146036851
87.0 0.6404966919192292
88.0 0.6410104017062576
89.0 0.6453064198476348
90.0 0.643250398084905
91.0 0.6493413241963415
92.0 0.6541239166771018
92.99999999999999 0.64757133162578
94.0 0.6448285588920916
95.0 0.6467866185416161
96.0 0.6484388422410214
97.0 0.6490177415943048
98.00000000000001 0.6500123886214065
98.99999999999999 0.6504844525355225
100.0 0.6496190020263094
101.0 0.6505631298545409
102.0 0.6504057752165019
103.00000000000001 0.6504057752165018
104.0 0.650169743259444
104.99999999999999 0.6507204844925789
106.0 0.6515859350017916
107.00000000000001 0.6511138710876762
108.0 0.6520579989159074
109.0 0.6528447721061003
110.0 0.6519006442778686
111.0 0.6522153535539457
112.0 0.6523727081919855
113.0 0.6517432896398313
114.0 0.653238158701199
115.0 0.6476713538450154
116.0 0.6524834162593758
116.99999999999999 0.6540588870529676
118.0 0.6551916039239206
119.0 0.6529604808712308
120.0 0.6509549783073726
121.0 0.6490667226509098
122.0 0.6462744468968578
122.99999999999999 0.6412436851574175
124.0 0.6391919500428518
125.0 0.6379747588114535
126.0 0.640413755701053
127.0 0.643718203099864
128.0 0.6408368385585643
129.0 0.6396431910205126
130.0 0.6412899480039257
131.0 0.6428897840367582
132.0 0.6433128668942705
133.0 0.6429106069732142
134.0 0.6420941375206062
135.0 0.6414053264436199
136.0 0.6427339675409889
137.0 0.6421045489888343
138.0 0.6395274822553857
139.0 0.6381850512763216
140.0 0.6391386823380851
141.0 0.6416814661313222
142.0 0.6410817438415836
143.0 0.6417898397127573
144.0 0.6453793001252291
145.0 0.6459597376207808
146.0 0.6474249104197315
147.0 0.6499425846283499
148.0 0.6471086630013867
149.0 0.6483273923750522
150.0 0.6518188906743169
151.0 0.6493293745858472
152.0 0.6507158700657787
153.0 0.6503313567966428
154.0 0.6476948975383625
155.0 0.649042823429918
156.0 0.6476058087511154
157.0 0.6521498084600474
158.0 0.6491882284574619
159.0 0.6518632573041181
160.0 0.6522863401616292
161.0 0.6506237049939955
162.0 0.6531622021390691
163.0 0.6567620740197688
164.0 0.6522680715459507
165.0 0.6541063299673013
166.0 0.6536832471097892
167.0 0.6516465101412481
168.0 0.6481773729207058
169.0 0.6503194071861467
170.0 0.6534873228833734
171.0 0.6417984134565768
172.0 0.6396353061240546
173.0 0.6396991517331605
174.0 0.6374533583130881
175.0 0.6386142333041906
176.0 0.6379358336954295
177.0 0.6366561736546663
178.0 0.6378540800918757
179.0 0.6383068592118037
180.0 0.6309096530817228
181.0 0.6305983780347758
182.0 0.6271973627411197
183.0 0.6283861093947882
184.0 0.6275562246263106
185.0 0.630110930281037
185.99999999999997 0.631160355406169
187.0 0.6307283992226973
188.0 0.6298911068336299
189.0 0.6333721936646698
190.0 0.6287525929212522
191.0 0.6277891802988336
192.0 0.6324801231775768
193.0 0.6302000190682829
194.0 0.6234457192431192
195.0 0.6320007240797684
196.00000000000003 0.6374961868006227
197.00000000000003 0.6323377944345682
197.99999999999997 0.629532030927751
199.0 0.6355323301096787
200.0 0.6263968877774746
201.0 0.634850854216382
202.0 0.6280846047807233
203.0 0.6288119854460819
204.0 0.6291579291268419
205.0 0.6294903850548429
206.00000000000003 0.6257331585361027
207.0 0.6187917583589728
208.0 0.6210401035530253
209.0 0.6154131708674232
209.99999999999997 0.6139542217915632
210.99999999999997 0.6135200719085452
212.0 0.6173339701952254
213.0 0.6165128863158146
214.00000000000003 0.6128123315650156
215.0 0.6205508669490561
216.0 0.6118743563058541
217.0 0.6199869934908039
218.0 0.6273232689537878
219.0 0.6214475518629534
220.0 0.6110710190783654
220.99999999999997 0.6170223372036836
222.0 0.6118697418790506
223.0 0.6127783764034412
224.0 0.6217742107495249
225.0 0.6161241141475184
226.0 0.6176413442876092
226.99999999999997 0.6260910518273597
228.0 0.624386770786814
229.0 0.6225771924493713
230.0 0.614270169180276
231.0 0.6238525935909762
232.0 0.6246659867590506
233.0 0.6238865487525509
233.99999999999997 0.6193783978751046
235.0 0.6194582578087444
236.0 0.6176398061453426
237.00000000000003 0.6206800634669486
238.0 0.6219894197701271
239.00000000000003 0.6115118485877976
240.0 0.6173104265018784
241.0 0.6235837890869677
242.0 0.6111674430493049
242.99999999999997 0.613036413911577
244.0 0.6192357136044505
244.99999999999997 0.6116082725587352
245.99999999999997 0.6228475350956462
247.0 0.6259738049199629
248.0 0.6178033133524501
249.00000000000003 0.6145509232947767
250.0 0.6201011641136628
251.0 0.6111200001349686
252.0 0.6150746890223894
253.00000000000003 0.6177674645209648
254.0 0.6208451088163237
