1.0 2.321778057739818
2.0 2.3460407237878256
3.0 2.3477700866639837
4.0 2.344299411301172
5.0 2.34662610603561
6.0 2.3407662671289966
7.0 2.344052967875887
8.0 2.3491669936121435
9.0 2.3483104164288906
10.0 2.3492159746687453
11.0 2.3440633793441155
12.0 2.3398607088891423
13.0 2.3443468542155093
14.0 2.3458714195392916
15.0 2.3463835911840496
16.0 2.3495218106188642
17.0 2.3491878165485978
18.0 2.3517054907572152
19.0 2.3495900764696542
20.0 2.3514085281330592
21.0 2.3497964121642974
22.0 2.3472490416932623
23.0 2.349726608171238
24.0 2.3464518570348427
25.0 2.3469655668218685
26.0 2.3465409458220887
27.0 2.3410632297531526
28.0 2.348763195548818
29.0 2.347712232281419
30.0 2.349186278406331
31.0 2.351025553006192
32.0 2.351448635863703
33.0 2.3483786822796806
34.0 2.347280276097946
35.0 2.346175717347139
36.0 2.3463241986592203
37.0 2.3449851460936237
38.0 2.350740539992529
39.0 2.3515199779990295
40.0 2.34991519721396
41.0 2.348971069385728
42.0 2.34954109541305
43.0 2.3458625462133322
44.0 2.3485657331801364
45.0 2.345636925724501
46.0 2.3450742348808693
47.0 2.343511099968712
48.0 2.3493540445125967
49.00000000000001 2.346588388736426
50.0 2.3489517845915393
51.0 2.3459917427312216
52.0 2.348962196059769
53.0 2.350278887546642
54.0 2.34830154310293
55.0 2.3550797421490866
56.0 2.3561900979413166
57.0 2.347951670848443
58.0 2.3543404118732285
59.0 2.3513714966869514
60.0 2.3496182345898027
61.0 2.3570258521881122
62.0 2.359868647141035
63.0 2.3570748332447145
64.0 2.3535744616194894
65.0 2.3565834845364138
66.0 2.356081724359882
67.0 2.3539782596828163
68.0 2.3580116258892576
69.0 2.3571951564366467
70.0 2.359190247532278
71.0 2.3604402113106273
72.0 2.3546551211493054
73.0 2.3482960763869385
74.0 2.3465660276577025
75.0 2.351634148621889
76.0 2.354843710192029
77.0 2.3579715181586125
78.0 2.357116479117628
79.0 2.346315325333258
80.0 2.3511963953969914
81.0 2.3487944299535024
82.0 2.3549031027168597
83.0 2.3462559328084285
84.0 2.3431875173666756
85.0 2.349443133299843
86.0 2.348408378542097
87.0 2.3544784817170785
88.0 2.351399654807099
89.0 2.35623907899792
90.0 2.3492367976052018
91.0 2.350453988836599
92.0 2.3450614329811867
92.99999999999999 2.3399822706412006
94.0 2.3511844457864965
95.0 2.352906473478962
96.0 2.3509291290352503
97.0 2.3492891852717745
98.00000000000001 2.3477893714581723
98.99999999999999 2.355373628488708
100.0 2.3593981213691886
101.0 2.3597930461065526
102.0 2.362438378690794
103.00000000000001 2.3624561253427143
104.0 2.361307199962107
104.99999999999999 2.3646413436233336
106.0 2.3580621450881263
107.00000000000001 2.3587582913488063
108.0 2.3543419500154963
109.0 2.3599592740705506
110.0 2.3597425269076817
111.0 2.356899731954759
112.0 2.3546967670222188
113.0 2.3601656097651937
114.0 2.3584836898033723
115.0 2.3554121980770835
116.0 2.3534155688391847
116.99999999999999 2.3528382076281704
118.0 2.3488538224783353
119.0 2.3472698646297196
120.0 2.349450468483536
121.0 2.350111121440374
122.0 2.3439148980320375
122.99999999999999 2.346413287446468
124.0 2.352060307763937
125.0 2.3539308167684796
126.0 2.352511548741596
127.0 2.3553647551627477
128.0 2.354579520114822
129.0 2.3486355371731946
130.0 2.3482926697769706
131.0 2.3497177348452767
132.0 2.350623293085134
133.0 2.3496687537886753
134.0 2.348822588073651
135.0 2.3500443937318525
136.0 2.351617940112238
137.0 2.3509989330283094
138.0 2.3477627514802912
139.0 2.3370877179292777
140.0 2.3408410158742905
141.0 2.3434636570543756
142.0 2.347928979444287
143.0 2.342881681416558
144.0 2.341746574114147
145.0 2.339627753216619
146.0 2.3437085623373943
147.0 2.345224254335215
148.0 2.3547665710152743
149.0 2.353820905044776
150.0 2.3544414502709707
151.0 2.3523260359834106
152.0 2.346502376233714
153.0 2.3488314613996097
154.0 2.3495202724765956
155.0 2.349186278406331
156.0 2.3484365366622475
157.0 2.3425743073241723
158.0 2.3442384806340755
159.0 2.3475325165646583
160.0 2.3518331491328395
161.0 2.350938002361211
162.0 2.349238335747469
163.0 2.3546076782349696
164.0 2.3522932634364606
165.0 2.349198228016828
166.0 2.3485094169398417
167.0 2.349924070539923
168.0 2.3505831853544943
169.0 2.3470531174668525
170.0 2.349362917838562
171.0 2.3498334436104105
172.0 2.348291131634708
173.0 2.3449040783431503
174.0 2.3437070241951288
175.0 2.3374321234677717
176.0 2.342439313764859
177.0 2.3429989283239565
178.0 2.3485109550821095
179.0 2.339565284407254
180.0 2.3348832148544707
181.0 2.327453922030512
182.0 2.3094025052858713
183.0 2.319632589115404
184.0 2.322625761597111
185.0 2.3232671297597607
185.99999999999997 2.3192233520850936
187.0 2.31908835852578
188.0 2.3216920452371093
189.0 2.3235401931629287
190.0 2.3253231515224915
191.0 2.325559183479551
192.0 2.322578318682777
193.0 2.320148195119138
194.0 2.3213179434361995
195.0 2.323847567255313
196.00000000000003 2.32223545128655
197.00000000000003 2.3232408401073137
197.99999999999997 2.325861943145132
199.0 2.322370444845867
200.0 2.323287952696219
201.0 2.325863481287401
202.0 2.32666220408809
203.0 2.3258754308978973
204.0 2.325649810409067
205.0 2.3264855646558633
206.00000000000003 2.32277578105146
207.0 2.3279758192904274
208.0 2.324994954493655
209.0 2.320450954784721
209.99999999999997 2.322535820520676
210.99999999999997 2.322749491399013
212.0 2.314425573767186
213.0 2.3156982289496892
214.00000000000003 2.3139057114110875
215.0 2.310679941331296
216.0 2.3125327036839187
217.0 2.3157704233742042
218.0 2.314686165596097
219.0 2.3109536905875396
220.0 2.3056125062201867
220.99999999999997 2.30478562529935
222.0 2.308883328782855
223.0 2.3143888726465063
224.0 2.3162320758200923
225.0 2.325557645337282
226.0 2.327781433206277
226.99999999999997 2.332110223894607
228.0 2.332220135618311
229.0 2.3255325635016697
230.0 2.322784654377419
231.0 2.3213121463947757
232.0 2.316500880324102
233.0 2.318812218838078
233.99999999999997 2.3199611442186847
235.0 2.3261990134999313
236.0 2.325064758486712
237.00000000000003 2.3249386382533554
238.0 2.32019871431801
239.00000000000003 2.325970316726568
240.0 2.3270421029304225
241.0 2.3268774131086905
242.0 2.3250470118347892
242.99999999999997 2.3216253175285826
244.0 2.321425464728445
244.99999999999997 2.3206040505236003
245.99999999999997 2.325611240820686
247.0 2.3221432862147666
248.0 2.3174627548042532
249.00000000000003 2.3172837249405682
250.0 2.3219384886623917
251.0 2.3216503993641973
252.0 2.3230978255112285
253.00000000000003 2.315373960494572
254.0 2.313659623513444
