1.0 0.616601369132219
2.0 0.6357630029071087
3.0 0.6406408050479873
4.0 0.6369168730399551
5.0 0.6355689446016036
6.0 0.6372612785784444
7.0 0.6480711392526607
8.0 0.6480161972653151
9.0 0.6476199260240073
10.0 0.6384110537014482
11.0 0.6449426731820049
12.0 0.6540129259479485
13.0 0.6423922264264378
14.0 0.6465938529538962
15.0 0.6493859900208427
16.0 0.6409760346840905
17.0 0.6524697616830545
18.0 0.6546527559683312
19.0 0.6355723815073709
20.0 0.6485841909356181
21.0 0.6510648336981281
22.0 0.6481819310145611
23.0 0.6490238378304239
24.0 0.6621868493276423
25.0 0.6530331383797621
26.0 0.650771963537014
27.0 0.6499471427221997
28.0 0.6595875854047883
29.0 0.6533391407659911
30.0 0.6560365306913712
31.0 0.6551888268340831
32.0 0.6578831404749261
33.0 0.6511010128550427
34.0 0.6528774883201043
35.0 0.6615053734343465
36.0 0.6615663041014501
37.0 0.65858816006156
38.0 0.6542551104740761
39.0 0.6536434385738414
40.0 0.6485116661856628
41.0 0.6583968502619504
42.0 0.6637202879773835
43.0 0.649008811935394
44.0 0.6536569263266067
45.0 0.6632705851419901
46.0 0.6599140804020419
47.0 0.6572359752708502
48.0 0.6577986661144816
49.00000000000001 0.6594524279561556
50.0 0.6608909807772245
51.0 0.6570581532240009
52.0 0.6643142132256973
53.0 0.6613854057700619
54.0 0.659406523184085
55.0 0.656783551678565
56.0 0.6491518517336902
57.0 0.6602088164840568
58.0 0.6663540264787753
59.0 0.6600413807032226
60.0 0.661533887082139
61.0 0.6574766216547078
62.0 0.6634873323048583
63.0 0.6627911860441807
64.0 0.6622493181370064
65.0 0.6597968334946447
66.0 0.6608895011272562
67.0 0.6656027465924201
68.0 0.6609295503656007
69.0 0.6642829788210145
70.0 0.6644403334590518
71.0 0.6586567814400014
72.0 0.6641063393887887
73.0 0.661331810286657
74.0 0.666094095300727
75.0 0.6672942152920851
76.0 0.6704155508053604
77.0 0.671873388420617
78.0 0.6768848376168612
79.0 0.6609950954594985
80.0 0.6659113007526323
81.0 0.6628729396477351
82.0 0.6685377066171232
83.0 0.6599796254959382
84.0 0.6509213223404912
85.0 0.6674570470873085
86.0 0.6510890884467573
87.0 0.6612519503530139
88.0 0.6656281839556785
89.0 0.6688211814885201
90.0 0.6627036353992029
91.0 0.6653400946574839
92.0 0.6571369666833335
92.99999999999999 0.6671758056473814
94.0 0.6686935231128974
95.0 0.6715498058185859
96.0 0.6732603781153041
97.0 0.6738759785892673
98.00000000000001 0.6775960097725775
98.99999999999999 0.6766148504982362
100.0 0.6759067546270631
101.0 0.6739398216515814
102.0 0.675670722670005
103.00000000000001 0.676772205136276
104.0 0.676536173179218
104.99999999999999 0.6759067546270636
106.0 0.6771655917313724
107.00000000000001 0.6763788185411791
108.0 0.6760641092651022
109.0 0.6774803010074497
110.0 0.6751986587558897
111.0 0.6774016236884298
112.0 0.6787391381117576
113.0 0.679132524706854
114.0 0.6810207803633174
115.0 0.6817288762344902
116.0 0.6782477894034539
116.99999999999999 0.6836973473522416
118.0 0.6832237452958576
119.0 0.6845612597191846
120.0 0.6840891958050683
121.0 0.6837744865289922
122.0 0.6828986245515523
122.99999999999999 0.679935506406699
124.0 0.6790924169762093
125.0 0.6762897297539292
126.0 0.6780206307723547
127.0 0.6764663691861571
128.0 0.678048788892503
129.0 0.6734303707637102
130.0 0.6740242960120232
131.0 0.6744770751319497
132.0 0.6719208313349552
133.0 0.6770259837452512
134.0 0.6761886913561874
135.0 0.6730119023329993
136.0 0.6799563293431535
137.0 0.6810281155470097
138.0 0.6894634830448046
139.0 0.6906965524604232
140.0 0.6906726532394337
141.0 0.6867846920605368
142.0 0.688426504291714
143.0 0.6847375436237666
144.0 0.684520796460895
145.0 0.6832442127046668
146.0 0.6855570893609094
147.0 0.6862162041754793
148.0 0.6851621646235453
149.0 0.687592288187185
150.0 0.6888229671713454
151.0 0.6891658345675695
152.0 0.6880554787753405
153.0 0.6899348611058428
154.0 0.689698829148785
155.0 0.69046631754479
156.0 0.6877720039039451
157.0 0.6896513862344478
158.0 0.6888349167818392
159.0 0.688873486370216
160.0 0.6913036099338541
161.0 0.690476729013018
162.0 0.6899957917729408
163.0 0.6903105010490185
164.0 0.6859223178358577
165.0 0.6861109068785798
166.0 0.688471226449159
167.0 0.6855705771136716
168.0 0.6872019778766234
169.0 0.6841736701655114
170.0 0.6852949316407215
171.0 0.673438886015228
172.0 0.6788392990180951
173.0 0.6799366890213207
174.0 0.6780723325858452
175.0 0.6793311696901544
176.0 0.6759063990994142
177.0 0.6736498386834688
178.0 0.6686545979968792
179.0 0.6672754377006385
180.0 0.6701595229988304
181.0 0.6715786031057555
182.0 0.6510422281874769
183.0 0.6616612931442354
184.0 0.6635399453473482
185.0 0.6695810901112961
185.99999999999997 0.6649795915474443
187.0 0.6639441509366176
188.0 0.6639400584735754
189.0 0.6658672114970532
190.0 0.6633691801570613
191.0 0.6653528436059545
192.0 0.6646911744706081
193.0 0.6702400687855516
194.0 0.6652352689199214
195.0 0.6627329509317681
196.00000000000003 0.6590760769576938
197.00000000000003 0.663955608879157
197.99999999999997 0.6617291002532714
199.0 0.6662253015202209
200.0 0.6619859551467827
201.0 0.6532539553502611
202.0 0.6656255792304828
203.0 0.6629053314648339
204.0 0.6586282425900009
205.0 0.656929070191009
206.00000000000003 0.645306171876364
207.0 0.6711676642726939
208.0 0.674633254381382
209.0 0.671456640456665
209.99999999999997 0.666790735776159
210.99999999999997 0.6754892771726526
212.0 0.674365927842412
213.0 0.6728596311343035
214.00000000000003 0.6771819389281347
215.0 0.6723154005446819
216.0 0.6731392051809832
217.0 0.6670914630847209
218.0 0.6667975767451039
219.0 0.6644283838485666
220.0 0.6692766813653441
220.99999999999997 0.6722455965516227
222.0 0.6710550252981058
223.0 0.6723154005446836
224.0 0.6755573791341237
225.0 0.6740119908738891
226.0 0.6719872035158411
226.99999999999997 0.6689693072729596
228.0 0.6757428918923143
229.0 0.668831237429108
230.0 0.6712717724609765
231.0 0.670710619759611
232.0 0.673179312911625
233.0 0.6769855204869721
233.99999999999997 0.6746371505268843
235.0 0.6715984313475459
236.0 0.6759507657292224
237.00000000000003 0.6677683245512146
238.0 0.6670528934963471
239.00000000000003 0.6733366675496654
240.0 0.6697799796841419
241.0 0.67322095878454
242.0 0.6667960386028335
242.99999999999997 0.6683043954169656
244.0 0.6714588233614306
244.99999999999997 0.6697680300736487
245.99999999999997 0.6676927235167298
247.0 0.6738176047897407
248.0 0.6755099362197894
249.00000000000003 0.6688817566279786
250.0 0.6753467845403268
251.0 0.6690437256928219
252.0 0.6770568626222939
253.00000000000003 0.6774591225433523
254.0 0.671820975551841
