1.0 0.8218526017503296
2.0 0.8668712432622833
3.0 0.8732478143942581
4.0 0.8692258758345532
5.0 0.8764599302851723
6.0 0.8448931344078509
7.0 0.871018229483835
8.0 0.8732979755186894
9.0 0.8748768247257486
10.0 0.8690408850401253
11.0 0.8727721774340604
12.0 0.867345477325542
13.0 0.8781962980195875
14.0 0.8782829963753804
15.0 0.8759336102367848
16.0 0.8776213272400325
17.0 0.8812879268292555
18.0 0.8735751591339063
19.0 0.8718087648116382
20.0 0.8805422472524134
21.0 0.8813754774742383
22.0 0.8769919086878781
23.0 0.875463084464937
24.0 0.8697640068063291
25.0 0.8826539549003771
26.0 0.8826539549003773
27.0 0.8839571586344851
28.0 0.8846297612018176
29.0 0.8813222375184753
30.0 0.8738714359049867
31.0 0.879440795081941
32.0 0.8810164015683551
33.0 0.8838935072104991
34.0 0.888096507990903
35.0 0.8887225199330916
36.0 0.8833234811831727
37.0 0.8856363578394151
38.0 0.8815493961495714
39.0 0.8842645327268704
40.0 0.8799507679335687
41.0 0.8760196227394996
42.0 0.8889971214785227
43.0 0.8867941565459837
44.0 0.881213863937038
45.0 0.8779688090630573
46.0 0.888427095451202
47.0 0.8867984154451428
48.0 0.8773716410940958
49.00000000000001 0.8869499730417553
50.0 0.8898656482722712
51.0 0.8900303380940037
52.0 0.8862627001070376
53.0 0.8861855609302859
54.0 0.8966288214233981
55.0 0.899139160448322
56.0 0.8758341099813084
57.0 0.870908673287774
58.0 0.8868847834754948
59.0 0.8731012267520893
60.0 0.8776290179513695
61.0 0.8819969027386252
62.0 0.8813176230916722
63.0 0.8885370071749034
64.0 0.8725042252192389
65.0 0.8802149580107779
66.0 0.8868663509705036
67.0 0.8880529936502938
68.0 0.8794771658771902
69.0 0.8933155006986285
70.0 0.8912891751983131
71.0 0.8885339308903721
72.0 0.8908853771349905
73.0 0.8930690572733431
74.0 0.8880040125936909
75.0 0.8940606280159086
76.0 0.8909077382137106
77.0 0.8899516607749811
78.0 0.8882118864305973
79.0 0.8850231477969135
80.0 0.8849693858773939
81.0 0.8881227976433499
82.0 0.8875647212265225
83.0 0.8936035899968222
84.0 0.8884791527923381
85.0 0.8924130187433055
86.0 0.8900719839669133
87.0 0.8850132305434423
88.0 0.885229483491558
89.0 0.8873464359213857
90.0 0.8793228875236839
91.0 0.8771287959171019
92.0 0.8683713844070282
92.99999999999999 0.8786280877669465
94.0 0.8811251306774343
95.0 0.8813507511662639
96.0 0.8865541960151988
97.0 0.8890897807650571
98.00000000000001 0.8896103315210242
98.99999999999999 0.8927500890981038
100.0 0.8910191880796788
101.0 0.8923567025030076
102.0 0.8918846385888919
103.00000000000001 0.8903897695275255
104.0 0.8925927344600666
104.99999999999999 0.892907443736145
106.0 0.888501513871064
107.00000000000001 0.8892882870612582
108.0 0.8872426767667572
109.0 0.8867112203278095
110.0 0.8858264850244101
111.0 0.886662239271205
112.0 0.886691935533621
113.0 0.8826007149446147
114.0 0.8830727788587298
115.0 0.8853632944362503
116.0 0.8882654199220019
116.99999999999999 0.8983766168045572
118.0 0.902167468159436
119.0 0.9062498154224783
120.0 0.9096047820201593
121.0 0.9070292534289762
122.0 0.9096151934883859
122.99999999999999 0.9066119676128882
124.0 0.9031412922500781
125.0 0.902177879627658
126.0 0.9019730820752828
127.0 0.8977140953800122
128.0 0.8982054440883169
129.0 0.8955169274888981
130.0 0.8945519767242106
131.0 0.8954710227168271
132.0 0.9006459791201823
133.0 0.9017073538558096
134.0 0.9033402927610265
135.0 0.9028593555209504
136.0 0.905691739005645
137.0 0.9095959086941947
138.0 0.9101427213536034
139.0 0.9104608372396519
140.0 0.9086843617745888
141.0 0.9015720047688512
142.0 0.8970993471952441
143.0 0.8986239125190275
144.0 0.894482172731153
145.0 0.8940413432217194
146.0 0.8917003084453283
147.0 0.894317482909421
148.0 0.8920848217144641
149.0 0.8881420824375383
150.0 0.8905602563906814
151.0 0.8901475850013958
152.0 0.8892435649038082
153.0 0.8887418047272768
154.0 0.8902559585828312
155.0 0.8926266896216395
156.0 0.8956461240067894
157.0 0.8950953827736535
158.0 0.893778691286781
159.0 0.8959608332828658
160.0 0.896953942167702
161.0 0.8948801737530515
162.0 0.897740715357895
163.0 0.8943086095834606
164.0 0.8969643536359294
165.0 0.8950062939864067
166.0 0.8972671133015097
167.0 0.8990959764331424
168.0 0.8986624821074023
169.0 0.8962547196224862
170.0 0.8842168981742082
171.0 0.8868898946638464
172.0 0.8834048515100772
173.0 0.8865168090414478
174.0 0.883618550137419
175.0 0.8840481158894329
176.0 0.8812944097237556
177.0 0.8847338506818841
178.0 0.880069527781021
179.0 0.8829894619106974
180.0 0.8786505900795737
181.0 0.8724557196691723
182.0 0.859629542776242
183.0 0.8679217270317343
184.0 0.8743760555255198
185.0 0.8816135165861037
185.99999999999997 0.8802185058546516
187.0 0.8802145772809264
188.0 0.8783005539357718
189.0 0.873330395084791
190.0 0.8829679531211704
191.0 0.8812710072643173
192.0 0.8761242089811102
193.0 0.875880841840363
194.0 0.8753451265022553
195.0 0.8818028192309115
196.00000000000003 0.8754581145104952
197.00000000000003 0.87803210495941
197.99999999999997 0.8811822740047159
199.0 0.8837400559439745
200.0 0.8896466519118492
201.0 0.8834681751554323
202.0 0.885629849742707
203.0 0.8820403893302327
204.0 0.8846232531051091
205.0 0.8840088604479853
206.00000000000003 0.881407894493545
207.0 0.8752456314562582
208.0 0.8620555975570814
209.0 0.878047290352641
209.99999999999997 0.883597863341281
210.99999999999997 0.8763710079340417
212.0 0.8829814408739306
213.0 0.8746520565261117
214.00000000000003 0.8802531720715118
215.0 0.8768804588219072
216.0 0.8818482272414303
217.0 0.8770825078683858
218.0 0.8755248396722226
219.0 0.8784382909073924
220.0 0.8724356012940142
220.99999999999997 0.8757567791662356
222.0 0.8754756947262962
223.0 0.8873757766561591
224.0 0.8801922414044122
225.0 0.8756586531637097
226.0 0.8826208268257841
226.99999999999997 0.872361540948588
228.0 0.8765715465872549
229.0 0.8815845339257676
230.0 0.8783707134564711
231.0 0.8774593581751922
232.0 0.8773124150053841
233.0 0.867183863788347
233.99999999999997 0.8728366811472427
235.0 0.8677241935532566
236.0 0.8826875545343081
237.00000000000003 0.871745610149199
238.0 0.8777177512109752
239.00000000000003 0.8755132481361673
240.0 0.8748244370591804
241.0 0.8763177679782778
242.0 0.881615768330453
242.99999999999997 0.876328179446507
244.0 0.8798003929515855
244.99999999999997 0.882239389841181
245.99999999999997 0.8735968343595562
247.0 0.8803526723269883
248.0 0.8781126759483417
249.00000000000003 0.8690451439392859
250.0 0.8745274744350265
251.0 0.8804147856087103
252.0 0.8671256538781411
253.00000000000003 0.8605865630735773
254.0 0.8672768559471071
