1.0 0.8080625810665959
2.0 0.8450398216380597
3.0 0.8526780044774365
4.0 0.8575215488803086
5.0 0.8563632282099811
6.0 0.8364039154870497
7.0 0.8461785271887645
8.0 0.8620039295222707
9.0 0.8544517591856078
10.0 0.8515743232180334
11.0 0.8653761485571198
12.0 0.8332402838911909
13.0 0.8499492414602644
14.0 0.8545437603680683
15.0 0.8614214596696997
16.0 0.8512169518905345
17.0 0.8638515832333366
18.0 0.8637135133894887
19.0 0.856259991019107
20.0 0.8651114365161555
21.0 0.8584608958456227
22.0 0.8593857388796677
23.0 0.863242987617638
24.0 0.8571802196263479
25.0 0.865159401394251
26.0 0.8618237195907544
27.0 0.8633305382626182
28.0 0.8754618712866213
29.0 0.8747595724568739
30.0 0.8608232755222266
31.0 0.870273427130506
32.0 0.8653880981676133
33.0 0.8675968601415817
34.0 0.874369262146312
35.0 0.868971761538663
36.0 0.8637358744682073
37.0 0.8688529764889967
38.0 0.8657236303801474
39.0 0.8725033675685698
40.0 0.8661602009904183
41.0 0.8569530609952491
42.0 0.8549390406330736
43.0 0.8762471063345477
44.0 0.8697897691335366
45.0 0.8678197598735196
46.0 0.8661791302569646
47.0 0.8696158504582029
48.0 0.8720107590451267
49.00000000000001 0.8695016798353421
50.0 0.8716036063701392
51.0 0.8736195204022258
52.0 0.8720787465687925
53.0 0.8661378399116999
54.0 0.871094511009918
55.0 0.868064665156541
56.0 0.8673565692853665
57.0 0.8625869490876032
58.0 0.8630173671288115
59.0 0.8816976804618448
60.0 0.8605486739767952
61.0 0.8579293032663641
62.0 0.8694689072883929
63.0 0.870641731889987
64.0 0.8712904352363302
65.0 0.8675243353916298
66.0 0.8742793210698718
67.0 0.8768128734627105
68.0 0.8801825104277788
69.0 0.8800266939320089
70.0 0.8805492770449944
71.0 0.8733881028719688
72.0 0.8771260445965197
73.0 0.8826646913325555
74.0 0.8706255233803337
75.0 0.8666797078188757
76.0 0.8687862487804761
77.0 0.8641635717525267
78.0 0.865214535019924
79.0 0.8640818181489721
80.0 0.8633930070719877
81.0 0.8549004710447067
82.0 0.8684225584477961
83.0 0.8663383785649188
84.0 0.8666723726351835
85.0 0.8754263779827817
86.0 0.87419723714089
87.0 0.8673175054822401
88.0 0.8652962886234792
89.0 0.8661305047280089
90.0 0.8698684464525602
91.0 0.8704191876856946
92.0 0.856561818648187
92.99999999999999 0.8670270604430782
94.0 0.8696308763532343
95.0 0.8705052001884077
96.0 0.8734741153746856
97.0 0.8741629264516683
98.00000000000001 0.8800860864568393
98.99999999999999 0.8820931271629638
100.0 0.8784546856938886
101.0 0.8774422920148656
102.0 0.8755050553017992
103.00000000000001 0.8768826774557703
104.0 0.8755451630324417
104.99999999999999 0.8774334186889057
106.0 0.8764892908606744
107.00000000000001 0.8802658021736016
108.0 0.880659188768699
109.0 0.8837276042104517
110.0 0.8843570227626065
111.0 0.8853011505908378
112.0 0.883570249572413
113.0 0.8802658021736006
114.0 0.8773547413698854
115.0 0.8791242119766864
116.0 0.8754235670373844
116.99999999999999 0.8814150578796404
118.0 0.8817039994670273
119.0 0.8834854196843226
120.0 0.8864188415667592
121.0 0.8835671732878769
122.0 0.8863698605101558
122.99999999999999 0.8838402366910431
124.0 0.881659632837225
125.0 0.8846420357762668
126.0 0.885320435385025
127.0 0.8880741415507021
128.0 0.8868642855029958
129.0 0.8820009620911846
130.0 0.8798276934210604
131.0 0.8805404037190342
132.0 0.8770593168879962
133.0 0.8771676904694305
134.0 0.877010335831393
135.0 0.8745416426793785
136.0 0.8734297487448802
137.0 0.8761506823636066
138.0 0.8745998273873745
139.0 0.8800674103152115
140.0 0.8793859838734331
141.0 0.8782776907340246
142.0 0.8741641090662965
143.0 0.8704751483983494
144.0 0.8678876701966719
145.0 0.8712441749366227
146.0 0.8696008245631761
147.0 0.8724308176164141
148.0 0.8710586621784344
149.0 0.8725431197715741
150.0 0.871158162433909
151.0 0.8729484559771661
152.0 0.8730657028845606
153.0 0.8739623877984549
154.0 0.8738347294228336
155.0 0.8721913790493875
156.0 0.8766285433191519
157.0 0.8762366948663226
158.0 0.8786267106993176
159.0 0.8801913837537438
160.0 0.878136900133281
161.0 0.8778013679207479
162.0 0.8787647805431674
163.0 0.8782333241042201
164.0 0.8775830826156092
165.0 0.8782140393100326
166.0 0.8782526088984073
167.0 0.8795812499957765
168.0 0.8823037217567684
169.0 0.8798350286047554
170.0 0.8805827102428135
171.0 0.8773148282718609
172.0 0.8729958988915035
173.0 0.8737900072653855
174.0 0.8668085488091235
175.0 0.8663422819364321
176.0 0.8597156404868894
177.0 0.8544693419482087
178.0 0.8558647107541003
179.0 0.859657430576682
180.0 0.8674391499758999
181.0 0.8565954550719145
182.0 0.8507582560186435
183.0 0.8597532961929337
184.0 0.8628034794099406
185.0 0.8704403157453704
185.99999999999997 0.8696197538297219
187.0 0.8659203816935438
188.0 0.8612946283810567
189.0 0.8761584891066364
190.0 0.8699996526720531
191.0 0.8689263283259302
192.0 0.8637768092858347
193.0 0.8658193432958007
194.0 0.864991610085775
195.0 0.875809658232872
196.00000000000003 0.876666235416124
197.00000000000003 0.8770541552952288
197.99999999999997 0.8676970210479213
199.0 0.868427644433932
200.0 0.8780663850849312
201.0 0.8746388937373022
202.0 0.8771935993920275
203.0 0.8708118632255046
204.0 0.8680477455915974
205.0 0.8734452461992497
206.00000000000003 0.8752254838019214
207.0 0.8639046038017704
208.0 0.8652764277876795
209.0 0.867345938429809
209.99999999999997 0.8688360569240635
210.99999999999997 0.8686490060236072
212.0 0.8622938898349636
213.0 0.863080663025158
214.00000000000003 0.8568948510850471
215.0 0.8670819425377226
216.0 0.8617040570496949
217.0 0.8601545737796205
218.0 0.8583260409734205
219.0 0.8535028252922503
220.0 0.8562512563802608
220.99999999999997 0.8563191641566131
222.0 0.858919966221733
223.0 0.8635979433114693
224.0 0.8598659625176642
225.0 0.8663031626352947
226.0 0.8639512221759237
226.99999999999997 0.854073895247094
228.0 0.8620602205603559
229.0 0.858919116479335
230.0 0.8621592266010776
231.0 0.8605872183629634
232.0 0.8556495017334987
233.0 0.8569245473474641
233.99999999999997 0.858428289734791
235.0 0.8567255468365146
236.0 0.8605791973261896
237.00000000000003 0.8664236800123449
238.0 0.8598163233569899
239.00000000000003 0.8577826626729824
240.0 0.8574263075239954
241.0 0.8580318268551601
242.0 0.8612977046655964
242.99999999999997 0.8559892928451925
244.0 0.8586747331600733
244.99999999999997 0.8556209880857083
245.99999999999997 0.8641420377607868
247.0 0.8582443151188722
248.0 0.8656384449644186
249.00000000000003 0.8552322159174138
250.0 0.8612173227681945
251.0 0.8670225500128913
252.0 0.8532186645677783
253.00000000000003 0.8520356201362801
254.0 0.8663164864987339
