1.0 0.6527118256152619
2.0 0.6894286862982448
3.0 0.6959186296100913
4.0 0.7015245260184085
5.0 0.704759169424159
6.0 0.6875446869941453
7.0 0.7013463484439141
8.0 0.7055459426143524
9.0 0.7003131318284347
10.0 0.7099742335581574
11.0 0.7132875542829298
12.0 0.7136423712896476
13.0 0.7106734561033705
14.0 0.7076524835759552
15.0 0.7093062454176259
16.0 0.7026927361932023
17.0 0.7034841238101959
18.0 0.704918062204466
19.0 0.697677855184779
20.0 0.7098673981189908
21.0 0.7113711405063163
22.0 0.7063994435130699
23.0 0.7076420721077271
24.0 0.7085476303475817
25.0 0.7091103211912126
26.0 0.7118551540309294
27.0 0.705489626374056
28.0 0.7089737894896292
29.0 0.7099773098426925
30.0 0.7082641554761896
31.0 0.7065436659259898
32.0 0.7108500955355977
33.0 0.7101346644807293
34.0 0.7128972439723679
35.0 0.7122647491356784
36.0 0.7112153240105453
37.0 0.7102711961823147
38.0 0.709267675829251
39.0 0.7126523386893506
40.0 0.7182087320773033
41.0 0.7197332974010864
42.0 0.7172646042490713
43.0 0.7180810737016808
44.0 0.7129477631712402
45.0 0.7116295335420948
46.0 0.7120229201371945
47.0 0.7096803472185346
48.0 0.7111366466915252
49.00000000000001 0.71022221512571
50.0 0.7069088944009384
51.0 0.7085611181003454
52.0 0.7095839232475966
53.0 0.7049419614254562
54.0 0.7060924249483262
55.0 0.7139898531126766
56.0 0.7116295335420976
57.0 0.7106067283948456
58.0 0.7101346644807318
59.0 0.7121802747752329
60.0 0.7140685304316982
61.0 0.7174076188451581
62.0 0.7161928180452174
63.0 0.7132520609790889
64.0 0.7116295335420989
65.0 0.7110001149899438
66.0 0.7074606518125842
67.0 0.7050993160634944
68.0 0.7090331820144615
69.0 0.708954504695443
70.0 0.7059647665727077
71.0 0.7057287346156506
72.0 0.7066728624438816
73.0 0.7110787923089646
74.0 0.71029201911877
75.0 0.7070598740882876
76.0 0.7136751438365995
77.0 0.7112643050671498
78.0 0.7202053613152022
79.0 0.7234311313949949
80.0 0.7188425734179353
81.0 0.7173328700998644
82.0 0.7168222365973719
83.0 0.7117082108611166
84.0 0.7157994314501199
85.0 0.7157207541311005
86.0 0.7147766263028681
87.0 0.7138489011694126
88.0 0.7199693293581444
89.0 0.7228803901618603
90.0 0.7242965819042083
91.0 0.7248473231373422
92.0 0.7140157352391746
92.99999999999999 0.7146754522123075
94.0 0.7183853715095297
95.0 0.7160354634071798
96.0 0.7144139521486982
97.0 0.7147854996288313
98.00000000000001 0.7182280168714924
98.99999999999999 0.7176876871065851
100.0 0.7172943005114881
101.0 0.7157207541311021
102.0 0.71485530362189
103.00000000000001 0.715091335578948
104.0 0.7155633994930635
104.99999999999999 0.7156420768120829
106.0 0.7146979489838512
107.00000000000001 0.7146979489838515
108.0 0.7141472077507159
109.0 0.7154060448550247
110.0 0.7146979489838506
111.0 0.7159567860881599
112.0 0.7158781087691409
113.0 0.7146979489838514
114.0 0.7135177891985616
115.0 0.7149532657350971
116.0 0.7193432094721465
116.99999999999999 0.7229728855590747
118.0 0.7258581786740989
119.0 0.7236953214722007
120.0 0.7217387999649455
121.0 0.7200672914713532
122.0 0.7161824065769907
122.99999999999999 0.7142076164540564
124.0 0.7174308322130704
125.0 0.7217789076955872
126.0 0.7254767416894946
127.0 0.7242965819042037
128.0 0.7251966734280676
129.0 0.7191103339944284
130.0 0.717954267615249
131.0 0.7208317035828227
132.0 0.7201236077116487
133.0 0.7185604727994902
134.0 0.7208910961076542
135.0 0.7187386503739849
136.0 0.7191617332314972
137.0 0.7181092318218298
138.0 0.7155618613507964
139.0 0.7088709970619941
140.0 0.7079062621849335
141.0 0.7070751223649366
142.0 0.7094844229921201
143.0 0.7097397397433675
144.0 0.7107922411530324
145.0 0.7091400174536284
146.0 0.7120213819949268
147.0 0.7143520053030907
148.0 0.7148834617420377
149.0 0.7172140850502006
150.0 0.7211286662069787
151.0 0.720056880003124
152.0 0.7186005805301325
153.0 0.7175095095320895
154.0 0.7156702349322307
155.0 0.718483333622737
156.0 0.717243781312616
157.0 0.7183348523106602
158.0 0.7179815734462066
159.0 0.7171843887877865
160.0 0.7182858712540566
161.0 0.7211286662069796
162.0 0.7228194594947611
163.0 0.7200657533290838
164.0 0.7193576574579119
165.0 0.7153154179255103
166.0 0.7197109363223652
167.0 0.7187668084941334
168.0 0.714948651308296
169.0 0.7183229027001651
170.0 0.7179266037098535
171.0 0.7180569091415538
172.0 0.711052753234635
173.0 0.7144422767049609
174.0 0.7128702684668411
175.0 0.707999609871338
176.0 0.7047753779338133
177.0 0.7048347704586448
178.0 0.7019534059173458
179.0 0.7063682091083879
180.0 0.7098998151382994
181.0 0.7000665310078259
182.0 0.7011785328861359
183.0 0.6927544485859982
184.0 0.6930879507037782
185.0 0.7042527948208278
185.99999999999997 0.7072336596176009
187.0 0.6969373422943017
188.0 0.7009410122383244
189.0 0.7022858618453427
190.0 0.7068684311426522
191.0 0.7117984822629878
192.0 0.7021018872294252
193.0 0.7011592975434591
194.0 0.7036087059012845
195.0 0.7103927019888663
196.00000000000003 0.699780137247219
197.00000000000003 0.7102635054709762
197.99999999999997 0.6970946969323366
199.0 0.7006158914940186
200.0 0.7049832517707235
201.0 0.6926694822730707
202.0 0.7006961069553058
203.0 0.699308073333108
204.0 0.6981634068516591
205.0 0.6915128661811233
206.00000000000003 0.6925580324070981
207.0 0.6905646003855382
208.0 0.690494901789499
209.0 0.6857230293998916
209.99999999999997 0.6871255049613518
210.99999999999997 0.6971880446187421
212.0 0.6852260158432721
213.0 0.681935056197226
214.00000000000003 0.6932290968321618
215.0 0.6932337112589686
216.0 0.6899647571639957
217.0 0.6807136060666693
218.0 0.6876711653019423
219.0 0.6926501974788816
220.0 0.6902081243047473
220.99999999999997 0.690827131388672
222.0 0.6817927274542157
223.0 0.6885736472572636
224.0 0.6783648805789388
225.0 0.6832251277062172
226.0 0.6781913174312473
226.99999999999997 0.6855395425047286
228.0 0.6851149215049466
229.0 0.6869302968838155
230.0 0.6843161987042595
231.0 0.6896797441503334
232.0 0.684182743287213
233.0 0.6952909156363188
233.99999999999997 0.6911464550915564
235.0 0.6959874174246413
236.0 0.6909297079286848
237.00000000000003 0.6870583107870839
238.0 0.6890784837183241
239.00000000000003 0.6859641635045102
240.0 0.6902617197881572
241.0 0.6784778685871766
242.0 0.6805219407394112
242.99999999999997 0.6904248714676186
244.0 0.6801196808183542
244.99999999999997 0.6819470058077167
245.99999999999997 0.6901934539373636
247.0 0.6861704991991515
248.0 0.6831688114659206
249.00000000000003 0.6838961921312826
250.0 0.675766990909035
251.0 0.691101732934109
252.0 0.6838726484379379
253.00000000000003 0.6843844645550473
254.0 0.6825393929137639
