1.0 1.6536226346240028
2.0 1.7004128093492308
3.0 1.696254861051702
4.0 1.6996082895071174
5.0 1.7006712023850121
6.0 1.6866635633150395
7.0 1.6972143451003976
8.0 1.702097805595586
9.0 1.702176482914607
10.0 1.6984875222466587
11.0 1.7002793539321817
12.0 1.7023145527584564
13.0 1.700709771973387
14.0 1.700818145554822
15.0 1.706337507496669
16.0 1.7036134975934094
17.0 1.7090422326057408
18.0 1.703141433679293
19.0 1.7079897311960741
20.0 1.707379597438108
21.0 1.705924836107385
22.0 1.712601996755798
23.0 1.7099582023138251
24.0 1.7122591293595735
25.0 1.7089145742301188
26.0 1.7045279291592257
27.0 1.6984400793323233
28.0 1.7116088878709639
29.0 1.706860090609657
30.0 1.7063672037590856
31.0 1.7092277453639284
32.0 1.708993251549137
33.0 1.7099285060514098
34.0 1.7114233751127756
35.0 1.7048376659340612
36.0 1.711009165581224
37.0 1.7083742444652108
38.0 1.7103114811782787
39.0 1.710528228341149
40.0 1.7084320988477748
41.0 1.707764110707244
42.0 1.7114233751127763
43.0 1.7178066494215682
44.0 1.7094059229384222
45.0 1.7136070552511293
46.0 1.7105667979295238
47.0 1.7103307659724647
48.0 1.7029890237934893
49.00000000000001 1.7079615730759259
50.0 1.7062692416458776
51.0 1.7056012535053469
52.0 1.7096330815695204
53.0 1.710851810943187
54.0 1.706974261232517
55.0 1.7096137967753329
56.0 1.7054142026048935
57.0 1.709692474094352
58.0 1.7104688358163167
59.0 1.7092902141732955
60.0 1.7079110538770559
61.0 1.710647013390811
62.0 1.7110284503754118
63.0 1.7101228921355562
64.0 1.7106261904543552
65.0 1.7074968443455025
66.0 1.7072633667092219
67.0 1.7054230759308535
68.0 1.7116594070698352
69.0 1.7129672252307477
70.0 1.712465465054216
71.0 1.7124847498484042
72.0 1.7131052950745977
73.0 1.716144014253935
74.0 1.7126421044864417
75.0 1.7146870848733722
76.0 1.7166650592246553
77.0 1.7148836390073579
78.0 1.7154760261134028
79.0 1.711729211062893
80.0 1.7111625916455377
81.0 1.7126718007488586
82.0 1.7146179107878852
83.0 1.7131824342513489
84.0 1.7143240244482634
85.0 1.7116088878709619
86.0 1.7109705959928476
87.0 1.7045871859912372
88.0 1.7088760046417437
89.0 1.7112170394181352
90.0 1.714717411043359
91.0 1.715472949828869
92.0 1.6985749713119744
92.99999999999999 1.7063849504110056
94.0 1.7135075549956544
95.0 1.7133205040952004
96.0 1.7104722424262837
97.0 1.7102104427805351
98.00000000000001 1.7132225419819913
98.99999999999999 1.7151998864257025
100.0 1.713960334115582
101.0 1.7167437365436735
102.0 1.7182193208108525
103.00000000000001 1.7185637263493452
104.0 1.718357390654702
104.99999999999999 1.7177472568967356
106.0 1.717923896328962
107.00000000000001 1.7166947554870688
108.0 1.715712058070462
109.0 1.7187017961931959
110.0 1.7165478123172584
111.0 1.7193119299511614
112.0 1.7182297322790794
113.0 1.7164691349982386
114.0 1.7152399941563456
115.0 1.7159272670910641
116.0 1.714902442574782
116.99999999999999 1.7147697987099297
118.0 1.7156021463467581
119.0 1.71538539918389
120.0 1.7161528875798944
121.0 1.7238929611062033
122.0 1.7206479062322224
122.99999999999999 1.7167469792643208
124.0 1.7115390838779023
125.0 1.7138712453283316
126.0 1.7135179664638798
127.0 1.7164186157993668
128.0 1.716564020826913
129.0 1.7121664423240317
130.0 1.7154401772819192
131.0 1.7142052393985974
132.0 1.7188576126889659
133.0 1.71477680356819
134.0 1.7115020524317954
135.0 1.7091698909813644
136.0 1.7152488674823076
137.0 1.7195745818861023
138.0 1.7130740606699146
139.0 1.706344842680363
140.0 1.7082539212732792
141.0 1.7138430872081838
142.0 1.715110797638455
143.0 1.711815223565606
144.0 1.710899253857521
145.0 1.7126124082240262
146.0 1.7127786361880233
147.0 1.7123258570680957
148.0 1.7144694294758056
149.0 1.7127281169891528
150.0 1.7140062388876505
151.0 1.7117928624868826
152.0 1.7134258013920998
153.0 1.7143313596319554
154.0 1.713121503584249
155.0 1.7160132795937753
156.0 1.7151374176163363
157.0 1.7181672634697123
158.0 1.7204593171895017
159.0 1.7191811952910052
160.0 1.7168906797134846
161.0 1.7147351576952794
162.0 1.71332937742116
163.0 1.715827766835589
164.0 1.711203551665371
165.0 1.7147841387518836
166.0 1.7148435312767154
167.0 1.7133590736835758
168.0 1.7114989761472608
169.0 1.7111931401971427
170.0 1.7054111263203577
171.0 1.703498971442905
172.0 1.7034812247909858
173.0 1.7030581419334734
174.0 1.703570313578231
175.0 1.6968426337309477
176.0 1.7023604575305256
177.0 1.6965086396606803
178.0 1.6850772150349675
179.0 1.6877530961708123
180.0 1.693272458112662
181.0 1.6845705119458152
182.0 1.6718724284660154
183.0 1.6632204430041757
184.0 1.665445769015439
185.0 1.668738266803753
185.99999999999997 1.6679337469616415
187.0 1.6710823778646824
188.0 1.6696052554552363
189.0 1.6650863375819176
190.0 1.6588631386680543
191.0 1.6559698245162588
192.0 1.6559729008007944
193.0 1.6490612463375929
194.0 1.6526892763384387
195.0 1.6477785100122937
196.00000000000003 1.6518890153954797
197.00000000000003 1.6616110477923063
197.99999999999997 1.662530424110355
199.0 1.6565282564607338
200.0 1.6474522066533623
201.0 1.6643990646471958
202.0 1.6635841333368588
203.0 1.6475278076878481
204.0 1.650606634597831
205.0 1.6597628998664842
206.00000000000003 1.6603745717667193
207.0 1.6485729739138235
208.0 1.6393245435733887
209.0 1.632479947144144
209.99999999999997 1.6334829455334476
210.99999999999997 1.6318297056555324
212.0 1.63851796362525
213.0 1.6376429539370005
214.00000000000003 1.635050530983091
215.0 1.6344538849778862
216.0 1.6310111760969002
217.0 1.636590122201901
218.0 1.6374243383064326
219.0 1.6361670393443881
220.0 1.647744554850723
220.99999999999997 1.6423277694488818
222.0 1.6519175290432795
223.0 1.6455076347566067
224.0 1.6497249755789667
225.0 1.6486917589634849
226.0 1.6544055069894814
226.99999999999997 1.642698794965259
228.0 1.6437690430268455
229.0 1.6473199338509426
230.0 1.6380271368807025
231.0 1.6410793438128042
232.0 1.6378312126542856
233.0 1.6502637672016043
233.99999999999997 1.6399867346724948
235.0 1.6459573375919996
236.0 1.6470009656757076
237.00000000000003 1.6361388812242403
238.0 1.6368084075070393
239.00000000000003 1.6338661122986387
240.0 1.6420886612072887
241.0 1.6416046476826804
242.0 1.6338806162299124
242.99999999999997 1.6460868644353206
244.0 1.6424627630081983
244.99999999999997 1.6412643346072329
245.99999999999997 1.643435048956578
247.0 1.6358002727271712
248.0 1.6336790613981844
249.00000000000003 1.634329302886794
250.0 1.6442368480418001
251.0 1.6376487761806329
252.0 1.6397534234723237
253.00000000000003 1.6369167810884693
254.0 1.6286379159395235
