1.0 2.2172045941276997
2.0 2.2423400458686147
3.0 2.242389026925219
4.0 2.2486357695324273
5.0 2.2435024590019848
6.0 2.2446425110566306
7.0 2.243698383228398
8.0 2.2448488467512733
9.0 2.2474733563990585
10.0 2.243107534264621
11.0 2.2432456041084703
12.0 2.2467876216066083
13.0 2.247563983328573
14.0 2.2471320271451005
15.0 2.249116706772503
16.0 2.244770169432254
17.0 2.2451635560273506
18.0 2.247169058591209
19.0 2.2495309163040553
20.0 2.244357498042969
21.0 2.24280323645677
22.0 2.2436775602919448
23.0 2.247604091059215
24.0 2.243156515321224
25.0 2.24661098217438
26.0 2.247010165810902
27.0 2.2434993827174488
28.0 2.2418486971603104
29.0 2.241584507083105
30.0 2.2500905308631514
31.0 2.246570874443738
32.0 2.248604535127743
33.0 2.2442506626038012
34.0 2.2533564086735853
35.0 2.2483893261071404
36.0 2.249973283955756
37.0 2.242397900251179
38.0 2.2428907871017496
39.0 2.244953291758983
40.0 2.2496585746796782
41.0 2.2446810806450053
42.0 2.2500029802181714
43.0 2.2506605568904736
44.0 2.2517130583001412
45.0 2.247247735910229
46.0 2.248252794405558
47.0 2.2512039629399165
48.0 2.2478505344845012
49.00000000000001 2.249942049551073
50.0 2.2442892321921764
51.0 2.2431950849096
52.0 2.2493334539353733
53.0 2.246993957301251
54.0 2.244050123950583
55.0 2.24398339624206
56.0 2.2417210387846893
57.0 2.245821132699653
58.0 2.2488822129577115
59.0 2.245133859764934
60.0 2.252679547207095
61.0 2.2520188942502575
62.0 2.248794662312733
63.0 2.25029840470006
64.0 2.246973134364794
65.0 2.2438067568098337
66.0 2.249422542722621
67.0 2.2478875659306112
68.0 2.252107983037505
69.0 2.253740921942722
70.0 2.254921081728012
71.0 2.2512232477341048
72.0 2.2492354918221666
73.0 2.246167076380413
74.0 2.24603941800479
75.0 2.2470429383578527
76.0 2.2483314717245784
77.0 2.239388877334257
78.0 2.2434029587465094
79.0 2.245990436948187
80.0 2.251034658691382
81.0 2.2481251360299366
82.0 2.251460817833431
83.0 2.2496392898854918
84.0 2.247877154462384
85.0 2.2447894542264426
86.0 2.2426532170024256
87.0 2.2444465868302164
88.0 2.24656046297551
89.0 2.2461670763804142
90.0 2.240294435574114
91.0 2.2372364316005884
92.0 2.238406179917651
92.99999999999999 2.240467146432615
94.0 2.241602253735026
95.0 2.244397605773613
96.0 2.248705573525485
97.0 2.248044920568649
98.00000000000001 2.2470622231520405
98.99999999999999 2.2504557593380983
100.0 2.2510466083018783
101.0 2.2477911419596697
102.0 2.2512633554647477
103.00000000000001 2.247544698534385
104.0 2.2471810082017045
104.99999999999999 2.2472002929958914
106.0 2.2498753218425485
107.00000000000001 2.25227574914377
108.0 2.2548913854655948
109.0 2.259496315841626
110.0 2.258118693687654
111.0 2.2555119306917897
112.0 2.253062522333962
113.0 2.2525013696325997
114.0 2.2471794700594363
115.0 2.2506620950327414
116.0 2.2495903088288856
116.99999999999999 2.244787916084174
118.0 2.2507912915506325
119.0 2.2525607621574326
120.0 2.2556588738616
121.0 2.2554999810812952
122.0 2.2521376792999197
122.99999999999999 2.2481428826818566
124.0 2.247001292484944
125.0 2.2494082026806668
126.0 2.248546680745181
127.0 2.2529541487525293
128.0 2.248723320177407
129.0 2.241552750714664
130.0 2.242259830407328
131.0 2.245506423423574
132.0 2.24687363410932
133.0 2.2470236535636645
134.0 2.249481935247451
135.0 2.251263355464747
136.0 2.2426859895493756
137.0 2.2484784148943864
138.0 2.2421618682941182
139.0 2.2373948024171324
140.0 2.2446266328724085
141.0 2.247926135518984
142.0 2.246726690939507
143.0 2.2437176680225868
144.0 2.2475848062650274
145.0 2.2473784705703856
146.0 2.2405304675311717
147.0 2.2452302837358755
148.0 2.2491375297089595
149.0 2.249324580609413
150.0 2.2505641329195343
151.0 2.2511653933515405
152.0 2.2508491459331963
153.0 2.242743843931939
154.0 2.245913297771436
155.0 2.248980175070921
156.0 2.246413519805701
157.0 2.242184229372845
158.0 2.248990586539149
159.0 2.252099109711546
160.0 2.2542932013181254
161.0 2.2515587799466377
162.0 2.2476619454417817
163.0 2.2451161131130135
164.0 2.242163406436388
165.0 2.240500771268755
166.0 2.2395848015606714
167.0 2.2419080896851415
168.0 2.2412505130128397
169.0 2.245291214402972
170.0 2.2403691843194067
171.0 2.23896123599545
172.0 2.2375682576210156
173.0 2.238179021286551
174.0 2.239028263286112
175.0 2.235575334575223
176.0 2.2368519183314537
177.0 2.2333233885860797
178.0 2.2291326677415992
179.0 2.2297532129677937
180.0 2.227685241594568
181.0 2.231487520596184
182.0 2.2221194529168904
183.0 2.2191182871474204
184.0 2.225511972924439
185.0 2.2184649693742773
185.99999999999997 2.221800651177772
187.0 2.2186165269708895
188.0 2.2159978143645302
189.0 2.2113037952012524
190.0 2.214571211153955
191.0 2.2153980920747913
192.0 2.2091097035946725
193.0 2.2092805459854716
194.0 2.203424113688824
195.0 2.201065332260513
196.00000000000003 2.198134986662613
197.00000000000003 2.19907364777485
197.99999999999997 2.194734115292861
199.0 2.2003884707940227
200.0 2.2025200935912372
201.0 2.2050778755305007
202.0 2.2085099813049305
203.0 2.2016828012021725
204.0 2.197820607711967
205.0 2.1906159191983305
206.00000000000003 2.1991859499300097
207.0 2.1965903986932585
208.0 2.204945136709824
209.0 2.2005454738516175
209.99999999999997 2.197423978396221
210.99999999999997 2.2031945646262705
212.0 2.2084818231847856
213.0 2.2074470684270393
214.00000000000003 2.203782006980081
215.0 2.201124724785344
216.0 2.206054775905679
217.0 2.20356679795948
218.0 2.205402996274803
219.0 2.2026878596975026
220.0 2.1998064951562037
220.99999999999997 2.203220854278719
222.0 2.205406072559341
223.0 2.2049637049076387
224.0 2.204252532751931
225.0 2.2116096311513713
226.0 2.2087193932841105
226.99999999999997 2.2059656871184354
228.0 2.2055129079985085
229.0 2.2040253741208344
230.0 2.202974410853435
231.0 2.2016947508126696
232.0 2.2048329702474816
233.0 2.207726284399275
233.99999999999997 2.2059375289982865
235.0 2.204910109424233
236.0 2.2018505673084414
237.00000000000003 2.2001212044322838
238.0 2.200643787545272
239.00000000000003 2.2017348585433143
240.0 2.197333873430467
241.0 2.191827313388307
242.0 2.190779756730875
242.99999999999997 2.1879231436997557
244.0 2.192091503465512
244.99999999999997 2.1914695839863683
245.99999999999997 2.2004947842694325
247.0 2.201702085996361
248.0 2.196108661162297
249.00000000000003 2.199147380341635
250.0 2.1970454538068376
251.0 2.2021074222019563
252.0 2.202172967295856
253.00000000000003 2.2051241358302125
254.0 2.205178913928241
