1.0 1.4758936671101879
2.0 1.5088047689282675
3.0 1.514502308444609
4.0 1.512998566057281
5.0 1.5112156076977177
6.0 1.505475570019276
7.0 1.516441083299943
8.0 1.5131040272435012
9.0 1.520030543712415
10.0 1.5195094987416957
11.0 1.5187049788995828
12.0 1.5154672592092948
13.0 1.5220078881561259
14.0 1.5189113145942237
15.0 1.5170512170579098
16.0 1.5226299715245868
17.0 1.5219010527169583
18.0 1.5236631881400673
19.0 1.5246057778260302
20.0 1.5272036674959348
21.0 1.5274292879847653
22.0 1.5200810629112866
23.0 1.525708798434568
24.0 1.515243176862733
25.0 1.5264658753623481
26.0 1.5291112079465878
27.0 1.5246370122307147
28.0 1.5314908123113538
29.0 1.5292195815280216
30.0 1.5241931064367444
31.0 1.5298104304918005
32.0 1.518577320523959
33.0 1.5255306208600756
34.0 1.5224726168865492
35.0 1.5274396994529924
36.0 1.519381840366073
37.0 1.5252664307828683
38.0 1.5300657472430463
39.0 1.5282650422315636
40.0 1.5308332356390537
41.0 1.5258260453419636
42.0 1.5250674302719196
43.0 1.5242436256356167
44.0 1.5226477181765055
45.0 1.5173659263339876
46.0 1.5233855103100975
47.0 1.5213206152214092
48.0 1.5196178723231317
49.00000000000001 1.5290028343651523
50.0 1.5287579290821338
51.0 1.5334399986349163
52.0 1.5273714336022004
53.0 1.527301629609143
54.0 1.5241248405859542
55.0 1.5254816398034727
56.0 1.5297510379669685
57.0 1.528993961039191
58.0 1.5290236573016074
59.0 1.5289627266345096
60.0 1.5288558911953418
61.0 1.532259838849628
62.0 1.5309713054829024
63.0 1.5349140447598286
64.0 1.5327511875579314
65.0 1.5309223244262993
66.0 1.5310663552008945
67.0 1.5279622825659809
68.0 1.530528937831203
69.0 1.5331549856212543
70.0 1.5283927006071862
71.0 1.534303911001863
72.0 1.5300167661864428
73.0 1.5333910175783125
74.0 1.5297124683785923
75.0 1.5341272715696361
76.0 1.5386905560727562
77.0 1.5355627481061722
78.0 1.53593684990708
79.0 1.5334384604926496
80.0 1.535180273688046
81.0 1.5368809777353127
82.0 1.5350922223343222
83.0 1.534765563447749
84.0 1.5335364226058572
85.0 1.536221862920742
86.0 1.5376187698689008
87.0 1.5311865145035026
88.0 1.5325730099834356
89.0 1.5359457232330382
90.0 1.5363391098281363
91.0 1.5376870357196932
92.0 1.5317109660841937
92.99999999999999 1.5308589755787356
94.0 1.534629031746165
95.0 1.5356028558368136
96.0 1.535214413993952
97.0 1.5343143224700877
98.00000000000001 1.534983848752886
98.99999999999999 1.535268861766547
100.0 1.5373441683234654
101.0 1.5351412033909249
102.0 1.5369997627849723
103.00000000000001 1.5356518368934164
104.0 1.5340975753072184
104.99999999999999 1.5355434633119822
106.0 1.5353074313549238
107.00000000000001 1.5347566901217882
108.0 1.5334562071445692
109.0 1.5354246782623193
110.0 1.5351886463052609
111.0 1.5362307362467007
112.0 1.5396836649575887
113.0 1.5409914831185025
114.0 1.5396346839009867
115.0 1.5378355170317697
116.0 1.532996092840947
116.99999999999999 1.529317543641227
118.0 1.5327110798272852
119.0 1.533920935874992
120.0 1.5347671015900155
121.0 1.5350521146036773
122.0 1.5346691394768082
122.99999999999999 1.5289311406493802
124.0 1.5281076875935247
125.0 1.533269156244116
126.0 1.5340188979882
127.0 1.5358982803187025
128.0 1.5281551305078591
129.0 1.526689084164706
130.0 1.5271112804900258
131.0 1.5338094860090232
132.0 1.5344597274976322
133.0 1.5315976477505224
134.0 1.5327778075358123
135.0 1.535129253780431
136.0 1.538384720122638
137.0 1.5352079310994486
138.0 1.533338960237173
139.0 1.5285396437769954
140.0 1.5287756757340518
141.0 1.5307827164401786
142.0 1.5305659692773093
143.0 1.5292284548539812
144.0 1.5293457017613763
145.0 1.5275376615662006
146.0 1.5309786406665953
147.0 1.5313913120558795
148.0 1.5291289545985085
149.0 1.5283140232881667
150.0 1.526258001525436
151.0 1.5287459794716387
152.0 1.5224132243617177
153.0 1.5241144291177273
154.0 1.5217645210153758
155.0 1.521439400271072
156.0 1.5242806570817262
157.0 1.5245062775705565
158.0 1.5262356404467141
159.0 1.5244943279600598
160.0 1.52781806015306
161.0 1.527712762856161
162.0 1.5246948666132778
163.0 1.526915578197739
164.0 1.5284906627203936
165.0 1.5303195258520264
166.0 1.5279873644015942
167.0 1.5322424225231397
168.0 1.5287548527975985
169.0 1.5236601118555313
170.0 1.519427881278455
171.0 1.515967791998911
172.0 1.514520753937593
173.0 1.5190609785209273
174.0 1.5176447867785785
175.0 1.521461405822149
176.0 1.5135238699271598
177.0 1.5161529940017466
178.0 1.5188160732379068
179.0 1.5150187389885228
180.0 1.5048797763032637
181.0 1.4851148772836356
182.0 1.4721582972881229
183.0 1.4679520690479597
184.0 1.4774387830897973
185.0 1.4802356732706505
185.99999999999997 1.4868565176787687
187.0 1.4874697277212718
188.0 1.492342254784478
189.0 1.4952067249630443
190.0 1.487633895579245
191.0 1.487163369807395
192.0 1.4893671870291305
193.0 1.4841814888321139
194.0 1.4780014739334313
195.0 1.4865699665228445
196.00000000000003 1.480848361349398
197.00000000000003 1.4801793570303572
197.99999999999997 1.4848807113773252
199.0 1.4893059260365973
200.0 1.4894602043901015
201.0 1.4852967893765816
202.0 1.4824876192597969
203.0 1.4883795448602852
204.0 1.4876567786217296
205.0 1.492307613769827
206.00000000000003 1.4821223907848498
207.0 1.467707743359129
208.0 1.4692673641650027
209.0 1.4719301113908023
209.99999999999997 1.46635242210665
210.99999999999997 1.4652739891189726
212.0 1.4637992571409841
213.0 1.4598908285532775
214.00000000000003 1.470677478406374
215.0 1.4796755367477998
216.0 1.4712299216710982
217.0 1.4624957230814422
218.0 1.4583186564258397
219.0 1.4612901259328968
220.0 1.4582962953471201
220.99999999999997 1.4558603747420529
222.0 1.4637817021273944
223.0 1.4748350963784704
224.0 1.471168496789245
225.0 1.4710585850655415
226.0 1.4697106591739835
226.99999999999997 1.4705167171583653
228.0 1.4690218480970016
229.0 1.4716207539454156
230.0 1.4734921152391507
231.0 1.461743427016581
232.0 1.4660855138193494
233.0 1.4641037465871598
233.99999999999997 1.4645773486435445
235.0 1.4700550647124804
236.0 1.4740513994728113
237.00000000000003 1.475086154230559
238.0 1.4793451409258265
239.00000000000003 1.471309642917629
240.0 1.479276875075035
241.0 1.4723235747389218
242.0 1.4723324480648798
242.99999999999997 1.480112629321831
244.0 1.4745562359338755
244.99999999999997 1.473601696637419
245.99999999999997 1.474063349083305
247.0 1.4686747218016145
248.0 1.4748531985580358
249.00000000000003 1.4754899522938842
250.0 1.4842320080309876
251.0 1.4716571247406611
252.0 1.4768436752268637
253.00000000000003 1.4710840224288018
254.0 1.4687544152991447
