1.0 1.1092999642052481
2.0 1.1604013186597015
3.0 1.1635361314845472
4.0 1.1657614574958093
5.0 1.1700951929363737
6.0 1.1591167138667025
7.0 1.172025946754938
8.0 1.165026741646754
9.0 1.1744151102987423
10.0 1.1738416776614515
11.0 1.1601977289241612
12.0 1.1650267416467546
13.0 1.160705286142118
14.0 1.167591858769708
15.0 1.17100775603449
16.0 1.1705607739559851
17.0 1.1628430615084024
18.0 1.1731409169739708
19.0 1.171654921238565
20.0 1.1710181675027171
21.0 1.1699641279507833
22.0 1.1693956400657286
23.0 1.1738906587180542
24.0 1.1727594799893688
25.0 1.1749624449219118
26.0 1.1745007924760207
27.0 1.1754048125736112
28.0 1.1727104989327652
29.0 1.1722978275434817
30.0 1.172808461045973
31.0 1.1773644103654002
32.0 1.174273633844926
33.0 1.1789171338093303
34.0 1.1767141688767917
35.0 1.1762895478770135
36.0 1.1643082343073534
37.0 1.1754537936302132
38.0 1.1716668708490605
39.0 1.1701423055252782
40.0 1.1733592022791086
41.0 1.1736739115551857
42.0 1.1782773037889496
43.0 1.1806079270971124
44.0 1.1727178341164577
45.0 1.1781303606191393
46.0 1.1762613897568621
47.0 1.182209631597646
48.0 1.1850065217785013
49.00000000000001 1.180363021814095
50.0 1.1816635047913135
51.0 1.1777859550806464
52.0 1.184632419977593
53.0 1.1819469796627085
54.0 1.179576248623902
55.0 1.1764677254515044
56.0 1.1746526803980681
57.0 1.1747175396388925
58.0 1.1710864333535096
59.0 1.1790572360102005
60.0 1.1794678750424674
61.0 1.1776192051528882
62.0 1.1848283442040073
63.0 1.1792970326516643
64.0 1.1799858437286495
65.0 1.176434952904555
66.0 1.1771164287978488
67.0 1.1751286728859114
68.0 1.1792896974679723
69.0 1.1789942729860836
70.0 1.1747160014966243
71.0 1.1780798414202678
72.0 1.1769382512233535
73.0 1.182249739328291
74.0 1.1790417159004183
75.0 1.1687916336746156
76.0 1.180745996940961
77.0 1.1780725062365731
78.0 1.1758383068993505
79.0 1.1759185223606363
80.0 1.1804319457689547
81.0 1.183364709547323
82.0 1.1821147457689754
83.0 1.1777473854922695
84.0 1.1750114259785145
85.0 1.1744622228876467
86.0 1.1745779316527751
87.0 1.177500942066984
88.0 1.1754553317724805
89.0 1.181406649897801
90.0 1.1804640602118346
91.0 1.1843385336379704
92.0 1.177790634493745
92.99999999999999 1.1708641700231357
94.0 1.1779433097186847
95.0 1.1838263619932121
96.0 1.1813160229682873
97.0 1.1759347308702888
98.00000000000001 1.1773806188750544
98.99999999999999 1.178344031497474
100.0 1.1794158177013294
101.0 1.1809403830251117
102.0 1.1811081491313777
103.00000000000001 1.1823477014414991
104.0 1.1780501451578533
104.99999999999999 1.1799191160201277
106.0 1.1785623168026114
107.00000000000001 1.1802650597008877
108.0 1.179890957899979
109.0 1.1830885698596223
110.0 1.182282511875241
111.0 1.1814764538908606
112.0 1.1838560582556266
113.0 1.1832177663775114
114.0 1.1813487955152366
115.0 1.1773347141029846
116.0 1.1667017126958208
116.99999999999999 1.171175522140754
118.0 1.1742782482717247
119.0 1.179845053127908
120.0 1.1804729335377955
121.0 1.1831865319728283
122.0 1.1804297495226168
122.99999999999999 1.1752861721277128
124.0 1.188159411580699
125.0 1.1874513157095248
126.0 1.1856239907201607
127.0 1.1900210472592807
128.0 1.1939741980044325
129.0 1.18590216276488
130.0 1.184063740454213
131.0 1.185669895492231
132.0 1.1850894579966795
133.0 1.186219098583098
134.0 1.1821872705189245
135.0 1.185509464569657
136.0 1.1814448639585335
137.0 1.1814969212996718
138.0 1.181281190315309
139.0 1.1787084384265245
140.0 1.1692544661883348
141.0 1.1711516229197652
142.0 1.1718701302591665
143.0 1.1721312440518388
144.0 1.1686574924044948
145.0 1.1658845014446315
146.0 1.1699019894668525
147.0 1.1716310220175792
148.0 1.1662387964875973
149.0 1.16743329631484
150.0 1.163797245277222
151.0 1.1622400712958074
152.0 1.1630090978340784
153.0 1.1659715301258535
154.0 1.1663248089903073
155.0 1.1680676596192252
156.0 1.171319719351465
157.0 1.1727239614833178
158.0 1.1788461219994382
159.0 1.1744722788282307
160.0 1.1766382123146624
161.0 1.1735505120787217
162.0 1.1736573475178878
163.0 1.1734332651713246
164.0 1.1695275573405086
165.0 1.1678545107046467
166.0 1.1685818913700077
167.0 1.1714528444430794
168.0 1.171394990060517
169.0 1.173519277674037
170.0 1.176702549591728
171.0 1.1740058455194238
172.0 1.1695587917451904
173.0 1.1716132753656527
174.0 1.1678784099256339
175.0 1.1685537332498597
176.0 1.1705430273040658
177.0 1.1681098274558939
178.0 1.156642553998695
179.0 1.146439062398044
180.0 1.1612217166860368
181.0 1.1523857443940513
182.0 1.1480358929194519
183.0 1.1458518977008039
184.0 1.1546662257334972
185.0 1.156228344467148
185.99999999999997 1.1506357719222706
187.0 1.162296223646783
188.0 1.145291511270386
189.0 1.1579095785758904
190.0 1.1549109671271947
191.0 1.1445818772569436
192.0 1.1505050372621168
193.0 1.1508197465381915
194.0 1.1543957191979004
195.0 1.1489180031289623
196.00000000000003 1.1493781174325852
197.00000000000003 1.1425779128353528
197.99999999999997 1.1549198404531558
199.0 1.1529826037400859
200.0 1.1502096127802228
201.0 1.1479873630534971
202.0 1.1544805490859893
203.0 1.1444869914282672
204.0 1.1510823984731284
205.0 1.1441514592157351
206.00000000000003 1.144918947611741
207.0 1.161193558565889
208.0 1.1582597551822862
209.0 1.1511900607531402
209.99999999999997 1.1502592796899025
210.99999999999997 1.145640173161242
212.0 1.1524984237793632
213.0 1.1632447994657025
214.00000000000003 1.1559375344120568
215.0 1.1491311772457538
216.0 1.1499307523356301
217.0 1.1495728590443766
218.0 1.152170748714281
219.0 1.1470713933454146
220.0 1.142733373803478
220.99999999999997 1.1398358007525262
222.0 1.1301573078985292
223.0 1.1298881478668783
224.0 1.129413007668228
225.0 1.1309464463179717
226.0 1.1198143747478728
226.99999999999997 1.1254243636192343
228.0 1.1282714174713115
229.0 1.1291623053437858
230.0 1.1258621168441305
231.0 1.125632237456143
232.0 1.1271479294539648
233.0 1.1433716656815962
233.99999999999997 1.127572550453742
235.0 1.132533480451118
236.0 1.1390370779518388
237.00000000000003 1.1259025801024203
238.0 1.1406538083474054
239.00000000000003 1.1427588111667382
240.0 1.1271051009664312
241.0 1.131047840243358
242.0 1.1460617204232806
242.99999999999997 1.1369648476794594
244.0 1.1352370229455713
244.99999999999997 1.1321358349568704
245.99999999999997 1.1251335535641467
247.0 1.1348837440811175
248.0 1.1319726832774015
249.00000000000003 1.132644930317089
250.0 1.1293242744086307
251.0 1.1266804799666537
252.0 1.134107026831507
253.00000000000003 1.1347949856193056
254.0 1.129898914862754
