1.0 1.1204000485123324
2.0 1.156552082445547
3.0 1.1646638673413041
4.0 1.161269645302171
5.0 1.1664372665218325
6.0 1.1548701624837254
7.0 1.1665086086571566
8.0 1.1727152435337223
9.0 1.170884842259823
10.0 1.1754199686427953
11.0 1.1661032724515663
12.0 1.1798066137136887
13.0 1.1686922887955091
14.0 1.1661730764446243
15.0 1.1742205240633166
16.0 1.1707868801466161
17.0 1.1678075534921106
18.0 1.169104960184795
19.0 1.172367761710697
20.0 1.1727642245903265
21.0 1.1683687061934735
22.0 1.1682306363496218
23.0 1.16971663208503
24.0 1.170973931047071
25.0 1.171054146508357
26.0 1.173257111440898
27.0 1.1668738371321064
28.0 1.1740126502264088
29.0 1.171063019834319
30.0 1.1749968857852842
31.0 1.1764695576572455
32.0 1.1762765458260476
33.0 1.1745456448076217
34.0 1.1748113730270962
35.0 1.173995919752998
36.0 1.1716152992097197
37.0 1.1712604822029993
38.0 1.1730893453346314
39.0 1.1683390099310578
40.0 1.1714668178976426
41.0 1.177741718624999
42.0 1.1753517027920042
43.0 1.1772503699166939
44.0 1.1716627421240584
45.0 1.177348332029902
46.0 1.1699719488362752
47.0 1.177771414887413
48.0 1.17610877971978
49.00000000000001 1.1719982743365875
50.0 1.172243179619607
51.0 1.1715647800108486
52.0 1.1766402361587274
53.0 1.171613761067452
54.0 1.1707170761535577
55.0 1.1669139448627497
56.0 1.1722921606762107
57.0 1.1719982743365895
58.0 1.1803291968266763
59.0 1.1739250995814299
60.0 1.1781158204259083
61.0 1.1753011835931324
62.0 1.1769237110301234
63.0 1.1775828258446943
64.0 1.179787328919501
65.0 1.1803276586844087
66.0 1.1762453114213653
67.0 1.1776630413059792
68.0 1.1806319564922594
69.0 1.1807804378043367
70.0 1.178528491815193
71.0 1.1782137825391163
72.0 1.1789812709351197
73.0 1.1792751572747429
74.0 1.1732065922420278
75.0 1.171223043230941
76.0 1.1823925537730986
77.0 1.177977750582056
78.0 1.1708967918703193
79.0 1.17697576837126
80.0 1.175970709875932
81.0 1.1771524078034867
82.0 1.1766016665703525
83.0 1.177899073263038
84.0 1.1760108176065756
85.0 1.1822263258091
86.0 1.173236288504443
87.0 1.168989775930223
88.0 1.174711872771624
89.0 1.180465728528261
90.0 1.1797383478628996
91.0 1.1814395526189079
92.0 1.1724525638497807
92.99999999999999 1.164722386321936
94.0 1.1719269322012642
95.0 1.1710927160967353
96.0 1.1716033495992266
97.0 1.1635574401228028
98.00000000000001 1.178320617978284
98.99999999999999 1.177563541050507
100.0 1.1794517967069706
101.0 1.178626453928401
102.0 1.1800337723447885
103.00000000000001 1.177673452774209
104.0 1.1779881620502866
104.99999999999999 1.1779688772560981
106.0 1.1793850689984462
107.00000000000001 1.1784602259644024
108.0 1.1783815486453832
109.0 1.178932289878518
110.0 1.1802698043018467
111.0 1.179315265005387
112.0 1.1799639683517293
113.0 1.180819007392715
114.0 1.1817141541643417
115.0 1.1812806598386023
116.0 1.1814033734619886
116.99999999999999 1.17925040576456
118.0 1.1800129494083316
119.0 1.1816562997817763
120.0 1.1826301238724224
121.0 1.1820689711710597
122.0 1.1827963518364208
122.99999999999999 1.1761354061916558
124.0 1.180378508208711
125.0 1.1841813091740858
126.0 1.1881063017990914
127.0 1.1897882217609121
128.0 1.187053800389424
129.0 1.1770622750887245
130.0 1.1643955570520486
131.0 1.1699627199826708
132.0 1.1746760239401353
133.0 1.1753085187768217
134.0 1.1793195239045406
135.0 1.1802073354924758
136.0 1.1806408298182156
137.0 1.1815166917956559
138.0 1.18223366099279
139.0 1.1764206910384465
140.0 1.1756885815084754
141.0 1.1774432178585712
142.0 1.1786145043179006
143.0 1.1794309737705093
144.0 1.179626897996925
145.0 1.1795690436143602
146.0 1.1778663007160841
147.0 1.178672358700465
148.0 1.1804522407754943
149.0 1.182036198624108
150.0 1.1819679327733164
151.0 1.1806689879383623
152.0 1.1785848080554844
153.0 1.1807877729880258
154.0 1.1796477209333793
155.0 1.176803387838188
156.0 1.178280510247635
157.0 1.1777876233970646
158.0 1.1767455334556267
159.0 1.1759498869394718
160.0 1.1761161149034707
161.0 1.1779345665668766
162.0 1.1778277311277094
163.0 1.1804923485061378
164.0 1.1767262486614385
165.0 1.1772368821639307
166.0 1.1768909384831698
167.0 1.1795466825356384
168.0 1.1766549065261127
169.0 1.1758978295983349
170.0 1.1651664798070267
171.0 1.1645409620795923
172.0 1.1598990284539517
173.0 1.1555898524377495
174.0 1.16703885727927
175.0 1.1641574927379699
176.0 1.1588024902924234
177.0 1.163198008689277
178.0 1.1609341130896365
179.0 1.1570581015212364
180.0 1.1544424651994094
181.0 1.1406133918144872
182.0 1.1338929679728946
183.0 1.1363399492473412
184.0 1.1366243344527316
185.0 1.1356616076833879
185.99999999999997 1.1349308204080586
187.0 1.1367042195885835
188.0 1.1377894935452033
189.0 1.1349398576233363
190.0 1.1321515104430104
191.0 1.144078212350755
192.0 1.1363104749190485
193.0 1.1439891235635067
194.0 1.1366069433284542
195.0 1.137523765325731
196.00000000000003 1.1343543114862304
197.00000000000003 1.1383491081042976
197.99999999999997 1.1387127984369807
199.0 1.1421834737997876
200.0 1.134551773854915
201.0 1.137163481603013
202.0 1.1395470145415068
203.0 1.1370189288646573
204.0 1.1391655775569056
205.0 1.1328193346942221
206.00000000000003 1.1354662054207334
207.0 1.1235548597334528
208.0 1.1183580642151363
209.0 1.118704171785214
209.99999999999997 1.1284441172700688
210.99999999999997 1.1238176781045037
212.0 1.1276285001066482
213.0 1.1220717763932633
214.00000000000003 1.129281931622889
215.0 1.1234806329519167
216.0 1.1288395639711906
217.0 1.1215746306435344
218.0 1.1268830424639358
219.0 1.1260264652806822
220.0 1.1227443789605942
220.99999999999997 1.1321231884335452
222.0 1.1352436612164356
223.0 1.1191950262787664
224.0 1.1252917494316286
225.0 1.1269914160453685
226.0 1.1308169084148998
226.99999999999997 1.1331282469288737
228.0 1.1266855800952542
229.0 1.1280365822713432
230.0 1.1300332115092442
231.0 1.1218017892746317
232.0 1.1322049420371023
233.0 1.1302974015864502
233.99999999999997 1.1222931379829362
235.0 1.1161651804253916
236.0 1.1277484929731476
237.00000000000003 1.1253110342258201
238.0 1.1277203348529992
239.00000000000003 1.1159468951202522
240.0 1.1152387992490744
241.0 1.1210046046162043
242.0 1.1147073428101302
242.99999999999997 1.1300301352247097
244.0 1.1249353942826381
244.99999999999997 1.1234702214836898
245.99999999999997 1.1206883571978683
247.0 1.1210416360623168
248.0 1.1155623818511136
249.00000000000003 1.122278112087901
250.0 1.1194977859443456
251.0 1.1256998063941106
252.0 1.1210332569511106
253.00000000000003 1.123749931670677
254.0 1.1148735707741295
