1.0 1.1765873748045617
2.0 1.2174721336297394
3.0 1.2156565943615505
4.0 1.2105306190147984
5.0 1.2235763836046196
6.0 1.2055886182839697
7.0 1.2211655448351693
8.0 1.2249435942903628
9.0 1.2227703256202376
10.0 1.2216896660904237
11.0 1.226529090281246
12.0 1.2181252875135657
13.0 1.2237071182647765
14.0 1.2235200673643207
15.0 1.229910676856808
16.0 1.2241464096319437
17.0 1.2183227498822473
18.0 1.2217386471470268
19.0 1.226361324174979
20.0 1.2190887001359851
21.0 1.2313476915356123
22.0 1.2161752489008122
23.0 1.2264103052315822
24.0 1.2271376858969436
25.0 1.2234903711019067
26.0 1.2302076394809647
27.0 1.2224378696922396
28.0 1.2272074898900043
29.0 1.222259692117746
30.0 1.2187088012936502
31.0 1.2247773663263668
32.0 1.2217980396718595
33.0 1.2231058578327707
34.0 1.2235081177538287
35.0 1.2164489981570532
36.0 1.225604247247201
37.0 1.225625070183655
38.0 1.2294891321415626
39.0 1.2327060288953955
40.0 1.2237753841155703
41.0 1.2279051742929497
42.0 1.2253963734102922
43.0 1.2342795752757802
44.0 1.236708160697152
45.0 1.2301497850984024
46.0 1.2332077890719264
47.0 1.2304243866438347
48.0 1.2292996908096505
49.00000000000001 1.2288612517316742
50.0 1.2251827025319564
51.0 1.2309261468203645
52.0 1.2303441711825465
53.0 1.2340435433187216
54.0 1.231534742436064
55.0 1.2369249078600217
56.0 1.2291134921983866
57.0 1.239835968663737
58.0 1.2347620506581247
59.0 1.2394787612255571
60.0 1.2368952115976057
61.0 1.2264415396362651
62.0 1.23397527746793
63.0 1.2335313716739624
64.0 1.234919405296163
65.0 1.226432666310301
66.0 1.225674051240259
67.0 1.2246913538236495
68.0 1.2314086222027087
69.0 1.232578370519771
70.0 1.2330801306963022
71.0 1.2346937848073323
72.0 1.234143043574197
73.0 1.234515607232838
74.0 1.2381451753759556
75.0 1.2341351864267456
76.0 1.2333057511851324
77.0 1.2380946561770823
78.0 1.2356452478192583
79.0 1.2342602904815927
80.0 1.2355225341958678
81.0 1.2378081050211547
82.0 1.237279724866742
83.0 1.2334511562126753
84.0 1.2344843728281543
85.0 1.2349934681883794
86.0 1.2409166281935504
87.0 1.239411347663955
88.0 1.2400824120890224
89.0 1.2348808357077874
90.0 1.2376048456110482
91.0 1.2389705181545247
92.0 1.2358571863702057
92.99999999999999 1.2293812527748786
94.0 1.2320557874067835
95.0 1.236059457350807
96.0 1.2338302027658192
97.0 1.2303090082041368
98.00000000000001 1.2300175122959722
98.99999999999999 1.2350632721814367
100.0 1.234739689579399
101.0 1.2311398176986978
102.0 1.2336871881697324
103.00000000000001 1.233363605567696
104.0 1.2322725345696517
104.99999999999999 1.2360698688190361
106.0 1.2389913410909776
107.00000000000001 1.2368863382716446
108.0 1.2357061784863557
109.0 1.2345661264317096
110.0 1.2340153851985753
111.0 1.2318509898544105
112.0 1.227936408697633
113.0 1.2285866501862428
114.0 1.2269328883445692
115.0 1.226024253820178
116.0 1.2249517644554329
116.99999999999999 1.2272641364557317
118.0 1.2251572651686975
119.0 1.2307641777555256
120.0 1.229889853920352
121.0 1.2283579534128783
122.0 1.225259841708709
122.99999999999999 1.2281711808395503
124.0 1.2274122874423796
125.0 1.2320453759385575
126.0 1.2346729618708776
127.0 1.2352919689548036
128.0 1.2367066225548844
129.0 1.2330369466811262
130.0 1.231953210866775
131.0 1.2327561925666213
132.0 1.2324831291634537
133.0 1.23449016986958
134.0 1.2332833901064073
135.0 1.2368358190727715
136.0 1.2437401383522824
137.0 1.240060051010298
138.0 1.2354735531392638
139.0 1.2304568036631396
140.0 1.2265549966570422
141.0 1.2301968724850916
142.0 1.229267770551889
143.0 1.2316697359953777
144.0 1.2307240700248803
145.0 1.233684111885198
146.0 1.23591369679562
147.0 1.235315512648148
148.0 1.2363101596752506
149.0 1.2357906528467992
150.0 1.2331943013191613
151.0 1.2351122532380403
152.0 1.2419483066667587
153.0 1.2420462687799665
154.0 1.2433733717350675
155.0 1.2443487339679833
156.0 1.2417820787027627
157.0 1.2397156454718048
158.0 1.2378956556661331
159.0 1.2373850221636413
160.0 1.2356942288758583
161.0 1.2314352421805885
162.0 1.2323971166607421
163.0 1.2299091387145393
164.0 1.2298601576579375
165.0 1.2310804251738685
166.0 1.2321892428238317
167.0 1.2310684755633723
168.0 1.2295038025089473
169.0 1.230024847479667
170.0 1.2233623853951383
171.0 1.2182801467706212
172.0 1.2120103824338246
173.0 1.210196269416891
174.0 1.215004814730673
175.0 1.2177080016974793
176.0 1.207390861437723
177.0 1.210665612574117
178.0 1.2134073691293006
179.0 1.2074278928838298
180.0 1.2143588321412222
181.0 1.1845433770888716
182.0 1.178017863678623
183.0 1.1814914708296078
184.0 1.1849616199969375
185.0 1.192269765088778
185.99999999999997 1.192608373585846
187.0 1.1982890187394544
188.0 1.1921072992623911
189.0 1.2016142890747197
190.0 1.202867659463034
191.0 1.207764085747234
192.0 1.191714434631048
193.0 1.1991768303273902
194.0 1.2118063252796327
195.0 1.1911833085175334
196.00000000000003 1.2032852756045576
197.00000000000003 1.1890381979675573
197.99999999999997 1.1925762868919674
199.0 1.1941017045049411
200.0 1.1887659868535843
201.0 1.1925394218819751
202.0 1.1800058289369175
203.0 1.190072952725304
204.0 1.1987923170582533
205.0 1.201919272735645
206.00000000000003 1.1877713398264786
207.0 1.1830242445967638
208.0 1.1877587018161142
209.0 1.1770884465812246
209.99999999999997 1.191671222866865
210.99999999999997 1.1784474723408764
212.0 1.1714368143837415
213.0 1.1876020355779444
214.00000000000003 1.1884500949628831
215.0 1.1849778814578078
216.0 1.193593816961556
217.0 1.193660544670078
218.0 1.1843646714153035
219.0 1.191041832063718
220.0 1.193442259364941
220.99999999999997 1.194230570697402
222.0 1.1918050615605653
223.0 1.1896020966280256
224.0 1.1882364240845498
225.0 1.186073566882652
226.0 1.1849778814578058
226.99999999999997 1.1866123585052926
228.0 1.1899538373502077
229.0 1.1916966879791318
230.0 1.1873678972908006
231.0 1.1840337536295744
232.0 1.1889888865855218
233.0 1.1851441094218047
233.99999999999997 1.1847908305573485
235.0 1.1863435540012823
236.0 1.1871600234538913
237.00000000000003 1.1930935949272874
238.0 1.1960312757088845
239.00000000000003 1.1859339588965299
240.0 1.1885881648067338
241.0 1.195347079058703
242.0 1.1925131574317376
242.99999999999997 1.1767125040616229
244.0 1.1896823120893123
244.99999999999997 1.1945290714638246
245.99999999999997 1.1851294390544176
247.0 1.1904096927546701
248.0 1.1945379447897824
249.00000000000003 1.1833673036313077
250.0 1.178606556759509
251.0 1.1941580459474461
252.0 1.1845949063309364
253.00000000000003 1.1886683802680182
254.0 1.185099742792002
