1.0 0.9843562823276549
2.0 1.0239304483888243
3.0 1.024916552415399
4.0 1.03561787561886
5.0 1.0300672792723284
6.0 1.0274854316759654
7.0 1.033472765068882
8.0 1.0307888628962663
9.0 1.034969172272514
10.0 1.0328479609435308
11.0 1.0338484050120575
12.0 1.0272722827613847
13.0 1.0298542942470699
14.0 1.0228127574128993
15.0 1.0307726543866123
16.0 1.0368130612991788
17.0 1.025913945401603
18.0 1.0311853257758956
19.0 1.037127770575255
20.0 1.0459619913841411
21.0 1.0370610428667297
22.0 1.038211506389605
23.0 1.0365666178738917
24.0 1.0431963356079694
25.0 1.0359877185206077
26.0 1.0259451798062862
27.0 1.0341010010064113
28.0 1.0356745473867968
29.0 1.039477678677607
30.0 1.0376993347448442
31.0 1.0344662294813611
32.0 1.036265396350578
33.0 1.0385944815164752
34.0 1.0484900770609877
35.0 1.0345001846429336
36.0 1.0418113782703045
37.0 1.0385053927292265
38.0 1.0435526907569583
39.0 1.0420369987591345
40.0 1.0484588426563024
41.0 1.0423725309716674
42.0 1.05221760731731
43.0 1.0409740858812426
44.0 1.0429290692462287
45.0 1.0514011378647012
46.0 1.0500844463778292
47.0 1.0539307616838145
48.0 1.0468274418933552
49.00000000000001 1.0549134591004223
50.0 1.0522681265161802
51.0 1.0447729582728922
52.0 1.0515793154391955
53.0 1.0502105666111827
54.0 1.0481530067061882
55.0 1.0508608080997945
56.0 1.041594631107435
57.0 1.0382976827816357
58.0 1.0405197686190464
59.0 1.0421771009600047
60.0 1.04811443711781
61.0 1.0477330001332075
62.0 1.054589876498383
63.0 1.0546982500798188
64.0 1.0586128312365963
65.0 1.0585831349741803
66.0 1.0601566813545666
67.0 1.060431282900002
68.0 1.0604802639566056
69.0 1.0587983439947837
70.0 1.0614926576356274
71.0 1.0575603298269314
72.0 1.0612581638208387
73.0 1.0606376185946433
74.0 1.0577844121734936
75.0 1.047876873512479
76.0 1.0445739577619406
77.0 1.0487735519323818
78.0 1.04775074678513
79.0 1.0458297185817171
80.0 1.0479644176634666
81.0 1.046067288681042
82.0 1.0439831087981646
83.0 1.0395147101237179
84.0 1.0451231608528104
85.0 1.0506039532062812
86.0 1.047869531834793
87.0 1.0484692541245317
88.0 1.0498646229304247
89.0 1.0487750900746493
90.0 1.044222217039756
91.0 1.0463657894474634
92.0 1.0445871741290662
92.99999999999999 1.0533760150717661
94.0 1.0510625293676357
95.0 1.0467665112262574
96.0 1.0447142541479342
97.0 1.0463226054322923
98.00000000000001 1.0498526733199327
98.99999999999999 1.049350913143402
100.0 1.0507285352973732
101.0 1.0475147148280766
102.0 1.0516549164736833
103.00000000000001 1.0510270360637954
104.0 1.0518315559059086
104.99999999999999 1.054044932306678
106.0 1.0537896155554332
107.00000000000001 1.053191431407961
108.0 1.0531513236773176
109.0 1.0537896155554318
110.0 1.052088410799423
111.0 1.0510968400568557
112.0 1.046189150015242
113.0 1.0469847965313952
114.0 1.0473114554179688
115.0 1.0445265148476095
116.0 1.0411474548438173
116.99999999999999 1.040668249931129
118.0 1.0397673061180748
119.0 1.0465111944750125
120.0 1.0457926871356116
121.0 1.0465721251421105
122.0 1.0454498197393851
122.99999999999999 1.045946965489114
124.0 1.0462601366229234
125.0 1.0454556167808082
126.0 1.0465972069777219
127.0 1.0447089513212586
128.0 1.0422475933529392
129.0 1.0348684815828897
130.0 1.048136442668894
131.0 1.0504122878790283
132.0 1.0511010989560141
133.0 1.0486027095415829
134.0 1.0501006548874854
135.0 1.055432965928878
136.0 1.0568996768700947
137.0 1.0627129251515632
138.0 1.0606094604744964
139.0 1.0576443381691247
140.0 1.0517158193917742
141.0 1.04730376470663
142.0 1.0491920203630922
143.0 1.0485344436907904
144.0 1.0475324614799937
145.0 1.0550172182550563
146.0 1.0503174020503527
147.0 1.054134021093924
148.0 1.053819311817847
149.0 1.0536233875914336
150.0 1.0522650502316486
151.0 1.051745543403197
152.0 1.0539677931299254
153.0 1.0521774995866693
154.0 1.054429445575814
155.0 1.0504955796248476
156.0 1.0508399851633412
157.0 1.0506841686675699
158.0 1.0529850957133184
159.0 1.051715847140781
160.0 1.0538698310167178
161.0 1.0537228878469072
162.0 1.0553751115463132
163.0 1.0576671652661007
164.0 1.0598805416668688
165.0 1.0543033253424574
166.0 1.053132038883128
167.0 1.0520023982967093
168.0 1.0534452100169367
169.0 1.0524432278061413
170.0 1.04073197945062
171.0 1.0323241744083997
172.0 1.0419739407791937
173.0 1.0461178078799132
174.0 1.0512792765305043
175.0 1.0463360931850505
176.0 1.044909489974476
177.0 1.0486354820885317
178.0 1.0531008044784442
179.0 1.0520274801323224
180.0 1.04710476419568
181.0 1.0413969432527659
182.0 1.0332799496519114
183.0 1.0374399692618437
184.0 1.0445867344594204
185.0 1.0312755971777698
185.99999999999997 1.0393512029166092
187.0 1.0432063915485554
188.0 1.0403577995542084
189.0 1.0400207291994072
190.0 1.0381131887487556
191.0 1.0353475329725863
192.0 1.0353475329725876
193.0 1.032182693559889
194.0 1.0470364983448885
195.0 1.04241143088548
196.00000000000003 1.0323110377885925
197.00000000000003 1.0323169987193352
197.99999999999997 1.0397611258000006
199.0 1.0407443451803648
200.0 1.0365027748115798
201.0 1.0413403027856953
202.0 1.0381287088585356
203.0 1.038429930381856
204.0 1.0266385801078646
205.0 1.0225632377030778
206.00000000000003 1.0216592176054906
207.0 1.0310565540036705
208.0 1.0371024086394862
209.0 1.026987923816495
209.99999999999997 1.027783546618945
210.99999999999997 1.0378252633398792
212.0 1.0324494379578728
213.0 1.0375900836720091
214.00000000000003 1.0231957325397696
215.0 1.030708647434979
216.0 1.0292661660401852
217.0 1.0266066573033084
218.0 1.01695852136259
219.0 1.0213497556580757
220.0 1.0207647289379351
220.99999999999997 1.0187967797839446
222.0 1.0218462407569393
223.0 1.0099347311803435
224.0 1.0146855885476775
225.0 1.0179035014800133
226.0 1.0170315680763002
226.99999999999997 1.0153366823254717
228.0 1.0107853474328503
229.0 1.015095705616182
230.0 1.021164270648895
231.0 1.0168737192235113
232.0 1.0190222363834551
233.0 1.0118279593380495
233.99999999999997 1.0289983777146872
235.0 1.0196091567735084
236.0 1.007321154964541
237.00000000000003 1.0168266066346048
238.0 1.014018616585651
239.00000000000003 1.022065900315028
240.0 1.0156925155107046
241.0 1.011826915410529
242.0 1.0153866795605855
242.99999999999997 1.0271194895989357
244.0 1.0069856227520126
244.99999999999997 1.0114014421215594
245.99999999999997 1.02002625095127
247.0 1.0179746797260238
248.0 1.0196072883058087
249.00000000000003 1.0281925113686308
250.0 1.023316055731699
251.0 1.0275364728385934
252.0 1.0320403648168854
253.00000000000003 1.0301062043883522
254.0 1.0386211014943592
