1.0 0.8046694588749269
2.0 0.8395219111241219
3.0 0.8460934466970029
4.0 0.8552137244470646
5.0 0.8560660427311603
6.0 0.8385738850179713
7.0 0.8429550885750817
8.0 0.8520434183183776
9.0 0.855864293714312
10.0 0.8459890268915046
11.0 0.8462359922805488
12.0 0.8217546853997628
13.0 0.8512042574616131
14.0 0.8534920522822437
15.0 0.8539344199339436
16.0 0.853146108601482
17.0 0.8610658978445535
18.0 0.8604854603490022
19.0 0.8495967559196532
20.0 0.8593341193347278
21.0 0.8669370005085868
22.0 0.8513662265264555
23.0 0.8562611146683803
24.0 0.8633922622535563
25.0 0.8614816455183717
26.0 0.8568366074116955
27.0 0.8610909796801656
28.0 0.8710328355243881
29.0 0.8628322921668156
30.0 0.8582824954164612
31.0 0.8638805346773268
32.0 0.8626513938354342
33.0 0.8611758095682541
34.0 0.8678633816848946
35.0 0.8646896689462444
36.0 0.8650533592789228
37.0 0.8646480230733327
38.0 0.8632719390616301
39.0 0.8642191431743946
40.0 0.8557308660462677
41.0 0.8606088598254665
42.0 0.8625877424114441
43.0 0.8778704270953793
44.0 0.8669728493400722
45.0 0.8631249958918169
46.0 0.8699683845042283
47.0 0.8656041005120604
48.0 0.8692500410541493
49.00000000000001 0.8656692900783156
50.0 0.8703262777954849
51.0 0.8683458570672408
52.0 0.8732998074085655
53.0 0.8660391329800655
54.0 0.871660715934281
55.0 0.8705623097525428
56.0 0.8675887801394628
57.0 0.8717409313955659
58.0 0.8608121192355757
59.0 0.8689496718200224
60.0 0.8630004138007287
61.0 0.867730450778401
62.0 0.8691372446842353
63.0 0.8705711830785035
64.0 0.875251714489019
65.0 0.8662959878735779
66.0 0.8705365420638544
67.0 0.8698275939034898
68.0 0.8645754983233847
69.0 0.8696494163289963
70.0 0.8728574397568665
71.0 0.8704257780509601
72.0 0.8730028447844111
73.0 0.8767913057078327
74.0 0.8672906349006843
75.0 0.8645630826946384
76.0 0.862598153879673
77.0 0.8608005251527242
78.0 0.8635037121195283
79.0 0.8606921515712943
80.0 0.853097483072526
81.0 0.8571397226049267
82.0 0.8594213648564879
83.0 0.861153804017179
84.0 0.8537326986661045
85.0 0.863159306581036
86.0 0.8639372064452702
87.0 0.8615031543079064
88.0 0.8613169556966425
89.0 0.8676335022969093
90.0 0.8714589946664413
91.0 0.8740048269952089
92.0 0.8616472435748026
92.99999999999999 0.865311974696326
94.0 0.8660985255048984
95.0 0.8718836156662213
96.0 0.8789710572724636
97.0 0.8802932154753264
98.00000000000001 0.8804208738509479
98.99999999999999 0.8820048316995606
100.0 0.8764974193682096
101.0 0.8743731317546888
102.0 0.8711473616748974
103.00000000000001 0.8722488441411673
104.0 0.8698885245705882
104.99999999999999 0.8715897293265977
106.0 0.8705179431227439
107.00000000000001 0.8714026784261438
108.0 0.8703308922222885
109.0 0.8705372279169311
110.0 0.8735759470962693
111.0 0.874509663456274
112.0 0.8752474555898632
113.0 0.8746180370377085
114.0 0.8772826544161374
115.0 0.8791565700306463
116.0 0.8823449960942051
116.99999999999999 0.8879312066763753
118.0 0.8871809707175383
119.0 0.8853432342599464
120.0 0.8825821929105767
121.0 0.8828286363358631
122.0 0.8800436957655035
122.99999999999999 0.8764689057204159
124.0 0.8761468612606452
125.0 0.8759050322621632
126.0 0.8759362666668464
127.0 0.8774905282530461
128.0 0.8817094072176733
129.0 0.8769143496566552
130.0 0.8761958423172527
131.0 0.8777740031244406
132.0 0.8767407865089621
133.0 0.8783232062153081
134.0 0.8767006787783184
135.0 0.8757951205384622
136.0 0.8739944155269775
137.0 0.8716533807505848
138.0 0.8672034145811345
139.0 0.8703282542070014
140.0 0.874988348952002
141.0 0.8803565113716743
142.0 0.8787652183393675
143.0 0.8794154598279779
144.0 0.8829590154683812
145.0 0.8856637405774543
146.0 0.8816824317121529
147.0 0.8844955304026596
148.0 0.8806210569765243
149.0 0.8771785397338635
150.0 0.8797853027297294
151.0 0.8782310411435305
152.0 0.8759108293035947
153.0 0.8745243338236627
154.0 0.8756659240205767
155.0 0.8724208691465967
156.0 0.8756643858783085
157.0 0.8747113847241164
158.0 0.8755664237651013
159.0 0.8762359500478989
160.0 0.8748968974823029
161.0 0.8757638861337824
162.0 0.8765699441181632
163.0 0.8766783176995986
164.0 0.8760207410272962
165.0 0.8752116067583794
166.0 0.8773952868967322
167.0 0.8726939325497611
168.0 0.8758884682248697
169.0 0.8698407261286115
170.0 0.8635330528543027
171.0 0.8587874680178446
172.0 0.8578619391307217
173.0 0.8592027240237052
174.0 0.8530065006153674
175.0 0.8593689519877024
176.0 0.8558477574260226
177.0 0.8641354959009298
178.0 0.8684106911058549
179.0 0.8662524483307601
180.0 0.8698789401893398
181.0 0.8631679071209554
182.0 0.8564534796712477
183.0 0.8654050242933435
184.0 0.8571779396599449
185.0 0.8675822442937425
185.99999999999997 0.876677606644309
187.0 0.8642539254229504
188.0 0.8702630979308313
189.0 0.8747164707102502
190.0 0.8690073371110585
191.0 0.8717521699507746
192.0 0.8676566904626113
193.0 0.8744792561385694
194.0 0.8762325182357151
195.0 0.8760053596046187
196.00000000000003 0.8741749583307185
197.00000000000003 0.8793780728542226
197.99999999999997 0.8782276093313478
199.0 0.8744005788195486
200.0 0.869881660946231
201.0 0.872909968657341
202.0 0.8639881972034763
203.0 0.8545839503672694
204.0 0.8647005519738101
205.0 0.8650817947732896
206.00000000000003 0.8662423394389603
207.0 0.8468894235385908
208.0 0.8515929453136887
209.0 0.852752010951098
209.99999999999997 0.860138805612957
210.99999999999997 0.8659936997673344
212.0 0.8562407884934764
213.0 0.8575100370660124
214.00000000000003 0.8496141470439343
215.0 0.863706260474353
216.0 0.8590288053483705
217.0 0.8572620554984605
218.0 0.8593890638688715
219.0 0.8576982705810916
220.0 0.858394772369414
220.99999999999997 0.8569546814060731
222.0 0.8509871547711055
223.0 0.8502493626375188
224.0 0.8553024577066703
225.0 0.8544963997222929
226.0 0.855449400876483
226.99999999999997 0.85773411941258
228.0 0.8559731666040947
229.0 0.8615507384561474
230.0 0.8570838779239671
231.0 0.8516107762818346
232.0 0.8429161634590683
233.0 0.8518792252581986
233.99999999999997 0.853535707856759
235.0 0.84868468958309
236.0 0.8456340207932551
237.00000000000003 0.8588815066509161
238.0 0.8598287107636845
239.00000000000003 0.8508209268071055
240.0 0.8518333204861285
241.0 0.8545291722692416
242.0 0.8504865772091963
242.99999999999997 0.8515467693302019
244.0 0.8523439539886182
244.99999999999997 0.8525040293835481
245.99999999999997 0.8615893080445244
247.0 0.860872338847389
248.0 0.8565377511176314
249.00000000000003 0.8563476239326432
250.0 0.8547906415895566
251.0 0.8627621326461192
252.0 0.8567618334641969
253.00000000000003 0.8595675969710123
254.0 0.8653422756641057
