1.0 0.6889148939362694
2.0 0.7267792109123075
3.0 0.7290253598600268
4.0 0.7299339943844174
5.0 0.736936275777136
6.0 0.7201742143926085
7.0 0.7324011493941638
8.0 0.7334713974557496
9.0 0.7334015934626915
10.0 0.740646059381539
11.0 0.741560490947354
12.0 0.7392549494748035
13.0 0.7399557101622852
14.0 0.7370519845422622
15.0 0.7375953905917051
16.0 0.7326267698829946
17.0 0.7361020596726058
18.0 0.7387265693203914
19.0 0.7250150153831759
20.0 0.7391808865825876
21.0 0.7411879272887137
22.0 0.7381044859519309
23.0 0.7345447218018748
24.0 0.7413807752305932
25.0 0.7369972064442353
26.0 0.7447654380906912
27.0 0.7370342378903447
28.0 0.7436654937666881
29.0 0.744226646468051
30.0 0.7445591023960495
31.0 0.7422894097549834
32.0 0.7449941348640549
33.0 0.7454958950405871
34.0 0.7465973775068581
35.0 0.7441128061706235
36.0 0.7433997655472131
37.0 0.7406564708497657
38.0 0.7431621954478884
39.0 0.7415620290896239
40.0 0.7409310723952007
41.0 0.7439713297168034
42.0 0.7430241256040383
43.0 0.7453474137285089
44.0 0.7462603071520586
45.0 0.7425030806333176
46.0 0.7421987828254688
47.0 0.7439223486602008
48.0 0.7436357975042704
49.00000000000001 0.743358119674304
50.0 0.745317717466092
51.0 0.742878720576494
52.0 0.7452197553528861
53.0 0.7418856116916589
54.0 0.7408034140195737
55.0 0.7436076393841226
56.0 0.7377157137836342
57.0 0.740361046367876
58.0 0.7403818693043318
59.0 0.739526830263347
60.0 0.7397509126099104
61.0 0.742655654408442
62.0 0.740460546623352
63.0 0.7403818693043341
64.0 0.7411686424945285
65.0 0.7426635115558939
66.0 0.7442563427304678
67.0 0.7426635115558943
68.0 0.7487216651203827
69.0 0.743292930108051
70.0 0.7397524507521802
71.0 0.7386509682859094
72.0 0.7390443548810065
73.0 0.7388083229239487
74.0 0.7424274795988369
75.0 0.7402809947959096
76.0 0.7406179012613922
77.0 0.740617901261391
78.0 0.7469907641019553
79.0 0.7488003424393983
80.0 0.7387377810795028
81.0 0.7400077675034233
82.0 0.7443157352552983
83.0 0.7429782208319713
84.0 0.738887000242966
85.0 0.7409326105374676
86.0 0.7392017095190434
87.0 0.7359620936120496
88.0 0.7394377414760998
89.0 0.7434502847460857
90.0 0.742270124960797
91.0 0.749744470267631
92.0 0.748997032713697
92.99999999999999 0.7464253767507348
94.0 0.7487602347087565
95.0 0.7456532496786281
96.0 0.7481797972132054
97.0 0.7413171238066043
98.00000000000001 0.7422789982867568
98.99999999999999 0.7420340930037377
100.0 0.7425061569178529
101.0 0.7414046744515825
102.0 0.7415620290896217
103.00000000000001 0.7413259971325635
104.0 0.7417193837276602
104.99999999999999 0.7410112878564867
106.0 0.7407752558994284
107.00000000000001 0.7401458373472738
108.0 0.7400671600282545
109.0 0.7423488022798146
110.0 0.7440010259792199
111.0 0.7432929301080461
112.0 0.7431355754700077
113.0 0.745023831126472
114.0 0.7450238311264719
115.0 0.7497934513242346
116.0 0.7455325684122582
116.99999999999999 0.7454839454300933
118.0 0.7462722567625543
119.0 0.7480031577809795
120.0 0.7471674035341823
121.0 0.7457809080542516
122.0 0.7428208661939336
122.99999999999999 0.7406735078468039
124.0 0.7416688645287921
125.0 0.7399884827092377
126.0 0.7421127703227588
127.0 0.7438436713411841
128.0 0.7429638807900175
129.0 0.7398901347725837
130.0 0.7447546685480262
131.0 0.7484424491481445
132.0 0.747085649930628
133.0 0.7456605848623197
134.0 0.7504020469399336
135.0 0.7535001586441021
136.0 0.7537851716577638
137.0 0.7510908580169194
138.0 0.7536559751398738
139.0 0.7474475797394212
140.0 0.7463753275173137
141.0 0.7476275178378025
142.0 0.7471080110093499
143.0 0.7494193495233259
144.0 0.7504807242589532
145.0 0.752507049759268
146.0 0.7509038071164653
147.0 0.7429870941579291
148.0 0.7435378353910648
149.0 0.7459872437488909
150.0 0.7441865387374076
151.0 0.7435868164476681
152.0 0.745602730479754
153.0 0.7482480630639963
154.0 0.7475206823986349
155.0 0.7450624007148471
156.0 0.7495662926931366
157.0 0.7505401167837837
158.0 0.7509230919106528
159.0 0.7492708682112464
160.0 0.7480120311069373
161.0 0.744648191183295
162.0 0.7451484132175602
163.0 0.7410082115719525
164.0 0.7390011708658283
165.0 0.7395816083613772
166.0 0.7402110269135327
167.0 0.7413614904364061
168.0 0.740791464409082
169.0 0.7440542659349826
170.0 0.7429647330792073
171.0 0.7402771312084789
172.0 0.7390232948019111
173.0 0.7397683037341859
174.0 0.7426558208445547
175.0 0.7390914422676964
176.0 0.7355525010540929
177.0 0.7355733239905508
178.0 0.7387516511560043
179.0 0.7363215275923665
180.0 0.7374334215268668
181.0 0.7224803731110121
182.0 0.7166911600610043
183.0 0.7184863772313271
184.0 0.709470200728062
185.0 0.7236988458600592
185.99999999999997 0.7254328231630207
187.0 0.7146644419256024
188.0 0.7245303412077027
189.0 0.7291634297038762
190.0 0.7218152046303992
191.0 0.7251300634974378
192.0 0.7253363991920828
193.0 0.726017875085371
194.0 0.7304446278869117
195.0 0.7284688215854658
196.00000000000003 0.7282833088272787
197.00000000000003 0.7287835308615435
197.99999999999997 0.7263638187661332
199.0 0.7325569658899371
200.0 0.7246788225197752
201.0 0.724511056413512
202.0 0.718717092926231
203.0 0.7168407868802634
204.0 0.7233324347704874
205.0 0.7122744260926064
206.00000000000003 0.7151349676974491
207.0 0.7169058904897384
208.0 0.6996992197028639
209.0 0.7014895184555949
209.99999999999997 0.6987871158444752
210.99999999999997 0.7077300708560283
212.0 0.7011967770928891
213.0 0.720398657360407
214.00000000000003 0.7076440583533186
215.0 0.7098219414502449
216.0 0.6951732897452677
217.0 0.7124124959364594
218.0 0.7108566962079903
219.0 0.7140454348416778
220.0 0.7158565513213869
220.99999999999997 0.7119612549587987
222.0 0.7191922331248796
223.0 0.7039970990859248
224.0 0.7088068270143357
225.0 0.7163613877824557
226.0 0.7119554579173736
226.99999999999997 0.7203828043783987
228.0 0.7080096423559109
229.0 0.7099869867996194
230.0 0.7105867090893603
231.0 0.7085025292064813
232.0 0.7068977484214118
233.0 0.7139548079121614
233.99999999999997 0.7112338742934357
235.0 0.7131992691266517
236.0 0.7105122906695016
237.00000000000003 0.7092935612958319
238.0 0.7096217583246732
239.00000000000003 0.709814606266552
240.0 0.7114668299659588
241.0 0.7128756865246157
242.0 0.7079826668503867
242.99999999999997 0.7039477625016779
244.0 0.7107217026486776
244.99999999999997 0.7125297428438543
245.99999999999997 0.7108508991665656
247.0 0.7034803130143646
248.0 0.7050642708629786
249.00000000000003 0.7097775748204446
250.0 0.715561126839496
251.0 0.7060130131180133
252.0 0.7162989189730856
253.00000000000003 0.7045744602969436
254.0 0.7082383391292795
