1.0 1.2615227308068642
2.0 1.2976414420328721
3.0 1.3037042100241616
4.0 1.3066538404162513
5.0 1.3043633248387305
6.0 1.2958407370213887
7.0 1.3092235719660066
8.0 1.30885834349106
9.0 1.3045118061508099
10.0 1.310197396056655
11.0 1.3109159033960567
12.0 1.289899474836654
13.0 1.3086905773847932
14.0 1.3137571602067124
15.0 1.3181646282140613
16.0 1.3125874118896497
17.0 1.3002721042497285
18.0 1.3087827424565746
19.0 1.3160210558063523
20.0 1.3142901547879287
21.0 1.3100103451562013
22.0 1.3080538236489467
23.0 1.3128427286408964
24.0 1.3172501966482455
25.0 1.3115052142175676
26.0 1.3128531401091244
27.0 1.3134247042787144
28.0 1.3188148697026707
29.0 1.3198569596441103
30.0 1.311989227742178
31.0 1.3163328526872142
32.0 1.3117917653734972
33.0 1.3154406183108
34.0 1.316493119720467
35.0 1.312617108152067
36.0 1.3193150917369367
37.0 1.3180473813066667
38.0 1.3186663883905927
39.0 1.3211647778050228
40.0 1.3216279683931778
41.0 1.310945599658472
42.0 1.315755327586878
43.0 1.3171329497408513
44.0 1.3157850238492932
45.0 1.316837525258961
46.0 1.3144266864895109
47.0 1.3079365767415492
48.0 1.3074051203026036
49.00000000000001 1.314160958270037
50.0 1.317152234535037
51.0 1.3189232432841071
52.0 1.319208256297768
53.0 1.3210475308976275
54.0 1.3195318388998047
55.0 1.322483007434162
56.0 1.323367742737563
57.0 1.3185772996033456
58.0 1.32273832418541
59.0 1.3185595529514267
60.0 1.3145470096814407
61.0 1.317250196648245
62.0 1.3168969177837913
63.0 1.322306368001937
64.0 1.3200737068069812
65.0 1.3220302283142353
66.0 1.3215759110520389
67.0 1.3166712972949608
68.0 1.3193166298792016
69.0 1.31763470991738
70.0 1.3167692594081697
71.0 1.3165926199759426
72.0 1.317634709917381
73.0 1.3254534607627084
74.0 1.3247750611539506
75.0 1.3213274634662344
76.0 1.3254133530320644
77.0 1.3152624407363056
78.0 1.3165108663723881
79.0 1.3223746338527267
80.0 1.3215581644001184
81.0 1.316178410444391
82.0 1.3220213549882756
83.0 1.3209881383727957
84.0 1.3212835628546866
85.0 1.3222084058887287
86.0 1.3217853230312169
87.0 1.3139665721858886
88.0 1.3156855235938199
89.0 1.3183902487028913
90.0 1.3220583864343836
91.0 1.3223152413278978
92.0 1.3187909704816825
92.99999999999999 1.3142967456262438
94.0 1.3236527557512252
95.0 1.3205754669835115
96.0 1.3189960958126925
97.0 1.32231370318563
98.00000000000001 1.3228868054974867
98.99999999999999 1.324332693502251
100.0 1.3243326935022501
101.0 1.324883434735386
102.0 1.3238606295881348
103.00000000000001 1.3244900481402893
104.0 1.3245687254593086
104.99999999999999 1.3244900481402886
106.0 1.3242540161832301
107.00000000000001 1.322837824440883
108.0 1.3207922141463808
109.0 1.3193760224040338
110.0 1.3187466038518785
111.0 1.3196907316801105
112.0 1.3195333770420716
113.0 1.322129728569709
114.0 1.321028246103439
115.0 1.3136117551791653
116.0 1.3031223982756635
116.99999999999999 1.3069967078124791
118.0 1.3114635683446547
119.0 1.3112869289124283
120.0 1.3110092510824591
121.0 1.3106158644873633
122.0 1.3045561727806076
122.99999999999999 1.2999449233993927
124.0 1.3022166761464817
125.0 1.310639763708351
126.0 1.315587561480609
127.0 1.3197188898002574
128.0 1.3220599245766487
129.0 1.3250600741676095
130.0 1.3239481802331126
131.0 1.3236631672194505
132.0 1.3230827297238987
133.0 1.3225809695473665
134.0 1.32270862792299
135.0 1.3213221324430577
136.0 1.3220271520296976
137.0 1.3246354531678313
138.0 1.3194149223178406
139.0 1.3168926336824207
140.0 1.3124698094546081
141.0 1.3171549552919253
142.0 1.3128485256823186
143.0 1.3141281857230842
144.0 1.315486523082869
145.0 1.3173184624990357
146.0 1.318940989936026
147.0 1.3174461208746593
148.0 1.3159601251392505
149.0 1.3136190903628608
150.0 1.3154984726933632
151.0 1.3161086064513297
152.0 1.3126468044144806
153.0 1.3175143867254495
154.0 1.3150561050416625
155.0 1.3155281689557772
156.0 1.3176628680375275
157.0 1.3156454158631734
158.0 1.3157152198562323
159.0 1.3148393578787925
160.0 1.3166489362162368
161.0 1.3187257809154218
162.0 1.3169443606981255
163.0 1.3182433055330791
164.0 1.3161872837703494
165.0 1.3128130323784781
166.0 1.3121033983650374
167.0 1.3134127546682175
168.0 1.3111770171887267
169.0 1.3097118443897764
170.0 1.2984920305363756
171.0 1.2994557734842285
172.0 1.3017700803389254
173.0 1.298285530952413
174.0 1.3022745305290517
175.0 1.2969437576299265
176.0 1.2950732486253833
177.0 1.2918386052196327
178.0 1.2920761753189554
179.0 1.2947438689819208
180.0 1.2926566128145063
181.0 1.2757214372772583
182.0 1.2553397789049914
183.0 1.26100211623876
184.0 1.2669248453938269
185.0 1.279803696166568
185.99999999999997 1.2750178674591537
187.0 1.2658184181753218
188.0 1.2671559325986481
189.0 1.274864771720275
190.0 1.2651712529712433
191.0 1.2786027134448228
192.0 1.2805607730943482
193.0 1.2772771486319898
194.0 1.2708568428770919
195.0 1.284849456052033
196.00000000000003 1.27493765199787
197.00000000000003 1.2774418384537245
197.99999999999997 1.274044043368507
199.0 1.2819607563270408
200.0 1.268592947277449
201.0 1.2724991493230204
202.0 1.2769970803705628
203.0 1.2672525204589076
204.0 1.2686315168658282
205.0 1.2696761611280463
206.00000000000003 1.2722018563734343
207.0 1.2482343152251731
208.0 1.238202790137645
209.0 1.2494347200376579
209.99999999999997 1.2564405996786712
210.99999999999997 1.2358102477328787
212.0 1.2489355419309103
213.0 1.2540137440378916
214.00000000000003 1.2511620757590074
215.0 1.2482301920188361
216.0 1.2590868097543122
217.0 1.2518508868359914
218.0 1.254851036426954
219.0 1.2515114260497344
220.0 1.2556413801164337
220.99999999999997 1.2426601444420073
222.0 1.2592122415877955
223.0 1.2565604261090506
224.0 1.2516373798469806
225.0 1.2470725572015886
226.0 1.2570492204965766
226.99999999999997 1.2597564999264257
228.0 1.2581803992252614
229.0 1.2483640029635297
230.0 1.253016376253897
231.0 1.2540094851387322
232.0 1.249959388458881
233.0 1.251324044823849
233.99999999999997 1.256638939538752
235.0 1.258086365685782
236.0 1.2606426094827736
237.00000000000003 1.2415531952597445
238.0 1.24914769986919
239.00000000000003 1.247544457226386
240.0 1.2563057977576773
241.0 1.2415441580444624
242.0 1.2428936220782876
242.99999999999997 1.2617094509343967
244.0 1.2575572996782924
244.99999999999997 1.2434651862478796
245.99999999999997 1.2603526517168817
247.0 1.2518539631205285
248.0 1.2550604484061312
249.00000000000003 1.2482525530975623
250.0 1.2635753455121383
251.0 1.2415322084339724
252.0 1.2448001186014224
253.00000000000003 1.2369931534772747
254.0 1.2429622182545121
