1.0 0.5367655284259535
2.0 0.572148085555367
3.0 0.5801583933366464
4.0 0.5746318327989125
5.0 0.5756798832236034
6.0 0.5734124175721704
7.0 0.5835075351438964
8.0 0.574966020606805
9.0 0.5794919155893762
10.0 0.5732164928982622
11.0 0.5758198492841582
12.0 0.5658843124451182
13.0 0.5746101596725683
14.0 0.5835457769536339
15.0 0.5870280716015062
16.0 0.5776763763211878
17.0 0.5781445116615819
18.0 0.5790338639385764
19.0 0.5687494684767644
20.0 0.583200188800519
21.0 0.5872427586583523
22.0 0.5867993748281407
23.0 0.5861981143961345
24.0 0.5734612620409705
25.0 0.5900331659447039
26.0 0.5860286437114861
27.0 0.5784715286225918
28.0 0.5944421720943195
29.0 0.5909858367734617
30.0 0.5759511336570821
31.0 0.5903471893677046
32.0 0.5927653607740502
33.0 0.5851829999602233
34.0 0.5924298285615198
35.0 0.5917162659743497
36.0 0.5923025282603338
37.0 0.5887651251889983
38.0 0.5885468398838627
39.0 0.5908330965622243
40.0 0.5844941888832339
41.0 0.5986117396769097
42.0 0.6040481654005796
43.0 0.5862976146516078
44.0 0.5802425373716577
45.0 0.5960080529655769
46.0 0.5927761303167177
47.0 0.5902985638387459
48.0 0.5863819225759412
49.00000000000001 0.6005578497159361
50.0 0.5927657188484878
51.0 0.5885483780261289
52.0 0.5981813216357038
53.0 0.5872509713334453
54.0 0.5890057715728594
55.0 0.5852751650320014
56.0 0.5931548465444276
57.0 0.593291872460763
58.0 0.5928744479575677
59.0 0.5871606721825668
60.0 0.5946840262950124
61.0 0.5837502441805742
62.0 0.5960138500070037
63.0 0.5892668853655286
64.0 0.5930969921618614
65.0 0.5876817449022911
66.0 0.5925732849265516
67.0 0.5907871917901507
68.0 0.5958715212639928
69.0 0.5954218184285994
70.0 0.5945235953724365
71.0 0.5977524417367625
72.0 0.5970131114609047
73.0 0.5926827826303099
74.0 0.5928713716730304
75.0 0.5978427131386339
76.0 0.5939192586558961
77.0 0.6059190047305508
78.0 0.5995574056474048
79.0 0.5881384273937318
80.0 0.6086313928019546
81.0 0.60600894580699
82.0 0.6062168196438963
83.0 0.5907660133260518
84.0 0.5992276704762954
85.0 0.6057520909134739
86.0 0.6026701877189587
87.0 0.5924939217544549
88.0 0.60668154837432
89.0 0.5964994016738755
90.0 0.5953547351924293
91.0 0.5924290040213308
92.0 0.5828928403578354
92.99999999999999 0.5936986055696359
94.0 0.5908184261948369
95.0 0.5965159657111779
96.0 0.5953999212688277
97.0 0.6024776953047265
98.00000000000001 0.6048410911598421
98.99999999999999 0.6060717701440027
100.0 0.6063968908883084
101.0 0.6018336063851883
102.0 0.6049806991459612
103.00000000000001 0.6038005393606726
104.0 0.6006534465998997
104.99999999999999 0.6043512805938077
106.0 0.6051380537839992
107.00000000000001 0.6067116001643863
108.0 0.604665989869883
109.0 0.6076557279926175
110.0 0.6077344053116372
111.0 0.603328475446555
112.0 0.6019122837042069
113.0 0.6042726032747878
114.0 0.6056101176981155
115.0 0.6040365713177295
116.0 0.5966137743762633
116.99999999999999 0.6040068750553124
118.0 0.6045873125508643
119.0 0.6069966131780475
120.0 0.6059441117683808
121.0 0.6060035042932119
122.0 0.6047045594582596
122.99999999999999 0.6015054093563488
124.0 0.6023442398876796
125.0 0.6013615424710728
126.0 0.600260060004802
127.0 0.6015975744281309
128.0 0.5985870133689425
129.0 0.5961761745994915
130.0 0.5951919390406165
131.0 0.5985187475181486
132.0 0.599639514778607
133.0 0.5979383100225982
134.0 0.5987057984186038
135.0 0.6004174146428409
136.0 0.6005836426068397
137.0 0.6002986295931788
138.0 0.6088343496356404
139.0 0.6157490803833829
140.0 0.6157965232977182
141.0 0.6166307394022483
142.0 0.6144069515332505
143.0 0.6126031702372315
144.0 0.6125927587690037
145.0 0.6102605973185722
146.0 0.6078755262378122
147.0 0.6052247269375772
148.0 0.6031171697974664
149.0 0.601480302318524
150.0 0.6034006446688601
151.0 0.6028493814719664
152.0 0.6032571081090152
153.0 0.6045584433754247
154.0 0.6033115558816103
155.0 0.60652383820864
156.0 0.6057578879549013
157.0 0.6048048868007099
158.0 0.6061127049616238
159.0 0.6065441391813371
160.0 0.6075882892288025
161.0 0.6056807487781518
162.0 0.6078628907742357
163.0 0.6092493862541675
164.0 0.6050602035519558
165.0 0.6067405853715111
166.0 0.6040879176035768
167.0 0.6038310627100643
168.0 0.6044010887373874
169.0 0.602636232557389
170.0 0.5932913782460127
171.0 0.5830752486349918
172.0 0.5870338660961409
173.0 0.5878788517433352
174.0 0.5894882469552067
175.0 0.5837448026667975
176.0 0.58933976564313
177.0 0.5880199978717204
178.0 0.5854726274006867
179.0 0.5902407094561795
180.0 0.593096636634221
181.0 0.5944553043194375
182.0 0.5974484550806092
183.0 0.5984777117542432
184.0 0.6105290462949401
185.0 0.6129159858433995
185.99999999999997 0.6096354376655801
187.0 0.6116837687169696
188.0 0.6026478266402443
189.0 0.6099841021032263
190.0 0.6080603531429214
191.0 0.610726508663619
192.0 0.6128982391914768
193.0 0.6160260471580608
194.0 0.6131982781001686
195.0 0.6135187844176679
196.00000000000003 0.6128018152205351
197.00000000000003 0.6128226381569905
197.99999999999997 0.6104044642038498
199.0 0.6085443666675313
200.0 0.6112089840459616
201.0 0.6089258036521332
202.0 0.610570692167846
203.0 0.6112922757917819
204.0 0.6066472376851096
205.0 0.6077159476044295
206.00000000000003 0.6024295413351041
207.0 0.6052976373811302
208.0 0.6003063252682601
209.0 0.6101044516520462
209.99999999999997 0.6011520255423729
210.99999999999997 0.5938738178027869
212.0 0.6005323820568843
213.0 0.6075401301655925
214.00000000000003 0.6038624610040705
215.0 0.5988839507908887
216.0 0.5954854698525988
217.0 0.5978145550184919
218.0 0.600830913119107
219.0 0.5950874688306976
220.0 0.5969105349209065
220.99999999999997 0.5956813940790121
222.0 0.5977077195793264
223.0 0.6001274316747377
224.0 0.5961252998729769
225.0 0.5939682397125073
226.0 0.6023554784428908
226.99999999999997 0.602367428053386
228.0 0.5967234840204491
229.0 0.596246805679531
230.0 0.5961785398287396
231.0 0.5987675561726828
232.0 0.5966610152110837
233.0 0.5962988630206713
233.99999999999997 0.6007850083470406
235.0 0.5946481774635306
236.0 0.5956397482060998
237.00000000000003 0.5954245391855001
238.0 0.5933434355871559
239.00000000000003 0.5976749470323751
240.0 0.5967902117289758
241.0 0.5977952702243049
242.0 0.5946331515685026
242.99999999999997 0.5931027892032955
244.0 0.5959382489725266
244.99999999999997 0.5995886400520986
245.99999999999997 0.5892329302039665
247.0 0.5905523424477268
248.0 0.5928667572462357
249.00000000000003 0.5948811331360574
250.0 0.5897790570102996
251.0 0.5914193310992067
252.0 0.5944256332592373
253.00000000000003 0.5975711878777445
254.0 0.5920043830215617
