1.0 0.9177534451112862
2.0 0.9522769645795673
3.0 0.952332786605112
4.0 0.9545345689230301
5.0 0.9585088729300706
6.0 0.9513678358404285
7.0 0.9587430364194292
8.0 0.9580453520164846
9.0 0.9648324243885981
10.0 0.9594156389867613
11.0 0.9660303308258097
12.0 0.9568324196842426
13.0 0.9569479620132562
14.0 0.9602097473606488
15.0 0.9639388157592402
16.0 0.9658760524723069
17.0 0.9610678626861678
18.0 0.9658369609201725
19.0 0.9739146267650374
20.0 0.964145151453882
21.0 0.9681993405967749
22.0 0.9651976528635472
23.0 0.9621114907698722
24.0 0.972584447525401
25.0 0.967185408775485
26.0 0.9604029508301714
27.0 0.9710139774295515
28.0 0.963518809186258
29.0 0.9717637191736348
30.0 0.9724999731649576
31.0 0.9744372098780268
32.0 0.9639152720658924
33.0 0.9711134776850272
34.0 0.97084928760782
35.0 0.9725963971358977
36.0 0.9642431135670853
37.0 0.9684087525759529
38.0 0.9665991742385084
39.0 0.971546972010764
40.0 0.975077039898408
41.0 0.9665991742385084
42.0 0.9677866692074916
43.0 0.9647151774812033
44.0 0.9678822408892411
45.0 0.9739859689003642
46.0 0.9726604040875306
47.0 0.9717533077054076
48.0 0.974549046014934
49.00000000000001 0.97490040046618
50.0 0.9786992728578308
51.0 0.9747430458281421
52.0 0.9784736523689989
53.0 0.9724822265130362
54.0 0.9752458221831831
55.0 0.9723129222645034
56.0 0.9666095857067383
57.0 0.9735149211647574
58.0 0.9735613479005846
59.0 0.9760583630620656
60.0 0.9823465876528655
61.0 0.9769678498756463
62.0 0.9814514408812384
63.0 0.9767412132083072
64.0 0.9807240602158758
65.0 0.9851789711375605
66.0 0.9848746733297105
67.0 0.9842749510399725
68.0 0.9868223215110075
69.0 0.9850127431735606
70.0 0.9805964018402523
71.0 0.9813430672998016
72.0 0.982171486362906
73.0 0.9834793045238187
74.0 0.9829181518224558
75.0 0.9781468855386143
76.0 0.9781084238940496
77.0 0.9831838800419275
78.0 0.9757496424657394
79.0 0.9677006567047775
80.0 0.9807730412724793
81.0 0.9797309513310407
82.0 0.9767782446544149
83.0 0.972382726257561
84.0 0.973218480504359
85.0 0.976910517456841
86.0 0.9746153874525182
87.0 0.972874074965866
88.0 0.9740468995674644
89.0 0.9714119784514503
90.0 0.974677856261885
91.0 0.9766640740315532
92.0 0.973790538888704
92.99999999999999 0.975641985480675
94.0 0.9796403244015258
95.0 0.9766552007055962
96.0 0.9798809707853867
97.0 0.9808636682019943
98.00000000000001 0.9789858240137577
98.99999999999999 0.9766552007055944
100.0 0.9759471048344205
101.0 0.9752390089632476
102.0 0.9787008110000962
103.00000000000001 0.9787008110000966
104.0 0.9776780058528456
104.99999999999999 0.9757110728773627
106.0 0.9734294306258032
107.00000000000001 0.979536565246893
108.0 0.9800383254234245
109.0 0.9815331944847921
110.0 0.9834704311978585
111.0 0.9824372145823804
112.0 0.9818671885550557
113.0 0.9844828248768828
114.0 0.9842764891822395
115.0 0.9764947697830214
116.0 0.9711773489438383
116.99999999999999 0.9767693713284538
118.0 0.9738791334611941
119.0 0.9748915271402174
120.0 0.9797502361252266
121.0 0.981610333661543
122.0 0.9811590926838826
122.99999999999999 0.9777030876884577
124.0 0.979307868473525
125.0 0.982110555695803
126.0 0.986507612234925
127.0 0.986792625248587
128.0 0.979836248627937
129.0 0.9782518100000531
130.0 0.9847278663002089
131.0 0.988698627556972
132.0 0.9858573707463169
133.0 0.9833678546578475
134.0 0.9781350438719302
135.0 0.985057109803363
136.0 0.9928581139967697
137.0 0.9965173784023034
138.0 0.9989579134341695
139.0 0.9949043823953448
140.0 0.9920254360345105
141.0 0.9949839397525584
142.0 0.9933436656636477
143.0 0.9973353859971774
144.0 0.9977198992663149
145.0 0.9985155457824662
146.0 1.0000995036310805
147.0 0.9973947785220074
148.0 1.0021258291313946
149.0 0.9994804965471539
150.0 0.9977688803229185
151.0 0.996363100048797
152.0 0.9980538933365793
153.0 0.9996868322417974
154.0 1.0005908523393854
155.0 1.0036993755117825
156.0 1.0048305542404683
157.0 1.003148634278646
158.0 1.0037097869800093
159.0 1.0055772197000183
160.0 1.002440538407473
161.0 1.0011327202465596
162.0 1.0017220310680715
163.0 0.997886127230313
164.0 0.9933614123155697
165.0 0.9932144691457585
166.0 0.992191663998508
167.0 0.9930065953088484
168.0 0.9826196510560326
169.0 0.987969708749346
170.0 0.9890914921883135
171.0 0.9868820725577689
172.0 0.9917284734103511
173.0 0.9923073727636352
174.0 0.9941289007115744
175.0 0.9972937401242671
176.0 0.9864139090208787
177.0 0.976665256646178
178.0 0.9753751851371841
179.0 0.9692071198489979
180.0 0.973268644175587
181.0 0.966343512792943
182.0 0.9588320728975279
183.0 0.9591801639684877
184.0 0.9542804347864122
185.0 0.9661310136959096
185.99999999999997 0.9700382596689932
187.0 0.9658803113714646
188.0 0.9708562672638686
189.0 0.9670427245048346
190.0 0.9656161212942602
191.0 0.9634428526241342
192.0 0.9659308305703391
193.0 0.968429219984766
194.0 0.9638242896087358
195.0 0.9600462401535418
196.00000000000003 0.9650430189824011
197.00000000000003 0.9678769406093655
197.99999999999997 0.9625388325265478
199.0 0.9711547680302948
200.0 0.9643468727217213
201.0 0.9670145663846863
202.0 0.9651070259340325
203.0 0.9645073036442999
204.0 0.9752074190309225
205.0 0.9702225898125564
206.00000000000003 0.9665914835271732
207.0 0.9667755140885993
208.0 0.9581551882245993
209.0 0.9517247970951808
209.99999999999997 0.9559801547988604
210.99999999999997 0.9553413127604891
212.0 0.9603613049572618
213.0 0.9676678841578289
214.00000000000003 0.9640190312205245
215.0 0.9615383884580189
216.0 0.9624439466978726
217.0 0.9570240850115023
218.0 0.9578717888687925
219.0 0.954971139533308
220.0 0.9656134005373707
220.99999999999997 0.9642076202632512
222.0 0.9540181383791165
223.0 0.9558766977731642
224.0 0.9653357227074005
225.0 0.9595656584411093
226.0 0.9654826658772094
226.99999999999997 0.9640768856030894
228.0 0.959069695306002
229.0 0.9569261228982934
230.0 0.9578702507265255
231.0 0.953878530392996
232.0 0.9599559687516712
233.0 0.9507314376322233
233.99999999999997 0.9577217694144468
235.0 0.9605645643673724
236.0 0.9566484450683288
237.00000000000003 0.9600523927226144
238.0 0.9557251401765509
239.00000000000003 0.9597986141136331
240.0 0.9584595615480372
241.0 0.954841943015418
242.0 0.956348761687276
242.99999999999997 0.9612460402606655
244.0 0.9596131013554485
244.99999999999997 0.9637444296750949
245.99999999999997 0.9579905739184548
247.0 0.9620817945074629
248.0 0.9607755144888162
249.00000000000003 0.9640294426887567
250.0 0.9600643423331088
251.0 0.9526760095289837
252.0 0.9596339242919023
253.00000000000003 0.9598580066384677
254.0 0.9603597668149968
