1.0 1.422896406726089
2.0 1.4540982524555905
3.0 1.448857420632903
4.0 1.4536494019093862
5.0 1.4543100548662253
6.0 1.4479044194787094
7.0 1.4530600910878768
8.0 1.455706961814386
9.0 1.4558554431264634
10.0 1.4610570195076986
11.0 1.4565916971177855
12.0 1.4546440489364907
13.0 1.460222803403169
14.0 1.456633342990696
15.0 1.457270096726544
16.0 1.4612841781387953
17.0 1.4614608175710224
18.0 1.4593365299574994
19.0 1.4554886765092467
20.0 1.4666847550309796
21.0 1.4630848831502796
22.0 1.4570934572943173
23.0 1.4608032408987193
24.0 1.461530621564081
25.0 1.4647668031121015
26.0 1.467924307341102
27.0 1.4576738947898675
28.0 1.4697635819409605
29.0 1.4639592069854515
30.0 1.465455614189086
31.0 1.46559214589067
32.0 1.4655238800398769
33.0 1.4687006690630662
34.0 1.4683666749928026
35.0 1.4609413107425702
36.0 1.4638315486098286
37.0 1.4583434210726645
38.0 1.4680519657167244
39.0 1.464934569218367
40.0 1.4655431648340673
41.0 1.4674225471645705
42.0 1.469812562997565
43.0 1.4648543537570806
44.0 1.4585700577400038
45.0 1.4644416823677953
46.0 1.4572299889959004
47.0 1.4639279725807692
48.0 1.4630690049660589
49.00000000000001 1.456069114004799
50.0 1.4662720836416956
51.0 1.4677283831146868
52.0 1.4661934063226751
53.0 1.4660657479470522
54.0 1.4616108370253678
55.0 1.4689278276941646
56.0 1.4662874398621566
57.0 1.4717690845048188
58.0 1.472781478183844
59.0 1.4666623939522565
60.0 1.4654452027208589
61.0 1.470604280939991
62.0 1.4767361670712646
63.0 1.4786541189901425
64.0 1.4759108242926937
65.0 1.473265491708453
66.0 1.4734728435816045
67.0 1.469961044309643
68.0 1.4699506328414147
69.0 1.470531070336965
70.0 1.4727533200636949
71.0 1.4719962431359161
72.0 1.470796798556437
73.0 1.4740032838420423
74.0 1.4748390380888385
75.0 1.4724860537019526
76.0 1.4729700672265638
77.0 1.468178085950078
78.0 1.4625711733632507
79.0 1.4726241235458026
80.0 1.4730432778295899
81.0 1.471562748810177
82.0 1.468621991744048
83.0 1.4658682855783716
84.0 1.4648647652253088
85.0 1.4654259179266729
86.0 1.4677773641712906
87.0 1.464138922702213
88.0 1.463292756987188
89.0 1.4678367566961206
90.0 1.4645812903539135
91.0 1.4658995199830531
92.0 1.4619458472741425
92.99999999999999 1.4627427882959312
94.0 1.4645099482185857
95.0 1.46682282487483
96.0 1.4662423873792798
97.0 1.4657302157345207
98.00000000000001 1.467471528221174
98.99999999999999 1.469144574857035
100.0 1.4694399993389242
101.0 1.4682895358160506
102.0 1.4686620994746917
103.00000000000001 1.4677565412348357
104.0 1.4686917957371064
104.99999999999999 1.469665619827754
106.0 1.4711412040949332
107.00000000000001 1.4706498553866292
108.0 1.4693316257574895
109.0 1.4704331082237598
110.0 1.4696270502393791
111.0 1.4710922230383292
112.0 1.4693613220199042
113.0 1.4702163610608887
114.0 1.4671078378884912
115.0 1.4692232521760529
116.0 1.4657020576143704
116.99999999999999 1.465800019727578
118.0 1.465710930940333
119.0 1.4689960935449564
120.0 1.4721343129797686
121.0 1.4754090641161637
122.0 1.4752709942723121
122.99999999999999 1.4750536172018713
124.0 1.4724177878511633
125.0 1.4757029504557857
126.0 1.4766871860146609
127.0 1.4742481891250623
128.0 1.4710227493707015
129.0 1.4648242261669078
130.0 1.4694722221731105
131.0 1.4750928166978183
132.0 1.4728200477722173
133.0 1.4753882411797077
134.0 1.4772171043113407
135.0 1.4728304592404475
136.0 1.4760562293202402
137.0 1.4778762191259105
138.0 1.4773358893610022
139.0 1.4746504490461168
140.0 1.4709911846405852
141.0 1.4708739377331908
142.0 1.46882832743869
143.0 1.4709823113146263
144.0 1.4693003913528044
145.0 1.4680608390426844
146.0 1.4693196761469929
147.0 1.4678545033480417
148.0 1.4701851266562043
149.0 1.4712287547399117
150.0 1.4741294040753985
151.0 1.476234406894732
152.0 1.4741101192812107
153.0 1.474297170181666
154.0 1.4749161772655908
155.0 1.4733233460910173
156.0 1.473341092742938
157.0 1.470982311314625
158.0 1.4721713444258755
159.0 1.4673527431715094
160.0 1.4697130627420882
161.0 1.4740403152881516
162.0 1.4730664911975044
163.0 1.4736172324306398
164.0 1.4728705669710898
165.0 1.4686308650700082
166.0 1.4671730274547485
167.0 1.4685209533463046
168.0 1.4664352353211598
169.0 1.4664336971788914
170.0 1.4577288090282117
171.0 1.456225409954302
172.0 1.4604132179560727
173.0 1.455561201259197
174.0 1.4601082772526657
175.0 1.457826635001106
176.0 1.458957813729791
177.0 1.4545310609282556
178.0 1.454856181672559
179.0 1.459743048777715
180.0 1.4500938966584902
181.0 1.4316748934356702
182.0 1.4108767806401732
183.0 1.4246871970308963
184.0 1.408631776622293
185.0 1.4201633873565538
185.99999999999997 1.4263152441350933
187.0 1.4212710223918954
188.0 1.4217504214897059
189.0 1.4231280436436793
190.0 1.4134684800562205
191.0 1.4082387455548362
192.0 1.4262157438796166
193.0 1.417490582505244
194.0 1.4229193175175754
195.0 1.4286979247843963
196.00000000000003 1.4206014961090982
197.00000000000003 1.4220997717804318
197.99999999999997 1.4221557576952975
199.0 1.4246259889895807
200.0 1.4224897517655621
201.0 1.4214476618241225
202.0 1.4191081651899997
203.0 1.42567541411471
204.0 1.421141825874006
205.0 1.4235526646434578
206.00000000000003 1.4090135691345396
207.0 1.4100930007001014
208.0 1.3985082322844968
209.0 1.396026733183725
209.99999999999997 1.4102866604869855
210.99999999999997 1.4044366052403303
212.0 1.4107367794416246
213.0 1.4118805936338832
214.00000000000003 1.410715459743626
215.0 1.4019090389804492
216.0 1.412026848403823
217.0 1.420469909159755
218.0 1.4215382887536419
219.0 1.4067365413097832
220.0 1.4126284669102718
220.99999999999997 1.4111528826430926
222.0 1.4119188328968295
223.0 1.410219166283087
224.0 1.4171902132711214
225.0 1.4172777639161034
226.0 1.411093490118257
226.99999999999997 1.4074535105069128
228.0 1.4114363575144835
229.0 1.4030757387619808
230.0 1.4076624005223342
231.0 1.3986836269750966
232.0 1.3997740121200613
233.0 1.3933729911593506
233.99999999999997 1.4021123261395596
235.0 1.4085580692577186
236.0 1.4148923625099072
237.00000000000003 1.4186376394181535
238.0 1.4211553136267718
239.00000000000003 1.4091207601013513
240.0 1.413142176697292
241.0 1.4127977711588036
242.0 1.4153258568356515
242.99999999999997 1.4045069563993566
244.0 1.4107016416654294
244.99999999999997 1.409706994638325
245.99999999999997 1.4106511224665594
247.0 1.4055266852620762
248.0 1.4117229086704133
249.00000000000003 1.4171516436827427
250.0 1.4054510842275927
251.0 1.4131054755766208
252.0 1.403641505890143
253.00000000000003 1.4055401730148382
254.0 1.40838450611003
