1.0 0.6742461944878335
2.0 0.7106972966555434
3.0 0.7136788473053929
4.0 0.7151703097567931
5.0 0.7178422623189146
6.0 0.7052391931594336
7.0 0.7165641404204183
8.0 0.7198493030250388
9.0 0.7208335385839157
10.0 0.7257828744984394
11.0 0.726440451170744
12.0 0.7262445269443266
13.0 0.728823131820045
14.0 0.7229666995233963
15.0 0.7247511960252279
16.0 0.7252869113633342
17.0 0.7245552717988113
18.0 0.7216515461787923
19.0 0.7155351827040979
20.0 0.7260397293919535
21.0 0.7248981391950393
22.0 0.7198477648827737
23.0 0.720745987938937
24.0 0.7202145314999888
25.0 0.7187524349855731
26.0 0.7263054576114276
27.0 0.7220642175680758
28.0 0.7278404344034372
29.0 0.7281655551477424
30.0 0.7287043467703826
31.0 0.7267790596678095
32.0 0.726905179901165
33.0 0.7297391015281265
34.0 0.7292269298833692
35.0 0.7296276516621595
36.0 0.7275049021909042
37.0 0.7242108662603226
38.0 0.7228332441063495
39.0 0.7232088840495264
40.0 0.7276637949712105
41.0 0.7295030695710706
42.0 0.7241129041471134
43.0 0.727476744070756
44.0 0.7232771499003194
45.0 0.7252930639324012
46.0 0.7284505681614037
47.0 0.7297568481800484
48.0 0.7301710577115991
49.00000000000001 0.7328861942889003
50.0 0.728558941742837
51.0 0.7284015871047997
52.0 0.7298964561661662
53.0 0.7247037531108906
54.0 0.7261199448532365
55.0 0.729581746890088
56.0 0.7261986221722594
57.0 0.7269853953624527
58.0 0.7301324881232251
59.0 0.7332009035649775
60.0 0.7338303221171338
61.0 0.7368843975169327
62.0 0.734381063350268
63.0 0.7295030695710725
64.0 0.727300104638532
65.0 0.7287949736998978
66.0 0.7254915424795956
67.0 0.72722142731951
68.0 0.7286376190618582
69.0 0.7302898427612652
70.0 0.7289523283379354
71.0 0.7277721685526456
72.0 0.7280868778287226
73.0 0.7321780984177286
74.0 0.730683229356361
75.0 0.7273909539496634
76.0 0.727693491233626
77.0 0.7223434335403142
78.0 0.7251758170250081
79.0 0.7310766159514561
80.0 0.7327856778549173
81.0 0.7344003481444552
82.0 0.7365053509637892
83.0 0.7353251911784998
84.0 0.7356399004545775
85.0 0.734223708712229
86.0 0.730132488123225
87.0 0.7295452399545369
88.0 0.7383149293012322
89.0 0.733987676755172
90.0 0.7271427500004924
91.0 0.7269067180434339
92.0 0.7226845751031458
92.99999999999999 0.7322217207021506
94.0 0.737802757656473
95.0 0.736033287049674
96.0 0.733048493679175
97.0 0.7270698697228981
98.00000000000001 0.7304560707252629
98.99999999999999 0.7306832293563598
100.0 0.7298964561661658
101.0 0.7288736510189149
102.0 0.7280868778287217
103.00000000000001 0.7284802644238187
104.0 0.7296604242091085
104.99999999999999 0.7301324881232243
106.0 0.731076615951456
107.00000000000001 0.7320994210987068
108.0 0.7320994210987064
109.0 0.7322567757367446
110.0 0.7320994210987056
111.0 0.7315486798655711
112.0 0.7312339705894945
113.0 0.7291096829759744
114.0 0.7284015871048006
115.0 0.7337026637415103
116.0 0.7327922686932323
116.99999999999999 0.7313858585115415
118.0 0.7327762825651993
119.0 0.729875633229712
120.0 0.729924614286315
121.0 0.7321379906870844
122.0 0.7314106100217224
122.99999999999999 0.7300496385938477
124.0 0.733779802918262
125.0 0.7348531272643822
126.0 0.7361906416877102
127.0 0.7406752488718119
128.0 0.7358037379871158
129.0 0.7391529660356755
130.0 0.7357625863289589
131.0 0.7345931960863362
132.0 0.7362469579280092
133.0 0.7330998651672377
134.0 0.7321557373390045
135.0 0.7362276731338218
136.0 0.7366715789277902
137.0 0.7383727836838001
138.0 0.7375563142311914
139.0 0.7314124849834177
140.0 0.735972356382578
141.0 0.7340752274001517
142.0 0.7320296171056486
143.0 0.7303284123496411
144.0 0.7314700025465551
145.0 0.7320296171056498
146.0 0.7299840068111485
147.0 0.7293056072023906
148.0 0.7288825243448778
149.0 0.7321676869495014
150.0 0.7338391954430943
151.0 0.7330524222529001
152.0 0.7344878987894365
153.0 0.7338688917055093
154.0 0.7341539047191693
155.0 0.7338287839748648
156.0 0.7319108320559872
157.0 0.7261866725617635
158.0 0.7286063846571744
159.0 0.7303075894131847
160.0 0.7263737234622182
161.0 0.7292550880035163
162.0 0.7287533278269861
163.0 0.7280348204875847
164.0 0.733807961038409
165.0 0.7314684644042841
166.0 0.7344076833281471
167.0 0.7347416773984121
168.0 0.7322521613099449
169.0 0.7309146468866156
170.0 0.7232694591889806
171.0 0.7211858359603553
172.0 0.7241299714399525
173.0 0.7290618845339939
174.0 0.7329498457128899
175.0 0.7305702413481224
176.0 0.7286700360811641
177.0 0.7258955069790323
178.0 0.7236242761956997
179.0 0.7232575095784844
180.0 0.7210159750575674
181.0 0.7108922047034489
182.0 0.7070032100382285
183.0 0.7041446127012018
184.0 0.7060002012077313
185.0 0.7144575994588158
185.99999999999997 0.7033625593348268
187.0 0.7126360715108819
188.0 0.7036757304686366
189.0 0.7122411467735146
190.0 0.7056901063584562
191.0 0.7153407966199523
192.0 0.7137464273031097
193.0 0.7124713816891469
194.0 0.7204771834349283
195.0 0.7153245881102995
196.00000000000003 0.7198998222239126
197.00000000000003 0.7198404296990814
197.99999999999997 0.7164661783072129
199.0 0.7169501918318223
200.0 0.7223210724615912
201.0 0.7169413185058621
202.0 0.7252321332653046
203.0 0.7158695323020078
204.0 0.7163088236691724
205.0 0.711268860825135
206.00000000000003 0.7112777341510964
207.0 0.7088517095444977
208.0 0.6942681047714708
209.0 0.6938431712015621
209.99999999999997 0.6963397550352857
210.99999999999997 0.6930049558167831
212.0 0.6957154779672802
213.0 0.6970471953491814
214.00000000000003 0.701316593512679
215.0 0.6976206531886872
216.0 0.6965265059061103
217.0 0.6983005909397133
218.0 0.6977733933999226
219.0 0.6931449193305499
220.0 0.6980584064135843
220.99999999999997 0.6985721162006089
222.0 0.7055404424317544
223.0 0.7065987408828485
224.0 0.6935471792516035
225.0 0.6982411984148823
226.0 0.6978462736775172
226.99999999999997 0.6985914009947992
228.0 0.6971158167276202
229.0 0.6905454915183711
230.0 0.6922289496224627
231.0 0.6912686132845759
232.0 0.6986731545983542
233.0 0.6920727775990505
233.99999999999997 0.6994464400357835
235.0 0.6959371950845998
236.0 0.6957840993457192
237.00000000000003 0.6995474784335262
238.0 0.6985944772793353
239.00000000000003 0.6999898460852263
240.0 0.6971470511323045
241.0 0.7041018896106876
242.0 0.6985809895265688
242.99999999999997 0.6952557191913045
244.0 0.6984162997048404
244.99999999999997 0.6967239682747902
245.99999999999997 0.7030212300808719
247.0 0.7084692498873905
248.0 0.699286364640855
249.00000000000003 0.6998934221142848
250.0 0.698033324577968
251.0 0.7011345125666752
252.0 0.70054058731836
253.00000000000003 0.6994865477664272
254.0 0.7008761195308963
