1.0 1.1401064282437174
2.0 1.173803552412617
3.0 1.1873195124488547
4.0 1.1848404078286119
5.0 1.192931369787914
6.0 1.1688403984198994
7.0 1.1877634182428196
8.0 1.1897006549558884
9.0 1.1886169191415379
10.0 1.1912950242727303
11.0 1.1840046535818154
12.0 1.1791220453758167
13.0 1.186224512877085
14.0 1.1884506911775388
15.0 1.189791281885404
16.0 1.1993810414797974
17.0 1.1919437276190712
18.0 1.195643099755248
19.0 1.1976590137873357
20.0 1.1970311333774486
21.0 1.19724634239805
22.0 1.1922792598316052
23.0 1.1922896712998325
24.0 1.190919384329554
25.0 1.1944718132959184
26.0 1.1958509735921596
27.0 1.1913366701456398
28.0 1.1952126817140423
29.0 1.198782857332325
30.0 1.192398044881266
31.0 1.195791581067327
32.0 1.1932546220645195
33.0 1.1983092552759427
34.0 1.1934875777370428
35.0 1.1959697586418192
36.0 1.1968143862145784
37.0 1.19522309318227
38.0 1.194160180304375
39.0 1.1994330988209372
40.0 1.199027762615346
41.0 1.1896339272473637
42.0 1.197060829639864
43.0 1.1989803197010103
44.0 1.1952319665082314
45.0 1.1979189449653822
46.0 1.1913351320033743
47.0 1.195597194983179
48.0 1.1862839054019187
49.00000000000001 1.2010035689167886
50.0 1.193835059560071
51.0 1.1936375971913906
52.0 1.1996884155721823
53.0 1.2010644995838873
54.0 1.2008269294845622
55.0 1.1980539385246984
56.0 1.1902440610053315
57.0 1.197445342908998
58.0 1.203061128821785
59.0 1.1972345566768745
60.0 1.1999526056493908
61.0 1.2024124254754436
62.0 1.1949350038840725
63.0 1.2001485298758028
64.0 1.2018690194260009
65.0 1.204180357939977
66.0 1.1994107377422145
67.0 1.2043866936346204
68.0 1.202439045453325
69.0 1.2008743723988993
70.0 1.201575133086379
71.0 1.2026013448435984
72.0 1.1975902259727844
73.0 1.2017220762561915
74.0 1.197251287150285
75.0 1.1972283091519773
76.0 1.1900612690040357
77.0 1.2004543658259212
78.0 1.192412715248655
79.0 1.1999495293648528
80.0 1.2045297082307032
81.0 1.1994597187988163
82.0 1.2009190945563435
83.0 1.198074761461153
84.0 1.1933525841777264
85.0 1.2003845618328612
86.0 1.2005820242015424
87.0 1.195650434938939
88.0 1.1937725907507026
89.0 1.1978950457443922
90.0 1.2027063118150652
91.0 1.2020144244535442
92.0 1.1962438382234983
92.99999999999999 1.1962679038806003
94.0 1.2015913415960322
95.0 1.2046420103858635
96.0 1.2017433934073924
97.0 1.2063809324410555
98.00000000000001 1.2020190388803427
98.99999999999999 1.2046346752021688
100.0 1.2054511446547778
101.0 1.2050176503290375
102.0 1.204447624301715
103.00000000000001 1.2050859161798302
104.0 1.2040719843585383
104.99999999999999 1.2054673531644318
106.0 1.2061873986460998
107.00000000000001 1.20605820212821
108.0 1.2048186498180893
109.0 1.205073966569335
110.0 1.200265776783198
111.0 1.1990559207354947
112.0 1.1993320604231967
113.0 1.198968370090513
114.0 1.1971707413635613
115.0 1.2010540881156573
116.0 1.2021544187106006
116.99999999999999 1.2043129610678351
118.0 1.2084794523658902
119.0 1.2093938839317058
120.0 1.2096418654992604
121.0 1.2132714336423767
122.0 1.210704778377155
122.99999999999999 1.2051855803246265
124.0 1.206848051602941
125.0 1.2104969045402445
126.0 1.213310003230752
127.0 1.2120021850698393
128.0 1.2090139850893722
129.0 1.2041640137375036
130.0 1.2061201489738225
131.0 1.2036118700549199
132.0 1.2051067391162869
133.0 1.2058638160440647
134.0 1.2073987928360739
135.0 1.2069074441277698
136.0 1.2112643929362477
137.0 1.2059039237747053
138.0 1.201681968525544
139.0 1.1965955789456812
140.0 1.200769047352989
141.0 1.2063505503255638
142.0 1.2020248359217691
143.0 1.2028814131050187
144.0 1.2041996427341595
145.0 1.20544960651251
146.0 1.2052417326756022
147.0 1.2062051452980218
148.0 1.206018094397568
149.0 1.2029006978992092
150.0 1.2069934566304816
151.0 1.207278469644143
152.0 1.2108501834046954
153.0 1.2137612442084096
154.0 1.2141843270659223
155.0 1.2140566686903014
156.0 1.215934512878535
157.0 1.2133975538757305
158.0 1.2115671526018308
159.0 1.2091385671804598
160.0 1.2127754705072675
161.0 1.2119277666499746
162.0 1.2084258568824808
163.0 1.2080251351036921
164.0 1.2081632049475426
165.0 1.204110553946914
166.0 1.2035181668408685
167.0 1.2034514391323439
168.0 1.2038224646487166
169.0 1.2052490678592944
170.0 1.189313065402216
171.0 1.1887795488572424
172.0 1.1856437198538876
173.0 1.1825036319513769
174.0 1.1930452100853393
175.0 1.183819140823624
176.0 1.190730795286833
177.0 1.186116991584838
178.0 1.1831642849082145
179.0 1.1742988296946477
180.0 1.1779877903625962
181.0 1.1641423682506626
182.0 1.1575617588284925
183.0 1.1700875210152029
184.0 1.1769322126683988
185.0 1.169778373679067
185.99999999999997 1.1795879567208674
187.0 1.1798432734721103
188.0 1.1703395263804293
189.0 1.1701270381167155
190.0 1.1717468447968156
191.0 1.1725320798447403
192.0 1.1741576835662657
193.0 1.1769113897319383
194.0 1.1804846416347592
195.0 1.1786156707724853
196.00000000000003 1.1785651515736142
197.00000000000003 1.1736559233897355
197.99999999999997 1.16935682896382
199.0 1.1725513646389283
200.0 1.1758974579106507
201.0 1.1774694661487684
202.0 1.1797808046627432
203.0 1.1788021997091784
204.0 1.1773730421778277
205.0 1.1718031610371096
206.00000000000003 1.160212513305661
207.0 1.1604005526356191
208.0 1.1481007954012763
209.0 1.1482825434750565
209.99999999999997 1.1567213175828206
210.99999999999997 1.1567648319234294
212.0 1.1529751909321777
213.0 1.1535785114702142
214.00000000000003 1.1482871604486504
215.0 1.1506655821987966
216.0 1.1550699739216075
217.0 1.149307244839011
218.0 1.1475690086368944
219.0 1.158709953532954
220.0 1.1535693078188178
220.99999999999997 1.1485459090120809
222.0 1.1552809240430568
223.0 1.162627610974267
224.0 1.1563615835728713
225.0 1.1480291229405182
226.0 1.1553283669573926
226.99999999999997 1.159048562030024
228.0 1.1626573072366813
229.0 1.1607914126589414
230.0 1.163286725788836
231.0 1.1540726061376203
232.0 1.1579486177060185
233.0 1.1544081383501503
233.99999999999997 1.1589802961792308
235.0 1.1611269448714778
236.0 1.1489512452176704
237.00000000000003 1.1566481347287993
238.0 1.1507014310302832
239.00000000000003 1.1542789418322599
240.0 1.1490075614579653
241.0 1.1513767543545084
242.0 1.1458589305549256
242.99999999999997 1.140731417065908
244.0 1.1468474250129583
244.99999999999997 1.1575787748042696
245.99999999999997 1.149011820357124
247.0 1.1529233252293662
248.0 1.146662242580205
249.00000000000003 1.145495542798672
250.0 1.1486632920597823
251.0 1.1460143889762575
252.0 1.1550602483064625
253.00000000000003 1.155919901774247
254.0 1.161463659698631
