1.0 1.5714375794671989
2.0 1.6147698222369997
3.0 1.621035849638398
4.0 1.6186666567418584
5.0 1.6193747526130302
6.0 1.6187437959186113
7.0 1.6143081697911121
8.0 1.618685941536045
9.0 1.621124938425645
10.0 1.6175651742755874
11.0 1.619817120264732
12.0 1.6147802337052282
13.0 1.6139830490468074
14.0 1.6192575057056349
15.0 1.6214307743757603
16.0 1.6214010781133448
17.0 1.616984736780035
18.0 1.61947271472624
19.0 1.623791093946341
20.0 1.6218434457650455
21.0 1.6170634140990556
22.0 1.6201021332783927
23.0 1.6184306247847982
24.0 1.6171212684816194
25.0 1.6190392204004984
26.0 1.6219398697359848
27.0 1.6211338117516048
28.0 1.6235149542586398
29.0 1.6224639909912397
30.0 1.6189605430814789
31.0 1.6239083408537356
32.0 1.6238400750029436
33.0 1.6239484485843796
34.0 1.623082998075168
35.0 1.6150271713452657
36.0 1.6215985404820268
37.0 1.6235060809326798
38.0 1.6303999887439629
39.0 1.6243804047678505
40.0 1.623189833514335
41.0 1.6196092464278211
42.0 1.6239187523219638
43.0 1.6249222726750268
44.0 1.6267303128702035
45.0 1.6273894276847733
46.0 1.6193554678188427
47.0 1.6183103015928682
48.0 1.6222754019485186
49.00000000000001 1.6189427964295582
50.0 1.61785018728925
51.0 1.6213505589144752
52.0 1.618607264217027
53.0 1.617327604176263
54.0 1.6220393699914597
55.0 1.6232893337698093
56.0 1.6195321072510713
57.0 1.61860572607476
58.0 1.6178309024950617
59.0 1.6212437234753052
60.0 1.6196196578960487
61.0 1.6117206915894338
62.0 1.6086434028217222
63.0 1.6084756367154558
64.0 1.6133061875803185
65.0 1.6169623757013127
66.0 1.6237317014215071
67.0 1.6257788498582775
68.0 1.6228573775863364
69.0 1.6271356490757958
70.0 1.6242334615980407
71.0 1.6287091954561823
72.0 1.626957471501301
73.0 1.6239484485843791
74.0 1.6268016550055286
75.0 1.6228334783653457
76.0 1.6243908162360778
77.0 1.6308334830697018
78.0 1.6250692158448368
79.0 1.6293089177459192
80.0 1.6250652872711109
81.0 1.6263488758856026
82.0 1.6274013772952691
83.0 1.632791542719225
84.0 1.6288071575693885
85.0 1.6288858348884079
86.0 1.6307949134813273
87.0 1.6265997420993648
88.0 1.62791201079776
89.0 1.6283350936552723
90.0 1.6273998391530007
91.0 1.6244606202291374
92.0 1.620313413725271
92.99999999999999 1.6122678345742776
94.0 1.621289628247375
95.0 1.608849738516362
96.0 1.6193242334141584
97.0 1.6182597823939973
98.00000000000001 1.6234659732020364
98.99999999999999 1.6252265704828748
100.0 1.623287795627541
101.0 1.62401671443517
102.0 1.6231022828693527
103.00000000000001 1.6224327565865553
104.0 1.6255219949647637
104.99999999999999 1.6288561386259917
106.0 1.629819551248412
107.00000000000001 1.631078388352721
108.0 1.6305083623253982
109.0 1.6290030817958039
110.0 1.6305187737936269
111.0 1.6305380585878149
112.0 1.6290015436535368
113.0 1.6298403741848677
114.0 1.629219828958674
115.0 1.630970014771287
116.0 1.6246549330599662
116.99999999999999 1.6264171417363935
118.0 1.630282741836568
119.0 1.6272424845149625
120.0 1.6248524686819672
121.0 1.6324070294500896
122.0 1.6318562882169534
122.99999999999999 1.630155083460943
124.0 1.6258471157090695
125.0 1.6267808320690726
126.0 1.6239395752584178
127.0 1.6209795333981016
128.0 1.6250603425188788
129.0 1.6292896329517335
130.0 1.6262019327157926
131.0 1.6257001725392604
132.0 1.6275884281957242
133.0 1.629585057433623
134.0 1.6294469875897715
135.0 1.6264082684104348
136.0 1.6218523190910066
137.0 1.6214708821064057
138.0 1.6004015691188798
139.0 1.609159252909587
140.0 1.6168314468560385
141.0 1.6220571166433821
142.0 1.6176496486360312
143.0 1.6166237672042478
144.0 1.6145708217260528
145.0 1.6113450516462609
146.0 1.616511134723654
147.0 1.6118410147813653
148.0 1.6113585393990202
149.0 1.610264392116443
150.0 1.6019496781360092
151.0 1.6044199094302902
152.0 1.600557385614649
153.0 1.6022794133071143
154.0 1.6013233358683887
155.0 1.602102773874887
156.0 1.602996382504248
157.0 1.6022585903706577
158.0 1.604657479529614
159.0 1.6017078491375227
160.0 1.6041958270837247
161.0 1.6058033286256854
162.0 1.60579753158426
163.0 1.6074736545046548
164.0 1.6054770252667543
165.0 1.6055379559338534
166.0 1.606667596520273
167.0 1.6080807119780876
168.0 1.601443659060316
169.0 1.5957075499556004
170.0 1.5931840509565522
171.0 1.5877955966049704
172.0 1.5970616071612143
173.0 1.6031074768425744
174.0 1.6018235579026534
175.0 1.5945243138857796
176.0 1.5954684417140101
177.0 1.5894785540003173
178.0 1.590332054899034
179.0 1.5972324456048215
180.0 1.5985283141552387
181.0 1.5800057417311788
182.0 1.5751736249750516
183.0 1.566982120517689
184.0 1.58515775914655
185.0 1.5827844737869676
185.99999999999997 1.5693233170509724
187.0 1.5667230369496101
188.0 1.57129519477869
189.0 1.5617945239715407
190.0 1.5736756514326482
191.0 1.55823168353695
192.0 1.5560480033985953
193.0 1.5495583904121824
194.0 1.5511962740696368
195.0 1.5469758569627376
196.00000000000003 1.5606221961314881
197.00000000000003 1.5402667760565616
197.99999999999997 1.5423733170181662
199.0 1.5350537694818054
200.0 1.533217382074943
201.0 1.5348665294898143
202.0 1.5378334097722826
203.0 1.538038893177734
204.0 1.5323761611121534
205.0 1.5388714072506737
206.00000000000003 1.534723348457616
207.0 1.525689609275906
208.0 1.5158301681718345
209.0 1.5138760381405505
209.99999999999997 1.5191062838799736
210.99999999999997 1.522732861979859
212.0 1.529438644219879
213.0 1.5273406462588068
214.00000000000003 1.5307227547981277
215.0 1.5287140095136225
216.0 1.5321732572296913
217.0 1.52637143659496
218.0 1.522451580360515
219.0 1.5281206062290678
220.0 1.5322381164705139
220.99999999999997 1.531864178558932
222.0 1.5390983994456597
223.0 1.536309530301577
224.0 1.5254025572565522
225.0 1.5361497852320811
226.0 1.5316175712443225
226.99999999999997 1.525774104736684
228.0 1.5297673632124777
229.0 1.5298504910689803
230.0 1.5276899965495316
231.0 1.5300098780640423
232.0 1.5308657693942112
233.0 1.5273846825631732
233.99999999999997 1.5241679496986638
235.0 1.5221706346076855
236.0 1.524549553119374
237.00000000000003 1.5289198232445071
238.0 1.5279048474956942
239.00000000000003 1.5292531314616917
240.0 1.542100253614999
241.0 1.5335101110021563
242.0 1.54420475967279
242.99999999999997 1.5535506301626765
244.0 1.5458665425512321
244.99999999999997 1.538426316295294
245.99999999999997 1.5398375632854042
247.0 1.5307476953998367
248.0 1.5452569307570234
249.00000000000003 1.5431133583493133
250.0 1.538560127239981
251.0 1.5494486677800128
252.0 1.553750316526701
253.00000000000003 1.5449973273576143
254.0 1.5493437008085467
