1.0 1.08683250497649
2.0 1.1152461417652797
3.0 1.1181877485738048
4.0 1.1156456809294437
5.0 1.11585734764726
6.0 1.1046048969397235
7.0 1.1243501832566822
8.0 1.119765745491674
9.0 1.124573935277811
10.0 1.1235125605421858
11.0 1.1164986598644064
12.0 1.120016447816118
13.0 1.1194356799951333
14.0 1.1181539598483448
15.0 1.1256279748297466
16.0 1.1264452965715437
17.0 1.1219340694095614
18.0 1.1184062003150566
19.0 1.1308485056797357
20.0 1.1212896249623812
21.0 1.1223324007568982
22.0 1.1269574682163033
23.0 1.12088002985763
24.0 1.117535805053612
25.0 1.1261860512465736
26.0 1.130060194347277
27.0 1.125649813944709
28.0 1.132367604287523
29.0 1.1290921672980516
30.0 1.1286929836615278
31.0 1.1216964993102378
32.0 1.126444280393035
33.0 1.131756784676483
34.0 1.1275747707218493
35.0 1.1207704736615682
36.0 1.1323225518046454
37.0 1.1258471124240714
38.0 1.1332458566964236
39.0 1.1331301479312959
40.0 1.1239708063781053
41.0 1.130000801822442
42.0 1.1305322582613901
43.0 1.1306406318428248
44.0 1.127618121173143
45.0 1.1262347019777434
46.0 1.1183176334915663
47.0 1.1319322414940864
48.0 1.1266902018545635
49.00000000000001 1.134635428460891
50.0 1.1379799835903455
51.0 1.1331937993552854
52.0 1.1396692387358602
53.0 1.1344260164817137
54.0 1.137279222902866
55.0 1.13650132303863
56.0 1.1260920177070926
57.0 1.1299606940918014
58.0 1.138155084880305
59.0 1.1326117934216664
60.0 1.13324893298096
61.0 1.1320776465216296
62.0 1.1311647530980817
63.0 1.132818514939754
64.0 1.1313815002609522
65.0 1.1308619934324984
66.0 1.1265782552270478
67.0 1.125057618476991
68.0 1.1270557858571566
69.0 1.135993765820673
70.0 1.1320791846638982
71.0 1.1289483004127803
72.0 1.1424082745341495
73.0 1.129441187263351
74.0 1.1357457842531233
75.0 1.1363261202988524
76.0 1.1322230515491754
77.0 1.149508518040075
78.0 1.1334996353054052
79.0 1.1376162932576648
80.0 1.1422968246681797
81.0 1.1382322240570562
82.0 1.1399958976224343
83.0 1.129331275539648
84.0 1.1298033394537645
85.0 1.1405836703016747
86.0 1.1396796502040865
87.0 1.1432197714855163
88.0 1.1434650348429765
89.0 1.137966495837585
90.0 1.138716237581669
91.0 1.136100601259844
92.0 1.1347402037940326
92.99999999999999 1.1393471942760867
94.0 1.1411687222240252
95.0 1.1412369880748177
96.0 1.1422618255790875
97.0 1.1439323178941705
98.00000000000001 1.1392106625745022
98.99999999999999 1.1425552177039575
100.0 1.1409029940045525
101.0 1.1371368941598534
102.0 1.1405794114025165
103.00000000000001 1.1399796891127776
104.0 1.1400583664317971
104.99999999999999 1.1405986961967054
106.0 1.1408451396219914
107.00000000000001 1.1401563285450056
108.0 1.141189545160484
109.0 1.141691305337015
110.0 1.144159998489029
111.0 1.1421143881945284
112.0 1.141406292323355
113.0 1.142527059583812
114.0 1.1438942702695563
115.0 1.141188007018216
116.0 1.1426878338198057
116.99999999999999 1.146921039838399
118.0 1.142532856625237
119.0 1.1455048480960492
120.0 1.1513967736965376
121.0 1.1524789713686205
122.0 1.1477093511708585
122.99999999999999 1.146472189292196
124.0 1.1494178911105588
125.0 1.1489057194658014
126.0 1.1497607585067855
127.0 1.1495976068273208
128.0 1.1490646122461061
129.0 1.1470205400938724
130.0 1.1463707928200142
131.0 1.1484560166304079
132.0 1.1463807100734897
133.0 1.146193659173034
134.0 1.1494387140470141
135.0 1.1470783944764344
136.0 1.1461061085280542
137.0 1.143490472206229
138.0 1.146358512884083
139.0 1.1451462169534088
140.0 1.1488082515673426
141.0 1.150790898837729
142.0 1.1465230388164964
143.0 1.146445899639746
144.0 1.1456591264495513
145.0 1.1505683546334322
146.0 1.1509409182920736
147.0 1.150823671384679
148.0 1.1475963631626196
149.0 1.1464755959021633
150.0 1.1454527907549095
151.0 1.1439490483675823
152.0 1.145737803768571
153.0 1.1422864131999495
154.0 1.1464844692281209
155.0 1.1474864514389167
156.0 1.1514500136522985
157.0 1.1516000331066432
158.0 1.1537555551248482
159.0 1.1520647618370663
160.0 1.1505579431652042
161.0 1.1480209841623983
162.0 1.1425818376818373
163.0 1.142002938328554
164.0 1.1482080350628516
165.0 1.1429856357451609
166.0 1.1433967689921782
167.0 1.1430612367796473
168.0 1.1458342277395104
169.0 1.140889506251788
170.0 1.1259457326413507
171.0 1.1238755932182876
172.0 1.131685662375982
173.0 1.12792667788015
174.0 1.1347792953461644
175.0 1.134072737617259
176.0 1.1320167158545307
177.0 1.131247689316257
178.0 1.1292198256736776
179.0 1.1287269388231036
180.0 1.1161034048016085
181.0 1.1137925464263063
182.0 1.1101398583171125
183.0 1.1208093483731747
184.0 1.1209184078076844
185.0 1.1241366788144629
185.99999999999997 1.113766628924377
187.0 1.112542954798476
188.0 1.1106917305881217
189.0 1.1235932727650206
190.0 1.1283466844531287
191.0 1.1238026847441969
192.0 1.1238605391267609
193.0 1.1279903293041424
194.0 1.1200736163456064
195.0 1.1192764316871853
196.00000000000003 1.1212641875991258
197.00000000000003 1.114665704269731
197.99999999999997 1.1198881035874204
199.0 1.1219946445490216
200.0 1.118344253469451
201.0 1.1190403997301264
202.0 1.114870501822106
203.0 1.1238308428643449
204.0 1.1184422155826563
205.0 1.1194145015310355
206.00000000000003 1.1181467911007656
207.0 1.1010427423582134
208.0 1.103369437092654
209.0 1.0998326643763838
209.99999999999997 1.097151704894786
210.99999999999997 1.0965290995625632
212.0 1.0989802124987658
213.0 1.09389129380034
214.00000000000003 1.0933854411607637
215.0 1.0992387971728752
216.0 1.0988292020681287
217.0 1.0924355162911108
218.0 1.101041040326631
219.0 1.0992877782294797
220.0 1.1049274633632589
220.99999999999997 1.1041229435211428
222.0 1.1009966736968275
223.0 1.1043693869464293
224.0 1.1093927857531714
225.0 1.1099909699006436
226.0 1.104728462852307
226.99999999999997 1.0994867787404292
228.0 1.0933989289135264
229.0 1.0965950027309024
230.0 1.096612749382824
231.0 1.1031926337711069
232.0 1.0984175468573512
233.0 1.1019812395811357
233.99999999999997 1.0957795494568012
235.0 1.0920999840785743
236.0 1.1030972259786778
237.00000000000003 1.1092052128889571
238.0 1.1002687710677064
239.00000000000003 1.1076683676292487
240.0 1.1034776467847676
241.0 1.0991850352533548
242.0 1.0939368682469757
242.99999999999997 1.1047967287030993
244.0 1.0989449108332527
244.99999999999997 1.0958587487395821
245.99999999999997 1.1003073406560824
247.0 1.1081453762956002
248.0 1.1013142676191132
249.00000000000003 1.1061977281143018
250.0 1.1018131431494342
251.0 1.101942339667325
252.0 1.106651029197989
253.00000000000003 1.1099496795553738
254.0 1.098615531189794
