1.0 1.1379850592393854
2.0 1.1751196475074077
3.0 1.1819144105908623
4.0 1.18174356820006
5.0 1.1870195630011557
6.0 1.1697340965102536
7.0 1.1886035208497696
8.0 1.1843237112180436
9.0 1.189664895585396
10.0 1.1904011495767188
11.0 1.1851906998695245
12.0 1.1810489600816485
13.0 1.1938170468414981
14.0 1.1814631696131987
15.0 1.1882502419853167
16.0 1.1898237883657041
17.0 1.1890192685235907
18.0 1.1905037261167262
19.0 1.1927957798365174
20.0 1.1891156924945312
21.0 1.1924201398933403
22.0 1.1921544116738667
23.0 1.1920965572913025
24.0 1.1894215284446465
25.0 1.1951857956695118
26.0 1.195746948370874
27.0 1.1936018378208981
28.0 1.1966108607378187
29.0 1.190622511166392
30.0 1.1941525790540315
31.0 1.1945949467057335
32.0 1.1971423171767666
33.0 1.2010480250075823
34.0 1.1981072679414537
35.0 1.1863130052722513
36.0 1.188566489403661
37.0 1.1926978177233094
38.0 1.1943990224793166
39.0 1.1950388524997015
40.0 1.1940264588206775
41.0 1.1853407193238703
42.0 1.1909757900308453
43.0 1.195274884456758
44.0 1.1989326107200222
45.0 1.1977242928145857
46.0 1.1961700312283865
47.0 1.1938170468415006
48.0 1.192673066213128
49.00000000000001 1.1976544888215255
50.0 1.1984605468059077
51.0 1.1950388524997
52.0 1.1974747731047661
53.0 1.1984011542810757
54.0 1.1965425948870272
55.0 1.1997193839102165
56.0 1.1933079514812768
57.0 1.200261251817391
58.0 1.2040867441869196
59.0 1.2033643082737948
60.0 1.202946692132275
61.0 1.2012350759080384
62.0 1.1960022651221185
63.0 1.2000518398382114
64.0 1.195577644122341
65.0 1.2007421890574645
66.0 1.1946295877203827
67.0 1.2000830742428958
68.0 1.2009782210145235
69.0 1.1976159192331484
70.0 1.2015987662407166
71.0 1.2013330380212437
72.0 1.2000533779804798
73.0 1.199876738548253
74.0 1.2068686084727456
75.0 1.2015775357783098
76.0 1.2032984328544587
77.0 1.1978207167855222
78.0 1.1929531344745563
79.0 1.1985689203873424
80.0 1.200873254043057
81.0 1.207382318259771
82.0 1.2045009537184737
83.0 1.2023469698425362
84.0 1.2021703304103086
85.0 1.2044519726618688
86.0 1.205209049589647
87.0 1.20453012801713
88.0 1.2011756833832057
89.0 1.2046583083565103
90.0 1.2084051234070219
91.0 1.20585621479372
92.0 1.195763320769847
92.99999999999999 1.1966366284265089
94.0 1.2012439492339975
95.0 1.2019046021908353
96.0 1.1977932167694465
97.0 1.198187483402739
98.00000000000001 1.200811993050524
98.99999999999999 1.2019431717792117
100.0 1.1986772939687769
101.0 1.1979483751611473
102.0 1.2011340375102963
103.00000000000001 1.2039278514066156
104.0 1.2039382628748423
104.99999999999999 1.204912086965491
106.0 1.205335169823003
107.00000000000001 1.2043910419947714
108.0 1.2043123646757519
109.0 1.2039382628748434
110.0 1.203623553598766
111.0 1.2026690143023064
112.0 1.2039872439314467
113.0 1.2044994155762057
114.0 1.204431149725414
115.0 1.2042514340086523
116.0 1.2037443774994412
116.99999999999999 1.2043053598174909
118.0 1.2016238480763306
119.0 1.2063444872174898
120.0 1.207437096357799
121.0 1.207111975613496
122.0 1.203914363653852
122.99999999999999 1.202855929509941
124.0 1.2069322598967342
125.0 1.2107415437566107
126.0 1.2036220154564974
127.0 1.2055399673753753
128.0 1.2043895038525017
129.0 1.2051083415173367
130.0 1.2035497932829753
131.0 1.2050856501131801
132.0 1.2008771826167797
133.0 1.2013596579991233
134.0 1.205274239155902
135.0 1.202432982345246
136.0 1.2048526944406563
137.0 1.205017384262387
138.0 1.2010498934752813
139.0 1.2044652193247964
140.0 1.2066197468669957
141.0 1.2051315548852524
142.0 1.2027237924003351
143.0 1.2032062677826796
144.0 1.2030207550244907
145.0 1.2055874102897128
146.0 1.2027951345356611
147.0 1.202559102578603
148.0 1.196637480715698
149.0 1.1976899821253655
150.0 1.1974435387000788
151.0 1.1984189009329949
152.0 1.1946215666836115
153.0 1.1957141758239231
154.0 1.1998647889377596
155.0 1.2019103992322608
156.0 1.2065835954590833
157.0 1.2076657931311645
158.0 1.2083530660658832
159.0 1.2114214815076365
160.0 1.2061412278073824
161.0 1.2040242753775565
162.0 1.1998721241214538
163.0 1.2012215881552757
164.0 1.2026096217774742
165.0 1.2043004150652548
166.0 1.204064383108196
167.0 1.2009672875825372
168.0 1.2033195861163484
169.0 1.202970235825621
170.0 1.1916906713729478
171.0 1.1819816047651353
172.0 1.181470205214758
173.0 1.184800034031321
174.0 1.1746610713460546
175.0 1.181154257378552
176.0 1.194789332789881
177.0 1.189307002294142
178.0 1.1913823088510627
179.0 1.180276857258843
180.0 1.1792509758270602
181.0 1.161510770825517
182.0 1.163970570844424
183.0 1.1732040641876422
184.0 1.1765812220580667
185.0 1.1674771805666682
185.99999999999997 1.1795356333130755
187.0 1.172603155913418
188.0 1.1741959870879932
189.0 1.167030032052049
190.0 1.1731052438685843
191.0 1.1715444993878872
192.0 1.16386313253333
193.0 1.1697050608987072
194.0 1.1716269413913114
195.0 1.176292116581364
196.00000000000003 1.182794175939816
197.00000000000003 1.1742673292233137
197.99999999999997 1.169221569337855
199.0 1.171487003079762
200.0 1.170664381058083
201.0 1.1721519149357562
202.0 1.1734469311969828
203.0 1.1818220538807578
204.0 1.1669025375657454
205.0 1.1698436527063156
206.00000000000003 1.1612720838323702
207.0 1.1578768153189232
208.0 1.1524253611534292
209.0 1.1419553167931207
209.99999999999997 1.1477190923500258
210.99999999999997 1.1587083132133575
212.0 1.152719277788852
213.0 1.1596097789901685
214.00000000000003 1.1629154342058128
215.0 1.1606962607636226
216.0 1.1684131209220157
217.0 1.1606394225595686
218.0 1.1576986654934383
219.0 1.15806969100981
220.0 1.157761986591994
220.99999999999997 1.159806058744227
222.0 1.1604987983949426
223.0 1.15512945590744
224.0 1.1626215478661923
225.0 1.1553816963741512
226.0 1.1540368467671291
226.99999999999997 1.1531802695838742
228.0 1.159989703034714
229.0 1.1580389785688834
230.0 1.1606457415647493
231.0 1.1551325321919774
232.0 1.1505083170217585
233.0 1.1617101925849116
233.99999999999997 1.1642664363819062
235.0 1.1583937955756065
236.0 1.1582854219941707
237.00000000000003 1.1568321988057158
238.0 1.1612662867909453
239.00000000000003 1.1643643984951106
240.0 1.1455265640879269
241.0 1.1642471515877189
242.0 1.1643628603528455
242.99999999999997 1.1440448272516812
244.0 1.1474160023590125
244.99999999999997 1.1592176002119075
245.99999999999997 1.156239811699668
247.0 1.1549913860635865
248.0 1.1672739211565584
249.00000000000003 1.1596912022682877
250.0 1.1541918109737073
251.0 1.1647731413106694
252.0 1.1567985739695765
253.00000000000003 1.1572400893320811
254.0 1.1640527655035677
