1.0 1.8181945219837752
2.0 1.8398865759963334
3.0 1.840676425471063
4.0 1.845986375433733
5.0 1.8500583112285482
6.0 1.8319693410740432
7.0 1.8493848563720257
8.0 1.8480142390763141
9.0 1.8519376935590512
10.0 1.8518694277082588
11.0 1.8486941768273386
12.0 1.8457117738882975
13.0 1.8472540858640023
14.0 1.8445821333018804
15.0 1.8491720377828813
16.0 1.8457117738882998
17.0 1.8527541630116615
18.0 1.8529516253803435
19.0 1.8567890673603686
20.0 1.8579291194150143
21.0 1.8562961805097957
22.0 1.8523414916223766
23.0 1.8552348057741703
24.0 1.8568010169708629
25.0 1.8545548680231443
26.0 1.8520846367288641
27.0 1.8458378941216562
28.0 1.8506730594133172
29.0 1.8597209511005388
30.0 1.8557974966177997
31.0 1.856138825871759
32.0 1.8586950696687523
33.0 1.847975669487938
34.0 1.8496159435768487
35.0 1.8529323405861542
36.0 1.8545949757537887
37.0 1.8526369161042668
38.0 1.8586877344850607
39.0 1.8536331012736362
40.0 1.8585095569105663
41.0 1.8550037185693469
42.0 1.8584798606481503
43.0 1.8613627633317158
44.0 1.855120965476744
45.0 1.8569063142677638
46.0 1.8528625365930955
47.0 1.8598767675963095
48.0 1.8511821547735423
49.00000000000001 1.8554742443411971
50.0 1.8510113123827416
51.0 1.8474194615388106
52.0 1.8622282138409294
53.0 1.8565178724249023
54.0 1.8554380651842775
55.0 1.852612164594086
56.0 1.847883504416157
57.0 1.84970195607956
58.0 1.8493606268256018
59.0 1.8564946590569875
60.0 1.8598262483974393
61.0 1.8510795782335319
62.0 1.8547018111929539
63.0 1.855825654737948
64.0 1.8545564061654118
65.0 1.8456465843220407
66.0 1.8537117785926527
67.0 1.851703199744262
68.0 1.8535424743441193
69.0 1.8560809714891942
70.0 1.859582881256687
71.0 1.8598486094761626
72.0 1.8612158201619065
73.0 1.8552421409578639
74.0 1.8505319132849325
75.0 1.8493238177611153
76.0 1.853495031429785
77.0 1.854699420761498
78.0 1.8514745029708946
79.0 1.8550269319372608
80.0 1.857480954721889
81.0 1.8619744352319487
82.0 1.865586256723144
83.0 1.8667263087777903
84.0 1.8644921094405666
85.0 1.8599095401432568
86.0 1.8597996284195555
87.0 1.8564253770276864
88.0 1.8533361386494778
89.0 1.8585095569105632
90.0 1.8530110179051724
91.0 1.848749640778446
92.0 1.853162383863463
92.99999999999999 1.8529519557057748
94.0 1.8600028878296642
95.0 1.8593750074197757
96.0 1.855906200524665
97.0 1.8577895114288956
98.00000000000001 1.8607792495516287
98.99999999999999 1.8615170416852191
100.0 1.8634380698886333
101.0 1.863969526327582
102.0 1.866654966642466
103.00000000000001 1.8686041529660278
104.0 1.869597261850863
104.99999999999999 1.8708769218916275
106.0 1.8723212717541236
107.00000000000001 1.870767010167925
108.0 1.870375161715097
109.0 1.8714646945708717
110.0 1.8722425944351044
111.0 1.8717319609326126
112.0 1.8687807923982547
113.0 1.866408523217179
114.0 1.865347148481553
115.0 1.8642560774835106
116.0 1.8545889350757325
116.99999999999999 1.8555302302560612
118.0 1.8602747686182084
119.0 1.8635286968181493
120.0 1.8672770500109286
121.0 1.8648365149790649
122.0 1.8609724530211564
122.99999999999999 1.8509654076106756
124.0 1.8590795829378888
125.0 1.8611787887157965
126.0 1.8684587479384842
127.0 1.874565882559578
128.0 1.872242594435107
129.0 1.8703054721598449
130.0 1.8716502073290593
131.0 1.8705174904581066
132.0 1.8634839746607053
133.0 1.863348981101391
134.0 1.8650189514527156
135.0 1.8708025034717677
136.0 1.869040368048661
137.0 1.8657432558335416
138.0 1.8640797683767207
139.0 1.8521899340257675
140.0 1.8447294067971272
141.0 1.841825845066423
142.0 1.8441540779431305
143.0 1.839474398821807
144.0 1.8434041723097272
145.0 1.8469654746020523
146.0 1.8447166048974428
147.0 1.8460616183937821
148.0 1.849885736510365
149.0 1.8476426638471806
150.0 1.85200507937165
151.0 1.853198041056625
152.0 1.852802100140751
153.0 1.8485173457567918
154.0 1.851113533395109
155.0 1.8542517528299205
156.0 1.855296919055896
157.0 1.8526589216553475
158.0 1.8586271341433966
159.0 1.8558773565514461
160.0 1.8521170537481721
161.0 1.851058755297081
162.0 1.8457696282708678
163.0 1.8501740199936807
164.0 1.8502245391925511
165.0 1.8446978420670084
166.0 1.8546111842634412
167.0 1.8525432128902175
168.0 1.840226367108026
169.0 1.8371756983181926
170.0 1.8391040617053003
171.0 1.837472660942352
172.0 1.8309516471151401
173.0 1.831878880580641
174.0 1.8392463904483087
175.0 1.8374279387849035
176.0 1.834910264576284
177.0 1.8379239019200098
178.0 1.8328542428135548
179.0 1.8363206592772074
180.0 1.836632292268749
181.0 1.819913419131126
182.0 1.8035271552815322
183.0 1.8180820403721112
184.0 1.8125798627401069
185.0 1.8143507075998573
185.99999999999997 1.8018063728611375
187.0 1.797029061952038
188.0 1.7994233341373955
189.0 1.8048264930993634
190.0 1.8082906855676726
191.0 1.806267766677327
192.0 1.8122245515186375
193.0 1.8044467606931442
194.0 1.8130529705817422
195.0 1.809382772744219
196.00000000000003 1.8165147726185922
197.00000000000003 1.808462380247661
197.99999999999997 1.804590461142304
199.0 1.8099582654875366
200.0 1.8097461327514717
201.0 1.8069393530661475
202.0 1.8124837968436092
203.0 1.810297726273795
204.0 1.8085878120811458
205.0 1.8045126361124744
206.00000000000003 1.802483589855273
207.0 1.7987599363290514
208.0 1.7865685398067535
209.0 1.7815914047421226
209.99999999999997 1.7828362076067203
210.99999999999997 1.7807251102631179
212.0 1.7853450665341823
213.0 1.7792225756926312
214.00000000000003 1.7918457516396915
215.0 1.7890435863811698
216.0 1.789520236973082
217.0 1.7696310837708475
218.0 1.7732459563443663
219.0 1.783625923487932
220.0 1.7750550404670569
220.99999999999997 1.7825950973039089
222.0 1.7777879236962764
223.0 1.780325898877597
224.0 1.7711532612099683
225.0 1.7799414133574665
226.0 1.771361135046878
226.99999999999997 1.773652172588157
228.0 1.7732138973995015
229.0 1.7710377163341582
230.0 1.774769175164207
231.0 1.7750555624308206
232.0 1.7758213487952395
233.0 1.7697172904586835
233.99999999999997 1.7755660320439914
235.0 1.7815054005588136
236.0 1.7888239293698764
237.00000000000003 1.7876823391729628
238.0 1.791930914400007
239.00000000000003 1.7843852269578464
240.0 1.7868330971734052
241.0 1.7781238139832507
242.0 1.7878396938110022
242.99999999999997 1.7924816556331389
244.0 1.7786755713948956
244.99999999999997 1.7930554160490677
245.99999999999997 1.7864259181498177
247.0 1.7767738839311786
248.0 1.7812879649960733
249.00000000000003 1.7836511692128603
250.0 1.7844927179542882
251.0 1.7890771834683068
252.0 1.7923258088415694
253.00000000000003 1.7945247090600727
254.0 1.800064730049055
