1.0 1.7508087467865545
2.0 1.7821331145011179
3.0 1.7789948950663068
4.0 1.7843939338162218
5.0 1.7878202425492316
6.0 1.7754192527320294
7.0 1.788773243703423
8.0 1.7826437480036086
9.0 1.7840020853633938
10.0 1.7874060330176786
11.0 1.785007143858725
12.0 1.7744211990949579
13.0 1.7920078871091736
14.0 1.791017854508875
15.0 1.7868761147209995
16.0 1.7944796565457244
17.0 1.7899638149569412
18.0 1.794950182317573
19.0 1.787012646422583
20.0 1.7900617770701472
21.0 1.7928378443145445
22.0 1.790899069459211
23.0 1.7924309699666876
24.0 1.7935845097740954
25.0 1.7872486783796397
26.0 1.7930530533351487
27.0 1.7868552917845435
28.0 1.7841000474766018
29.0 1.790680784154075
30.0 1.7899846378933968
31.0 1.7876331916487769
32.0 1.7915967538621562
33.0 1.7910949936856262
34.0 1.79191453942277
35.0 1.7873971596917186
36.0 1.7932401042356025
37.0 1.7936840100295701
38.0 1.7928956986971092
39.0 1.7905828220408662
40.0 1.792561704626846
41.0 1.796554963102641
42.0 1.7960636143943378
43.0 1.794570283475238
44.0 1.7972734704420432
45.0 1.7981389209512557
46.0 1.7946073149213468
47.0 1.80318468083672
48.0 1.801679400307124
49.00000000000001 1.7990702468798032
50.0 1.8036567447508332
51.0 1.7914690954865355
52.0 1.7963100578196232
53.0 1.794448422141038
54.0 1.7875128684568475
55.0 1.800380455472172
56.0 1.7932609271720585
57.0 1.7951862142746302
58.0 1.7962684119467136
59.0 1.7919010516700082
60.0 1.7982056486597795
61.0 1.7962491271525258
62.0 1.8000183032817585
63.0 1.8035290863752118
64.0 1.794696403708594
65.0 1.797300090419924
66.0 1.7965727097545627
67.0 1.7925898627469936
68.0 1.787860350279872
69.0 1.7899356568367908
70.0 1.782943786912301
71.0 1.7933114463709303
72.0 1.7949027394032357
73.0 1.7933677626112257
74.0 1.793290623434475
75.0 1.788819670439249
76.0 1.788941009809689
77.0 1.7930187426459319
78.0 1.7904759866017008
79.0 1.8022791225968644
80.0 1.79526590777216
81.0 1.8001741197775294
82.0 1.8060957416404337
83.0 1.8015814381939161
84.0 1.8039135996443485
85.0 1.8015235838113528
86.0 1.7983467947881653
87.0 1.797747072498427
88.0 1.7953555185231653
89.0 1.7975584834557052
90.0 1.7978643194058221
91.0 1.8022806607391328
92.0 1.798543049340014
92.99999999999999 1.7889517516033497
94.0 1.7943030171134977
95.0 1.7949116127291946
96.0 1.8005185253160223
97.0 1.7995952204242465
98.00000000000001 1.7985515923405417
98.99999999999999 1.797441236548311
100.0 1.7979815663132186
101.0 1.793201534647229
102.0 1.7946771189144066
103.00000000000001 1.7934938828445823
104.0 1.7959047216140331
104.99999999999999 1.7977054266255181
106.0 1.8024083191147555
107.00000000000001 1.8019763629312822
108.0 1.7984462950436415
109.0 1.798967340014361
110.0 1.8010812161596539
111.0 1.8017789005626004
112.0 1.800275158175274
113.0 1.7978434964693681
114.0 1.8018872741440355
115.0 1.7996723596010007
116.0 1.7935106415144961
116.99999999999999 1.7958140946845194
118.0 1.7981894401501286
119.0 1.7986198581913346
120.0 1.7975777682498943
121.0 1.795236733473505
122.0 1.8032737696239691
122.99999999999999 1.7951525894384899
124.0 1.7981655409291375
125.0 1.7894308203757265
126.0 1.792294438265105
127.0 1.7986183200490635
128.0 1.7930025341362756
129.0 1.7839957663582084
130.0 1.7821099011332078
131.0 1.7915373613373282
132.0 1.7916723548966436
133.0 1.785553270665058
134.0 1.7869783357333675
135.0 1.7831038623072326
136.0 1.7808087323029107
137.0 1.7780534879949668
138.0 1.7852755928350903
139.0 1.7824095845142538
140.0 1.7818716451808028
141.0 1.783999009078859
142.0 1.7869991586698202
143.0 1.780645580623444
144.0 1.784696693481803
145.0 1.7863577905071713
146.0 1.7818242022664659
147.0 1.7722402397134938
148.0 1.7787719953343661
149.0 1.7838177552198309
150.0 1.7843981927153805
151.0 1.7813563972515085
152.0 1.7773824235699007
153.0 1.778997615823197
154.0 1.7818107145137052
155.0 1.784006344262552
156.0 1.776117789424165
157.0 1.7780164565488579
158.0 1.779379052807799
159.0 1.774109210575771
160.0 1.7574828588994351
161.0 1.775128939438486
162.0 1.790312479394591
163.0 1.7985959589703402
164.0 1.799332212961664
165.0 1.789772149629684
166.0 1.7867481008177342
167.0 1.7969718933910863
168.0 1.7943192256231513
169.0 1.7962934937823274
170.0 1.795033118535752
171.0 1.7897651447714273
172.0 1.789332666624195
173.0 1.7848124022469327
174.0 1.78844197039005
175.0 1.7807138464742358
176.0 1.7854209978626325
177.0 1.7825828173365117
178.0 1.7795900029292426
179.0 1.7639837356432688
180.0 1.774150856448682
181.0 1.7627929466873513
182.0 1.748812170610184
183.0 1.7365012911895144
184.0 1.7450089888046427
185.0 1.734387028773278
185.99999999999997 1.733728435922468
187.0 1.7340897358236895
188.0 1.7318388060130543
189.0 1.7479292784619598
190.0 1.7475439129036334
191.0 1.7503232228686831
192.0 1.7520290420514928
193.0 1.756157294086605
194.0 1.7496255384657353
195.0 1.7520838201495221
196.00000000000003 1.7479019726310023
197.00000000000003 1.7487466002037606
197.99999999999997 1.7446144195949236
199.0 1.7484086775597694
200.0 1.744245262546249
201.0 1.7442476529777076
202.0 1.744682685445715
203.0 1.7460452817046577
204.0 1.737610600059939
205.0 1.731096069127227
206.00000000000003 1.7309921460832807
207.0 1.7127192360033483
208.0 1.708390519015832
209.0 1.7112652927188199
209.99999999999997 1.7159415370336726
210.99999999999997 1.7121520624785342
212.0 1.7201368748517476
213.0 1.7227595160318323
214.00000000000003 1.7099583263995977
215.0 1.7128222746144122
216.0 1.707699375552194
217.0 1.7030623584822924
218.0 1.7112951524230595
219.0 1.7194636116335542
220.0 1.7316362350028238
220.99999999999997 1.7208084612405736
222.0 1.7139846877477836
223.0 1.712647173324453
224.0 1.7191645889033695
225.0 1.7114547336032355
226.0 1.7196622566168562
226.99999999999997 1.7124092728996936
228.0 1.7184809142169442
229.0 1.726541849588395
230.0 1.725544126276765
231.0 1.7357737158915405
232.0 1.7361092481040727
233.0 1.737290946031632
233.99999999999997 1.7265106151837168
235.0 1.729285144285847
236.0 1.721476804908748
237.00000000000003 1.7242363081158536
238.0 1.723715263145132
239.00000000000003 1.7271859385079407
240.0 1.7307680637367218
241.0 1.7309447031689456
242.0 1.7259317158304348
242.99999999999997 1.7111994168519908
244.0 1.7035796665176144
244.99999999999997 1.722046475408426
245.99999999999997 1.7282369017753403
247.0 1.725198182596004
248.0 1.7251479911757661
249.00000000000003 1.7255181644029507
250.0 1.731583322825698
251.0 1.7363780526080825
252.0 1.7283498897835807
253.00000000000003 1.728631826512707
254.0 1.723751111976616
