1.0 0.8754530860003473
2.0 0.9019522551282335
3.0 0.9043055975895593
4.0 0.9051428899786241
5.0 0.9099056969564526
6.0 0.8996166870678363
7.0 0.9063836501055808
8.0 0.9114055107700526
9.0 0.9127020651735466
10.0 0.9145976560137042
11.0 0.9196316579269984
12.0 0.9128460959481424
13.0 0.913076688938215
14.0 0.9164142392094077
15.0 0.9180502543991609
16.0 0.916547364301024
17.0 0.9155622764529585
18.0 0.9096054916116468
19.0 0.9164959928129611
20.0 0.9140073290136839
21.0 0.9157808920835282
22.0 0.9116615133743772
23.0 0.9137526981155148
24.0 0.9171056046071716
25.0 0.9145212026900276
26.0 0.9154562933029824
27.0 0.9178230957680621
28.0 0.9198533498421037
29.0 0.9165697253797469
30.0 0.917285156434613
31.0 0.9162391379194494
32.0 0.9168981447902057
33.0 0.9205421609190881
34.0 0.9219697803081741
35.0 0.9164212440676682
36.0 0.9214758772790905
37.0 0.9175123150657104
38.0 0.9180156133845097
39.0 0.9202274516430116
40.0 0.9205832848282397
41.0 0.9051287415749961
42.0 0.9239742666935232
43.0 0.9213971999600746
44.0 0.9153687426579993
45.0 0.922795645050499
46.0 0.9220034051443164
47.0 0.9206208382381079
48.0 0.9237382347364645
49.00000000000001 0.9249970718407714
50.0 0.9226248026596974
51.0 0.9256962943859853
52.0 0.9241701909199362
53.0 0.9242801026436386
54.0 0.9255582245421353
55.0 0.9262470356191228
56.0 0.922273061937514
57.0 0.9171871943214027
58.0 0.9241910138563916
59.0 0.9249827317988193
60.0 0.918059980014311
61.0 0.9315940170279016
62.0 0.92088656645758
63.0 0.9245250079266575
64.0 0.9152989386649432
65.0 0.9199320271611221
66.0 0.9223606125824912
67.0 0.9183584807807342
68.0 0.9176118153211851
69.0 0.9221068339735138
70.0 0.9233714681192472
71.0 0.921236769037501
72.0 0.9207886043443736
73.0 0.926186104952022
74.0 0.9261548705473402
75.0 0.9238047920616765
76.0 0.9292425707832812
77.0 0.9214461810166765
78.0 0.9264904027598718
79.0 0.9249465526419015
80.0 0.9249531994257253
81.0 0.9277951446362528
82.0 0.9312407381634474
83.0 0.9302387559526506
84.0 0.9329893858337928
85.0 0.9351954270508688
86.0 0.93416221043539
87.0 0.9321413516510686
88.0 0.9291476849546098
89.0 0.9278873097080328
90.0 0.9268066501782178
91.0 0.923561595304238
92.0 0.9259707879876077
92.99999999999999 0.9156461273998256
94.0 0.9230613732699742
95.0 0.9262084660307461
96.0 0.9261000924493107
97.0 0.9286701543245015
98.00000000000001 0.9317336250140197
98.99999999999999 0.9301407938394445
100.0 0.9332092092811977
101.0 0.9335327918832355
102.0 0.934497742647924
103.00000000000001 0.9364943718858224
104.0 0.9378422977773777
104.99999999999999 0.9360431309081617
106.0 0.9320795686947803
107.00000000000001 0.9330132850547836
108.0 0.9320394609641368
109.0 0.9329346077357649
110.0 0.9326985757787077
111.0 0.9324625438216497
112.0 0.9329643039981802
113.0 0.935137572668305
114.0 0.9341741600458848
115.0 0.9262543708028141
116.0 0.9219618737092112
116.99999999999999 0.9280021661839712
118.0 0.9291550201383021
119.0 0.9263835673207043
120.0 0.9279289555809437
121.0 0.9292383118841238
122.0 0.9291789193592911
122.99999999999999 0.9250549262233352
124.0 0.9270812517236493
125.0 0.929572305954386
126.0 0.930948389966091
127.0 0.9320691572265495
128.0 0.9290778809615493
129.0 0.923962317083026
130.0 0.9208210213636799
131.0 0.9249970718407704
132.0 0.9258150794356461
133.0 0.9252331037978294
134.0 0.9263257129381399
135.0 0.9262277508249319
136.0 0.9256577247976085
137.0 0.9231504620572204
138.0 0.9265424601010104
139.0 0.923956850367035
140.0 0.9226570532428913
141.0 0.9250341032868802
142.0 0.9228801194109436
143.0 0.9222017198021852
144.0 0.9201962172383252
145.0 0.9200685588627016
146.0 0.9214253580802185
147.0 0.9212872882363669
148.0 0.9212278957115357
149.0 0.9207172622090449
150.0 0.9235585190196998
151.0 0.9247876598615933
152.0 0.9263820291784348
153.0 0.9270500173189663
154.0 0.9273350303326275
155.0 0.929854242683514
156.0 0.9261949782779821
157.0 0.9274731001764785
158.0 0.928378658416335
159.0 0.9270396058507411
160.0 0.928565709316791
161.0 0.9253938650458373
162.0 0.9249762489043187
163.0 0.928988792174304
164.0 0.9270723783976919
165.0 0.9273870876737688
166.0 0.9291580964228364
167.0 0.9291388116286473
168.0 0.9300042621378601
169.0 0.9247803246779011
170.0 0.9197379714024067
171.0 0.916796362047087
172.0 0.9091694429651308
173.0 0.9146336712813017
174.0 0.915068703749309
175.0 0.9180005874894784
176.0 0.9089719805964457
177.0 0.9090090120425557
178.0 0.9085963406532697
179.0 0.9078184407890358
180.0 0.9048688103969469
181.0 0.9060133996778795
182.0 0.8974685067273223
183.0 0.9027806767381381
184.0 0.9037598011086616
185.0 0.9015191188769369
185.99999999999997 0.907240035650508
187.0 0.8997289892229964
188.0 0.9028631161947674
189.0 0.9033357020726402
190.0 0.9097718860117606
191.0 0.8967068366277516
192.0 0.9025617307821342
193.0 0.9036512636379054
194.0 0.9024830534631123
195.0 0.9050497087283333
196.00000000000003 0.902523161193755
197.00000000000003 0.8952640249075263
197.99999999999997 0.8939457952783846
199.0 0.9030573383895945
200.0 0.8962629308337882
201.0 0.8988311242412744
202.0 0.9015373874926131
203.0 0.9027086739519429
204.0 0.8941000736318897
205.0 0.895755373615828
206.00000000000003 0.8953307526160476
207.0 0.8900431155428657
208.0 0.8819233691357516
209.0 0.8701906086079745
209.99999999999997 0.8931053685599764
210.99999999999997 0.8873531089904119
212.0 0.8853298597746355
213.0 0.886453703319627
214.00000000000003 0.8968969638127416
215.0 0.8924925720899259
216.0 0.8932882186060802
217.0 0.8875760087223558
218.0 0.8813234690737214
219.0 0.8925608379407173
220.0 0.8993182140504189
220.99999999999997 0.8958490768298751
222.0 0.8878031673534491
223.0 0.8856044613200712
224.0 0.8909471838296896
225.0 0.8914786402686363
226.0 0.8867564629852139
226.99999999999997 0.8849646312996896
228.0 0.8842461239602858
229.0 0.8905626705605554
230.0 0.8856623157026322
231.0 0.8873280271548027
232.0 0.8830601671335737
233.0 0.883446218544979
233.99999999999997 0.8794884533730186
235.0 0.8893528145128502
236.0 0.88413928852112
237.00000000000003 0.8924301032805612
238.0 0.8902614490372408
239.00000000000003 0.8813782471717513
240.0 0.8875744705800903
241.0 0.8867491278015199
242.0 0.8824187989709209
242.99999999999997 0.8943792896041238
244.0 0.8820269505180947
244.99999999999997 0.8871394381120833
245.99999999999997 0.8945559290363522
247.0 0.882706888269118
248.0 0.8810650760379388
249.00000000000003 0.8928828824004962
250.0 0.8882706168407665
251.0 0.8886655415781307
252.0 0.8851813784625607
253.00000000000003 0.8806878979524982
254.0 0.8884411037039225
