1.0 1.9541911533105412
2.0 1.986941932597356
3.0 1.9862442481944105
4.0 1.9897268731677171
5.0 1.9911638878465165
6.0 1.9867579579814372
7.0 1.985812292010937
8.0 1.996977136127987
9.0 1.9961028122928133
10.0 1.9934069605097011
11.0 1.9880761876105773
12.0 1.9942041451681223
13.0 1.9961413818811884
14.0 1.9946762090822372
15.0 1.9975783965599925
16.0 2.0011396988523176
17.0 1.9878802633841623
18.0 1.992571206262905
19.0 1.9956203369104706
20.0 1.995602590258549
21.0 1.996810908163986
22.0 1.995511963329036
23.0 1.99333869465891
24.0 1.9978931058360696
25.0 1.9975205421774291
26.0 1.9932511440139304
27.0 1.9954629822724304
28.0 1.997247809099696
29.0 1.9925519214687173
30.0 1.993623707672573
31.0 1.9911792440669789
32.0 1.9919803572991261
33.0 1.9948246903943179
34.0 1.9880970105470315
35.0 1.9920743908386096
36.0 1.9933282831906816
37.0 2.0002935331372913
38.0 1.9972933835463316
39.0 1.9982270999063347
40.0 1.9916864709595041
41.0 1.997784732254636
42.0 1.9980207642116934
43.0 1.996779673759305
44.0 1.9950992919397517
45.0 1.9977149282615767
46.0 1.9993389938408335
47.0 1.9962705783990806
48.0 1.9999491275987986
49.00000000000001 2.001688901943186
50.0 2.0001747480876304
51.0 2.0001643366194033
52.0 1.9993181709043784
53.0 1.9973809341913107
54.0 1.9978040170488223
55.0 2.000183621413591
56.0 1.9958563688675286
57.0 1.9937305431117394
58.0 2.0044530195770895
59.0 1.9995557410037041
60.0 1.9992306202593995
61.0 1.998954480571698
62.0 1.9920011802355828
63.0 1.9945173163019332
64.0 1.996426394894853
65.0 1.9990628541531323
66.0 1.9976377890848234
67.0 2.0058499265252485
68.0 2.0066455730414017
69.0 2.0078465557631473
70.0 2.007482865430467
71.0 2.0094201021435327
72.0 2.0032134672669675
73.0 2.0041961646835755
74.0 1.998708037146411
75.0 2.000793755171556
76.0 1.997608092822409
77.0 1.9945589621748423
78.0 1.995345735365036
79.0 1.9947356016070699
80.0 1.990900713947819
81.0 1.9964961988879102
82.0 1.9962023125482897
83.0 1.9953160391026208
84.0 2.0016889019431865
85.0 2.0029789734521777
86.0 1.9984230241327496
87.0 1.9973408264606682
88.0 1.9961028122928137
89.0 1.993249605871663
90.0 1.9957584067543226
91.0 1.9964368063630804
92.0 1.9961205589447355
92.99999999999999 1.9783109261417593
94.0 1.9921257623266724
95.0 2.000991217540239
96.0 1.9953081819551695
97.0 1.9990331578907155
98.00000000000001 2.0025246561899808
98.99999999999999 2.003272859791798
100.0 2.000606704271102
101.0 1.9992483669113175
102.0 1.996849477752363
103.00000000000001 2.0014054270717905
104.0 2.0033426637848586
104.99999999999999 2.0048182480520373
106.0 2.005898907581853
107.00000000000001 2.004108614038597
108.0 2.0013267497527716
109.0 2.0042867916130898
110.0 2.003293682728254
111.0 2.0048865139028287
112.0 2.0040403481878033
113.0 2.0049948874842642
114.0 2.0039527975428264
115.0 2.0010803063274873
116.0 1.9984532211039114
116.99999999999999 1.998265669494713
118.0 1.992995827262685
119.0 1.9875150349092163
120.0 1.9880761876105792
121.0 1.9931917514891009
122.0 1.998700701962721
122.99999999999999 1.9969489780078404
124.0 1.9963670023700226
125.0 1.9980489223318445
126.0 1.9922460855186035
127.0 1.9883731502347348
128.0 1.9957005523717601
129.0 1.9942596091192315
130.0 1.9842209989786341
131.0 1.991912091448339
132.0 1.9923559972423062
133.0 1.9934173719779327
134.0 1.9952269503153763
135.0 1.998157295913279
136.0 1.9990806008050548
137.0 1.9980192260694283
138.0 1.9993494053090628
139.0 1.9951972540529581
140.0 1.9966608887096415
141.0 1.9958266726051122
142.0 1.994922652507524
143.0 1.9906710009959474
144.0 1.9852438041258835
145.0 1.9880167950857472
146.0 1.991184710782975
147.0 1.9920902690228304
148.0 1.9915009582013183
149.0 1.9930937893758927
150.0 1.995975153917192
151.0 2.000578546150954
152.0 1.9994770636846841
153.0 1.9986517209061143
154.0 1.9987184486146394
155.0 1.9962601669308524
156.0 1.9996047220603068
157.0 1.998325062019543
158.0 1.9999684123929882
159.0 1.9971329526237585
160.0 1.9902760762585827
161.0 1.9959157613923588
162.0 1.994480284855824
163.0 1.9939785246792934
164.0 1.9936726887291754
165.0 1.9948335637202765
166.0 1.9949018295710688
167.0 1.9927254846164093
168.0 2.0004894573637064
169.0 2.0003321027256686
170.0 1.989411805817201
171.0 1.9780478532453891
172.0 1.9729704726843038
173.0 1.975168492864608
174.0 1.9674774003949054
175.0 1.9702014102981655
176.0 1.9736558771513226
177.0 1.9820238310875145
178.0 1.97200211530965
179.0 1.9784922250576074
180.0 1.972024806713804
181.0 1.9572881408923868
182.0 1.9436149901074298
183.0 1.9421490235115928
184.0 1.9383945949502615
185.0 1.9378928347737314
185.99999999999997 1.9357997815648926
187.0 1.9381126582211339
188.0 1.9451446358762707
189.0 1.9451357625503087
190.0 1.9459360234932652
191.0 1.950560238663484
192.0 1.9481004188374305
193.0 1.9495775412468745
194.0 1.9461631821243635
195.0 1.9468905627897248
196.00000000000003 1.951544474222359
197.00000000000003 1.9514006073370829
197.99999999999997 1.9527277102921838
199.0 1.9508379164934535
200.0 1.9485948438302698
201.0 1.9454936558415654
202.0 1.9419828727481094
203.0 1.9467035118892713
204.0 1.9415983594789754
205.0 1.9352312936798366
206.00000000000003 1.9340021528379445
207.0 1.920955866284369
208.0 1.9159348579090896
209.0 1.9087151994459284
209.99999999999997 1.9154520522013094
210.99999999999997 1.921702201418485
212.0 1.913766533991193
213.0 1.915808737675729
214.00000000000003 1.9184120940616267
215.0 1.927632696607349
216.0 1.9285718796833466
217.0 1.924845887569289
218.0 1.9228403850054294
219.0 1.92660648485013
220.0 1.9244910705625689
220.99999999999997 1.9251694701713278
222.0 1.9276960177059064
223.0 1.9222969789559874
224.0 1.9146533294006185
225.0 1.9162118498859746
226.0 1.9233953851377235
226.99999999999997 1.9265841237714036
228.0 1.9191379365847199
229.0 1.9156583878959492
230.0 1.9231207835922897
231.0 1.9237085562715335
232.0 1.9119945090636188
233.0 1.9250267859006747
233.99999999999997 1.9192848797545308
235.0 1.913364796033897
236.0 1.9166791329371764
237.00000000000003 1.9128591072836363
238.0 1.9124071804529004
239.00000000000003 1.917742567778829
240.0 1.909801955599305
241.0 1.9144751518261247
242.0 1.9089646632102395
242.99999999999997 1.9082878017437517
244.0 1.9139228724507233
244.99999999999997 1.9143116446190176
245.99999999999997 1.9071383543993872
247.0 1.9078494988060846
248.0 1.910095319975167
249.00000000000003 1.9098495624029617
250.0 1.9077993376816533
251.0 1.9055064316726764
252.0 1.9048807778049297
253.00000000000003 1.9054615456259094
254.0 1.911093895575996
