1.0 1.156561831096961
2.0 1.190532955100225
3.0 1.2059598621970775
4.0 1.202868233387412
5.0 1.201169419062859
6.0 1.1907459375786893
7.0 1.2026985988134442
8.0 1.2028143075785724
9.0 1.2109477676999767
10.0 1.209919165511301
11.0 1.2013417995959297
12.0 1.2083217199099245
13.0 1.2054067305324836
14.0 1.2007849057937232
15.0 1.2047056395195712
16.0 1.2072306489118823
17.0 1.2028929848975936
18.0 1.2120449912670894
19.0 1.2078616056063045
20.0 1.2091725000517508
21.0 1.2117005857285974
22.0 1.2053157732775377
23.0 1.2106762424390787
24.0 1.2147882859645371
25.0 1.2116292435932703
26.0 1.210420925687832
27.0 1.2065225530407104
28.0 1.2104105142196042
29.0 1.2150941219146536
30.0 1.2141365063336609
31.0 1.2112759647288185
32.0 1.208453992712349
33.0 1.2137357845548717
34.0 1.2131063660027166
35.0 1.2119084595655092
36.0 1.211887636629052
37.0 1.2132220747678428
38.0 1.2130469734778848
39.0 1.204704101377302
40.0 1.2096430258236004
41.0 1.2160189649486994
42.0 1.2189790068090176
43.0 1.204362772123345
44.0 1.2089260566264652
45.0 1.2177097582364806
46.0 1.211405161246706
47.0 1.211707920912289
48.0 1.2083159228684974
49.00000000000001 1.2061916352549786
50.0 1.2052756655468935
51.0 1.2091532152575635
52.0 1.2171694284715735
53.0 1.2168338962590388
54.0 1.2121444915225634
55.0 1.2146918619935954
56.0 1.2196261720130905
57.0 1.2166645920105055
58.0 1.2175940494713509
59.0 1.2218113902937118
60.0 1.2199231346372479
61.0 1.2183480501145945
62.0 1.2140859871347887
63.0 1.2075870040608685
64.0 1.2078157008342332
65.0 1.2045957277958672
66.0 1.2079892639819239
67.0 1.2148446022048345
68.0 1.2139020125188678
69.0 1.217944252051271
70.0 1.2111066604802823
71.0 1.2048140131010046
72.0 1.207851194138073
73.0 1.2012156793625706
74.0 1.2055325204404053
75.0 1.2146787605117715
76.0 1.2146991971772891
77.0 1.2203847870831337
78.0 1.2120315035143256
79.0 1.2145048110931402
80.0 1.20846149178536
81.0 1.2145225577450625
82.0 1.2168562573377626
83.0 1.219786602935664
84.0 1.2242607986515375
85.0 1.2213586111737837
86.0 1.218143252562221
87.0 1.2159506990979074
88.0 1.2152337299007716
89.0 1.220721857437935
90.0 1.215104533382881
91.0 1.2141692788806104
92.0 1.2050784255598328
92.99999999999999 1.197028445322868
94.0 1.2121977314783254
95.0 1.208710847605861
96.0 1.209169423767215
97.0 1.2128286881727464
98.00000000000001 1.2186642975329376
98.99999999999999 1.2187341015259976
100.0 1.2199053879853277
101.0 1.2208302310193713
102.0 1.2215576116847333
103.00000000000001 1.221891605754998
104.0 1.219068095596264
104.99999999999999 1.2193828048723412
106.0 1.217936916867578
107.00000000000001 1.2191853425036596
108.0 1.2179353787253107
109.0 1.2178582395485578
110.0 1.2169125735780588
111.0 1.2159684457498283
112.0 1.2180838600373893
113.0 1.2206609267708382
114.0 1.2206520534448781
115.0 1.2176310809174613
116.0 1.2118143982770198
116.99999999999999 1.212844896682402
118.0 1.2170491052796424
119.0 1.2119424147270794
120.0 1.217351864945225
121.0 1.2148164440846863
122.0 1.2138233351998513
122.99999999999999 1.2053469864272106
124.0 1.209973943609332
125.0 1.2131121630441442
126.0 1.21132033135862
127.0 1.2089229803419321
128.0 1.2109662002049737
129.0 1.2158540834886413
130.0 1.218785281375736
131.0 1.2223440293472831
132.0 1.2204661851590475
133.0 1.2221897509937785
134.0 1.2222402701926514
135.0 1.22141646555635
136.0 1.2228222458304698
137.0 1.219920058352716
138.0 1.2194954373529348
139.0 1.2241603689063567
140.0 1.2162346681840563
141.0 1.2199601660833599
142.0 1.215868945494354
143.0 1.216911035435793
144.0 1.2130855430662622
145.0 1.2170386938114157
146.0 1.215494843693445
147.0 1.21842365114908
148.0 1.217657700895341
149.0 1.221306553832646
150.0 1.2208063317983817
151.0 1.2207172430111337
152.0 1.2208850091174004
153.0 1.224268133835232
154.0 1.224247310898778
155.0 1.2243765074166664
156.0 1.2275637079080823
157.0 1.2272088909013619
158.0 1.2295796219401687
159.0 1.2282822152474853
160.0 1.2247995902741793
161.0 1.224729786281121
162.0 1.2208256165925693
163.0 1.220972559762379
164.0 1.216054458252539
165.0 1.2144913233403816
166.0 1.217715555277905
167.0 1.209898342574843
168.0 1.2104178494032969
169.0 1.2149217413815854
170.0 1.2098334833340207
171.0 1.200072937294329
172.0 1.2067604534654661
173.0 1.2072885032944463
174.0 1.2072588070320287
175.0 1.2170549023210662
176.0 1.21018027930397
177.0 1.2155777799116203
178.0 1.2079846495551223
179.0 1.2069144014935365
180.0 1.204947798843486
181.0 1.188270875969977
182.0 1.1789091898900572
183.0 1.191347808632714
184.0 1.1888564741053915
185.0 1.1996550735689837
185.99999999999997 1.1916502880017097
187.0 1.1960284178210785
188.0 1.1945014620658418
189.0 1.2023033185484369
190.0 1.1955251195022834
191.0 1.1807540844993496
192.0 1.1740016531418853
193.0 1.1802876259883377
194.0 1.1698243948479594
195.0 1.1692937906982006
196.00000000000003 1.167060799177811
197.00000000000003 1.1716699884530015
197.99999999999997 1.1708339038807714
199.0 1.1741127474802104
200.0 1.1776467439415754
201.0 1.1810199791549378
202.0 1.179049969894919
203.0 1.1699846618812104
204.0 1.1810778335375032
205.0 1.1709187337688616
206.00000000000003 1.1834057360887755
207.0 1.1771801147105616
208.0 1.1767843371588302
209.0 1.184109739496904
209.99999999999997 1.1785891671914297
210.99999999999997 1.1749020749911823
212.0 1.1796406524225835
213.0 1.190608034170954
214.00000000000003 1.175010118247185
215.0 1.1850359264880947
216.0 1.1739270682859109
217.0 1.1741992793998872
218.0 1.1799159398210979
219.0 1.1807293329891737
220.0 1.1765664399394065
220.99999999999997 1.1768260155898096
222.0 1.1655910371542666
223.0 1.1764524357526607
224.0 1.1775836144813467
225.0 1.1858165748582237
226.0 1.181931689963863
226.99999999999997 1.1766336896116913
228.0 1.1714973027967122
229.0 1.1759819099808149
230.0 1.1829247988486986
231.0 1.1834280971674949
232.0 1.181566461488912
233.0 1.175184725322389
233.99999999999997 1.1779920269714694
235.0 1.1807947141937503
236.0 1.1800079410035569
237.00000000000003 1.1739794837014879
238.0 1.186312537993333
239.00000000000003 1.1824855074815326
240.0 1.1843039591449376
241.0 1.1718640694139228
242.0 1.1838808762874238
242.99999999999997 1.1854455493418528
244.0 1.1827512357010048
244.99999999999997 1.184548864427954
245.99999999999997 1.173404843247362
247.0 1.186820095211285
248.0 1.1756702769892673
249.00000000000003 1.177879038963237
250.0 1.1786554006851986
251.0 1.1733558621907594
252.0 1.178741413187912
253.00000000000003 1.175382187691073
254.0 1.1819764121213123
