1.0 1.444930825830589
2.0 1.4885155591977282
3.0 1.4752561237295725
4.0 1.480401383870512
5.0 1.4871498866542516
6.0 1.4738320748397749
7.0 1.4881742299437701
8.0 1.4875343999233892
9.0 1.4871217285341038
10.0 1.4898754346997802
11.0 1.4851667451691162
12.0 1.478046861341358
13.0 1.4836896227596688
14.0 1.4896810486156322
15.0 1.4931413125102149
16.0 1.4941448328632774
17.0 1.494875289813175
18.0 1.4989753837281379
19.0 1.4943125989695425
20.0 1.4927375144468913
21.0 1.4926187293972273
22.0 1.4975977615741678
23.0 1.4969594696960526
24.0 1.4924644510437235
25.0 1.492707818184475
26.0 1.4949628404581523
27.0 1.4905480372671114
28.0 1.4939280857004076
29.0 1.4966833300083515
30.0 1.4893840859914773
31.0 1.4937024652115778
32.0 1.4913421456409972
33.0 1.4980698254882825
34.0 1.4967812921215584
35.0 1.486758038201423
36.0 1.4948930364650954
37.0 1.495670936329328
38.0 1.500529645314336
39.0 1.4943527067001876
40.0 1.4911342718040883
41.0 1.4926796600643275
42.0 1.4959559493429893
43.0 1.4849469217217122
44.0 1.4899259538986493
45.0 1.495382847031131
46.0 1.4903401634302027
47.0 1.494763839947204
48.0 1.4902599479689154
49.00000000000001 1.491655316774808
50.0 1.4953562270532503
51.0 1.4924540395754957
52.0 1.5024475972332152
53.0 1.500814658327999
54.0 1.4974419450783947
55.0 1.4966254756257877
56.0 1.5038569480066226
57.0 1.5047975053355682
58.0 1.5017395013620438
59.0 1.4926395523336835
60.0 1.5012763107738865
61.0 1.4941905434502254
62.0 1.4984720854093387
63.0 1.500440556527088
64.0 1.5023079892470972
65.0 1.4992692700677588
66.0 1.4966531117821755
67.0 1.499249985273572
68.0 1.4963269748593635
69.0 1.498334015565489
70.0 1.4925593368723957
71.0 1.4945559661102936
72.0 1.493031400786511
73.0 1.4980786988142434
74.0 1.492039830043944
75.0 1.4906398468112483
76.0 1.4948425172662216
77.0 1.4940140982031185
78.0 1.4993687703232348
79.0 1.5020349258439307
80.0 1.500557445360046
81.0 1.5029196611473312
82.0 1.5025278126945019
83.0 1.4999507459610522
84.0 1.4968823305193
85.0 1.4979822748433034
86.0 1.4968807923770326
87.0 1.4955594864633572
88.0 1.4976853122191465
89.0 1.4999476696765182
90.0 1.5031853893668048
91.0 1.5061438930848545
92.0 1.5042660488966202
92.99999999999999 1.50020911124783
94.0 1.504807916803795
95.0 1.506460140503201
96.0 1.5062642162767859
97.0 1.505349784710971
98.00000000000001 1.504622404045609
98.99999999999999 1.502633109991405
100.0 1.5035683644936753
101.0 1.504383295804017
102.0 1.5026242366654432
103.00000000000001 1.5037064343375266
104.0 1.5037538772518626
104.99999999999999 1.5023866665661187
106.0 1.5019250141202303
107.00000000000001 1.503232832281142
108.0 1.5037064343375257
109.0 1.5044145302086995
110.0 1.504433815002887
111.0 1.5032536552175981
112.0 1.5016295896383403
113.0 1.5026435214596305
114.0 1.5029196611473323
115.0 1.5023079892470992
116.0 1.495697556307209
116.99999999999999 1.4974701031985433
118.0 1.5002391655846823
119.0 1.5036574532809202
120.0 1.503166104572616
121.0 1.5022026919501967
122.0 1.497873901261867
122.99999999999999 1.4973390104639457
124.0 1.4984215662104683
125.0 1.4997606187760641
126.0 1.4998898152939557
127.0 1.5013935576812831
128.0 1.4991994660747023
129.0 1.4910837590992148
130.0 1.4959038920018533
131.0 1.4918246210233426
132.0 1.4942933141753583
133.0 1.4961518735694077
134.0 1.4964561713772564
135.0 1.4985330160764403
136.0 1.5038059345930008
137.0 1.503204674160995
138.0 1.4984647502256472
139.0 1.4996240870744795
140.0 1.493467971396786
141.0 1.497351318148881
142.0 1.5004212717329013
143.0 1.5026820910480057
144.0 1.502309527389365
145.0 1.4980490025518278
146.0 1.4948425172662247
147.0 1.4972236597732587
148.0 1.4968970008866873
149.0 1.4968841989870016
150.0 1.4979687870905412
151.0 1.4966031145470655
152.0 1.4955803093998146
153.0 1.4961503354271366
154.0 1.4983251422395298
155.0 1.5015212160569058
156.0 1.500300948540973
157.0 1.50246380574287
158.0 1.500526569029802
159.0 1.5006438159371975
160.0 1.4998674542152315
161.0 1.49862790190511
162.0 1.4986664714934859
163.0 1.4960196007669775
164.0 1.4950087452302223
165.0 1.500113897640517
166.0 1.496640145993173
167.0 1.4971627291061602
168.0 1.4956381637823768
169.0 1.4982433886359758
170.0 1.4862053730025753
171.0 1.4804800121855137
172.0 1.4803530396629667
173.0 1.4929627794080778
174.0 1.490672263830558
175.0 1.4912052584117725
176.0 1.486013571535006
177.0 1.4802042518272618
178.0 1.4850757627119575
179.0 1.478440578261888
180.0 1.4722740511159689
181.0 1.466307462881648
182.0 1.4450382399110464
183.0 1.4464499269851783
184.0 1.4442915203207656
185.0 1.4525608514928825
185.99999999999997 1.4468455653246244
187.0 1.4411649201710108
188.0 1.4548208185188005
189.0 1.4441362257887487
190.0 1.4462709248704948
191.0 1.4517324324297796
192.0 1.4467718327578376
193.0 1.4538751525482971
194.0 1.4474019371630664
195.0 1.45881100071006
196.00000000000003 1.447192525183892
197.00000000000003 1.4583539626909698
197.99999999999997 1.4558229646189118
199.0 1.4568840090291078
200.0 1.4627165421047594
201.0 1.4594064641006408
202.0 1.4549332845632763
203.0 1.4639634295985757
204.0 1.46566172195937
205.0 1.4495366362448179
206.00000000000003 1.4517088887364362
207.0 1.449265093383297
208.0 1.4500028653688182
209.0 1.445762767668146
209.99999999999997 1.4402340581614146
210.99999999999997 1.4504896373990142
212.0 1.442896673478628
213.0 1.4517628145452757
214.00000000000003 1.4545627532616567
215.0 1.4469877276315186
216.0 1.447014869573158
217.0 1.4505787261862597
218.0 1.4507415475402927
219.0 1.4416037147766352
220.0 1.4460789266710155
220.99999999999997 1.4469056437025347
222.0 1.4510997711569804
223.0 1.4500977889461848
224.0 1.4536476635917703
225.0 1.4505213937674541
226.0 1.4431716305517084
226.99999999999997 1.4413948247612145
228.0 1.4527509786778743
229.0 1.4528593522593103
230.0 1.446891825624338
231.0 1.4524883267429378
232.0 1.45496589322091
233.0 1.4480407510049413
233.99999999999997 1.4536758217119197
235.0 1.4497523672291799
236.0 1.446357292900855
237.00000000000003 1.460954242792335
238.0 1.4475270412179186
239.00000000000003 1.443887061606575
240.0 1.4395613472027797
241.0 1.4456357092769192
242.0 1.4449796707468874
242.99999999999997 1.440217385732815
244.0 1.4411630517033127
244.99999999999997 1.4387740520488277
245.99999999999997 1.4386600478620832
247.0 1.4415533620138758
248.0 1.4516614458221013
249.00000000000003 1.4466365088730908
250.0 1.45337152390407
251.0 1.4445400213052788
252.0 1.4493396958398943
253.00000000000003 1.4532750999331299
254.0 1.447928118524351
