1.0 0.878895322788992
2.0 0.9195179906533107
3.0 0.9267919889452522
4.0 0.931713166739628
5.0 0.9313656849166021
6.0 0.9074964054636909
7.0 0.9350874181314993
8.0 0.9355401972514255
9.0 0.9301068478122909
10.0 0.9325280980499713
11.0 0.9356528297320199
12.0 0.9254363697955659
13.0 0.929293454644216
14.0 0.9297254108276902
15.0 0.9349420131039559
16.0 0.9363582048463034
17.0 0.9302287091464914
18.0 0.9344090185227398
19.0 0.9277912503991589
20.0 0.9299244113386399
21.0 0.9332778397940544
22.0 0.9283211686958379
23.0 0.9367307685049436
24.0 0.9326677060360892
25.0 0.940017469251835
26.0 0.9324629084837122
27.0 0.9375576494257803
28.0 0.9250371887058353
29.0 0.9342933097576132
30.0 0.9366729141223809
31.0 0.9326218012640205
32.0 0.936969876746536
33.0 0.9324170037116444
34.0 0.9327301748454557
35.0 0.9366046482715882
36.0 0.9364665784277373
37.0 0.9383563722264683
38.0 0.9414648953988652
39.0 0.9378843083123529
40.0 0.9387512969638325
41.0 0.9295934935529088
42.0 0.9367828258460823
43.0 0.9381203402694092
44.0 0.9396032597202797
45.0 0.9423199344398503
46.0 0.9340291196804076
47.0 0.9335956253546672
48.0 0.9406395526202965
49.00000000000001 0.9423392192340373
50.0 0.9391832531473074
51.0 0.9420839024827938
52.0 0.9427029095667213
53.0 0.9482311448345276
54.0 0.94724844741792
55.0 0.9476121377506016
56.0 0.9465596363409348
57.0 0.9436990947360918
58.0 0.9410522240095821
59.0 0.9426035732005633
60.0 0.9429967959063426
61.0 0.9392337445971685
62.0 0.949657748045103
63.0 0.9472781436803354
64.0 0.9523134920975709
65.0 0.9523327768917595
66.0 0.9526683091042913
67.0 0.9553819075393231
68.0 0.9567684030192549
69.0 0.9553032302203038
70.0 0.9578995817479421
71.0 0.9569554539197108
72.0 0.9558539714534404
73.0 0.955509565914947
74.0 0.9523030806293442
75.0 0.9429691384949369
76.0 0.9457921479449287
77.0 0.9459198063205505
78.0 0.9415050031295108
79.0 0.9456259199809307
80.0 0.9485987424859205
81.0 0.9492049689251773
82.0 0.9460979838950485
83.0 0.9431869230913345
84.0 0.9433145814669567
85.0 0.9415346993919275
86.0 0.9439528733450722
87.0 0.9415806041639969
88.0 0.9409334389599201
89.0 0.9382985178439086
90.0 0.9341968857866747
91.0 0.9369891615407238
92.0 0.9310841626549107
92.99999999999999 0.9461180958870153
94.0 0.9517893708423154
95.0 0.9516053962263965
96.0 0.955145875582265
97.0 0.9503049132491753
98.00000000000001 0.9527068786926663
98.99999999999999 0.9545951343491302
100.0 0.9554605848583422
101.0 0.9559326487724582
102.0 0.9557752941344194
103.00000000000001 0.9560113260914771
104.0 0.9552245529012846
104.99999999999999 0.9553819075393233
106.0 0.9560113260914777
107.00000000000001 0.9567980992816705
108.0 0.9562473580485346
109.0 0.9569554539197087
110.0 0.9578209044289211
111.0 0.958529000300095
112.0 0.959001064214211
113.0 0.9587650322571537
114.0 0.960023869361463
115.0 0.957642726854428
116.0 0.9524136010056026
116.99999999999999 0.9546514505894256
118.0 0.955390780865282
119.0 0.9559608068926051
120.0 0.9572107706709546
121.0 0.9592860772278717
122.0 0.9601900973254606
122.99999999999999 0.9568262574018188
124.0 0.9569242195150253
125.0 0.9569554539197075
126.0 0.9556179394963787
127.0 0.9542804250730501
128.0 0.9589659012357992
129.0 0.9555688227469561
130.0 0.9508953763895069
131.0 0.9547849060064719
132.0 0.9556221983955354
133.0 0.9549245139925892
134.0 0.9530273850101655
135.0 0.9504607297449433
136.0 0.9526636946774845
137.0 0.9553595464605964
138.0 0.9530377964783949
139.0 0.9541952371105228
140.0 0.9482316390492754
141.0 0.9531357585915999
142.0 0.9528715685143937
143.0 0.9506389073194385
144.0 0.9508749392764949
145.0 0.9516914087291033
146.0 0.9496650832287895
147.0 0.9473834409772288
148.0 0.9503137865751321
149.0 0.948554727436558
150.0 0.9506196225252479
151.0 0.9493222158325625
152.0 0.9508066734257029
153.0 0.9498328493350564
154.0 0.9484953349117278
155.0 0.9497541720160374
156.0 0.9482103218980664
157.0 0.9484953349117271
158.0 0.95142568050963
159.0 0.9533035246978667
160.0 0.95436643757576
161.0 0.9544258301005911
162.0 0.9513277183964233
163.0 0.9515058959709172
164.0 0.9548978940147087
165.0 0.9524307390049609
166.0 0.9529903535640573
167.0 0.9510724016451769
168.0 0.9515043578286504
169.0 0.9475600804094569
170.0 0.9487475753784401
171.0 0.9438989197872185
172.0 0.9442733796625672
173.0 0.947172490855786
174.0 0.9508911477861506
175.0 0.9459552996243876
176.0 0.9456479255320049
177.0 0.9426685988774993
178.0 0.9450289184480809
179.0 0.9342975686567688
180.0 0.9343851193017484
181.0 0.9322051342488723
182.0 0.9079481841530039
183.0 0.9149901999101431
184.0 0.9282182366281868
185.0 0.9234856478765342
185.99999999999997 0.9205005241806001
187.0 0.922792577900386
188.0 0.9250757582942147
189.0 0.9144350354324237
190.0 0.9228832048299057
191.0 0.9181344075685959
192.0 0.9270307416592038
193.0 0.9202972647704941
194.0 0.9147080988355863
195.0 0.9169318867045866
196.00000000000003 0.9163024681524272
197.00000000000003 0.9227420587015168
197.99999999999997 0.9253592331656129
199.0 0.9136170278375447
200.0 0.920818309741212
201.0 0.9246349287847843
202.0 0.9213111965917855
203.0 0.9160278666069971
204.0 0.9254409867691624
205.0 0.9198371504668711
206.00000000000003 0.9153895747288845
207.0 0.9153840059857334
208.0 0.9087698667238923
209.0 0.9087661007858222
209.99999999999997 0.9221812615277977
210.99999999999997 0.9135398886607933
212.0 0.9221469508385804
213.0 0.9186465792133532
214.00000000000003 0.9181120464898749
215.0 0.9089469078952573
216.0 0.9152129352966556
217.0 0.9186346296028596
218.0 0.9129625274497788
219.0 0.9162700511331244
220.0 0.9106735500145242
220.99999999999997 0.9200272776518661
222.0 0.9174070269032378
223.0 0.9188440415820407
224.0 0.9235156996665949
225.0 0.9148330364543229
226.0 0.9090703073717256
226.99999999999997 0.9180973761224894
228.0 0.9141145291149192
229.0 0.9203612717221288
230.0 0.9018319940219488
231.0 0.9202216637360128
232.0 0.9218175711951185
233.0 0.9257915448767297
233.99999999999997 0.919356213226799
235.0 0.9211079371816767
236.0 0.9125737552814872
237.00000000000003 0.9096758267028877
238.0 0.913347040718915
239.00000000000003 0.9145746434185418
240.0 0.9188617882339601
241.0 0.9136247185488844
242.0 0.914537611972432
242.99999999999997 0.9132386671374811
244.0 0.9093063393287844
244.99999999999997 0.9121846275855456
245.99999999999997 0.9131838890394502
247.0 0.9205645311322377
248.0 0.9171605834779479
249.00000000000003 0.9092677697404091
250.0 0.9093344974489321
251.0 0.9177174772801607
252.0 0.9195625489214436
253.00000000000003 0.9159241074523666
254.0 0.9155395941832308
