1.0 1.909913083535627
2.0 1.9434381336950868
3.0 1.943123424419011
4.0 1.9487897295306686
5.0 1.9488892297861435
6.0 1.9497338573589
7.0 1.9469994359874117
8.0 1.949723445890673
9.0 1.9518299868522728
10.0 1.947983671546288
11.0 1.9475902849511912
12.0 1.954800440180819
13.0 1.9495066987278016
14.0 1.947490784695716
15.0 1.946724834441978
16.0 1.9536870081040536
17.0 1.949842230940335
18.0 1.9521832657167268
19.0 1.9548478830951557
20.0 1.9458296876703505
21.0 1.9518492716464615
22.0 1.9535489382602036
23.0 1.9496358952456911
24.0 1.951592416752947
25.0 1.9496254837774643
26.0 1.9452002691181953
27.0 1.9477981587881008
28.0 1.9511604605694748
29.0 1.957435361296831
30.0 1.9528720767937124
31.0 1.952873092972221
32.0 1.9516325244835915
33.0 1.9532550519205796
34.0 1.954602977812137
35.0 1.9482686845599486
36.0 1.9560785620793166
37.0 1.9582325459552532
38.0 1.9600228394985098
39.0 1.9610753409081758
40.0 1.956935139262569
41.0 1.957604665545366
42.0 1.959746699810809
43.0 1.9579579444098183
44.0 1.9528527919995242
45.0 1.957022689907548
46.0 1.9558529415904844
47.0 1.955980599966107
48.0 1.951468164987293
49.00000000000001 1.9572186141339623
50.0 1.9582904003378168
51.0 1.9565610374616593
52.0 1.9568460504753202
53.0 1.9538057931537163
54.0 1.9569440125885282
55.0 1.9547113513935723
56.0 1.9547217628618008
57.0 1.9457390607408351
58.0 1.9558737645269402
59.0 1.9548197249750072
60.0 1.9555085360519928
61.0 1.9549770796130446
62.0 1.9521921390426864
63.0 1.953875597146776
64.0 1.9594512753289186
65.0 1.9592256548400886
66.0 1.954602977812136
67.0 1.9596487376976002
68.0 1.9556435296113086
69.0 1.9581538686362336
70.0 1.956540214525204
71.0 1.9591662623152575
72.0 1.9570662042481586
73.0 1.9564422524119989
74.0 1.9597763960732235
75.0 1.9588238891337832
76.0 1.9595314907902066
77.0 1.954200717891081
78.0 1.9601994789307358
79.0 1.9548791174998386
80.0 1.9549226318404491
81.0 1.950529503875052
82.0 1.9566975691632424
83.0 1.9562536633692758
84.0 1.9513860810583046
85.0 1.9566975691632431
86.0 1.9490554577501418
87.0 1.9545292452453527
88.0 1.954847883095155
89.0 1.9551938267759161
90.0 1.9561973471289786
91.0 1.9538459008843587
92.0 1.9519055878867577
92.99999999999999 1.937991961101257
94.0 1.9539334515293412
95.0 1.959717003548393
96.0 1.95367967292036
97.0 1.9567970694187167
98.00000000000001 1.9606329732564753
98.99999999999999 1.95480044018082
100.0 1.9569455507307958
101.0 1.9532164823322047
102.0 1.9547483828396808
103.00000000000001 1.9558529415904853
104.0 1.9544560346423248
104.99999999999999 1.9529418807867702
106.0 1.9530383047577105
107.00000000000001 1.957092493900606
108.0 1.9576239503395527
109.0 1.9582637803599356
110.0 1.9562953092421862
111.0 1.9573077029212096
112.0 1.9592761740389593
113.0 1.9584107235297465
114.0 1.961222284077986
115.0 1.9551433075770428
116.0 1.9484384830232329
116.99999999999999 1.9490747425443309
118.0 1.9579251718628683
119.0 1.9582815270118576
120.0 1.9542971418620216
121.0 1.9582726536858968
122.0 1.963780066017247
122.99999999999999 1.9633481098337757
124.0 1.9635247492660035
125.0 1.9603969412994193
126.0 1.9547233010040692
127.0 1.9495957875150516
128.0 1.9458979535211427
129.0 1.9439680519917695
130.0 1.9459126238885287
131.0 1.9447043059830915
132.0 1.9470542140854432
133.0 1.9503690729524805
134.0 1.9500069207620687
135.0 1.951480966886978
136.0 1.9514022895679604
137.0 1.9471255562207697
138.0 1.9522723545039755
139.0 1.9500975476915836
140.0 1.9455624213086105
141.0 1.946289801973972
142.0 1.9491696283730033
143.0 1.949986097825612
144.0 1.943605899801355
145.0 1.945209142444156
146.0 1.9477669243834193
147.0 1.9499016234651685
148.0 1.9510624984562701
149.0 1.9501970479470578
150.0 1.9509629982007937
151.0 1.95054145348555
152.0 1.9510046440737057
153.0 1.9495379331324867
154.0 1.9471880250301354
155.0 1.9472458794126992
156.0 1.950473187634759
157.0 1.953660388126174
158.0 1.9517216132708393
159.0 1.9477387662632715
160.0 1.9486250397089393
161.0 1.945957346045975
162.0 1.9418379673368236
163.0 1.9452997693736747
164.0 1.9477476395892332
165.0 1.9498615157345254
166.0 1.9478143672977546
167.0 1.9473719996460543
168.0 1.944046729310787
169.0 1.9399852049841984
170.0 1.9328071086994403
171.0 1.9294114604090504
172.0 1.9327939205288158
173.0 1.9319836621375754
174.0 1.9404838888761977
175.0 1.9390171779349772
176.0 1.9451378003088289
177.0 1.9404275726358995
178.0 1.9349957613390325
179.0 1.9274026309825343
180.0 1.9307279013178016
181.0 1.925796997908274
182.0 1.9143674417502603
183.0 1.9116929348673612
184.0 1.9201539061645285
185.0 1.9214173576956408
185.99999999999997 1.9218092061484675
187.0 1.9140498478279746
188.0 1.9178144095304062
189.0 1.9111445840656858
190.0 1.9150977348108387
191.0 1.909758088585754
192.0 1.9134262263172463
193.0 1.914057183011669
194.0 1.9147756903510684
195.0 1.911273780583577
196.00000000000003 1.9126691493894676
197.00000000000003 1.9146970130320515
197.99999999999997 1.9157807488464011
199.0 1.919867355008604
200.0 1.910191582911494
201.0 1.9044554738067758
202.0 1.9017804449601217
203.0 1.9094271708000237
204.0 1.9134960303103048
205.0 1.9134975684525717
206.00000000000003 1.9051813163298732
207.0 1.899274720362
208.0 1.9003241454871314
209.0 1.8995358341546715
209.99999999999997 1.9018278878744574
210.99999999999997 1.9000792402041102
212.0 1.9016855591314468
213.0 1.9024765912207995
214.00000000000003 1.8988990804188202
215.0 1.8951611386942697
216.0 1.8922173053436049
217.0 1.8935281997890538
218.0 1.893272883037806
219.0 1.884501461363719
220.0 1.8920244574017275
220.99999999999997 1.892201096833952
222.0 1.892218843485873
223.0 1.8927607113930467
224.0 1.8828635777062668
225.0 1.8898184161846483
226.0 1.889248390157326
226.99999999999997 1.8882464079465295
228.0 1.8859751771631967
229.0 1.8884766428621602
230.0 1.891573216424064
231.0 1.8907239744245041
232.0 1.8945702897304924
233.0 1.8950037840562308
233.99999999999997 1.890087220688655
235.0 1.8903201763611819
236.0 1.8931733827823327
237.00000000000003 1.8880426265726642
238.0 1.885798537730972
239.00000000000003 1.8859721008786612
240.0 1.8860731392764047
241.0 1.888914396087061
242.0 1.887823325089016
242.99999999999997 1.8898303657951423
244.0 1.8878248632312862
244.99999999999997 1.8834575029545784
245.99999999999997 1.8901851828018659
247.0 1.8937657698883783
248.0 1.8904019299647326
249.00000000000003 1.8862840893978505
250.0 1.8865170450703728
251.0 1.888681440414534
252.0 1.8897771258393834
253.00000000000003 1.8871834950686335
254.0 1.8860314934034905
