1.0 0.501543298431371
2.0 0.5331236083075375
3.0 0.5262086859214763
4.0 0.5254642509512655
5.0 0.5347166315679301
6.0 0.5208748064420164
7.0 0.5286954812530532
8.0 0.5279496680826943
9.0 0.5321782701156749
10.0 0.5278364641868311
11.0 0.5272246778487928
12.0 0.5347278671288472
13.0 0.5317246690023559
14.0 0.5321677809994357
15.0 0.5245964338124002
16.0 0.5331159453452073
17.0 0.534104603692558
18.0 0.5373998474399754
19.0 0.5214266197991628
20.0 0.5339366711501805
21.0 0.5311204961751389
22.0 0.5309133081913031
23.0 0.5272596769378783
24.0 0.5324583686729041
25.0 0.5344428818641946
26.0 0.5385951692606048
27.0 0.520563725710034
28.0 0.5303029827950136
29.0 0.5473833214081048
30.0 0.5325011971604374
31.0 0.5421761144215606
32.0 0.5466890713641361
33.0 0.538044622212597
34.0 0.5414200536722945
35.0 0.5435223660305356
36.0 0.5364721197597226
37.0 0.5445188815253363
38.0 0.5319735028591006
39.0 0.5406269917727147
40.0 0.5367424346569908
41.0 0.5350127440021989
42.0 0.5335842445749155
43.0 0.5350054088185046
44.0 0.5248276849065386
45.0 0.5398245320366261
46.0 0.5407701980071246
47.0 0.5457847234879055
48.0 0.527787890656181
49.00000000000001 0.5449370196306171
50.0 0.54028121198128
51.0 0.5322518690889402
52.0 0.5428327026643599
53.0 0.538029624066571
54.0 0.5399090063970734
55.0 0.5366770837482133
56.0 0.5352221559813699
57.0 0.5337836031603033
58.0 0.5385482786058297
59.0 0.5484252752092342
60.0 0.5411342186652401
61.0 0.5427845738969451
62.0 0.5381202509960825
63.0 0.5396127296259922
64.0 0.5394978731500565
65.0 0.5422442441320366
66.0 0.5463605465566559
67.0 0.5405816089644051
68.0 0.5423005603723353
69.0 0.5451136590628405
70.0 0.5493741839003811
71.0 0.5425662885918043
72.0 0.5436083785332473
73.0 0.5483498406108606
74.0 0.5430040418167068
75.0 0.5498211659788802
76.0 0.5398615634827345
77.0 0.5439007267305963
78.0 0.5346743019412435
79.0 0.5335195795192111
80.0 0.5499639863898442
81.0 0.5480767772076897
82.0 0.5505427496028172
83.0 0.5442555437373234
84.0 0.5389618022843041
85.0 0.5404508743042457
86.0 0.5408427227570757
87.0 0.5425072238456154
88.0 0.5461707748993112
89.0 0.5444502853491151
90.0 0.543344188456044
91.0 0.5450662161485075
92.0 0.5362389724488797
92.99999999999999 0.54662280350614
94.0 0.5493695694735796
95.0 0.5508096604369165
96.0 0.5510183588140123
97.0 0.5506804639190263
98.00000000000001 0.5515177563080917
98.99999999999999 0.5501119760339727
100.0 0.5489896706312458
101.0 0.5495538996171434
102.0 0.5483899483415078
103.00000000000001 0.5484493408663385
104.0 0.550775705275343
104.99999999999999 0.549524203354728
106.0 0.548223720377508
107.00000000000001 0.5518251304004764
108.0 0.5508216100474126
109.0 0.5529844672493105
110.0 0.5551295777992871
111.0 0.5551102930050983
112.0 0.5552780591113646
113.0 0.5559475853941627
114.0 0.5567937511091877
115.0 0.5552988820478203
116.0 0.5517533222468989
116.99999999999999 0.5548565143961208
118.0 0.5563351749478351
119.0 0.5577023856335785
120.0 0.5592284890996276
121.0 0.5587282670653636
122.0 0.5579414938751703
122.99999999999999 0.5561897699202913
124.0 0.5608259347010036
125.0 0.561044220006141
126.0 0.5637786413776296
127.0 0.5602589849582159
128.0 0.5593638381865879
129.0 0.552192252545337
130.0 0.5525486076943238
131.0 0.5555784535476996
132.0 0.5530222097507045
133.0 0.560477270263353
134.0 0.5585400335502853
135.0 0.5598285669170103
136.0 0.5596608008107438
137.0 0.5589037238829674
138.0 0.5559501649171512
139.0 0.5527830152678073
140.0 0.5566830122985064
141.0 0.5549802694002292
142.0 0.555550295427552
143.0 0.5558650047036295
144.0 0.5545868828051329
145.0 0.5549015920812093
146.0 0.5572129305951855
147.0 0.5535640776578811
148.0 0.5538980717281466
149.0 0.5541934962100351
150.0 0.5524136141350068
151.0 0.5511250807682814
152.0 0.5529539438999137
153.0 0.5520098160716828
154.0 0.5534067230198421
155.0 0.5495515343878957
156.0 0.551567448419982
157.0 0.5519697083410388
158.0 0.5503174846416334
159.0 0.5504555544854847
160.0 0.5516549990649616
161.0 0.5530993489274565
162.0 0.5526465698075297
163.0 0.5506707635060851
164.0 0.5527950511196082
165.0 0.5501096108047231
166.0 0.5550855666971275
167.0 0.5522635946806606
168.0 0.5511412892779348
169.0 0.5479645002547474
170.0 0.5470975116032668
171.0 0.541618393532375
172.0 0.5432027094554299
173.0 0.5480755945930721
174.0 0.5497887489595775
175.0 0.5472309670203145
176.0 0.5508026807808684
177.0 0.5544916414488136
178.0 0.5515211881202696
179.0 0.546491636744455
180.0 0.5455637174258743
181.0 0.528803359512144
182.0 0.5489853716199713
183.0 0.5647325312645515
184.0 0.5726198418425631
185.0 0.5681263613325012
185.99999999999997 0.5564315989187738
187.0 0.5560825789534805
188.0 0.5535410055238709
189.0 0.5562399335915196
190.0 0.5531773151911926
191.0 0.5435443715816175
192.0 0.5504741282243871
193.0 0.5390925369444677
194.0 0.5494571201185605
195.0 0.5454993549466064
196.00000000000003 0.5453967784065966
197.00000000000003 0.5446531892315795
197.99999999999997 0.5451522286512239
199.0 0.5426997440088618
200.0 0.5423090781706539
201.0 0.5464673819958261
202.0 0.5406437222461293
203.0 0.5491705689626344
204.0 0.5479013203900959
205.0 0.5469587307041323
206.00000000000003 0.5487845175512274
207.0 0.5350906834698371
208.0 0.536390230463354
209.0 0.52994005788072
209.99999999999997 0.5335565806695236
210.99999999999997 0.5314485318614557
212.0 0.536778949232935
213.0 0.5376802485736342
214.00000000000003 0.5412792933673577
215.0 0.5319999841498815
216.0 0.5394889998241011
217.0 0.5418416286833412
218.0 0.5337733581281957
219.0 0.5353696211149457
220.0 0.5356160645402328
220.99999999999997 0.5354425013925442
222.0 0.5369890722674006
223.0 0.5331605036133379
224.0 0.523030058726387
225.0 0.5352651509050254
226.0 0.5392780497026552
226.99999999999997 0.5335492757816299
228.0 0.5365821979195432
229.0 0.5356943863316104
230.0 0.5355358490789454
231.0 0.5338924987055015
232.0 0.5414825527774649
233.0 0.5336564667484442
233.99999999999997 0.5381661557681583
235.0 0.5328724143151417
236.0 0.5353885503814911
237.00000000000003 0.5374773446911717
238.0 0.5330640796423964
239.00000000000003 0.5333444782292586
240.0 0.532220990211909
241.0 0.528205370657388
242.0 0.5276511976120739
242.99999999999997 0.5338431621212558
244.0 0.5283700604791209
244.99999999999997 0.5319267483446395
245.99999999999997 0.5342157257798951
247.0 0.5234577560107074
248.0 0.5273411027627986
249.00000000000003 0.5290689274966912
250.0 0.5251778900332572
251.0 0.5208729985659206
252.0 0.5286011224817326
253.00000000000003 0.5257834093644215
254.0 0.5255134222457911
