1.0 0.6185184957568841
2.0 0.6616312879147372
3.0 0.6535495270600294
4.0 0.6667456691786352
5.0 0.6660715284690373
6.0 0.6615374182645738
7.0 0.6665837001137948
8.0 0.6656989648103959
9.0 0.6694338302504125
10.0 0.666922308610863
11.0 0.6687554306416534
12.0 0.6733144562456149
13.0 0.674032963585017
14.0 0.6658500004432504
15.0 0.6758217189860034
16.0 0.6711678075533726
17.0 0.6710906683766179
18.0 0.6714663083197957
19.0 0.657355737182171
20.0 0.6724281827999479
21.0 0.6769143281263165
22.0 0.6683072659485281
23.0 0.6668717894119947
24.0 0.6688668805076251
25.0 0.6740048054648693
26.0 0.676237466659827
27.0 0.6756554910220077
28.0 0.6769945435876019
29.0 0.6828880073303579
30.0 0.6732967095936949
31.0 0.6705791825849333
32.0 0.6807340234544208
33.0 0.6751672185982356
34.0 0.6778229626507064
35.0 0.6699786105528017
36.0 0.6800228512987099
37.0 0.6750083258179317
38.0 0.6716757202989693
39.0 0.6795627369950906
40.0 0.6768788348224732
41.0 0.6771742593043627
42.0 0.6744695341952913
43.0 0.6733383554666047
44.0 0.6782757417706342
45.0 0.6744398379328733
46.0 0.673287836267733
47.0 0.6747154556568196
48.0 0.6756288710441238
49.00000000000001 0.6772024174245092
50.0 0.6746550469534759
51.0 0.6799561235901865
52.0 0.6790625149608266
53.0 0.6769382273473041
54.0 0.6709363900231122
55.0 0.6795345788749418
56.0 0.6745169771096262
57.0 0.673265475189011
58.0 0.6746565850957454
59.0 0.6696092870680147
60.0 0.6682436145245405
61.0 0.6780871527279111
62.0 0.6798091804203765
63.0 0.6817865248640885
64.0 0.6820225568211459
65.0 0.6809210743548753
66.0 0.6820542854405821
67.0 0.6805662573481558
68.0 0.686379505629625
69.0 0.6832813939254558
70.0 0.6842552180161028
71.0 0.681894898445523
72.0 0.6824456396786588
73.0 0.679691933512983
74.0 0.6736337799484958
75.0 0.673620076308107
76.0 0.6811868025743487
77.0 0.6776744813386286
78.0 0.6792985469178848
79.0 0.6817375438074839
80.0 0.6790165824397503
81.0 0.6780292983453482
82.0 0.6813441572123866
83.0 0.674577907776726
84.0 0.6800066427890588
85.0 0.6831537355498293
86.0 0.6815801891694432
87.0 0.6878743746909889
88.0 0.6884251159241251
89.0 0.6871662788198183
90.0 0.6856714097584515
91.0 0.6862221509915858
92.0 0.6823465321881159
92.99999999999999 0.6772848594279393
94.0 0.6812357836309536
95.0 0.682602994316699
96.0 0.6837426882969057
97.0 0.680632985056682
98.00000000000001 0.6847272819302213
98.99999999999999 0.6851993458443373
100.0 0.6866942149057038
101.0 0.686536860267665
102.0 0.6856714097584523
103.00000000000001 0.6859074417155105
104.0 0.6856714097584526
104.99999999999999 0.6868515695437425
106.0 0.6860647963535496
107.00000000000001 0.6861434736725687
108.0 0.6844912499731627
109.0 0.6845699272921815
110.0 0.6835471221449304
111.0 0.6821309304025823
112.0 0.679534578874945
113.0 0.6797706108320027
114.0 0.6829177035927757
115.0 0.6881578495623865
116.0 0.689247274474349
116.99999999999999 0.6909600148209073
118.0 0.6886966411850256
119.0 0.6885898057458577
120.0 0.6858569225166368
121.0 0.6848341173693855
122.0 0.6849424909508203
122.99999999999999 0.683208677537179
124.0 0.6833110901878678
125.0 0.680636061341211
126.0 0.6830750582308114
127.0 0.6792985469178834
128.0 0.6805727402426565
129.0 0.6749775856280015
130.0 0.6749173408139794
131.0 0.6767481001623166
132.0 0.6776640698703982
133.0 0.6816870246086114
134.0 0.6823357279549537
135.0 0.6818547907148773
136.0 0.681795398190046
137.0 0.6819824490905011
138.0 0.6844199078378329
139.0 0.6826514534095419
140.0 0.6827707604229619
141.0 0.6835054762720156
142.0 0.6828286148055254
143.0 0.6839004010093801
144.0 0.6825436017918652
145.0 0.6802322632778892
146.0 0.6803896179159284
147.0 0.679602844725735
148.0 0.6827796337489228
149.0 0.6862414357857719
150.0 0.6840577556474197
151.0 0.6852379154327093
152.0 0.6875492539466846
153.0 0.6862310243175462
154.0 0.6873622030462317
155.0 0.6849721872132359
156.0 0.6873517915780047
157.0 0.6860825430054663
158.0 0.685335877545918
159.0 0.6844110345118749
160.0 0.6834075141588115
161.0 0.6824144052739763
162.0 0.678695748343615
163.0 0.6795997684412033
164.0 0.6801505096743388
165.0 0.674485742704949
166.0 0.6807799282264937
167.0 0.6850285034535339
168.0 0.6862190747070521
169.0 0.6889342112843506
170.0 0.6794794452492734
171.0 0.6742145200204753
172.0 0.6699843772984304
173.0 0.6761792567496199
174.0 0.6811613652110935
175.0 0.672377663601078
176.0 0.6768919670475958
177.0 0.6718743652822792
178.0 0.670881256397442
179.0 0.6739064878240183
180.0 0.6680473347704797
181.0 0.6664603591296318
182.0 0.6557757506051114
183.0 0.6607672547824911
184.0 0.6596018861298908
185.0 0.6688399050020986
185.99999999999997 0.6693432033208985
187.0 0.6712241237936669
188.0 0.6667811624824772
189.0 0.6706957436392554
190.0 0.6744144005696165
191.0 0.6671062832267823
192.0 0.6727309424655297
193.0 0.6714142509786594
194.0 0.6699803125843917
195.0 0.6704820727609209
196.00000000000003 0.6708561745618321
197.00000000000003 0.672901784856331
197.99999999999997 0.6708754593560201
199.0 0.6718180490419826
200.0 0.6693478177477008
201.0 0.6690925009964565
202.0 0.6647949447128088
203.0 0.6714454853833418
204.0 0.663408449232874
205.0 0.6657375343987723
206.00000000000003 0.6659809015395219
207.0 0.6600396151054866
208.0 0.6594088782458903
209.0 0.6494952707103209
209.99999999999997 0.6515014985850667
210.99999999999997 0.6514001601576921
212.0 0.6521097941711375
213.0 0.6564474581854256
214.00000000000003 0.6537947904174899
215.0 0.6566094272502659
216.0 0.6559904201663385
217.0 0.6509774328278287
218.0 0.6528313777950703
219.0 0.6513677431383897
220.0 0.6460146091605399
220.99999999999997 0.6522092944266112
222.0 0.6489985502418517
223.0 0.6506268747202644
224.0 0.6505289126070569
225.0 0.6459077737213731
226.0 0.6559784705558437
226.99999999999997 0.6427799657547881
228.0 0.6520504016463065
229.0 0.6462340770802976
230.0 0.6511151471440321
231.0 0.6462270974242531
232.0 0.6509743565432877
233.0 0.6522478640149884
233.99999999999997 0.6514240593786843
235.0 0.6484566823346746
236.0 0.6535259859134842
237.00000000000003 0.6600357359832764
238.0 0.6476907320809348
239.00000000000003 0.6615410165128701
240.0 0.6687407602742691
241.0 0.6593901089214687
242.0 0.6586314938514205
242.99999999999997 0.6611669147119624
244.0 0.6606427934567075
244.99999999999997 0.6513557935278907
245.99999999999997 0.6550462923381075
247.0 0.6520519397885719
248.0 0.6428185353431659
249.00000000000003 0.6518398070525022
250.0 0.6548889377000686
251.0 0.6429863014494315
252.0 0.6460577931757168
253.00000000000003 0.6490325054034205
254.0 0.6535560377035426
