1.0 2.298692275173161
2.0 2.3212417868546638
3.0 2.32165445824395
4.0 2.3251756528056293
5.0 2.325511185018163
6.0 2.315269645792892
7.0 2.3239954930203406
8.0 2.3227856369726365
9.0 2.3258748753508445
10.0 2.324105404744044
11.0 2.3206767055795776
12.0 2.319075853368233
13.0 2.321201679124022
14.0 2.320042342275189
15.0 2.323612517893472
16.0 2.320285709415939
17.0 2.3225199087531623
18.0 2.327203516448212
19.0 2.3263766355273767
20.0 2.3219410093998794
21.0 2.3207489000040935
22.0 2.3259832489322796
23.0 2.3269273767605125
24.0 2.3206301149544317
25.0 2.3227158329795756
26.0 2.3230305422556534
27.0 2.3232102579724145
28.0 2.327193104979986
29.0 2.325107386954839
30.0 2.327754257681348
31.0 2.3242419364456266
32.0 2.325972837464052
33.0 2.3241320247219255
34.0 2.3235916949570172
35.0 2.326324578186238
36.0 2.3274202636110815
37.0 2.3262192808893376
38.0 2.3282070368012744
39.0 2.327369744412213
40.0 2.3303610206772123
41.0 2.329986918876303
42.0 2.3267788954484336
43.0 2.3288245057429338
44.0 2.3269555348806583
45.0 2.3290724873104884
46.0 2.3248713549977817
47.0 2.3245848038418506
48.0 2.324359183353023
49.00000000000001 2.3318558897385797
50.0 2.3312056482499703
51.0 2.3273697444122114
52.0 2.3301635583085307
53.0 2.3249974752311373
54.0 2.3296529248060396
55.0 2.326486547251077
56.0 2.3289135945301824
57.0 2.32942576617494
58.0 2.3237297648008655
59.0 2.328296125588522
60.0 2.331385363966732
61.0 2.329355962181883
62.0 2.329897830089056
63.0 2.3217925280878005
64.0 2.325441381025105
65.0 2.3249990133734024
66.0 2.325450254351064
67.0 2.3232295427666037
68.0 2.323838138382302
69.0 2.3236422141558877
70.0 2.3253819885002724
71.0 2.329366373650109
72.0 2.3223046997325585
73.0 2.3227084977958823
74.0 2.3268190031790748
75.0 2.3283555181133533
76.0 2.3312577055911063
77.0 2.325846717230695
78.0 2.329701905862642
79.0 2.3332616700126994
80.0 2.3319939595824297
81.0 2.3314119839446112
82.0 2.3317104847110355
83.0 2.3272717822990043
84.0 2.331343718093821
85.0 2.32981915277004
86.0 2.327674042220061
87.0 2.3256774129821616
88.0 2.32723167456836
89.0 2.331315559973672
90.0 2.3307038880734385
91.0 2.3331147268428887
92.0 2.3286671511048946
92.99999999999999 2.327075858072589
94.0 2.3295252664304154
95.0 2.3382094677849543
96.0 2.3313317684833246
97.0 2.328511334609125
98.00000000000001 2.3257190588550736
98.99999999999999 2.3277735424755335
100.0 2.3267700221224716
101.0 2.3276250611634564
102.0 2.3252454567986884
103.00000000000001 2.32596396413809
104.0 2.3271128895186983
104.99999999999999 2.3266601103987696
106.0 2.3269451234124308
107.00000000000001 2.3283524418288177
108.0 2.3241231513959626
109.0 2.326159888364505
110.0 2.327822523532138
111.0 2.3290115566433878
112.0 2.3333226006797965
113.0 2.329327804061733
114.0 2.3268679842356788
115.0 2.3234270051352817
116.0 2.3246506792611834
116.99999999999999 2.322619409008635
118.0 2.3248624816718197
119.0 2.3270519588515994
120.0 2.327476579851379
121.0 2.3288734867995387
122.0 2.331411983944612
122.99999999999999 2.326366224059148
124.0 2.330053646584827
125.0 2.3308627808537437
126.0 2.328883898267766
127.0 2.329434639500901
128.0 2.3247541080903855
129.0 2.3221859146828963
130.0 2.321932136073919
131.0 2.322196326151125
132.0 2.3237000685384523
133.0 2.321477818811723
134.0 2.325303311181255
135.0 2.3221041610793436
136.0 2.3269481996969668
137.0 2.325334545585937
138.0 2.32213847176856
139.0 2.3248833046082766
140.0 2.3297300639827907
141.0 2.3277334347448924
142.0 2.325974375606321
143.0 2.327025338873719
144.0 2.328729619914263
145.0 2.3307038880734385
146.0 2.3288557401476195
147.0 2.3275849534328152
148.0 2.322322446384481
149.0 2.325923856407448
150.0 2.3228627761493885
151.0 2.3242450127301613
152.0 2.3230721881285654
153.0 2.323082599596793
154.0 2.321362110046597
155.0 2.322000401924711
156.0 2.327647422242181
157.0 2.3285514423397684
158.0 2.325491900223975
159.0 2.329523728288149
160.0 2.3344537794084848
161.0 2.3297909946498914
162.0 2.333390866530592
163.0 2.33004477325887
164.0 2.3272702441567374
165.0 2.321960294194065
166.0 2.3218044776982945
167.0 2.322580839420261
168.0 2.31764925015766
169.0 2.3290724873104893
170.0 2.3225857841724986
171.0 2.3184286881641594
172.0 2.3241528476583806
173.0 2.3247525699481195
174.0 2.3244586836084977
175.0 2.3189377835243827
176.0 2.315851621430709
177.0 2.316776464464754
178.0 2.3137539537950675
179.0 2.315360272722407
180.0 2.3154968044239896
181.0 2.3145438032697974
182.0 2.3078268652161698
183.0 2.307946666444344
184.0 2.3060643994676306
185.0 2.3067204379976687
185.99999999999997 2.307559268528998
187.0 2.306408805006128
188.0 2.3095470244409384
189.0 2.3079872961387475
190.0 2.3080105095066594
191.0 2.305996463942272
192.0 2.3043481688165914
193.0 2.3033878324787085
194.0 2.3029871106999193
195.0 2.305337018802271
196.00000000000003 2.3037989657257256
197.00000000000003 2.3059008922605244
197.99999999999997 2.309168472102545
199.0 2.3102134744391996
200.0 2.3079471884081024
201.0 2.3098002810861575
202.0 2.3047238087597686
203.0 2.3022759385442115
204.0 2.30140894989273
205.0 2.3000937965481243
206.00000000000003 2.302366565473726
207.0 2.3013703803043555
208.0 2.3083105484153523
209.0 2.311358140920651
209.99999999999997 2.3137466186113755
210.99999999999997 2.3093198658098397
212.0 2.308800358981388
213.0 2.305249468157291
214.00000000000003 2.3042903144340285
215.0 2.3054245694472484
216.0 2.3066537102891407
217.0 2.3052375185467935
218.0 2.3098810185112013
219.0 2.3072268126010003
220.0 2.301530811226926
220.99999999999997 2.3010171014398995
222.0 2.2997092832789874
223.0 2.3011640446097106
224.0 2.301003613687137
225.0 2.3054392398146337
226.0 2.3060493735726
226.99999999999997 2.304238257092888
228.0 2.305126068680824
229.0 2.3045872770581837
230.0 2.3062676588777378
231.0 2.3041048016758405
232.0 2.3056116203477037
233.0 2.3004743812435353
233.99999999999997 2.299790514918783
235.0 2.2949841936003463
236.0 2.296228690662702
237.00000000000003 2.2986226350694228
238.0 2.298304519183377
239.00000000000003 2.3021571534945466
240.0 2.303604579641578
241.0 2.306399931680165
242.0 2.3070278120900523
242.99999999999997 2.3059841840063457
244.0 2.309113530115198
244.99999999999997 2.306961084381529
245.99999999999997 2.309351100214523
247.0 2.305032720994419
248.0 2.30215135645312
249.00000000000003 2.3021675649627733
250.0 2.2995742897196725
251.0 2.299922954157321
252.0 2.3019450207584793
253.00000000000003 2.2992283460389102
254.0 2.2989016871523393
