1.0 0.6829602776828132
2.0 0.7106131504742996
3.0 0.72267943007236
4.0 0.7185665923025173
5.0 0.717681498924677
6.0 0.7228236827810818
7.0 0.7176779536276028
8.0 0.7199392697042529
9.0 0.7345022644341618
10.0 0.7207321954635165
11.0 0.720285213385012
12.0 0.7216196515238092
13.0 0.7116608987700577
14.0 0.7265007215875408
15.0 0.7335658273172684
16.0 0.7293145061311236
17.0 0.7241199346081475
18.0 0.734043688272809
19.0 0.7197868598184499
20.0 0.7263020766042345
21.0 0.7354124371008204
22.0 0.7287362926309148
23.0 0.7366550656954767
24.0 0.7291788267187371
25.0 0.72925478328086
26.0 0.7283388135727762
27.0 0.7394697025282512
28.0 0.7318036918941605
29.0 0.7427652766011039
30.0 0.7228491478933464
31.0 0.7249661003231738
32.0 0.7426580856342889
33.0 0.7263734187395604
34.0 0.7417127751914343
35.0 0.739539398577498
36.0 0.7462359519639133
37.0 0.7363002486887574
38.0 0.7331323329915289
39.0 0.7267652671923905
40.0 0.7373350034465007
41.0 0.745738806214184
42.0 0.7385687587151968
43.0 0.7396212601248626
44.0 0.7342129925213448
45.0 0.7399834123152771
46.0 0.743336840770692
47.0 0.7306250702511381
48.0 0.7396859277273645
49.00000000000001 0.7358729069320867
50.0 0.7434035684792195
51.0 0.7416352804870413
52.0 0.7406988433701451
53.0 0.7394516003486852
54.0 0.7434552702927126
55.0 0.7396937848748139
56.0 0.7389293727633407
57.0 0.7408684779441125
58.0 0.7496607225546515
59.0 0.7439037905134795
60.0 0.7416163512204947
61.0 0.7406461279249343
62.0 0.7482237078758492
63.0 0.7467897694815786
64.0 0.7439647211805783
65.0 0.7495924567038591
66.0 0.7477912362226109
67.0 0.7501520712629546
68.0 0.7463250407511571
69.0 0.7475958274659615
70.0 0.7518058331046263
71.0 0.7491516271944245
72.0 0.7561523704448759
73.0 0.7471920294026344
74.0 0.7508914015388102
75.0 0.7577701170189511
76.0 0.766886796520722
77.0 0.7595000018588673
78.0 0.748698848074496
79.0 0.7530172272946037
80.0 0.7506569077240224
81.0 0.7480069607129807
82.0 0.7522659474082486
83.0 0.7445763930808121
84.0 0.7496904188170705
85.0 0.7523565743377629
86.0 0.7520195039829639
87.0 0.757433898953344
88.0 0.7566688009887964
89.0 0.763065563050351
90.0 0.7563587061395213
91.0 0.7564285101325791
92.0 0.7528880030277054
92.99999999999999 0.7607037400279986
94.0 0.7583225628304691
95.0 0.7565561685082037
96.0 0.7546040697894237
97.0 0.7595622790299091
98.00000000000001 0.7616212131878544
98.99999999999999 0.7598413311128261
100.0 0.7588883299586345
101.0 0.7578342904067007
102.0 0.7594286597235417
103.00000000000001 0.758197980739381
104.0 0.7574497771375639
104.99999999999999 0.7576368280380187
106.0 0.7579426639881351
107.00000000000001 0.7589743424613457
108.0 0.759427121581274
109.0 0.7584637089588538
110.0 0.7576665243004327
111.0 0.7604306419343363
112.0 0.7597047994112415
113.0 0.7627732148529944
114.0 0.7631681395903568
115.0 0.7635229565970786
116.0 0.7623907339408785
116.99999999999999 0.7649579111698597
118.0 0.7639695831479393
119.0 0.763322417943863
120.0 0.7637084693552655
121.0 0.7633254942283981
122.0 0.7617920555786539
122.99999999999999 0.7570475172165052
124.0 0.754847628568498
125.0 0.7567759919556057
126.0 0.7569125236571902
127.0 0.7607468893526819
128.0 0.759180678155989
129.0 0.7602999072741792
130.0 0.7571408649029123
131.0 0.7591598552195324
132.0 0.756397275727896
133.0 0.7602243062396942
134.0 0.7619744920523062
135.0 0.7600773630698826
136.0 0.7581578730087342
137.0 0.7607661741468658
138.0 0.7614638585498096
139.0 0.7619972116529603
140.0 0.7649124728635321
141.0 0.7678379040050033
142.0 0.7669932764322444
143.0 0.7689038931674296
144.0 0.769347798961397
145.0 0.7689054313096971
146.0 0.7683072471622253
147.0 0.7682077469067501
148.0 0.7681186581195043
149.0 0.7684646018002634
150.0 0.7699772175135522
151.0 0.769196927217863
152.0 0.7684140826013938
153.0 0.7695734194502287
154.0 0.7679701768074272
155.0 0.7667691940856822
156.0 0.7716872955955223
157.0 0.7692675835001122
158.0 0.7727309236792294
159.0 0.771526012383759
160.0 0.7707713258874391
161.0 0.7704180470229864
162.0 0.7705441672563418
163.0 0.7694442229323392
164.0 0.7673753992699228
165.0 0.7652550402301272
166.0 0.7661798832641715
167.0 0.7664263266894551
168.0 0.7682656012893163
169.0 0.7661254354915734
170.0 0.7600484913476493
171.0 0.7596816167866203
172.0 0.755341176069936
173.0 0.7585732651549087
174.0 0.7582913284257825
175.0 0.7611935159035372
176.0 0.7558315085997294
177.0 0.7552807673665928
178.0 0.7594595386005779
179.0 0.7616432187389305
180.0 0.7677843085215965
181.0 0.7603768844012313
182.0 0.741745454508739
183.0 0.7593570061927203
184.0 0.7690049063629689
185.0 0.7625009785368158
185.99999999999997 0.7631763018610367
187.0 0.761978395423824
188.0 0.7619783954238243
189.0 0.7643298416684418
190.0 0.7654178363819506
191.0 0.7628615925849576
192.0 0.7626344339538585
193.0 0.7635191692572605
194.0 0.7637552012143173
195.0 0.7604538301000414
196.00000000000003 0.7581721878484836
197.00000000000003 0.7550829494702755
197.99999999999997 0.7518529204913256
199.0 0.7586916946769342
200.0 0.7581559793388286
201.0 0.7628854918059454
202.0 0.7563032169862064
203.0 0.759446050847823
204.0 0.7608429577959839
205.0 0.7595482718601883
206.00000000000003 0.7547242038898286
207.0 0.7531974155484497
208.0 0.7546840441608803
209.0 0.7510271184977111
209.99999999999997 0.7424198271351001
210.99999999999997 0.751095815814543
212.0 0.7547090115586882
213.0 0.746476903470997
214.00000000000003 0.7496896774659864
215.0 0.7507408046227032
216.0 0.7466549146093794
217.0 0.753396934498621
218.0 0.7453955555413107
219.0 0.7459017385063217
220.0 0.7568378858500048
220.99999999999997 0.7383854170011458
222.0 0.7412770291213526
223.0 0.7447159758647268
224.0 0.7509125295984965
225.0 0.7446678470973143
226.0 0.7456312597197338
226.99999999999997 0.7522818003902658
228.0 0.7502242404852689
229.0 0.7522536422701177
230.0 0.7487397828921316
231.0 0.7408261462181316
232.0 0.747262660482684
233.0 0.7470015466900136
233.99999999999997 0.7432589905386607
235.0 0.7413070834582072
236.0 0.7499064549246556
237.00000000000003 0.7468931731085802
238.0 0.7477586236177897
239.00000000000003 0.7471959327741604
240.0 0.7501158669038342
241.0 0.7404342977653038
242.0 0.7450924680970966
242.99999999999997 0.7441186440064471
244.0 0.7465576408960486
244.99999999999997 0.7444468410352877
245.99999999999997 0.738434592242869
247.0 0.7410486904224279
248.0 0.7458560279193758
249.00000000000003 0.7451112309275255
250.0 0.7436950391851779
251.0 0.7405385511346877
252.0 0.7498695873678659
253.00000000000003 0.7430866074587967
254.0 0.7453806935356032
