1.0 1.8509104623411325
2.0 1.883348206186957
3.0 1.8825856625431887
4.0 1.8826890913723873
5.0 1.8853166773047079
6.0 1.8746713400161112
7.0 1.8882782573072938
8.0 1.8899408924749266
9.0 1.8899216076807388
10.0 1.888248561044877
11.0 1.886281628069395
12.0 1.882288369593598
13.0 1.88337944059164
14.0 1.892311623513733
15.0 1.8908746088349304
16.0 1.8893589168371099
17.0 1.8881610103998983
18.0 1.8860336465018424
19.0 1.886192539282148
20.0 1.89372935339835
21.0 1.8944640692474015
22.0 1.892428870421128
23.0 1.8886388713554387
24.0 1.8928207188739583
25.0 1.894729797466877
26.0 1.8987438788791293
27.0 1.8954008618919416
28.0 1.8891348344905448
29.0 1.894958494240242
30.0 1.892486724803693
31.0 1.8912487106358398
32.0 1.8900388545881328
33.0 1.8884460234135587
34.0 1.8944270378012944
35.0 1.892330908307922
36.0 1.8925075477401474
37.0 1.8958521028696025
38.0 1.891475869266935
39.0 1.8938851698941188
40.0 1.8882589725131054
41.0 1.8915634199119165
42.0 1.8926055098533554
43.0 1.8918677177197647
44.0 1.8964294640806192
45.0 1.899864646139588
46.0 1.8972787060801783
47.0 1.8978398587815402
48.0 1.888344985015816
49.00000000000001 1.8919969142376565
50.0 1.8871470785786064
51.0 1.8928816495410572
52.0 1.8919479331810525
53.0 1.8923220349819605
54.0 1.8926560290522267
55.0 1.8906786846085153
56.0 1.8873494856995239
57.0 1.8953711656295253
58.0 1.8979586438312028
59.0 1.898292637901468
60.0 1.8972401364918032
61.0 1.898105587001016
62.0 1.8977314852001064
63.0 1.890816754452367
64.0 1.8886924668388458
65.0 1.8939356890929917
66.0 1.8924037608365103
67.0 1.895705159699792
68.0 1.8955181087993378
69.0 1.8975949534985221
70.0 1.896834800286211
71.0 1.8952820768422791
72.0 1.895173703260845
73.0 1.8916717934933507
74.0 1.8926440794417314
75.0 1.8923903008327534
76.0 1.8866349069338468
77.0 1.8897939493051141
78.0 1.89358087208627
79.0 1.8984588658654669
80.0 1.885667896063134
81.0 1.8925966365273934
82.0 1.8972385983495352
83.0 1.898123333652935
84.0 1.895259715763556
85.0 1.8985151821057646
86.0 1.8983786504041813
87.0 1.8974410054704502
88.0 1.8977982129086295
89.0 1.897327687136781
90.0 1.8959708879192647
91.0 1.8930285927108665
92.0 1.8791281753510023
92.99999999999999 1.884616080506545
94.0 1.891201267721503
95.0 1.8921423192651996
96.0 1.8897780711208922
97.0 1.8843443913563271
98.00000000000001 1.889155657427
98.99999999999999 1.8956843367633371
100.0 1.897495453243049
101.0 1.8946318353536706
102.0 1.8938658850999328
103.00000000000001 1.8970041045347452
104.0 1.895596786118358
104.99999999999999 1.8986756130283393
106.0 1.8966982685846292
107.00000000000001 1.8998854690760438
108.0 1.8978977131641057
109.0 1.9026198904475313
110.0 1.903121650624063
111.0 1.9010656288613326
112.0 1.8986652015601106
113.0 1.8978992513063713
114.0 1.9000339503881207
115.0 1.9020201681577935
116.0 1.9011002698759831
116.99999999999999 1.9022546619725815
118.0 1.9034259484319127
119.0 1.9040657784522936
120.0 1.9018820983139408
121.0 1.9025026435401342
122.0 1.898389061872408
122.99999999999999 1.8879053940665138
124.0 1.8851890189290834
125.0 1.8866171602819275
126.0 1.8880437634925025
127.0 1.8901086585811915
128.0 1.8936506760793288
129.0 1.8964518251593403
130.0 1.8980269096819922
131.0 1.8971317629103657
132.0 1.8968051040237934
133.0 1.9011932872369544
134.0 1.9033680940493463
135.0 1.903368094049348
136.0 1.9041741520337285
137.0 1.904301810409351
138.0 1.904929690819238
139.0 1.8997547344158845
140.0 1.9053408240662557
141.0 1.9103360647528493
142.0 1.9034807265299405
143.0 1.9032061249845067
144.0 1.9040715754937187
145.0 1.8992707208912742
146.0 1.8970989903634177
147.0 1.8970291863703581
148.0 1.8920339456837667
149.0 1.8924481552153187
150.0 1.894425499659028
151.0 1.898801733261694
152.0 1.9005029380177034
153.0 1.9071608138719294
154.0 1.9060296351432424
155.0 1.9009437675271352
156.0 1.9009437675271363
157.0 1.8998037154724905
158.0 1.8995676835154325
159.0 1.8995869683096211
160.0 1.8996077912460763
161.0 1.8992055313250187
162.0 1.8978857635536108
163.0 1.894208752496158
164.0 1.8898309807512264
165.0 1.8920235342155383
166.0 1.891689540145273
167.0 1.8868308311602615
168.0 1.8825911292591793
169.0 1.8762464245387656
170.0 1.866179134314264
171.0 1.8629538584492236
172.0 1.8584230746599226
173.0 1.8592370977355668
174.0 1.8578698870498211
175.0 1.8586165525093712
176.0 1.8549781110402934
177.0 1.8561953022716917
178.0 1.8602807258192708
179.0 1.860418795663119
180.0 1.8640702029212013
181.0 1.8488879067347053
182.0 1.8492810489728755
183.0 1.83780854540034
184.0 1.8378912869859036
185.0 1.8413278432978197
185.99999999999997 1.8483321847965652
187.0 1.8518252212380972
188.0 1.8579011214545038
189.0 1.8487448561858506
190.0 1.84969239062405
191.0 1.848251969335282
192.0 1.8551042312736523
193.0 1.8465685112311878
194.0 1.8528746463632302
195.0 1.844346261504461
196.00000000000003 1.8546857628429416
197.00000000000003 1.8521576771660935
197.99999999999997 1.8480086021945288
199.0 1.8500229780843462
200.0 1.8498166423897036
201.0 1.8477991902153506
202.0 1.842498113578641
203.0 1.8463444288846282
204.0 1.8402461675895003
205.0 1.8423160074304223
206.00000000000003 1.8380921837135609
207.0 1.831797998192014
208.0 1.8292356018259566
209.0 1.8356709334758863
209.99999999999997 1.8246206155093383
210.99999999999997 1.8286894750196208
212.0 1.8324420871115585
213.0 1.829458501557893
214.00000000000003 1.8291140960193986
215.0 1.8283674305598494
216.0 1.824042898770679
217.0 1.822243731901462
218.0 1.8168535664775058
219.0 1.8254027742727288
220.0 1.8215830789446261
220.99999999999997 1.8227960112768626
222.0 1.8260707624132593
223.0 1.8242973632327326
224.0 1.8245195771115956
225.0 1.8229533659149026
226.0 1.8196874881044671
226.99999999999997 1.8202382293376034
228.0 1.8200689250890703
229.0 1.8221249468517982
230.0 1.823952271841163
231.0 1.8212089771437168
232.0 1.808067474436036
233.0 1.8161246476698767
233.99999999999997 1.8225406945256188
235.0 1.8179774100224997
236.0 1.8228644410169745
237.00000000000003 1.816861065550518
238.0 1.8213134221514269
239.00000000000003 1.820205456790653
240.0 1.8236109425872076
241.0 1.8184865053827244
242.0 1.8266851550703849
242.99999999999997 1.824503013074301
244.0 1.818465682446269
244.99999999999997 1.819274816715183
245.99999999999997 1.820457530821251
247.0 1.8211567533664634
248.0 1.8203940458333747
249.00000000000003 1.8201923245655378
250.0 1.8216262629598043
251.0 1.8230112202974675
252.0 1.822502124937244
253.00000000000003 1.8222807633475722
254.0 1.8082449661574496
