1.0 1.0641503166123298
2.0 1.0958458867205696
3.0 1.0970514838691177
4.0 1.1031007641076442
5.0 1.105058823757167
6.0 1.1034852773767798
7.0 1.1094381336443666
8.0 1.1035774424485632
9.0 1.1085325754045108
10.0 1.105721014856271
11.0 1.1179561070349076
12.0 1.091113983821994
13.0 1.1054032292956608
14.0 1.1014917244234177
15.0 1.113355791085679
16.0 1.1081214421574925
17.0 1.1138872475246258
18.0 1.1168561627109037
19.0 1.1113977314361567
20.0 1.1166216688961144
21.0 1.1113784466419676
22.0 1.1107089203591716
23.0 1.113079651397978
24.0 1.1059466353451017
25.0 1.1062555475797542
26.0 1.1139956211060627
27.0 1.109129576937358
28.0 1.1159328578191292
29.0 1.1154415091108254
30.0 1.1127664802641684
31.0 1.108624740476295
32.0 1.1144067543530782
33.0 1.1092853934331308
34.0 1.1107698510262698
35.0 1.1041682914123412
36.0 1.1093239630215075
37.0 1.1152367115584498
38.0 1.1200850090752323
39.0 1.1233998679422699
40.0 1.1197999960615694
41.0 1.113140582065077
42.0 1.113721019560628
43.0 1.1097292992271013
44.0 1.105909603898993
45.0 1.117301606647141
46.0 1.1192878244168118
47.0 1.1187710383452492
48.0 1.1115793156206175
49.00000000000001 1.116069389520712
50.0 1.11943476758662
51.0 1.109597026424674
52.0 1.1132265945677917
53.0 1.1135042723977597
54.0 1.1101477676578093
55.0 1.1089571964042926
56.0 1.1177127398941578
57.0 1.1118994916126872
58.0 1.1160990857831292
59.0 1.1234978300554774
60.0 1.1178195753333269
61.0 1.1164697532250645
62.0 1.1163528643921072
63.0 1.113872221629598
64.0 1.1174736316525666
65.0 1.115978762591199
66.0 1.1150446881567564
67.0 1.1130572903192564
68.0 1.1191081087000503
69.0 1.1175241508514364
70.0 1.1178388601275149
71.0 1.1141676461114873
72.0 1.111501490590791
73.0 1.1162637756048612
74.0 1.1155483445499939
75.0 1.1178194673895114
76.0 1.1249437180602402
77.0 1.130510522916424
78.0 1.1194363057288887
79.0 1.118974653283002
80.0 1.1226663624568471
81.0 1.1176861199162778
82.0 1.1258982573567
83.0 1.1256622253996413
84.0 1.128101222289241
85.0 1.129202704755511
86.0 1.12252400596483
87.0 1.1210484216976524
88.0 1.1217966252994687
89.0 1.1259769346757205
90.0 1.1265469607030443
91.0 1.125426193442585
92.0 1.114019656467367
92.99999999999999 1.1134795473110433
94.0 1.1253459779812964
95.0 1.1259858080016791
96.0 1.1270343808376195
97.0 1.1265751188231892
98.00000000000001 1.123438437530645
98.99999999999999 1.124531046670954
100.0 1.124088679019254
101.0 1.124167356338273
102.0 1.1227511645959238
103.00000000000001 1.123931324381214
104.0 1.1227511645959236
104.99999999999999 1.1211776182155373
106.0 1.1209415862584802
107.00000000000001 1.1215710048106349
108.0 1.121020263577499
109.0 1.123537937786117
110.0 1.1221306193697298
111.0 1.1218648911502564
112.0 1.1219138722068607
113.0 1.123457722324831
114.0 1.12545435156273
115.0 1.1167701502081877
116.0 1.1086921262888834
116.99999999999999 1.1086458937381773
118.0 1.1104624769338816
119.0 1.1080635877749248
120.0 1.1066682189690324
121.0 1.1122751315558586
122.0 1.1195045715796768
122.99999999999999 1.1157947879752736
124.0 1.1169660744346033
125.0 1.1221009231073136
126.0 1.1261728589021303
127.0 1.1270680056737588
128.0 1.123279544750336
129.0 1.1188933938941967
130.0 1.114652317740166
131.0 1.118520336020802
132.0 1.116740453945774
133.0 1.117084859484267
134.0 1.1174292650227615
135.0 1.120114705337646
136.0 1.1155024397779223
137.0 1.118757906120131
138.0 1.1216971250439947
139.0 1.1213339289260675
140.0 1.1222755024335214
141.0 1.1204352116551517
142.0 1.1236490321244483
143.0 1.1272311573532259
144.0 1.1253934208956344
145.0 1.126996663538436
146.0 1.1262588714048467
147.0 1.1293762679032038
148.0 1.1316089290981592
149.0 1.1251485156126166
150.0 1.1228163541621847
151.0 1.1223932713046716
152.0 1.126209890348242
153.0 1.123289956218567
154.0 1.124951053243933
155.0 1.1248530911307264
156.0 1.1238792670400792
157.0 1.125078711619557
158.0 1.122541752616751
159.0 1.1198651856278274
160.0 1.1231133167863423
161.0 1.1228950314812036
162.0 1.124430008273215
163.0 1.121233934455838
164.0 1.1238005897210595
165.0 1.1256784339092951
166.0 1.123900089976535
167.0 1.1245977743794804
168.0 1.1254528134204658
169.0 1.123585380700458
170.0 1.1148684067989694
171.0 1.1095137346788533
172.0 1.1054981151243342
173.0 1.1117344462633145
174.0 1.1086112527235328
175.0 1.1034690688671285
176.0 1.1075988590445076
177.0 1.1026718842087067
178.0 1.1069991367547682
179.0 1.1138128291047669
180.0 1.0977595797402906
181.0 1.097092817083801
182.0 1.07862455580351
183.0 1.082595975197413
184.0 1.0930441879278001
185.0 1.1027022411219887
185.99999999999997 1.086406146580523
187.0 1.0993092268996856
188.0 1.1039230306016776
189.0 1.1031258459432594
190.0 1.0885690037824214
191.0 1.0975204714987008
192.0 1.0846054415690416
193.0 1.0973793253703141
194.0 1.0908834185809297
195.0 1.0964456090103083
196.00000000000003 1.0900148917871828
197.00000000000003 1.1011631718669344
197.99999999999997 1.0979003703410366
199.0 1.0883210222148672
200.0 1.0919964951300507
201.0 1.0868142035430057
202.0 1.0882928640947198
203.0 1.0831950468681164
204.0 1.0814194236922487
205.0 1.0699502817673485
206.00000000000003 1.0676447402947977
207.0 1.0733069568906104
208.0 1.0718096418997711
209.0 1.069029816017469
209.99999999999997 1.0776179948805202
210.99999999999997 1.0773286973179974
212.0 1.0739532633115025
213.0 1.0720801999861862
214.00000000000003 1.0775737942393422
215.0 1.0743415412650479
216.0 1.0669161770148148
217.0 1.0737001731023992
218.0 1.0700320353709047
219.0 1.0694161045715127
220.0 1.070732796058385
220.99999999999997 1.0762386702474689
222.0 1.0673836265021293
223.0 1.0634617101616597
224.0 1.069558433314521
225.0 1.0772865572303347
226.0 1.0677816275240266
226.99999999999997 1.0687523753301391
228.0 1.0783405967822681
229.0 1.066582182944546
230.0 1.0795816872346564
231.0 1.0705175870377786
232.0 1.0727695330269238
233.0 1.0684214575444066
233.99999999999997 1.0659928721230365
235.0 1.071241891418608
236.0 1.072834722593182
237.00000000000003 1.0774365766846774
238.0 1.0653827383650682
239.00000000000003 1.0661814611657572
240.0 1.0794154592706615
241.0 1.071129258938016
242.0 1.0631381275596177
242.99999999999997 1.0774693492316285
244.0 1.0746562505411212
244.99999999999997 1.0705384099742405
245.99999999999997 1.0624732157036254
247.0 1.0642870529402297
248.0 1.0678379437643268
249.00000000000003 1.0615098030812065
250.0 1.070879739228198
251.0 1.0653426306344307
252.0 1.0794659784695293
253.00000000000003 1.0809982345046494
254.0 1.0680966923277457
