1.0 2.0962582871307185
2.0 2.1164401440579477
3.0 2.12305057699784
4.0 2.1287346287614177
5.0 2.1298168264334993
6.0 2.118662393784678
7.0 2.131814993813666
8.0 2.129042002853802
9.0 2.128332368840361
10.0 2.130605137765961
11.0 2.132010918040081
12.0 2.128500134946626
13.0 2.1289930217971977
14.0 2.1270750698783187
15.0 2.1325230896848395
16.0 2.1328451341446084
17.0 2.1290211799173457
18.0 2.1314513034809854
19.0 2.1317363164946466
20.0 2.127348133281486
21.0 2.1293270158674638
22.0 2.1333202743432613
23.0 2.130122662383617
24.0 2.134469199723866
25.0 2.130741669467543
26.0 2.1266504488785394
27.0 2.1288237175486646
28.0 2.128440742421796
29.0 2.1286173818540215
30.0 2.1320895953590986
31.0 2.1317748860830217
32.0 2.133397413520012
33.0 2.1333098628750315
34.0 2.1356805939138397
35.0 2.133675091349981
36.0 2.1322396148134457
37.0 2.1319025444586446
38.0 2.133143634911032
39.0 2.1308010619923756
40.0 2.129788668313352
41.0 2.1289617873925155
42.0 2.1352470995881
43.0 2.1273496714237528
44.0 2.129505193441958
45.0 2.1263669740071456
46.0 2.133357305789369
47.0 2.1348729977871903
48.0 2.1389850413126505
49.00000000000001 2.140224593622773
50.0 2.138887079199443
51.0 2.138749009355593
52.0 2.1395654788082026
53.0 2.1350214790992696
54.0 2.1330040269249135
55.0 2.1335354833638633
56.0 2.129080572442179
57.0 2.127545595650167
58.0 2.1348834092554183
59.0 2.129515604910185
60.0 2.133538559648398
61.0 2.1329060648117077
62.0 2.1334984519177533
63.0 2.1372363936423038
64.0 2.1352976187869697
65.0 2.1317764242252877
66.0 2.132255823323098
67.0 2.130536871915168
68.0 2.1367732030541493
69.0 2.133725610548851
70.0 2.135248637730367
71.0 2.1331228119745784
72.0 2.1326522862027284
73.0 2.1360442842465206
74.0 2.1331228119745766
75.0 2.1301291452781195
76.0 2.141582930982556
77.0 2.141061886011834
78.0 2.1344707378661347
79.0 2.1365653292172397
80.0 2.1377736471226774
81.0 2.1387682941497794
82.0 2.134365440569233
83.0 2.134638503972401
84.0 2.133379666868091
85.0 2.1335948758886945
86.0 2.130870865985434
87.0 2.134441041603718
88.0 2.137568849570303
89.0 2.1381300022716663
90.0 2.1356701824456126
91.0 2.1317644746147932
92.0 2.1308275999606745
92.99999999999999 2.127874123004443
94.0 2.129720402462562
95.0 2.1313992461398463
96.0 2.133348432463408
97.0 2.1338027497256036
98.00000000000001 2.132928425890431
98.99999999999999 2.1342555288455323
100.0 2.1327517864582055
101.0 2.1346770735607765
102.0 2.1312746640487576
103.00000000000001 2.1283042107202124
104.0 2.130248782616973
104.99999999999999 2.1332473940656667
106.0 2.1302383711487436
107.00000000000001 2.1273377218132588
108.0 2.1267484109917487
109.0 2.1309198470420396
110.0 2.130902100390119
111.0 2.1308411697230207
112.0 2.128875774889804
113.0 2.130900562247852
114.0 2.1333870020517876
115.0 2.134087762739268
116.0 2.135052713503954
116.99999999999999 2.13374489534304
118.0 2.1341367437958687
119.0 2.1313726261619648
120.0 2.1289425025983277
121.0 2.133830907845753
122.0 2.137486243677559
122.99999999999999 2.1280572453311675
124.0 2.125715194376268
125.0 2.125312934455213
126.0 2.130328998078262
127.0 2.1277816276072254
128.0 2.127064658410093
129.0 2.1200087815339668
130.0 2.1217115244322415
131.0 2.1201379780518566
132.0 2.120295332689896
133.0 2.12194909453157
134.0 2.1211534480154164
135.0 2.125213434199738
136.0 2.1324741086282355
137.0 2.1320421524447624
138.0 2.1292051545332664
139.0 2.1213892883341474
140.0 2.1245805812886074
141.0 2.1293817939654924
142.0 2.126982904806538
143.0 2.127613861500959
144.0 2.1297767187028556
145.0 2.1290701609739506
146.0 2.1308797393113945
147.0 2.1294515979585507
148.0 2.1352174033256834
149.0 2.1358572333460675
150.0 2.136280316203578
151.0 2.1314216072185697
152.0 2.133171793031183
153.0 2.1357666064165532
154.0 2.141217702507608
155.0 2.139360681255827
156.0 2.1361526578279566
157.0 2.137273425088414
158.0 2.138060198278608
159.0 2.1366424683939935
160.0 2.1363188857919564
161.0 2.134306048044404
162.0 2.1264545246521247
163.0 2.128924755946405
164.0 2.1300840927952405
165.0 2.1306942265532074
166.0 2.131668050643855
167.0 2.1314023224243814
168.0 2.12982569975946
169.0 2.128350115492283
170.0 2.1165222279869385
171.0 2.1068659630656397
172.0 2.1065947681301727
173.0 2.106127262697352
174.0 2.1034691282134244
175.0 2.1088855832898297
176.0 2.107849290389818
177.0 2.106287693619925
178.0 2.103469980502616
179.0 2.0989957847867444
180.0 2.0962262004368464
181.0 2.0885057979756625
182.0 2.0821644998652147
183.0 2.0746778186769483
184.0 2.0710289657396435
185.0 2.071113109774655
185.99999999999997 2.0729851569214643
187.0 2.0732798955502787
188.0 2.0690867842743423
189.0 2.075418001241996
190.0 2.0699087204429465
191.0 2.077403888686235
192.0 2.0773726542815494
193.0 2.0770105020911376
194.0 2.076911001835664
195.0 2.0772257111117405
196.00000000000003 2.077693846452129
197.00000000000003 2.0770886574463994
197.99999999999997 2.0734758197766934
199.0 2.078365763166388
200.0 2.0763547938865368
201.0 2.0729732073109735
202.0 2.0733949159155345
203.0 2.0671191654457823
204.0 2.0587334648576676
205.0 2.0632612560569443
206.00000000000003 2.053763306006685
207.0 2.0518584059882743
208.0 2.0606070288917313
209.0 2.066047599076752
209.99999999999997 2.06827885782226
210.99999999999997 2.0643518050912277
212.0 2.0573013949310957
213.0 2.053729350845111
214.00000000000003 2.05990782760153
215.0 2.056597913486723
216.0 2.0576198663447838
217.0 2.0499053966178487
218.0 2.059346674900166
219.0 2.0651629994661698
220.0 2.0660878425002123
220.99999999999997 2.0662050894076094
222.0 2.0707490891165428
223.0 2.068672244417355
224.0 2.0667099258686767
225.0 2.0683952524404647
226.0 2.071884360308273
226.99999999999997 2.07179579348478
228.0 2.0707016462022034
229.0 2.0715775081796455
230.0 2.0627938065696303
231.0 2.0621956224221605
232.0 2.0591272069804076
233.0 2.064653904105945
233.99999999999997 2.0699445692744285
235.0 2.069267707807935
236.0 2.069514151233222
237.00000000000003 2.064368891092285
238.0 2.0667025906849825
239.00000000000003 2.063395067001637
240.0 2.0684080543401504
241.0 2.0637973269226952
242.0 2.0657226140252662
242.99999999999997 2.062003957094903
244.0 2.060448157366439
244.99999999999997 2.0629851163692434
245.99999999999997 2.0637275229296366
247.0 2.0646018467648077
248.0 2.0562902090689104
249.00000000000003 2.0571051403792495
250.0 2.0527632174658033
251.0 2.052072868246548
252.0 2.0579929519671873
253.00000000000003 2.058896972064775
254.0 2.0532040469752353
