1.0 1.2124204726705723
2.0 1.2427732467838255
3.0 1.2518909424641047
4.0 1.25217015843634
5.0 1.2550426496516778
6.0 1.2372747077784345
7.0 1.2552593968145476
8.0 1.2543256804545448
9.0 1.2581808690864913
10.0 1.2595584912404632
11.0 1.2516876830539974
12.0 1.2570496903578046
13.0 1.257533703882415
14.0 1.2573169567195457
15.0 1.2604328150756359
16.0 1.2619485070734573
17.0 1.2572664375206741
18.0 1.2623924128674249
19.0 1.2576301278533564
20.0 1.246861746615937
21.0 1.2638278894039623
22.0 1.261684316996253
23.0 1.2623820013991973
24.0 1.2577874824913944
25.0 1.2657354298546117
26.0 1.264240560793245
27.0 1.2623418936685549
28.0 1.267053659483753
29.0 1.2620480073289329
30.0 1.26385604752411
31.0 1.2614274621027384
32.0 1.2649976377210224
33.0 1.2630307047455402
34.0 1.261682778853984
35.0 1.2552979664029253
36.0 1.2680660531627745
37.0 1.261969330009913
38.0 1.2674767423412643
39.0 1.26179115243542
40.0 1.2641707568001868
41.0 1.2673490839656414
42.0 1.2678701289363619
43.0 1.2707129238892843
44.0 1.2692878588209768
45.0 1.2713319309732114
46.0 1.2669364125763574
47.0 1.268656902126554
48.0 1.2673787802280567
49.00000000000001 1.2650362073093997
50.0 1.2669155896399018
51.0 1.2660501391306893
52.0 1.2698756315002198
53.0 1.2632474519084103
54.0 1.2691868204232344
55.0 1.2670150898953767
56.0 1.2586054900862709
57.0 1.2615936900667366
58.0 1.2695624603664097
59.0 1.2637705292361496
60.0 1.2678998251987768
61.0 1.2697583845928244
62.0 1.2675257233978672
63.0 1.2715293933418919
64.0 1.2706639428326791
65.0 1.2685886362757608
66.0 1.2665029182506164
67.0 1.2706921009528285
68.0 1.2679488062553799
69.0 1.2663054558819342
70.0 1.2672006026535636
71.0 1.2670239632213363
72.0 1.262105861711495
73.0 1.2623507669945124
74.0 1.2659417655492549
75.0 1.2596206604676896
76.0 1.2648908022818537
77.0 1.265981873279896
78.0 1.2542543383192157
79.0 1.2616634940597948
80.0 1.2620464691866642
81.0 1.2638961552547527
82.0 1.2660902468613333
83.0 1.2613383733154913
84.0 1.2616233863291542
85.0 1.2655483789541584
86.0 1.263306844433242
87.0 1.2578676979526806
88.0 1.2598049346657483
89.0 1.2662179052369569
90.0 1.2653524547277442
91.0 1.2655186826917417
92.0 1.261265493037897
92.99999999999999 1.259905395154226
94.0 1.2704367842015816
95.0 1.2684609779001383
96.0 1.2651654038272875
97.0 1.2657057335921944
98.00000000000001 1.2667493616759014
98.99999999999999 1.2655098093657797
100.0 1.264997637721022
101.0 1.2667582350018622
102.0 1.2690205924592342
103.00000000000001 1.2691289660406702
104.0 1.2686079210699495
104.99999999999999 1.2683718891128906
106.0 1.269788080855238
107.00000000000001 1.2701710559821076
108.0 1.2698667581742578
109.0 1.2688246682328188
110.0 1.2669661088387711
111.0 1.2655499170964246
112.0 1.2670447861577914
113.0 1.2670447861577925
114.0 1.2688543644952357
115.0 1.2660887087190646
116.0 1.2614906475084735
116.99999999999999 1.2662702929035234
118.0 1.2680170721061683
119.0 1.2659313540810238
120.0 1.2677127742983207
121.0 1.267791451617341
122.0 1.2683718891128908
122.99999999999999 1.265609532002874
124.0 1.2684208701694943
125.0 1.2671427482709978
126.0 1.2709786521087563
127.0 1.2664643486622398
128.0 1.2645448586010946
129.0 1.260362665996125
130.0 1.2627055840012358
131.0 1.2629890588726291
132.0 1.2678388945316779
133.0 1.2664643486622413
134.0 1.2666706843568833
135.0 1.2705555692512451
136.0 1.2690607001898762
137.0 1.267487153809491
138.0 1.2666498614204271
139.0 1.2638987225635159
140.0 1.263635371787514
141.0 1.270206549285949
142.0 1.2742592002865774
143.0 1.2703461572720676
144.0 1.2706801513423327
145.0 1.267770628680886
146.0 1.2682322811267737
147.0 1.2716852098376636
148.0 1.271606532518644
149.0 1.274919853243416
150.0 1.2726679072542713
151.0 1.273297325806427
152.0 1.270533208172521
153.0 1.2708880251792418
154.0 1.2716362287810583
155.0 1.269137839366629
156.0 1.2715070322631694
157.0 1.2701309482514649
158.0 1.2670714061356712
159.0 1.268143192339527
160.0 1.267288153298542
161.0 1.2651148846284177
162.0 1.2647319095015475
163.0 1.2655869485425324
164.0 1.2714001968240014
165.0 1.2677899134750745
166.0 1.2590343699852071
167.0 1.2594350917639967
168.0 1.2569397786341028
169.0 1.2571653991229306
170.0 1.2480505603398553
171.0 1.2441524399557822
172.0 1.244672136290135
173.0 1.2456395854300935
174.0 1.2435612025886413
175.0 1.2437898993620062
176.0 1.2433949746246435
177.0 1.2358596986507075
178.0 1.236532301218039
179.0 1.2460433834934168
180.0 1.2490955904255177
181.0 1.2380084659412809
182.0 1.2206272994177103
183.0 1.2265300404277137
184.0 1.229363791861325
185.0 1.2254060266893694
185.99999999999997 1.2253160856129335
187.0 1.233603493762409
188.0 1.2278673846576906
189.0 1.2278095302751286
190.0 1.226736205929008
191.0 1.2242081202521615
192.0 1.2331892842308563
193.0 1.2268372443267486
194.0 1.2277813721549793
195.0 1.2189648979980128
196.00000000000003 1.2238043221888362
197.00000000000003 1.2215226799372718
197.99999999999997 1.2259197364763947
199.0 1.22888131647898
200.0 1.2277501377502953
201.0 1.2157776975065975
202.0 1.2200575071383266
203.0 1.2198585066273735
204.0 1.2219800734840043
205.0 1.2228513210346423
206.00000000000003 1.2153650261173132
207.0 1.2107715233880176
208.0 1.2060287950012711
209.0 1.2106196918589747
209.99999999999997 1.2022666519267944
210.99999999999997 1.2100441427226591
212.0 1.2032393236986259
213.0 1.1960156807162323
214.00000000000003 1.1908030070136941
215.0 1.1935533065693993
216.0 1.2071764323702396
217.0 1.2022791537968553
218.0 1.1957955269433957
219.0 1.2026428441295325
220.0 1.1902519354551246
220.99999999999997 1.1994097388660456
222.0 1.1991023647736638
223.0 1.2058315827632153
224.0 1.2039209660280272
225.0 1.2038438268512763
226.0 1.2065975330169483
226.99999999999997 1.201326152642658
228.0 1.195092897788213
229.0 1.2084263961485846
230.0 1.2076828069735706
231.0 1.2135523714953325
232.0 1.2040740617669108
233.0 1.209504334921505
233.99999999999997 1.2058377353322822
235.0 1.2036837514563459
236.0 1.2104677475439272
237.00000000000003 1.2005351205533061
238.0 1.2035915863845605
239.00000000000003 1.2108283615920719
240.0 1.196619001254263
241.0 1.1973166856572082
242.0 1.2060587413943125
242.99999999999997 1.1990892325485474
244.0 1.2068782871314518
244.99999999999997 1.2105938677772838
245.99999999999997 1.2001031643698354
247.0 1.2036494407671294
248.0 1.2106740832385707
249.00000000000003 1.1941800043646629
250.0 1.2049780818644935
251.0 1.2134366627302062
252.0 1.1997541444045414
253.00000000000003 1.2080703965272428
254.0 1.2106490014029563
