1.0 2.3103446597436115
2.0 2.328880090012865
3.0 2.3259779025351097
4.0 2.323794222396758
5.0 2.3342494325003655
6.0 2.3258205478970724
7.0 2.331827329973496
8.0 2.3284658804813123
9.0 2.332528942950168
10.0 2.3339154384301004
11.0 2.3287910012256177
12.0 2.3258784022796357
13.0 2.331908397723974
14.0 2.3282027065826147
15.0 2.330493744123894
16.0 2.327533702263575
17.0 2.32759155664614
18.0 2.328278829580858
19.0 2.3346057876493536
20.0 2.3332756084097195
21.0 2.3342004514437633
22.0 2.333189595907007
23.0 2.3335413366291915
24.0 2.3290181598567146
25.0 2.331039018641036
26.0 2.3339451346925166
27.0 2.331152858938464
28.0 2.3365117899577386
29.0 2.3316040999161243
30.0 2.330089946060571
31.0 2.3328556018367412
32.0 2.3299414647484915
33.0 2.3304432249250224
34.0 2.333198469232966
35.0 2.316989403372721
36.0 2.323173677170564
37.0 2.328958767331884
38.0 2.326813656781908
39.0 2.331250821051671
40.0 2.3324205693687325
41.0 2.3276598224969316
42.0 2.324570584118722
43.0 2.3302087311102326
44.0 2.3273748094832705
45.0 2.330455174535519
46.0 2.329147356374606
47.0 2.3291546915582986
48.0 2.3322439299365074
49.00000000000001 2.32923183073505
50.0 2.335883909547851
51.0 2.326133719030882
52.0 2.3376934878852937
53.0 2.3339169765723677
54.0 2.3353717379030914
55.0 2.3400954533287845
56.0 2.3318312585472234
57.0 2.3320672905042805
58.0 2.3376726649488413
59.0 2.338036355281522
60.0 2.330100357528799
61.0 2.3383124949692213
62.0 2.3354785733422587
63.0 2.331939632128657
64.0 2.3383437293739053
65.0 2.332560177354852
66.0 2.334674053500146
67.0 2.3275410374472694
68.0 2.33402688829607
69.0 2.3359344287467225
70.0 2.3413022330919566
71.0 2.3355587888035476
72.0 2.334773553755619
73.0 2.3348996739889762
74.0 2.332646189857563
75.0 2.331593688447899
76.0 2.3320746256879743
77.0 2.3282363314187577
78.0 2.3296163440041875
79.0 2.3301597500536295
80.0 2.3326195698796837
81.0 2.334988762776224
82.0 2.329724717585623
83.0 2.3271684737886282
84.0 2.330394243868421
85.0 2.335275313932153
86.0 2.333407881212145
87.0 2.331682777235145
88.0 2.332301784319072
89.0 2.3306406872937075
90.0 2.326104022768466
91.0 2.3328837599568883
92.0 2.330927238449634
92.99999999999999 2.325495427152768
94.0 2.331026738705109
95.0 2.3391289644218287
96.0 2.339111217769908
97.0 2.3383822989622787
98.00000000000001 2.336691505674499
98.99999999999999 2.3373313356948793
100.0 2.333511640366775
101.0 2.332254341404733
102.0 2.3319500435968834
103.00000000000001 2.3295287933592044
104.0 2.3275128793271187
104.99999999999999 2.330888668861257
106.0 2.3319500435968843
107.00000000000001 2.3297856482527175
108.0 2.334074331210405
109.0 2.3324919115040585
110.0 2.3359922831292854
111.0 2.337497563658878
112.0 2.336366384930191
113.0 2.3374381711340466
114.0 2.3395936931522505
115.0 2.335313883520525
116.0 2.3330371860212007
116.99999999999999 2.3326862975882046
118.0 2.3349293702513867
119.0 2.3360045630652113
120.0 2.3333751086651917
121.0 2.3376564564391846
122.0 2.3384817992177545
122.99999999999999 2.336482093695321
124.0 2.3396692941867356
125.0 2.333268273226023
126.0 2.3381728869831018
127.0 2.3352440795274667
128.0 2.3364435241069454
129.0 2.334564141776442
130.0 2.3374069367293635
131.0 2.335539504009356
132.0 2.3348433577486785
133.0 2.339417053720027
134.0 2.3360902452424908
135.0 2.3387860970256047
136.0 2.3378226844031853
137.0 2.3457409355039878
138.0 2.336602416887251
139.0 2.3323731264543968
140.0 2.3341410589189304
141.0 2.3358646247536625
142.0 2.3361793340297385
143.0 2.3385292421320902
144.0 2.3364878907367457
145.0 2.3311601941221554
146.0 2.325891890032396
147.0 2.3271403156684776
148.0 2.3281986141195694
149.0 2.3323715883121285
150.0 2.3300112687415506
151.0 2.3265494667047006
152.0 2.329883610365928
153.0 2.3359151439525334
154.0 2.3319203473344694
155.0 2.3271877585828165
156.0 2.330691206492576
157.0 2.326147206783644
158.0 2.327643613987278
159.0 2.330477535614241
160.0 2.3317155497820936
161.0 2.334941319861887
162.0 2.3337507486083697
163.0 2.3386970082383587
164.0 2.3367805944617444
165.0 2.334871515868825
166.0 2.333887280309949
167.0 2.336483631837589
168.0 2.3281615826734625
169.0 2.3364346507809834
170.0 2.3312789791718203
171.0 2.3265825695770834
172.0 2.327935962184632
173.0 2.32863364658758
174.0 2.3260565798541304
175.0 2.325131736820086
176.0 2.3254761423585797
177.0 2.3287894630833494
178.0 2.3281631208157285
179.0 2.333336539076816
180.0 2.32262601222196
181.0 2.3167414218051636
182.0 2.310521299175837
183.0 2.3030172576065886
184.0 2.307559719173254
185.0 2.3108271351259577
185.99999999999997 2.320029660694326
187.0 2.322683866604528
188.0 2.3244261952696896
189.0 2.3219252515344806
190.0 2.3186697851922737
191.0 2.3175401446058563
192.0 2.317825157619519
193.0 2.3194773813189253
194.0 2.316987865230456
195.0 2.3165632442306756
196.00000000000003 2.3193096152126573
197.00000000000003 2.3166939788908323
197.99999999999997 2.31376363329293
199.0 2.3121989602385034
200.0 2.314241494248471
201.0 2.317321859300718
202.0 2.3182868100654055
203.0 2.316071895522371
204.0 2.3120963836984942
205.0 2.3210316429051217
206.00000000000003 2.3155242305737693
207.0 2.3085960120732683
208.0 2.3024753896994166
209.0 2.304219778470604
209.99999999999997 2.3029385802875733
210.99999999999997 2.3053567542407114
212.0 2.30618824958835
213.0 2.310839084736452
214.00000000000003 2.3085366195484354
215.0 2.3043755949663747
216.0 2.3038144422650104
217.0 2.3097360641279137
218.0 2.3075924917202046
219.0 2.30691988915287
220.0 2.3080229097614082
220.99999999999997 2.3057917867087174
222.0 2.301090432361749
223.0 2.2989765562164557
224.0 2.300469887135555
225.0 2.3009989531430444
226.0 2.3025274470405512
226.99999999999997 2.303679448705693
228.0 2.3045136648102234
229.0 2.3060744092909244
230.0 2.3003784079168517
231.0 2.2968090845877565
232.0 2.2990833916556235
233.0 2.3037743345343644
233.99999999999997 2.302968276549985
235.0 2.30609608451657
236.0 2.303842600385159
237.00000000000003 2.2988770559609835
238.0 2.299623721420532
239.00000000000003 2.2974030098360703
240.0 2.2975275919271567
241.0 2.3001713863691315
242.0 2.29724104077123
242.99999999999997 2.295815975702922
244.0 2.2865226567689256
244.99999999999997 2.287107875127391
245.99999999999997 2.2874032996092786
247.0 2.2898511698248374
248.0 2.2885424993747354
249.00000000000003 2.2968522686029336
250.0 2.2954241272500893
251.0 2.301669331715032
252.0 2.3102216157947923
253.00000000000003 2.2998315952574426
254.0 2.2966829643544022
