1.0 1.3210394476224117
2.0 1.3763457762744917
3.0 1.3813949427699241
4.0 1.3797690087229662
5.0 1.3762285293670968
6.0 1.3701538117653134
7.0 1.3780975002293716
8.0 1.3787596913284783
9.0 1.3861954670469359
10.0 1.3805870163178429
11.0 1.3867967274789423
12.0 1.3723421063304664
13.0 1.3885974324904264
14.0 1.3894895029775176
15.0 1.388382553795256
16.0 1.3854592130556134
17.0 1.383560545930922
18.0 1.376415580267552
19.0 1.3894837059360932
20.0 1.3861970051892036
21.0 1.3838752552069997
22.0 1.3894628829996385
23.0 1.3897953389276378
24.0 1.3863705683368968
25.0 1.3828276985495689
26.0 1.3838069893562104
27.0 1.3918930065632755
28.0 1.3858486710769855
29.0 1.389670756836549
30.0 1.3847125475960655
31.0 1.392898559273361
32.0 1.3926693682852422
33.0 1.3931013244687136
34.0 1.390988986465691
35.0 1.3907964688492405
36.0 1.393004900497775
37.0 1.3951083651748408
38.0 1.389029388673899
39.0 1.3935155340002698
40.0 1.3951395995795235
41.0 1.396536506527685
42.0 1.3989650919490555
43.0 1.3987498829284537
44.0 1.3986696674671673
45.0 1.3931800017877338
46.0 1.3934842995955845
47.0 1.3945383391475161
48.0 1.3945101810273695
49.00000000000001 1.3963702785636836
50.0 1.4011414369037145
51.0 1.3979052553556943
52.0 1.4005208916775205
53.0 1.3965781524005942
54.0 1.3965260950594565
55.0 1.3993006241615877
56.0 1.3926813178957378
57.0 1.4006782463155587
58.0 1.3968824502084467
59.0 1.3901621055448523
60.0 1.3916554364639517
61.0 1.3937073939601339
62.0 1.3981871920848212
63.0 1.3968793739239087
64.0 1.3969981589735716
65.0 1.393082039674526
66.0 1.3951252595375676
67.0 1.4007152777616656
68.0 1.3958847268968033
69.0 1.4013817277599292
70.0 1.401393677370423
71.0 1.3954496944287957
72.0 1.403629414849915
73.0 1.395078668912423
74.0 1.3974108303628552
75.0 1.3913912463867435
76.0 1.3972831719872325
77.0 1.401108664356762
78.0 1.3970336522774103
79.0 1.4007850817547243
80.0 1.3847214209220213
81.0 1.3965646646478305
82.0 1.3957883029258666
83.0 1.3886969327458993
84.0 1.3846442817452722
85.0 1.3880378179313306
86.0 1.391896082847812
87.0 1.38385852473359
88.0 1.3889730724336031
89.0 1.3960050500887387
90.0 1.3975400268807476
91.0 1.3975103306183332
92.0 1.400817181306743
92.99999999999999 1.4028427001520254
94.0 1.403724300678589
95.0 1.4049059986061465
96.0 1.4013206306567194
97.0 1.399827466173735
98.00000000000001 1.4056214296610139
98.99999999999999 1.402746217688787
100.0 1.4058917723072912
101.0 1.4049075367484167
102.0 1.4039931051826018
103.00000000000001 1.402725394752332
104.0 1.4027342680782926
104.99999999999999 1.4016609437321699
106.0 1.401465019505755
107.00000000000001 1.4022012734970766
108.0 1.4006470119108787
109.0 1.4036664462960287
110.0 1.4070896787445017
111.0 1.4100408472788595
112.0 1.410455056810411
113.0 1.4069546851851846
114.0 1.408547516359759
115.0 1.406746811348275
116.0 1.4029417343892496
116.99999999999999 1.4098537963784037
118.0 1.413622972507637
119.0 1.4105545570658835
120.0 1.4115951088650558
121.0 1.4080515532246516
122.0 1.4022680012055997
122.99999999999999 1.3940261675027585
124.0 1.3940855600275908
125.0 1.3927070855844275
126.0 1.3962827279187062
127.0 1.3965989753370518
128.0 1.3914433037278857
129.0 1.3822349811180905
130.0 1.3822156963239045
131.0 1.3820776264800554
132.0 1.3866648102041645
133.0 1.3893992315756516
134.0 1.393932819816355
135.0 1.4006516263376807
136.0 1.4031781738722593
137.0 1.4038727819906693
138.0 1.397192545057722
139.0 1.3923081030745195
140.0 1.3990005852529013
141.0 1.398975147889644
142.0 1.398938116443533
143.0 1.3994429529045986
144.0 1.394063198948871
145.0 1.400605366037968
146.0 1.4093713209960625
147.0 1.4049059986061494
148.0 1.400535562044908
149.0 1.401822557269366
150.0 1.3998421365411202
151.0 1.3996149779100246
152.0 1.3975500828213347
153.0 1.3934661974160232
154.0 1.392207360311715
155.0 1.394174293287196
156.0 1.3946212753656995
157.0 1.3967679240579438
158.0 1.3996612382097378
159.0 1.4020200196380497
160.0 1.399612257153134
161.0 1.398274742729806
162.0 1.3974567351349296
163.0 1.3934441918649456
164.0 1.3925104755049396
165.0 1.3977996025311543
166.0 1.3950755926278933
167.0 1.3922447472854669
168.0 1.389589003232996
169.0 1.393856863254227
170.0 1.3865675087418228
171.0 1.380505756929044
172.0 1.3831938100570054
173.0 1.3878032989143305
174.0 1.3914147900800946
175.0 1.3856802191176465
176.0 1.3835914248079655
177.0 1.3861893144778692
178.0 1.3887520411693657
179.0 1.3895476876855195
180.0 1.3787357921074899
181.0 1.363726145624514
182.0 1.3534643336230459
183.0 1.3579960815925498
184.0 1.3666665446162072
185.0 1.3533704080273778
185.99999999999997 1.3567129307998138
187.0 1.3617650096904592
188.0 1.3598210958977701
189.0 1.3496295539076086
190.0 1.3462104139221835
191.0 1.3385563528985869
192.0 1.3448993555874138
193.0 1.3409644457089342
194.0 1.3414365096230492
195.0 1.3410228498042656
196.00000000000003 1.3446479674098935
197.00000000000003 1.3404598286351994
197.99999999999997 1.3477223715313955
199.0 1.355501206284405
200.0 1.3621816096534651
201.0 1.3532139334275322
202.0 1.3573676228259042
203.0 1.3523396095923579
204.0 1.3584139691197044
205.0 1.353990950706772
206.00000000000003 1.36377545445975
207.0 1.353605762025752
208.0 1.3529838360526154
209.0 1.3529789432986887
209.99999999999997 1.351435319509536
210.99999999999997 1.3628748384253384
212.0 1.352459578657047
213.0 1.353980431294732
214.00000000000003 1.3549098328100708
215.0 1.3509910512464407
216.0 1.354568175777475
217.0 1.3575125033428945
218.0 1.3544287316806793
219.0 1.3576068949568152
220.0 1.35642179041929
220.99999999999997 1.3606688275040646
222.0 1.3536407784226554
223.0 1.3494268442102648
224.0 1.351544648929282
225.0 1.3538798866642476
226.0 1.3520325910276176
226.99999999999997 1.364196341070926
228.0 1.3514818497944874
229.0 1.344635384897536
230.0 1.344638461182072
231.0 1.3543261828896753
232.0 1.356074830560017
233.0 1.3489522259753703
233.99999999999997 1.3488172324160546
235.0 1.352262634304926
236.0 1.352011768091163
237.00000000000003 1.3463089257481493
238.0 1.346907273784939
239.00000000000003 1.353057428531888
240.0 1.3467354152156314
241.0 1.346636958887671
242.0 1.3461988501351274
242.99999999999997 1.3498731404356916
244.0 1.3504105578053824
244.99999999999997 1.3470376806664628
245.99999999999997 1.3466289378509015
247.0 1.3427034232621395
248.0 1.3260785819790715
249.00000000000003 1.3361632607810596
250.0 1.3403823339308045
251.0 1.3324453199995736
252.0 1.3247458509654588
253.00000000000003 1.3311588467388755
254.0 1.3418219306793884
