1.0 0.6842585562408623
2.0 0.7217912756245943
3.0 0.725000837194732
4.0 0.7253676038119484
5.0 0.7264852947878718
6.0 0.7246651107970807
7.0 0.7306775537746184
8.0 0.7379455633868099
9.0 0.733186354657275
10.0 0.7357827061849119
11.0 0.7377897468910392
12.0 0.7374052336219021
13.0 0.7349187938179685
14.0 0.736725295870878
15.0 0.7403772250927158
16.0 0.7347167170224845
17.0 0.7385394886351228
18.0 0.7375433034657541
19.0 0.7286619700679648
20.0 0.7400447691647187
21.0 0.7383628492028974
22.0 0.7329946893300193
23.0 0.7333124748906324
24.0 0.7316305549288107
25.0 0.7348698127613648
26.0 0.7422951770115959
27.0 0.7334713676709368
28.0 0.7407320420994369
29.0 0.7387859320604109
30.0 0.7427568294574832
31.0 0.7402021238027571
32.0 0.7431428808688869
33.0 0.7466046829057363
34.0 0.7424733545860899
35.0 0.7418809674800448
36.0 0.7429053107695617
37.0 0.7423055884798245
38.0 0.7445961040573444
39.0 0.7416480118075218
40.0 0.7448633704190851
41.0 0.7444996800864037
42.0 0.7431220579324324
43.0 0.7452567570141817
44.0 0.7408388775386044
45.0 0.7404559024117339
46.0 0.7422566074232199
47.0 0.74164801180752
48.0 0.7401917123345274
49.00000000000001 0.7444981419441364
50.0 0.7414995304954413
51.0 0.74481438936248
52.0 0.7448440856248961
53.0 0.7379991588702154
54.0 0.7408508271490962
55.0 0.7449524592063307
56.0 0.7429959376990776
57.0 0.741254625212424
58.0 0.7407825612983082
59.0 0.7409953798874526
60.0 0.7414802457012543
61.0 0.7417381167732767
62.0 0.7424837660543175
63.0 0.7400744654271358
64.0 0.7419627210836001
65.0 0.744480395292217
66.0 0.7412220165547938
67.0 0.7418840437645802
68.0 0.74078256129831
69.0 0.7409399159363498
70.0 0.7416480118075226
71.0 0.7403104973841944
72.0 0.740939915936348
73.0 0.7415693344885044
74.0 0.7416480118075233
75.0 0.7364556950231854
76.0 0.7392090149179236
77.0 0.7370060499853822
78.0 0.7396024015130179
79.0 0.742277430359674
80.0 0.7404763672737524
81.0 0.7431324694006602
82.0 0.7441656860161394
83.0 0.7394450468749819
84.0 0.7416480118075223
85.0 0.7407038839792899
86.0 0.7386582736847885
87.0 0.731452735428757
88.0 0.7447164272492733
89.0 0.7430642035498694
90.0 0.7444803952922167
91.0 0.745817909715544
92.0 0.7439082012150547
92.99999999999999 0.740717232092033
94.0 0.7422373226290321
95.0 0.7412546252124254
96.0 0.7407617383618532
97.0 0.7372864485722416
98.00000000000001 0.7405850989296264
98.99999999999999 0.7428281715928107
100.0 0.7435362674639839
101.0 0.7426708169547716
102.0 0.7428281715928106
103.00000000000001 0.7431428808688887
104.0 0.744323040654178
104.99999999999999 0.7433789128259461
106.0 0.7433002355069274
107.00000000000001 0.7450311365253524
108.0 0.7441656860161395
109.0 0.7462112963106415
110.0 0.7484929385622016
111.0 0.7482569066051437
112.0 0.7469193921818149
113.0 0.7445590726112353
114.0 0.7467620375437763
115.0 0.7477061653720066
116.0 0.7501644470557939
116.99999999999999 0.7458653526298813
118.0 0.7478234122794033
119.0 0.7466239676999253
120.0 0.7490139835329201
121.0 0.7502238395806264
122.0 0.7459455680911676
122.99999999999999 0.7394314793749044
124.0 0.7389016408255396
125.0 0.741175947893406
126.0 0.7444803952922174
127.0 0.7434575901449652
128.0 0.7454349345886762
129.0 0.7444875947830917
130.0 0.7469871360688495
131.0 0.7505161877779808
132.0 0.749444401574125
133.0 0.7511945873867382
134.0 0.7490124453906521
135.0 0.7460716883245223
136.0 0.746475486387847
137.0 0.7455803396162198
138.0 0.7412041060135532
139.0 0.7405610852708298
140.0 0.7405014491093673
141.0 0.7484231345691424
142.0 0.7445486611430067
143.0 0.7445976421996109
144.0 0.7420799679909917
145.0 0.7470856201458133
146.0 0.747459721946722
147.0 0.7474003294218912
148.0 0.7442042556045162
149.0 0.7478531085418211
150.0 0.7449420477381065
151.0 0.7465155941184924
152.0 0.7492885850783567
153.0 0.7469282655077772
154.0 0.7509408087777609
155.0 0.7482850647252935
156.0 0.7491609267027326
157.0 0.7476363613789491
158.0 0.7447638701636115
159.0 0.7467990689898856
160.0 0.7409769473824573
161.0 0.7419210752106891
162.0 0.7442220022564365
163.0 0.7397863761289388
164.0 0.7420873031746872
165.0 0.7404647757376965
166.0 0.7427657027834448
167.0 0.7395889137602569
168.0 0.7460315805938803
169.0 0.7495142055671837
170.0 0.7492454010631758
171.0 0.745251348790489
172.0 0.7378767820662545
173.0 0.7380848158452817
174.0 0.7445112741692551
175.0 0.7394477676318716
176.0 0.742624556655058
177.0 0.7439636092206535
178.0 0.7413286881046413
179.0 0.7379054556561663
180.0 0.7398338190432758
181.0 0.7375622604813052
182.0 0.722620269097258
183.0 0.7235764605262999
184.0 0.717663353914918
185.0 0.7278999483879527
185.99999999999997 0.7295031910307544
187.0 0.7289034687410146
188.0 0.7297110648676619
189.0 0.7239957786994037
190.0 0.7222440547445225
191.0 0.7277514670758752
192.0 0.7224608019073921
193.0 0.7252843120661262
194.0 0.7263472249440224
195.0 0.7263827182478634
196.00000000000003 0.7246132476410619
197.00000000000003 0.7202875332372677
197.99999999999997 0.722359763509652
199.0 0.7223582253673838
200.0 0.7173348265606415
201.0 0.7230501127289033
202.0 0.7163135595556569
203.0 0.7215270855473912
204.0 0.7240046520253642
205.0 0.7275702132168456
206.00000000000003 0.7242850506122237
207.0 0.7085585680781339
208.0 0.7112321667263362
209.0 0.7112984002201098
209.99999999999997 0.7136111945822451
210.99999999999997 0.716699255439417
212.0 0.7115350660319364
213.0 0.7135745237573689
214.00000000000003 0.7145514241325529
215.0 0.7246444820457462
216.0 0.7178427393062431
217.0 0.7116777503025898
218.0 0.7100490702965299
219.0 0.7140126325099106
220.0 0.7111266535418097
220.99999999999997 0.7104675387272417
222.0 0.7035396757543817
223.0 0.7012549572182876
224.0 0.7054753743251823
225.0 0.7070874902939457
226.0 0.7090825813895754
226.99999999999997 0.7068024772802858
228.0 0.7095442338354653
229.0 0.7085064027931832
230.0 0.7105550893722191
231.0 0.7019098131337024
232.0 0.6996162212716444
233.0 0.7081635353969583
233.99999999999997 0.711891421180925
235.0 0.7129527959165525
236.0 0.7112782111384257
237.00000000000003 0.7113881228621282
238.0 0.7060677614312312
239.00000000000003 0.7140928479712
240.0 0.7156902935725753
241.0 0.7169892384075299
242.0 0.7168214723012608
242.99999999999997 0.7162290851952146
244.0 0.7145857348217696
244.99999999999997 0.7139354933331594
245.99999999999997 0.7140365317309018
247.0 0.7079945866760712
248.0 0.7139844743897654
249.00000000000003 0.7052913997092647
250.0 0.7067060533093431
251.0 0.7095280253258117
252.0 0.7180000939442853
253.00000000000003 0.7147311398493137
254.0 0.7120472376766958
