1.0 0.9666533246798265
2.0 1.011851008474745
3.0 1.0125021022525444
4.0 1.0075334815438322
5.0 1.014178389062258
6.0 1.0110026162175818
7.0 1.0098325401218806
8.0 1.0128468633186833
9.0 1.0158212174719483
10.0 1.012169315999114
11.0 1.0129576273315757
12.0 1.0121873929764669
13.0 1.0201454214824786
14.0 1.0138592569977056
15.0 1.019682230894325
16.0 1.0177214504879115
17.0 1.0129112005957472
18.0 1.0208195621920786
19.0 1.0141751488884048
20.0 1.0202094284341137
21.0 1.0203934030500323
22.0 1.0232897934863612
23.0 1.0308388875384886
24.0 1.023251223897986
25.0 1.0241687317483374
26.0 1.0243006490231181
27.0 1.0230907929754123
28.0 1.0259308671714453
29.0 1.0234976673232707
30.0 1.0211863288092964
31.0 1.0277617626600946
32.0 1.0278457428057912
33.0 1.026094018850906
34.0 1.0360713679989741
35.0 1.0270797925520523
36.0 1.0193712837558606
37.0 1.0077814883135974
38.0 1.0151370485707694
39.0 1.0275904260545436
40.0 1.0169555002341746
41.0 1.0249242705338433
42.0 1.0316504122388626
43.0 1.0227644896164851
44.0 1.0325116038489193
45.0 1.0331556927684595
46.0 1.0247194729814708
47.0 1.0308771268014334
48.0 1.0237367755648639
49.00000000000001 1.0256052244633849
50.0 1.0196185794703356
51.0 1.0225238432326242
52.0 1.0339914470152567
53.0 1.0247283463074326
54.0 1.0303472085047527
55.0 1.0287752002666362
56.0 1.0296850174056487
57.0 1.030838557213057
58.0 1.0357581968651661
59.0 1.0331290727905786
60.0 1.035753582438363
61.0 1.0371842781119822
62.0 1.037990858060119
63.0 1.0250681374191222
64.0 1.0326184392880853
65.0 1.0250133593210924
66.0 1.0311042854325285
67.0 1.0269046912620925
68.0 1.0280478196012726
69.0 1.0301111765476954
70.0 1.02554481576004
71.0 1.0245278076542155
72.0 1.0302669930434658
73.0 1.031427868034568
74.0 1.028868547953039
75.0 1.0201234159313994
76.0 1.035057436177683
77.0 1.0251869224687837
78.0 1.035882778956252
79.0 1.0290482636697975
80.0 1.0416231014558126
81.0 1.0479323583767008
82.0 1.0427990478462574
83.0 1.0391918407818623
84.0 1.0387791693925768
85.0 1.0398910633270755
86.0 1.0341179227762498
87.0 1.034321346075676
88.0 1.0367617172182233
89.0 1.0345884485480987
90.0 1.0354153294689357
91.0 1.041896565890936
92.0 1.0450021011525303
92.99999999999999 1.0370614005992775
94.0 1.0377636994290245
95.0 1.0395524548300148
96.0 1.0352163289579894
97.0 1.0385400611509887
98.00000000000001 1.0376449143793616
98.99999999999999 1.03985829078013
100.0 1.0393164228729552
101.0 1.0403392280202068
102.0 1.0399859491557542
103.00000000000001 1.041459995280665
104.0 1.044598214715477
104.99999999999999 1.0434670359867917
106.0 1.046940787634136
107.00000000000001 1.0467730215278692
108.0 1.047935434661239
109.0 1.049940937225098
110.0 1.0499602220192863
111.0 1.049449588516795
112.0 1.0486821001207896
113.0 1.0462326917629627
114.0 1.043910941780759
115.0 1.0405976210559886
116.0 1.039503473773411
116.99999999999999 1.0403986205450382
118.0 1.0419039010746316
119.0 1.044431986751478
120.0 1.043330504285208
121.0 1.0408024186083622
122.0 1.0432013077673177
122.99999999999999 1.0389561391502427
124.0 1.0384019913071396
125.0 1.037686560252273
126.0 1.032810104615343
127.0 1.0310302225403172
128.0 1.0343701632429667
129.0 1.0380757681430224
130.0 1.0362845169135575
131.0 1.0272395124193439
132.0 1.0257550548262035
133.0 1.023011760128756
134.0 1.020808795196214
135.0 1.026467765124177
136.0 1.0267809362579858
137.0 1.0267512399955692
138.0 1.0236026090925299
139.0 1.0167947697294646
140.0 1.0191768724695014
141.0 1.028522248744634
142.0 1.0300201940905356
143.0 1.0257241759491567
144.0 1.0285164517032084
145.0 1.0322648048959886
146.0 1.0330322932919926
147.0 1.034037351787323
148.0 1.0367108424917113
149.0 1.0397406883450888
150.0 1.03976304942381
151.0 1.0357609176220524
152.0 1.0386110477586703
153.0 1.0378242745684778
154.0 1.039463010515122
155.0 1.0330901476745575
156.0 1.0341754216311738
157.0 1.0361512279326166
158.0 1.0337774206092774
159.0 1.0335845726673973
160.0 1.038069179851497
161.0 1.037829219320714
162.0 1.0396990424721824
163.0 1.0441273334159853
164.0 1.042415717191748
165.0 1.043716200168968
166.0 1.046894527334424
167.0 1.0494657970264478
168.0 1.0489459346703511
169.0 1.040830221200869
170.0 1.036264518517284
171.0 1.0350091465152431
172.0 1.0432841667849762
173.0 1.04201617802758
174.0 1.0442681240167253
175.0 1.0450960211160716
176.0 1.0458314228182037
177.0 1.041911896909191
178.0 1.0407525600603558
179.0 1.040851374462753
180.0 1.0418603615318078
181.0 1.033819675134743
182.0 1.029036508691922
183.0 1.0278259087463313
184.0 1.0260407536929397
185.0 1.0273045355494792
185.99999999999997 1.0316562092802903
187.0 1.0249107827810846
188.0 1.030743315856739
189.0 1.0289707689654075
190.0 1.0224228048348845
191.0 1.0292068009224637
192.0 1.0238625402705774
193.0 1.0249728960628086
194.0 1.0164074797579328
195.0 1.0291323825026037
196.00000000000003 1.0231127985264916
197.00000000000003 1.02449775586416
197.99999999999997 1.0249193005794042
199.0 1.019195141085181
200.0 1.016931245485542
201.0 1.0191792629009602
202.0 1.013300139200155
203.0 1.0199329332187719
204.0 1.0170234105573248
205.0 1.0127451390678677
206.00000000000003 1.0084624170409242
207.0 1.0007233041951142
208.0 1.0039177041774046
209.0 0.9945792222699232
209.99999999999997 0.9974887162873767
210.99999999999997 1.0010179066836151
212.0 1.0008214882424422
213.0 1.0065871297202618
214.00000000000003 1.0034214380183797
215.0 1.0002774215421428
216.0 1.0055677563851915
217.0 1.0038056209620843
218.0 1.0096497481205855
219.0 1.0044512480238923
220.0 1.00013286880379
220.99999999999997 1.0033258663366307
222.0 1.0014749976539175
223.0 1.0006836100369256
224.0 1.0005127676461187
225.0 1.0059237560065308
226.0 1.0040088803721894
226.99999999999997 1.0011201806471983
228.0 1.0011275158308917
229.0 1.0012208635172937
230.0 1.0088066586900988
231.0 0.99816167692915
232.0 0.9938475566082019
233.0 0.992974415387655
233.99999999999997 1.001464586185692
235.0 0.9972916119931335
236.0 1.000427937758032
237.00000000000003 1.0003777740868067
238.0 0.998412379253592
239.00000000000003 0.9957254007964388
240.0 1.0042626589811683
241.0 1.0011024339952765
242.0 1.002185814281982
242.99999999999997 1.0039317411954407
244.0 1.0033559181266902
244.99999999999997 1.000168362107628
245.99999999999997 0.9977015626255294
247.0 1.0079026385925125
248.0 0.9993522481826673
249.00000000000003 1.0043741088471387
250.0 0.9992646975376898
251.0 1.002215510544399
252.0 0.9966563963995566
253.00000000000003 0.9999623819406355
254.0 0.9968535032405932
