1.0 1.664124747468199
2.0 1.7063221053172086
3.0 1.7064497636928333
4.0 1.71144808066396
5.0 1.7112714412317345
6.0 1.700234255490308
7.0 1.7073657334009176
8.0 1.7126980444423088
9.0 1.712657936711666
10.0 1.7137401343837482
11.0 1.7148134587298702
12.0 1.714065255128053
13.0 1.7060667885659653
14.0 1.7048881669229419
15.0 1.712883557200496
16.0 1.7138677927593706
17.0 1.709363900781082
18.0 1.7120967840103036
19.0 1.7147050851484347
20.0 1.7189833566378936
21.0 1.713860457575678
22.0 1.7156981940332698
23.0 1.7144690531913773
24.0 1.717360829200903
25.0 1.716680891449878
26.0 1.7150984717435311
27.0 1.7139969892772626
28.0 1.7163067896489708
29.0 1.7137594191779366
30.0 1.7129622345195148
31.0 1.7150672373388491
32.0 1.7141335209788449
33.0 1.7161999542098023
34.0 1.7179902477530586
35.0 1.716175202699621
36.0 1.7122348538541547
37.0 1.7185602737803818
38.0 1.718500881255551
39.0 1.7171930630946386
40.0 1.7146472307658736
41.0 1.714990098162097
42.0 1.7136614570647302
43.0 1.7208330427059821
44.0 1.7179709629588709
45.0 1.714379964404131
46.0 1.7145269075739422
47.0 1.719553382665216
48.0 1.7165636445424826
49.00000000000001 1.714430483603001
50.0 1.7181476023910969
51.0 1.71430128708511
52.0 1.7173504177326753
53.0 1.713958419688884
54.0 1.713927185284202
55.0 1.7138396346392224
56.0 1.7131982664765737
57.0 1.7107800925234318
58.0 1.7191511227441596
59.0 1.7191367827022068
60.0 1.716435986166861
61.0 1.719691452509068
62.0 1.7179709629588713
63.0 1.7160618843659532
64.0 1.7110651055370925
65.0 1.7080456711519432
66.0 1.7048465210500336
67.0 1.708179126568992
68.0 1.7045985394824796
69.0 1.7066665108557058
70.0 1.7029092843369653
71.0 1.70727818275594
72.0 1.7129028419946852
73.0 1.7122822967684914
74.0 1.710236686473988
75.0 1.7182544378302635
76.0 1.7206267070113392
77.0 1.7253770424149135
78.0 1.7193960280271794
79.0 1.7165443597482952
80.0 1.7188077333841767
81.0 1.7164062899044437
82.0 1.7143977110560498
83.0 1.7149010093748491
84.0 1.7166037522731268
85.0 1.719140711275932
86.0 1.7152068453249665
87.0 1.7125568983139243
88.0 1.7218157401225902
89.0 1.7205970107489237
90.0 1.7254557197339322
91.0 1.7205761878124668
92.0 1.7098060507303827
92.99999999999999 1.7109497270973955
94.0 1.7211076442514155
95.0 1.7247653705146782
96.0 1.719105548297522
97.0 1.7157456369476072
98.00000000000001 1.711753916614078
98.99999999999999 1.7160618843659508
100.0 1.7155689975153792
101.0 1.7130617347749872
102.0 1.718175760511244
103.00000000000001 1.7141929135036753
104.0 1.7120774992161134
104.99999999999999 1.7146040467506922
106.0 1.7119675874924118
107.00000000000001 1.712705379626002
108.0 1.7114658273158805
109.0 1.7125792593926463
110.0 1.7104653832473526
111.0 1.7095791098016844
112.0 1.7103064904670464
113.0 1.7102470979422142
114.0 1.715343377026549
115.0 1.716159846479157
116.0 1.721290766578142
116.99999999999999 1.7263404550373307
118.0 1.725868391123215
119.0 1.7249539595574
120.0 1.726370151299748
121.0 1.7276586846664734
122.0 1.7280609445875295
122.99999999999999 1.7243730000980928
124.0 1.7262008470512138
125.0 1.7277462353114519
126.0 1.7241968826296217
127.0 1.724265148480413
128.0 1.7244209649761844
129.0 1.7179084941495024
130.0 1.7158985410481593
131.0 1.7170727399027048
132.0 1.7185884319005267
133.0 1.717350417732674
134.0 1.7177526776537306
135.0 1.715628390040211
136.0 1.7169539548530452
137.0 1.716118200606248
138.0 1.7120230514435173
139.0 1.7063886973329143
140.0 1.7087590421007832
141.0 1.7097646225598693
142.0 1.7115950238337705
143.0 1.7089288683130763
144.0 1.7072959294078576
145.0 1.7067644729689104
146.0 1.709932388666139
147.0 1.7084390577470399
148.0 1.7102189398220693
149.0 1.7118904483156614
150.0 1.7085458931862056
151.0 1.7082014876477145
152.0 1.7063934474525364
153.0 1.70674672631699
154.0 1.7085266083920174
155.0 1.709666660446664
156.0 1.70740584113156
157.0 1.7048777554547134
158.0 1.705328996432375
159.0 1.704563046178637
160.0 1.7087136592924723
161.0 1.7081316836546552
162.0 1.7070687707767602
163.0 1.7055739017153917
164.0 1.7056035979778075
165.0 1.7039440390947058
166.0 1.7074027648470227
167.0 1.708266677213969
168.0 1.7066337383087515
169.0 1.7042525958017156
170.0 1.7004375149004127
171.0 1.6930387706280636
172.0 1.6927938653450456
173.0 1.6975769732955688
174.0 1.6994073745694704
175.0 1.7062048584098142
176.0 1.7091737735960932
177.0 1.7019902383443455
178.0 1.6872729652609335
179.0 1.6708159178331348
180.0 1.6847167214639387
181.0 1.677591204484074
182.0 1.665352339837439
183.0 1.6593679291701229
184.0 1.6604201002543568
185.0 1.6677995597325201
185.99999999999997 1.6677282175971906
187.0 1.661974361840557
188.0 1.667251539256276
189.0 1.6647681757368749
190.0 1.6724874263267304
191.0 1.6694319766739825
192.0 1.669319674518819
193.0 1.6658336429355487
194.0 1.66760209736384
195.0 1.6618932940900837
196.00000000000003 1.6663521335854912
197.00000000000003 1.6715448366407657
197.99999999999997 1.6674374075421086
199.0 1.666224475209868
200.0 1.6606962399420622
201.0 1.6731673640777573
202.0 1.6625042801372398
203.0 1.6535439390949995
204.0 1.6604243591535175
205.0 1.6585584645757763
206.00000000000003 1.6509132768781407
207.0 1.6492182246912026
208.0 1.646805847779488
209.0 1.6409925994980203
209.99999999999997 1.6337913175943517
210.99999999999997 1.6328857593544956
212.0 1.6323172714694387
213.0 1.6294312925013341
214.00000000000003 1.638258178126531
215.0 1.6368107519794974
216.0 1.6313284214837604
217.0 1.635272698902953
218.0 1.6293198426353643
219.0 1.6371135116450828
220.0 1.6413508231147056
220.99999999999997 1.6423848920193764
222.0 1.6338001909203115
223.0 1.6381660130547497
224.0 1.6313195481577984
225.0 1.6261179717765668
226.0 1.6333354621898892
226.99999999999997 1.628910247530616
228.0 1.630707876257565
229.0 1.6321298650413396
230.0 1.6249702290105843
231.0 1.631693980284142
232.0 1.630993905449738
233.0 1.625022286351719
233.99999999999997 1.6295696926706194
235.0 1.627146382326915
236.0 1.6218362684749301
237.00000000000003 1.6161699633632716
238.0 1.6067448935906072
239.00000000000003 1.615671609796704
240.0 1.627927194586365
241.0 1.6230731000281635
242.0 1.6384455593524172
242.99999999999997 1.6444192385564562
244.0 1.6306087315297373
244.99999999999997 1.637622962532948
245.99999999999997 1.6468876013830405
247.0 1.6464733918514904
248.0 1.6418290395978894
249.00000000000003 1.6424712600497302
250.0 1.6378100134334037
251.0 1.639708680558094
252.0 1.6497720422088704
253.00000000000003 1.6391401926730387
254.0 1.6429568117166082
