1.0 1.0438393933387073
2.0 1.0748558927461351
3.0 1.0737945180105068
4.0 1.0763418884815414
5.0 1.0799695604079491
6.0 1.0569363932762748
7.0 1.0807983375454935
8.0 1.0784661760950607
9.0 1.0819503392106349
10.0 1.077287554452041
11.0 1.0758921856461472
12.0 1.0842616777246112
13.0 1.0825469852158394
14.0 1.0827533209104812
15.0 1.0895538810353598
16.0 1.089751343404041
17.0 1.0869872257701383
18.0 1.0886988419943746
19.0 1.0865641429126258
20.0 1.088361771639573
21.0 1.0841162726970648
22.0 1.0865521933021298
23.0 1.080329349915913
24.0 1.084153304143175
25.0 1.0867913015437243
26.0 1.0911956932665372
27.0 1.0789991706762776
28.0 1.0915505102732583
29.0 1.0916380609182377
30.0 1.09234769493168
31.0 1.0907483808626015
32.0 1.0851672359644655
33.0 1.0894856151845684
34.0 1.0881866703496164
35.0 1.087321219840405
36.0 1.0869070103088516
37.0 1.09307507559704
38.0 1.0931938606467022
39.0 1.0890625323270555
40.0 1.0884138289807128
41.0 1.092781189257419
42.0 1.0883158668675055
43.0 1.0952988634660366
44.0 1.0924857647755308
45.0 1.0967343400025722
46.0 1.0752153241796554
47.0 1.088216366612032
48.0 1.0861915792539836
49.00000000000001 1.085375109801374
50.0 1.0849327421496757
51.0 1.0856215532266615
52.0 1.0917286878477521
53.0 1.0870867260256132
54.0 1.0874103086276494
55.0 1.0939702223686683
56.0 1.0935897738135696
57.0 1.101484675406147
58.0 1.1001961420394213
59.0 1.0998694831528502
60.0 1.0998116287702868
61.0 1.1025564616100019
62.0 1.0991926216863597
63.0 1.0981995128015243
64.0 1.0960069593372117
65.0 1.0964790232513277
66.0 1.0957886740320728
67.0 1.0957115348553224
68.0 1.0964686117830988
69.0 1.0963602382016642
70.0 1.0987012729780554
71.0 1.0973147774981236
72.0 1.0953270215861854
73.0 1.0986033108648485
74.0 1.098307886382959
75.0 1.097774891801745
76.0 1.0933793734048909
77.0 1.0911644588618554
78.0 1.0930735374547726
79.0 1.0933496771424744
80.0 1.0897981004653026
81.0 1.0953551797063346
82.0 1.0938217410565916
83.0 1.0927098471220935
84.0 1.092945879079152
85.0 1.0915802065356757
86.0 1.0881376892930137
87.0 1.0941018093180184
88.0 1.0918548080811086
89.0 1.0904787240694038
90.0 1.091728687847753
91.0 1.0891901907026784
92.0 1.0882609036251456
92.99999999999999 1.0877571045976016
94.0 1.0921398210947677
95.0 1.0917078649112968
96.0 1.0910086423660825
97.0 1.0901832995875131
98.00000000000001 1.0920225741873733
98.99999999999999 1.093174575852515
100.0 1.0938826717236887
101.0 1.0955348954230937
102.0 1.0941973809997656
103.00000000000001 1.0925451573003608
104.0 1.0938039944046705
104.99999999999999 1.0958496046991721
106.0 1.0964790232513266
107.00000000000001 1.0978165376746556
108.0 1.0987606655028876
109.0 1.0976591830366167
110.0 1.09726579644152
111.0 1.0962429912942686
112.0 1.095298863466037
113.0 1.0923091253433028
114.0 1.0909716109199743
115.0 1.0922007517618677
116.0 1.0896306621376721
116.99999999999999 1.088863531816105
118.0 1.0956521423304895
119.0 1.0943740204319936
120.0 1.095554180217284
121.0 1.098288601588773
122.0 1.1004113510600253
122.99999999999999 1.1040859716860196
124.0 1.10009664178395
125.0 1.0987888236230374
126.0 1.1030775065807223
127.0 1.1029394367368712
128.0 1.1015722260511271
129.0 1.1011795040540948
130.0 1.1012590271683116
131.0 1.1009011616260622
132.0 1.1012559786327822
133.0 1.1034589435653237
134.0 1.1030462721760388
135.0 1.1012069975761787
136.0 1.1010986239947436
137.0 1.0973815052066473
138.0 1.0942610324237554
139.0 1.0886465410166044
140.0 1.0865135959647487
141.0 1.088686892383878
142.0 1.0942745201765167
143.0 1.091252009506832
144.0 1.0973117012135873
145.0 1.0967817829169093
146.0 1.0956506041882226
147.0 1.0958376550886766
148.0 1.093270999823454
149.0 1.0952676290613517
150.0 1.0913129401739319
151.0 1.0953833378264821
152.0 1.0940770578078363
153.0 1.0932116072986233
154.0 1.0955214076703323
155.0 1.0975685561071016
156.0 1.0955808001951635
157.0 1.0938009181201345
158.0 1.0972627201569833
159.0 1.0987784121548065
160.0 1.096231041683774
161.0 1.0954338570253528
162.0 1.0927973977670717
163.0 1.0956787623083706
164.0 1.0954130340888966
165.0 1.0873374283500563
166.0 1.0909477116989834
167.0 1.0955198695280646
168.0 1.0933450627156727
169.0 1.094574203557566
170.0 1.0845879810835386
171.0 1.082832227105114
172.0 1.0790387069916512
173.0 1.0856671024710853
174.0 1.0858468181878462
175.0 1.0829862765830027
176.0 1.08972282975625
177.0 1.0824235857393734
178.0 1.0773288447973057
179.0 1.0754213043466556
180.0 1.075793868005298
181.0 1.0702978628804551
182.0 1.0638982088639137
183.0 1.0544698963706036
184.0 1.0617684822834088
185.0 1.0638343935506074
185.99999999999997 1.0630496804664349
187.0 1.0644658722087863
188.0 1.0489143830208394
189.0 1.0586985286993844
190.0 1.0600391194072476
191.0 1.0488341675595556
192.0 1.062532894394877
193.0 1.0632618132025085
194.0 1.0552961191873684
195.0 1.0584223890116853
196.00000000000003 1.059287839520897
197.00000000000003 1.0610974178583408
197.99999999999997 1.0592789661949367
199.0 1.0502607707701324
200.0 1.055226315194309
201.0 1.0621425840843168
202.0 1.0610707978804608
203.0 1.0644627959242494
204.0 1.0592373203220262
205.0 1.0593472320457318
206.00000000000003 1.0554638852936333
207.0 1.0470636530252437
208.0 1.0418888327622
209.0 1.0403822057286625
209.99999999999997 1.0440536139298116
210.99999999999997 1.0437494548090651
212.0 1.0463973694630904
213.0 1.0431326994694952
214.00000000000003 1.036900296904239
215.0 1.0467742172231032
216.0 1.0479806666608424
217.0 1.0533515472906099
218.0 1.046211196054042
219.0 1.050195581203877
220.0 1.0482479330225831
220.99999999999997 1.045039909594709
222.0 1.0447934661694265
223.0 1.0515790003992747
224.0 1.047351248108688
225.0 1.0449419474815054
226.0 1.0468005068755526
226.99999999999997 1.0486309081494494
228.0 1.0542451559199706
229.0 1.0403697896524204
230.0 1.0470172540384193
231.0 1.0430833880874548
232.0 1.0481588442353313
233.0 1.0470053044279244
233.99999999999997 1.0393913511349715
235.0 1.0428145835834468
236.0 1.045685536656517
237.00000000000003 1.049089484310805
238.0 1.0432985971080584
239.00000000000003 1.0411727713522698
240.0 1.0399451686526455
241.0 1.0414697339764245
242.0 1.046307620024979
242.99999999999997 1.0441135284184009
244.0 1.0411920561464565
244.99999999999997 1.043877496461343
245.99999999999997 1.040153042489553
247.0 1.0468078420592437
248.0 1.0317106701335002
249.00000000000003 1.0371127851679491
250.0 1.0359191376298953
251.0 1.0468464116476204
252.0 1.0425176209592917
253.00000000000003 1.0328657480831742
254.0 1.0393230852841822
