1.0 1.2494709810661389
2.0 1.2872792257647865
3.0 1.2967107784319536
4.0 1.2908050347532691
5.0 1.303357912492517
6.0 1.2891860778155655
7.0 1.3053367950784958
8.0 1.29876646986925
9.0 1.3007576323911552
10.0 1.305808858992611
11.0 1.2911540547185656
12.0 1.3074626208342826
13.0 1.3008387001416308
14.0 1.2980448862453113
15.0 1.3091044330654622
16.0 1.29964233184669
17.0 1.3004186935686557
18.0 1.2972924237443388
19.0 1.3003488895755972
20.0 1.2998085598106883
21.0 1.30434368619366
22.0 1.3024434809267003
23.0 1.3070187150403152
24.0 1.301754669849714
25.0 1.3057895741984231
26.0 1.3052878140218929
27.0 1.3026440195799187
28.0 1.3015217141771933
29.0 1.3052596559017429
30.0 1.3083843875837926
31.0 1.308130608974814
32.0 1.3092425029093118
33.0 1.3125083807197482
34.0 1.3055253841212178
35.0 1.3052106748451409
36.0 1.3073542472528505
37.0 1.3045322752363817
38.0 1.3048261615760044
39.0 1.2987174888126463
40.0 1.303104133883538
41.0 1.3095275159229744
42.0 1.312212956237858
43.0 1.300328066639141
44.0 1.3028087094016518
45.0 1.3097249782916573
46.0 1.31453470622006
47.0 1.3113652523805657
48.0 1.3046375725332793
49.00000000000001 1.3015845133119925
50.0 1.3014534483264009
51.0 1.3034115079759245
52.0 1.306752986820845
53.0 1.3016389610845878
54.0 1.3025533926504043
55.0 1.310097541950297
56.0 1.3057301816735927
57.0 1.30400661583886
58.0 1.2999273448603517
59.0 1.3023231577347716
60.0 1.3063387772892914
61.0 1.300709503623741
62.0 1.3040586731799986
63.0 1.3106498213256996
64.0 1.3177219067114783
65.0 1.3117601771179304
66.0 1.3113370942604194
67.0 1.3088788125766324
68.0 1.3117023227353672
69.0 1.3139156991361363
70.0 1.312931463577261
71.0 1.3101970422057734
72.0 1.3117200693872884
73.0 1.3119561013443446
74.0 1.308857989640178
75.0 1.3056074680502052
76.0 1.3129507483714495
77.0 1.317484336612152
78.0 1.3127324630663115
79.0 1.3132565843215644
80.0 1.3062474619599063
81.0 1.3104091749418407
82.0 1.297547740495587
83.0 1.296130010610972
84.0 1.300124807229038
85.0 1.306683182827787
86.0 1.3071463734159432
87.0 1.3099209025180725
88.0 1.3071375000899812
89.0 1.3090450405406342
90.0 1.3095275159229771
91.0 1.31330556537817
92.0 1.3068529812910725
92.99999999999999 1.304204464478482
94.0 1.3095363892489362
95.0 1.3102252003259223
96.0 1.311896708819515
97.0 1.3131347229873689
98.00000000000001 1.3163739808199237
98.99999999999999 1.3166501205076253
100.0 1.312165513323525
101.0 1.3082702169609344
102.0 1.3077090642595701
103.00000000000001 1.30875115420101
104.0 1.308228571088023
104.99999999999999 1.310657156509393
106.0 1.310384093106227
107.00000000000001 1.311810696316803
108.0 1.3120170320114446
109.0 1.311485575572497
110.0 1.3126464505635995
111.0 1.3117408923237441
112.0 1.3132639195052593
113.0 1.3117200693872895
114.0 1.3123109183510677
115.0 1.3109541191335523
116.0 1.3040419427065884
116.99999999999999 1.3050918897954773
118.0 1.3104538970992865
119.0 1.3059588784469585
120.0 1.3070514875872683
121.0 1.3117320189977828
122.0 1.3127532860027655
122.99999999999999 1.3051306817654742
124.0 1.315110529288811
125.0 1.314947377609344
126.0 1.3203182582391149
127.0 1.319550769843109
128.0 1.3153581527819216
129.0 1.309332774311184
130.0 1.3111500433599654
131.0 1.312523051087133
132.0 1.3087777741788904
133.0 1.3125558236340853
134.0 1.3135207743987716
135.0 1.3154105681975021
136.0 1.3161765184512397
137.0 1.3153600489986297
138.0 1.31099763347416
139.0 1.3084135618824515
140.0 1.3097898097834737
141.0 1.3087287931222862
142.0 1.3068004297351792
143.0 1.3125646969600442
144.0 1.311650265394227
145.0 1.3046182877390917
146.0 1.3031322920036852
147.0 1.3085016344911868
148.0 1.311195948132032
149.0 1.3126923553356669
150.0 1.3164006007978006
151.0 1.3129580835551407
152.0 1.3157904670398353
153.0 1.3132832042994442
154.0 1.3113829990324863
155.0 1.3125454121658549
156.0 1.3074699560179763
157.0 1.3097620097377634
158.0 1.3066534865653672
159.0 1.3098302755885574
160.0 1.3080087476406164
161.0 1.309031552787867
162.0 1.3103289594805523
163.0 1.309445762319419
164.0 1.3079107855274088
165.0 1.3102784402816816
166.0 1.3069354232944945
167.0 1.30549840861569
168.0 1.3047355346464882
169.0 1.304242647795915
170.0 1.2933003478831626
171.0 1.2966938667614072
172.0 1.3015467960128042
173.0 1.304408875759915
174.0 1.2946201156545687
175.0 1.2919643716021019
176.0 1.2979245630533827
177.0 1.293726507025208
178.0 1.3005031679291006
179.0 1.2930851388625624
180.0 1.2871870606930034
181.0 1.2859170135145157
182.0 1.2674726266116794
183.0 1.2711303053021807
184.0 1.2794239376881031
185.0 1.2817856315116303
185.99999999999997 1.276764623136349
187.0 1.275708523478391
188.0 1.2845714243711803
189.0 1.2751864623291618
190.0 1.2761097672209385
191.0 1.2841259804349459
192.0 1.2789213277691767
193.0 1.2772231992977017
194.0 1.271787459427109
195.0 1.2788175686145424
196.00000000000003 1.2814461707253726
197.00000000000003 1.2755933366770187
197.99999999999997 1.279950285485496
199.0 1.2762806096117347
200.0 1.2805959125473036
201.0 1.2699952974161508
202.0 1.273299744814966
203.0 1.2761305901573912
204.0 1.270802893542799
205.0 1.266867489449567
206.00000000000003 1.2616242671954176
207.0 1.273234309349807
208.0 1.2686050159968008
209.0 1.2592365702254975
209.99999999999997 1.2674743809343774
210.99999999999997 1.2737175248457997
212.0 1.2633657435713925
213.0 1.2703219563027266
214.00000000000003 1.2710083769482534
215.0 1.275582925208789
216.0 1.2642533912700102
217.0 1.2627585222086428
218.0 1.2688760682979616
219.0 1.2671258824853484
220.0 1.2680684721713158
220.99999999999997 1.253179174082473
222.0 1.2579503324225034
223.0 1.2635958145977033
224.0 1.2652360886866145
225.0 1.25826930059774
226.0 1.2602956260980542
226.99999999999997 1.2624449955471893
228.0 1.2464318539133556
229.0 1.2461734608775765
230.0 1.240812991716036
231.0 1.2475302600950944
232.0 1.2450496173325878
233.0 1.2491335027379007
233.99999999999997 1.2394145466256117
235.0 1.2438397612848777
236.0 1.2462548589534896
237.00000000000003 1.2476475070024904
238.0 1.2453554532827018
239.00000000000003 1.2523681461436507
240.0 1.2373955563089898
241.0 1.2454179220920685
242.0 1.2490652368871065
242.99999999999997 1.2536894520573256
244.0 1.2544079593967243
244.99999999999997 1.2471846719419786
245.99999999999997 1.2596291760997933
247.0 1.2660969247690284
248.0 1.2597063152765458
249.00000000000003 1.2544735044906292
250.0 1.2616153938694614
251.0 1.262562597982233
252.0 1.2675964082571993
253.00000000000003 1.2706798495939804
254.0 1.2587432581817692
