1.0 0.9101103504215937
2.0 0.9551479419612579
3.0 0.9693935092049948
4.0 0.9667975132050008
5.0 0.9706303407582224
6.0 0.957058916770883
7.0 0.966605847877744
8.0 0.9676702988979041
9.0 0.9644687583645379
10.0 0.9739467377675293
11.0 0.9709257652401133
12.0 0.9513142898678462
13.0 0.9715493867508428
14.0 0.9677015333025879
15.0 0.9756158558296656
16.0 0.9754520182971252
17.0 0.9769291407065711
18.0 0.9792389410782797
19.0 0.9677027159172126
20.0 0.9747929034825553
21.0 0.9727978123869223
22.0 0.9722929759258593
23.0 0.9746860680433865
24.0 0.9738383641860969
25.0 0.9734881616061763
26.0 0.9793993720008518
27.0 0.9712153926805772
28.0 0.9812282351324842
29.0 0.9772943691815188
30.0 0.9778346989464272
31.0 0.9729447555567364
32.0 0.9805691203179155
33.0 0.9799011321773836
34.0 0.9806879053675797
35.0 0.9795691704641373
36.0 0.982634015406605
37.0 0.9840814415536353
38.0 0.9810812919626738
39.0 0.9877198830227127
40.0 0.9863229760745513
41.0 0.9712956081418633
42.0 0.9864417611242143
43.0 0.9840710300854082
44.0 0.9843263468366521
45.0 0.9859592857418703
46.0 0.9829992438815537
47.0 0.9763664498629424
48.0 0.9799654694544493
49.00000000000001 0.9833525227460055
50.0 0.9823297175987545
51.0 0.9844644166805042
52.0 0.9847004486375635
53.0 0.9829502628249495
54.0 0.9832738454269855
55.0 0.9907200326136729
56.0 0.9808348485373892
57.0 0.9700560558317411
58.0 0.9827929081869095
59.0 0.9732724306218165
60.0 0.9733709146987826
61.0 0.9849958731194512
62.0 0.975642145482113
63.0 0.9823995215918151
64.0 0.9721120775944756
65.0 0.9768816977922358
66.0 0.9809922031754276
67.0 0.9805112659353522
68.0 0.9848088222189989
69.0 0.9862250139613459
70.0 0.9854872218277566
71.0 0.9836583586961238
72.0 0.9824589141166469
73.0 0.9845045244111488
74.0 0.9803242150348971
75.0 0.9855678820522802
76.0 0.9930803521842526
77.0 0.9880153075046004
78.0 0.9874155852148612
79.0 0.9830883326688008
80.0 0.9780075736942474
81.0 0.9752695818234716
82.0 0.9807280130982209
83.0 0.9784463708466623
84.0 0.9833243646258586
85.0 0.9852912976013404
86.0 0.9845832017301679
87.0 0.9846241617500011
88.0 0.9854382407711526
89.0 0.9860780707915349
90.0 0.9863141027485934
91.0 0.9876516171719206
92.0 0.983734617834679
92.99999999999999 0.9851235037460689
94.0 0.9881028581495808
95.0 0.9861166403799116
96.0 0.9939828341395752
97.0 0.9895779204530034
98.00000000000001 0.987461489986932
98.99999999999999 0.9877287563486736
100.0 0.9885749220636981
101.0 0.9881518392061861
102.0 0.9869419831584816
103.00000000000001 0.9877287563486743
104.0 0.98864318791449
104.99999999999999 0.989763955174948
106.0 0.9887901310843008
107.00000000000001 0.9908268680528429
108.0 0.9898129362315526
109.0 0.9913166786188802
110.0 0.9910316656052189
111.0 0.9899301831389482
112.0 0.9886713460346388
113.0 0.9883655100845209
114.0 0.989094428892149
115.0 0.9864683811020957
116.0 0.9863766582467611
116.99999999999999 0.9879241586113315
118.0 0.9863079501795243
119.0 0.9889860553107154
120.0 0.9939531378771589
121.0 0.9943970436711264
122.0 0.997554547900125
122.99999999999999 0.9957997476607106
124.0 0.9946805185425207
125.0 0.9919565086392612
126.0 0.9904230699895187
127.0 0.9933727003816095
128.0 0.9927536932976813
129.0 0.98759494540398
130.0 0.9885984657570438
131.0 0.9906189942159318
132.0 0.9887515614959241
133.0 0.9866762549390068
134.0 0.9884947066024106
135.0 0.9887114537652798
136.0 0.9942782586214619
137.0 0.993009010048925
138.0 0.9928042124965492
139.0 0.9873751779020812
140.0 0.9853317356574173
141.0 0.9860422219600473
142.0 0.983819972233319
143.0 0.9859947790457101
144.0 0.9867221597110718
145.0 0.9907659373857386
146.0 0.9897712903586359
147.0 0.9847656382038146
148.0 0.9867711407676729
149.0 0.9847864611402688
150.0 0.9829664713345974
151.0 0.9864772544280502
152.0 0.9836047632127113
153.0 0.9801741955805451
154.0 0.9817863115493074
155.0 0.9780394964987967
156.0 0.9803492968705055
157.0 0.978924231802197
158.0 0.9764555386501839
159.0 0.9737716364775661
160.0 0.9771933307837721
161.0 0.9797214164606195
162.0 0.9756093729351604
163.0 0.979100871234425
164.0 0.9782948132500445
165.0 0.9791305674968412
166.0 0.9804680819201687
167.0 0.9859650827832931
168.0 0.9848042077921902
169.0 0.9813632286917973
170.0 0.9808984999613735
171.0 0.97487427126266
172.0 0.9747621632926209
173.0 0.9771100390379533
174.0 0.9745642067091862
175.0 0.981478937456926
176.0 0.9788617629928326
177.0 0.9772199507616548
178.0 0.9752692262958278
179.0 0.9728271531216957
180.0 0.9682341723561588
181.0 0.9687021160582229
182.0 0.9524666509167904
183.0 0.9483439342450781
184.0 0.9624905364294275
185.0 0.962031796378753
185.99999999999997 0.9657296303726616
187.0 0.9621328347764989
188.0 0.9621582721397549
189.0 0.9749321559410288
190.0 0.9721680383071256
191.0 0.9707487702802435
192.0 0.9677277977528295
193.0 0.9613742197064472
194.0 0.97119421421648
195.0 0.9703094789130798
196.00000000000003 0.9686156093407616
197.00000000000003 0.9622709046203499
197.99999999999997 0.952449727495696
199.0 0.9624683669890288
200.0 0.9641545458500088
201.0 0.9637804440490976
202.0 0.9590941155971583
203.0 0.9673151263635401
204.0 0.9555771799346349
205.0 0.9547148057099573
206.00000000000003 0.9583011898378956
207.0 0.9481762227930728
208.0 0.9346860063081935
209.0 0.9450513789301909
209.99999999999997 0.9550601971311593
210.99999999999997 0.9537216968251225
212.0 0.9527791071391581
213.0 0.9513420924603557
214.00000000000003 0.9469184159433551
215.0 0.9518098974753137
216.0 0.954574015109215
217.0 0.9566404483401743
218.0 0.9452306989401068
219.0 0.9487175828125705
220.0 0.950580756633417
220.99999999999997 0.9525898296965647
222.0 0.9576628954129884
223.0 0.9433984014495002
224.0 0.9543543555511304
225.0 0.9497538757125825
226.0 0.9552107688450643
226.99999999999997 0.9483955383528005
228.0 0.9492667859034393
229.0 0.9421800301502753
230.0 0.954216121817961
231.0 0.9457397943003295
232.0 0.9508152504482091
233.0 0.9547016734848393
233.99999999999997 0.952761360487238
235.0 0.9477958160630615
236.0 0.9507230853764286
237.00000000000003 0.9523768472181018
238.0 0.9461659534423772
239.00000000000003 0.9445804574514977
240.0 0.9532527091955441
241.0 0.9506073766113031
242.0 0.9455824396622938
242.99999999999997 0.9516718276314619
244.0 0.9467938338522663
244.99999999999997 0.9524289045592419
245.99999999999997 0.9525060437359922
247.0 0.9494079320318243
248.0 0.9460367569244885
249.00000000000003 0.9443293995994098
250.0 0.952700429820142
251.0 0.9464255290927839
252.0 0.9426386063116285
253.00000000000003 0.9396473300466286
254.0 0.9387803413951474
