1.0 1.116338791810051
2.0 1.1483188520732117
3.0 1.1507605949219115
4.0 1.148035046876385
5.0 1.1505646706954955
6.0 1.134404230364211
7.0 1.154923157646242
8.0 1.150563132553229
9.0 1.1608239565726899
10.0 1.1520699512250911
11.0 1.1452902140366694
12.0 1.147887745632134
13.0 1.1499441254693028
14.0 1.154026472732346
15.0 1.156360172325045
16.0 1.1615335905861313
17.0 1.1534436448053351
18.0 1.15564320312791
19.0 1.1540498499895793
20.0 1.1559475009357618
21.0 1.1515030014823027
22.0 1.1637990243280376
23.0 1.1529577628130265
24.0 1.1529917179745988
25.0 1.1586344793929118
26.0 1.1563929448719965
27.0 1.1625000794930862
28.0 1.1661400591044302
29.0 1.1620681233096137
30.0 1.159286259023788
31.0 1.1601189369860516
32.0 1.1586834604495155
33.0 1.1610052104317197
34.0 1.1586819223072495
35.0 1.1582683986287732
36.0 1.1625000794930869
37.0 1.166012400728806
38.0 1.1636015619593587
39.0 1.1693376710640737
40.0 1.1689130500642935
41.0 1.1552633042855767
42.0 1.1624823328411655
43.0 1.1606029505106623
44.0 1.159174809157819
45.0 1.168145561668288
46.0 1.1609338682963948
47.0 1.1644897038727255
48.0 1.1571198035735994
49.00000000000001 1.1675755356409632
50.0 1.1667189584577125
51.0 1.1548965376683584
52.0 1.1642413919797376
53.0 1.1544645814848877
54.0 1.1540696567475248
55.0 1.160699374481602
56.0 1.1563023179424807
57.0 1.1576220857138868
58.0 1.1680965806116848
59.0 1.1611937717254341
60.0 1.1643972084755108
61.0 1.1630226626060731
62.0 1.1629038775564091
63.0 1.1658446346225386
64.0 1.1615382050129344
65.0 1.1649984689075161
66.0 1.1563929448719974
67.0 1.165166235013783
68.0 1.1685300749374254
69.0 1.1647431521562712
70.0 1.167094598400889
71.0 1.1642710882421559
72.0 1.16393709417189
73.0 1.1582009850671735
74.0 1.150628677647132
75.0 1.1500254195486
76.0 1.1638553405683356
77.0 1.1692173478721435
78.0 1.152834363336561
79.0 1.1645071201992108
80.0 1.1647781234963532
81.0 1.1662719763792113
82.0 1.169371626225648
83.0 1.1654836650467508
84.0 1.16259496532176
85.0 1.1648380379849428
86.0 1.1668643634852567
87.0 1.16400722849038
88.0 1.1642872967518072
89.0 1.1654497098851748
90.0 1.1572938886850475
91.0 1.1548356070012635
92.0 1.1651646968715181
92.99999999999999 1.1605983360838616
94.0 1.1665349838417942
95.0 1.1671065480113851
96.0 1.1679844423458445
97.0 1.1729914687536127
98.00000000000001 1.1707835590688365
98.99999999999999 1.1748362100694654
100.0 1.1741385256665182
101.0 1.1688864300864124
102.0 1.1693079748016575
103.00000000000001 1.1688359108875421
104.0 1.1702817988923042
104.99999999999999 1.1707642742746471
106.0 1.1710685720824958
107.00000000000001 1.1720528076413703
108.0 1.1726718147252977
109.0 1.171797490890124
110.0 1.1730474546684735
111.0 1.1724758904988835
112.0 1.1694074750571317
113.0 1.1722888395984308
114.0 1.1722487318677874
115.0 1.1726984347031804
116.0 1.173722784486694
116.99999999999999 1.1677224788107772
118.0 1.1724446560942017
119.0 1.1772840802850246
120.0 1.1743730194813093
121.0 1.1729672392071906
122.0 1.172593137406281
122.99999999999999 1.1731184972216646
124.0 1.1767838582507602
125.0 1.1739707595602524
126.0 1.175446343827431
127.0 1.1753973627708285
128.0 1.1770688712644217
129.0 1.1758905799468329
130.0 1.1787593064777644
131.0 1.1786794490909167
132.0 1.1739202403613824
133.0 1.1780218724186124
134.0 1.1759673887981519
135.0 1.178799772282846
136.0 1.181661852029955
137.0 1.1797439001110763
138.0 1.1784306152341697
139.0 1.181499747272296
140.0 1.1825569710525774
141.0 1.1821574596374185
142.0 1.1789124047634383
143.0 1.1762878951156521
144.0 1.1729730362486104
145.0 1.169778500573502
146.0 1.171922072981211
147.0 1.1708487486350885
148.0 1.1724045483635548
149.0 1.1694622531551584
150.0 1.1707226284017345
151.0 1.1707419131959222
152.0 1.1720096236261928
153.0 1.1721758515901903
154.0 1.1743313736083947
155.0 1.1716324455407485
156.0 1.174545044486732
157.0 1.1756449888107352
158.0 1.1753391528606192
159.0 1.1762095481220682
160.0 1.1762832806888492
161.0 1.1782606251325616
162.0 1.1743564554440107
163.0 1.1714365213143338
164.0 1.174515348224315
165.0 1.1759434895771572
166.0 1.1692663289287435
167.0 1.1717350220807572
168.0 1.1665897619398193
169.0 1.169194986793416
170.0 1.1561744679285302
171.0 1.142385966452886
172.0 1.1475785615643483
173.0 1.152209203683563
174.0 1.15308388304638
175.0 1.1510768423402549
176.0 1.1568202866286645
177.0 1.1625949653217575
178.0 1.1512430703042524
179.0 1.1526546476197985
180.0 1.1472629440535786
181.0 1.1313880945761514
182.0 1.1323353850884574
183.0 1.1570352739273488
184.0 1.14920751595034
185.0 1.1461305575080611
185.99999999999997 1.1475715007605902
187.0 1.1505539036996308
188.0 1.1472911021737282
189.0 1.154083971587268
190.0 1.1542606110194968
191.0 1.1507764479039249
192.0 1.149528022267843
193.0 1.1518675189019678
194.0 1.1457885424010228
195.0 1.1517478815631153
196.00000000000003 1.1527544782007104
197.00000000000003 1.1442967496241925
197.99999999999997 1.1513391387475544
199.0 1.1397408003047627
200.0 1.1411303720692318
201.0 1.154364370174128
202.0 1.1444838005246452
203.0 1.1412669037708163
204.0 1.1445995092897743
205.0 1.1525489947952585
206.00000000000003 1.139847635743933
207.0 1.135444782163388
208.0 1.1224370374491777
209.0 1.128203556418395
209.99999999999997 1.127881842284058
210.99999999999997 1.1324963343859178
212.0 1.1259270253551803
213.0 1.125536715044618
214.00000000000003 1.131129287589492
215.0 1.1321894797104977
216.0 1.1358313277895409
217.0 1.1306370865919975
218.0 1.1301561493519234
219.0 1.129127713599359
220.0 1.1263241740878913
220.99999999999997 1.1227845470212099
222.0 1.1306860676486017
223.0 1.127314370577508
224.0 1.1278130822185124
225.0 1.126170226059819
226.0 1.1320244343611214
226.99999999999997 1.1237703207223548
228.0 1.1246600007779894
229.0 1.1198656290700495
230.0 1.1242457912464388
231.0 1.118458310653659
232.0 1.1268332694481122
233.0 1.1266253956112027
233.99999999999997 1.1254708396252844
235.0 1.1272206951124661
236.0 1.1245610224862725
237.00000000000003 1.1232443309993991
238.0 1.121854759234934
239.00000000000003 1.1320160829989188
240.0 1.1236059612260572
241.0 1.1199924351564814
242.0 1.1165401922986664
242.99999999999997 1.1219929929681038
244.0 1.125437048353031
244.99999999999997 1.130403967030158
245.99999999999997 1.1290359040552227
247.0 1.1335452627495026
248.0 1.1265992975970824
249.00000000000003 1.128461785564855
250.0 1.1347293511085195
251.0 1.1277062467793473
252.0 1.1371147525147154
253.00000000000003 1.1217622638377216
254.0 1.1302536172503816
