1.0 1.1605790226742898
2.0 1.2010311949609316
3.0 1.1918749296922784
4.0 1.1935032541706905
5.0 1.201564189542147
6.0 1.1897876735248634
7.0 1.2010535560396551
8.0 1.2007685430259933
9.0 1.2060815692731992
10.0 1.203522249191671
11.0 1.1976407350594105
12.0 1.1896839143702325
13.0 1.2002594476657686
14.0 1.1984884389166996
15.0 1.2041427944178638
16.0 1.2059539108975763
17.0 1.2052057072957583
18.0 1.204172490680279
19.0 1.2030220271574068
20.0 1.2073612293139653
21.0 1.2038874776666182
22.0 1.202901703965476
23.0 1.207064266689807
24.0 1.2014068349041094
25.0 1.207064266689807
26.0 1.2117181781224422
27.0 1.209081718864161
28.0 1.210055542954808
29.0 1.2105468916631108
30.0 1.2062285124430092
31.0 1.2064942406624837
32.0 1.2032892935191453
33.0 1.2095537827782754
34.0 1.2056110435013507
35.0 1.197935307252109
36.0 1.2057668599971214
37.0 1.2121605457741393
38.0 1.2090119148711012
39.0 1.208817528786955
40.0 1.2055813472389356
41.0 1.2019309561593634
42.0 1.2134000980842627
43.0 1.208767009588082
44.0 1.2072127480018857
45.0 1.205600632033124
46.0 1.2148845556774024
47.0 1.2093651937355552
48.0 1.2126286811145308
49.00000000000001 1.214608415989701
50.0 1.2146469855780768
51.0 1.2132620282404107
52.0 1.2159756266754445
53.0 1.2128879264395023
54.0 1.218012363643987
55.0 1.2165471908450345
56.0 1.2062389239112363
57.0 1.2111466139528508
58.0 1.2167342417454892
59.0 1.208257392264101
60.0 1.2161152346615625
61.0 1.2129770152267498
62.0 1.2062389239112359
63.0 1.216704545483072
64.0 1.20439811116911
65.0 1.214136352075582
66.0 1.2118442983557962
67.0 1.2090311996652885
68.0 1.2148340364785288
69.0 1.2121011532493084
70.0 1.210094112543182
71.0 1.209720010742275
72.0 1.2075764383345649
73.0 1.2059539108975752
74.0 1.2113247915273437
75.0 1.209188554303327
76.0 1.2075571535403773
77.0 1.2172063056596039
78.0 1.217195894191378
79.0 1.2167623998656372
80.0 1.2153985957898594
81.0 1.217863882331905
82.0 1.215608860058229
83.0 1.2083319771200751
84.0 1.2129754770844816
85.0 1.2143025800395821
86.0 1.214065009940259
87.0 1.2174095650697119
88.0 1.2178727556578692
89.0 1.2185141238205175
90.0 1.21694945076609
91.0 1.2128092491204825
92.0 1.2090284511593945
92.99999999999999 1.2130348696093152
94.0 1.212830072056939
95.0 1.2151205876344593
96.0 1.2141976130681167
97.0 1.2122361468086276
98.00000000000001 1.2164299439376391
98.99999999999999 1.2177481735667812
100.0 1.214709454387444
101.0 1.2149454863445017
102.0 1.217541837872139
103.00000000000001 1.2165977100439072
104.0 1.2147287391816302
104.99999999999999 1.2141186054236648
106.0 1.2137148073603403
107.00000000000001 1.21475689730178
108.0 1.2166451529582432
109.0 1.2161835005123545
110.0 1.216115234661563
111.0 1.2166362796322823
112.0 1.2195087708476218
113.0 1.2190262954652782
114.0 1.2184948390263304
115.0 1.2177080658361372
116.0 1.216971824832802
116.99999999999999 1.221026331313143
118.0 1.2209515825678492
119.0 1.222839838224313
120.0 1.2284571622793667
121.0 1.224336245427949
122.0 1.2194092705921462
122.99999999999999 1.218267544702413
124.0 1.2248468789304392
125.0 1.222309919927633
126.0 1.22063841143404
127.0 1.2213569187734423
128.0 1.2239532703010787
129.0 1.2208585652068773
130.0 1.2207749431356245
131.0 1.2210510828233239
132.0 1.2211683297307192
133.0 1.2194551753642153
134.0 1.2158776645622364
135.0 1.2186907632527435
136.0 1.2201767589881505
137.0 1.21997042329351
138.0 1.2214845771490628
139.0 1.2171199935747552
140.0 1.216918188612404
141.0 1.218015084400878
142.0 1.2192650481792267
143.0 1.2158537653412484
144.0 1.2148028020738475
145.0 1.2153921128953593
146.0 1.2155807019380813
147.0 1.220194505640072
148.0 1.222327666579554
149.0 1.222004083977517
150.0 1.2177643820764334
151.0 1.2148726060669055
152.0 1.2155510056756642
153.0 1.2161908356960465
154.0 1.2173902802755234
155.0 1.2165811460066074
156.0 1.2151738275902206
157.0 1.2199627325821718
158.0 1.2187424650662388
159.0 1.219116566867147
160.0 1.2195292382564322
161.0 1.2164237913685692
162.0 1.2130823125236498
163.0 1.2187470794930408
164.0 1.2242440803561634
165.0 1.2232494333290622
166.0 1.2232286103926058
167.0 1.2206041007448205
168.0 1.218755952819
169.0 1.2158256072210987
170.0 1.2020525981062298
171.0 1.1914975881650105
172.0 1.1918277373560628
173.0 1.199743844208833
174.0 1.2014110938032705
175.0 1.2030872167236637
176.0 1.1994962181689222
177.0 1.2011098722799536
178.0 1.200087067132705
179.0 1.1963267643294313
180.0 1.1907345221099899
181.0 1.1842449325110176
182.0 1.1828980873240318
183.0 1.1754194470208408
184.0 1.185834167252075
185.0 1.1810761411371584
185.99999999999997 1.1791484636031302
187.0 1.1815930910980392
188.0 1.18094183343092
189.0 1.185281887876669
190.0 1.1886858355309524
191.0 1.183601506057115
192.0 1.194541912299957
193.0 1.1772313639734406
194.0 1.1880814988144122
195.0 1.1811089136841093
196.00000000000003 1.1948419512086468
197.00000000000003 1.1935460826582291
197.99999999999997 1.1890807602683184
199.0 1.1883148100145822
200.0 1.1878534878941245
201.0 1.1903068248256747
202.0 1.1902563056268045
203.0 1.1848040269211284
204.0 1.1867173644132034
205.0 1.1855878877161046
206.00000000000003 1.184986463394778
207.0 1.1649161122790235
208.0 1.1614994706688668
209.0 1.1580344259113688
209.99999999999997 1.1618267902063049
210.99999999999997 1.1648699599231216
212.0 1.1653901526046537
213.0 1.1705888443396826
214.00000000000003 1.168538975146018
215.0 1.1773250671874915
216.0 1.1767654526283962
217.0 1.1754206030213732
218.0 1.1746828108877863
219.0 1.1674518327217043
220.0 1.1797968366240414
220.99999999999997 1.1728331248196977
222.0 1.1771322192456073
223.0 1.1667275283408742
224.0 1.178305043847203
225.0 1.1826901507758305
226.0 1.171759800473575
226.99999999999997 1.1810541355860813
228.0 1.1773073205355693
229.0 1.176029198637074
230.0 1.169723063505033
231.0 1.1724382000823335
232.0 1.174562487695853
233.0 1.1740830885980469
233.99999999999997 1.1704920900433058
235.0 1.1754472229992539
236.0 1.16295835221164
237.00000000000003 1.1723876808834615
238.0 1.1649060003929335
239.00000000000003 1.1638415493727745
240.0 1.1720937945438425
241.0 1.1709684128565792
242.0 1.163390308395113
242.99999999999997 1.1680010358125705
244.0 1.1708615774174118
244.99999999999997 1.1664170779639553
245.99999999999997 1.1738069489103427
247.0 1.1793945767029794
248.0 1.1742122851159364
249.00000000000003 1.1808018951193706
250.0 1.181413567019601
251.0 1.171151204857878
252.0 1.1709907739353016
253.00000000000003 1.170593128441048
254.0 1.169589608087987
