1.0 1.6911202168239239
2.0 1.7210485298795188
3.0 1.7142406345709493
4.0 1.7224261520334911
5.0 1.7286431983782826
6.0 1.7184031972952787
7.0 1.724828117476981
8.0 1.7252616118027202
9.0 1.7262042014886847
10.0 1.7244050346194693
11.0 1.7258004034253625
12.0 1.72344008385478
13.0 1.7273265068914099
14.0 1.7254856941492833
15.0 1.723745919804898
16.0 1.7266465691403865
17.0 1.7262740054817445
18.0 1.7327760648401986
19.0 1.7289089265977582
20.0 1.7256623335815107
21.0 1.726962816558729
22.0 1.721352827687368
23.0 1.7260557201766051
24.0 1.7313984426862266
25.0 1.7281800077901297
26.0 1.7333059831368787
27.0 1.7243753383570515
28.0 1.7301870484962558
29.0 1.7304616500416872
30.0 1.7255362133481549
31.0 1.7366015572097286
32.0 1.7345069658586239
33.0 1.7243579220305656
34.0 1.7325801406137842
35.0 1.7301921571378083
36.0 1.7357272333745575
37.0 1.7337676355827671
38.0 1.7315438477137715
39.0 1.7298738773624451
40.0 1.734221952844963
41.0 1.7351957769356092
42.0 1.7375769194426431
43.0 1.7361102085014255
44.0 1.7362097087569006
45.0 1.736365525252671
46.0 1.7335628380303907
47.0 1.730758612665843
48.0 1.7311535374032099
49.00000000000001 1.7299109088085542
50.0 1.7321466462880444
51.0 1.724354515420597
52.0 1.7293023131928544
53.0 1.7287828063644015
54.0 1.728545236265078
55.0 1.735981011983535
56.0 1.7361102085014268
57.0 1.7301781751702952
58.0 1.73328669834269
59.0 1.7303548146025214
60.0 1.729115262292401
61.0 1.7286046287899086
62.0 1.7308357518425983
63.0 1.7281132800816048
64.0 1.7331871980872173
65.0 1.7345663583834552
66.0 1.7333653756617102
67.0 1.7283404387127028
68.0 1.7261166508437054
69.0 1.7247880097463364
70.0 1.7331308818469195
71.0 1.7281622611382084
72.0 1.731606316523137
73.0 1.7276323428415292
74.0 1.731704278636346
75.0 1.739563137212315
76.0 1.7383532811646103
77.0 1.7389722882485374
78.0 1.7356173216508552
79.0 1.7372919064289836
80.0 1.7269068306438684
81.0 1.7319684687135501
82.0 1.7392171935315544
83.0 1.7382746038455907
84.0 1.7364353292457313
85.0 1.7377045778182683
86.0 1.7381068377393252
87.0 1.7329422928041986
88.0 1.7357449800264793
89.0 1.7358653032184088
90.0 1.7381855150583452
91.0 1.7338166166393725
92.0 1.7387871058157858
92.99999999999999 1.7260744830070418
94.0 1.7339354016890356
95.0 1.7347429978156832
96.0 1.7393359785812168
97.0 1.7399148779345006
98.00000000000001 1.7418818109099834
98.99999999999999 1.740821974316624
100.0 1.7397293651763144
101.0 1.7409288097557911
102.0 1.7381855150583432
103.00000000000001 1.736110208501426
104.0 1.7381855150583434
104.99999999999999 1.7388847376035588
106.0 1.7379406097753267
107.00000000000001 1.737891628718723
108.0 1.7359142842750124
109.0 1.7371924061735102
110.0 1.736405632983318
111.0 1.7344772695962105
112.0 1.7338493891863234
113.0 1.7314890696157452
114.0 1.733218432491902
115.0 1.7319476457770957
116.0 1.721768961632131
116.99999999999999 1.725985916183552
118.0 1.7220728731690402
119.0 1.7210010869651848
120.0 1.7252215040720782
121.0 1.725132415284832
122.0 1.7242164455767452
122.99999999999999 1.727049845239953
124.0 1.7262099985301118
125.0 1.7204472694475146
126.0 1.727403646068165
127.0 1.7282987928397922
128.0 1.7240768375906288
129.0 1.7140223492658115
130.0 1.7145271857268778
131.0 1.7165238149647757
132.0 1.7217269294882775
133.0 1.7258227645040856
134.0 1.7282586851091482
135.0 1.7340526485964278
136.0 1.7325207480889524
137.0 1.7389425919861201
138.0 1.7381261225335112
139.0 1.7344752094901823
140.0 1.7401108021609148
141.0 1.7333757871299353
142.0 1.740614100479714
143.0 1.7347206367369579
144.0 1.7372398490878438
145.0 1.7320664308267588
146.0 1.7336993697319754
147.0 1.7310436256795063
148.0 1.7239522554995401
149.0 1.7213647772978613
150.0 1.7250313768870877
151.0 1.7238689637537186
152.0 1.726300625459624
153.0 1.7302626495307358
154.0 1.729355553148616
155.0 1.7278622222295166
156.0 1.7276975324077843
157.0 1.728482767455711
158.0 1.725009015808368
159.0 1.7235453811516845
160.0 1.7275386396274828
161.0 1.7239283562785541
162.0 1.7242534770228584
163.0 1.7244925852644508
164.0 1.7225715570610372
165.0 1.724032801286261
166.0 1.7285911410371453
167.0 1.7360670244862477
168.0 1.72696861360016
169.0 1.722948735146481
170.0 1.7117668050283759
171.0 1.7116934027870234
172.0 1.7120516264037118
173.0 1.716128534699771
174.0 1.718566679300176
175.0 1.7102902045826869
176.0 1.7107846295755222
177.0 1.7220162014010996
178.0 1.7139286460517638
179.0 1.7080416652035104
180.0 1.704868804754045
181.0 1.6916394842474716
182.0 1.6780669573928215
183.0 1.68131541464504
184.0 1.6716442595215326
185.0 1.6855045973472553
185.99999999999997 1.677394186704445
187.0 1.6750898530487282
188.0 1.6734063949446392
189.0 1.6845936001404125
190.0 1.67991902966064
191.0 1.680374721175783
192.0 1.6943349173314177
193.0 1.68719712041563
194.0 1.6909826689438303
195.0 1.690254438536074
196.00000000000003 1.6838030622658093
197.00000000000003 1.6860765195912837
197.99999999999997 1.6886686122197623
199.0 1.687632319319748
200.0 1.6726998372157322
201.0 1.679957435359696
202.0 1.6794316095260644
203.0 1.677668457924443
204.0 1.6754921129697842
205.0 1.667472823471239
206.00000000000003 1.6673533500217086
207.0 1.6614771965012411
208.0 1.6482825551988718
209.0 1.6480402198157842
209.99999999999997 1.6527038208253264
210.99999999999997 1.6657045354790614
212.0 1.6652220600967198
213.0 1.6510603065625655
214.00000000000003 1.6415181537718226
215.0 1.6572075489142986
216.0 1.6482146269634321
217.0 1.640149432692815
218.0 1.6524543288645126
219.0 1.6455735532783486
220.0 1.640389723549034
220.99999999999997 1.6445673121683915
222.0 1.6519213342832955
223.0 1.6516764290002752
224.0 1.6459032884494524
225.0 1.6504175918959687
226.0 1.6478790947508968
226.99999999999997 1.6527659618560553
228.0 1.6541493810514503
229.0 1.650202713200801
230.0 1.651227056490317
231.0 1.6485347752064927
232.0 1.6493666008795633
233.0 1.6540645486165662
233.99999999999997 1.6434767353851012
235.0 1.648969971563819
236.0 1.6378066655890389
237.00000000000003 1.6489930210424124
238.0 1.6524048258441506
239.00000000000003 1.641260446589119
240.0 1.6420571092837808
241.0 1.6429135225777134
242.0 1.6478087687940806
242.99999999999997 1.6353234685057514
244.0 1.6473452478804946
244.99999999999997 1.65758489343585
245.99999999999997 1.6491082355927906
247.0 1.6571363984172953
248.0 1.6493724256699958
249.00000000000003 1.6473430238851476
250.0 1.6466864633913552
251.0 1.6515910771484297
252.0 1.6358663551382326
253.00000000000003 1.6388328773462562
254.0 1.6479379653119666
