1.0 1.7840383817845942
2.0 1.8230349152491105
3.0 1.8190658863197384
4.0 1.8190971207244206
5.0 1.8255090751171188
6.0 1.8159281888486822
7.0 1.8261504432797693
8.0 1.8310195637330067
9.0 1.8332047820136264
10.0 1.8341296250476702
11.0 1.8301571895083277
12.0 1.8353548373158375
13.0 1.8236716689849608
14.0 1.8292470168416706
15.0 1.8339529856154424
16.0 1.8347100625432207
17.0 1.826827304746259
18.0 1.8304213795855329
19.0 1.8280417752207678
20.0 1.8319162486468994
21.0 1.8332899422271485
22.0 1.8306222485641837
23.0 1.8319147105046338
24.0 1.8295905700909716
25.0 1.829477251757302
26.0 1.8321186557678166
27.0 1.827825028057899
28.0 1.8379269592970513
29.0 1.8300087081962486
30.0 1.841152729376843
31.0 1.8357151210385507
32.0 1.8323427381143804
33.0 1.832033495554297
34.0 1.833883181622384
35.0 1.8287725624960967
36.0 1.827225305768158
37.0 1.8397365376344972
38.0 1.8353795888260187
39.0 1.8367082299233857
40.0 1.8310122285493142
41.0 1.8352148990042862
42.0 1.8317990017395067
43.0 1.8356260322513038
44.0 1.8283163767662005
45.0 1.829152131012999
46.0 1.8274374385042258
47.0 1.8268851591288227
48.0 1.8295296394238718
49.00000000000001 1.8385563778492056
50.0 1.8267085196965969
51.0 1.8256887908338797
52.0 1.8278461813197848
53.0 1.8277224515178854
54.0 1.8291371051179675
55.0 1.8271019062916927
56.0 1.8268242284617235
57.0 1.8209358733605223
58.0 1.8282549241353443
59.0 1.8218620906475145
60.0 1.8310685447896098
61.0 1.8240454404604363
62.0 1.825409574861645
63.0 1.8294919221246893
64.0 1.8312837538102134
65.0 1.834355245536501
66.0 1.8339468330463728
67.0 1.8340731171690485
68.0 1.8387121943449771
69.0 1.8298363276631826
70.0 1.8324565784118099
71.0 1.832236754964405
72.0 1.8302640249474968
73.0 1.8285863638848323
74.0 1.824998441614626
75.0 1.8332506867856946
76.0 1.8283965922274885
77.0 1.8323601544408685
78.0 1.8311472221086282
79.0 1.8363448699161393
80.0 1.8365404638171205
81.0 1.8407979123701226
82.0 1.83390400455884
83.0 1.8412151981862108
84.0 1.8442330944290921
85.0 1.8434864289695434
86.0 1.8449234436483462
87.0 1.8395228667561598
88.0 1.8503313557242216
89.0 1.8390299799055898
90.0 1.8338060424456322
91.0 1.8313061148889342
92.0 1.8227379265608825
92.99999999999999 1.825800300112656
94.0 1.8359214567331903
95.0 1.8406659950953412
96.0 1.8406743464575441
97.0 1.8424115664811525
98.00000000000001 1.84411892380623
98.99999999999999 1.8428897829643376
100.0 1.8413829642924748
101.0 1.8469810035533412
102.0 1.8476192954314559
103.00000000000001 1.8480022705583257
104.0 1.8463307620647322
104.99999999999999 1.848996917585428
106.0 1.848484745940669
107.00000000000001 1.850236469895549
108.0 1.8517803200135206
109.0 1.8518485858643117
110.0 1.8527140363735246
111.0 1.8511701862555536
112.0 1.8514062182126114
113.0 1.8517714466875588
114.0 1.8487030312458055
115.0 1.8453673494423124
116.0 1.837440725724295
116.99999999999999 1.841341318419565
118.0 1.8431154034531678
119.0 1.845404380888422
120.0 1.8442419677550534
121.0 1.8427085291053091
122.0 1.8407905771864286
122.99999999999999 1.829216798615497
124.0 1.8378749019559164
125.0 1.8383797384169815
126.0 1.8354968357334154
127.0 1.8347960750459331
128.0 1.8350331231815011
129.0 1.826693219421642
130.0 1.8269252668594702
131.0 1.8266610767822642
132.0 1.8294564288208512
133.0 1.8374919268290475
134.0 1.830068100721086
135.0 1.832379439235061
136.0 1.844215347777175
137.0 1.8479621628276859
138.0 1.852111237799253
139.0 1.8397745852591194
140.0 1.8345803440615784
141.0 1.8409136211352553
142.0 1.8462474703189142
143.0 1.8504767607517687
144.0 1.8475865228845072
145.0 1.848039302004438
146.0 1.8504100330432438
147.0 1.8513348760772876
148.0 1.8510082171907154
149.0 1.8506445268580332
150.0 1.8522670542950226
151.0 1.8500359312423353
152.0 1.8425248848148268
153.0 1.8422349270489309
154.0 1.8431107890263712
155.0 1.8480481753304
156.0 1.8471217941540885
157.0 1.84495893695219
158.0 1.8487666826698002
159.0 1.8507262804615932
160.0 1.8495341710658073
161.0 1.8530835237476346
162.0 1.8522076617701944
163.0 1.8532528279961678
164.0 1.8506742231204516
165.0 1.8411943752497595
166.0 1.8459639954475204
167.0 1.8453419120790584
168.0 1.838131756849428
169.0 1.8378941867501004
170.0 1.8260261915141138
171.0 1.810607635779463
172.0 1.8227382829503904
173.0 1.8207783548331684
174.0 1.813881040411916
175.0 1.8101326872191341
176.0 1.8158745933652807
177.0 1.8176841717027246
178.0 1.8098051760433742
179.0 1.8060849809707458
180.0 1.8092557813141823
181.0 1.7879751568685185
182.0 1.7964364825249595
183.0 1.7958313004966522
184.0 1.796036950338218
185.0 1.794419889617219
185.99999999999997 1.7941859177661887
187.0 1.7942295959961168
188.0 1.792422050015693
189.0 1.7888977791694753
190.0 1.7915332222492455
191.0 1.796591453708963
192.0 1.8023982190959287
193.0 1.8021741367493673
194.0 1.7999141697234526
195.0 1.7962731739336006
196.00000000000003 1.7982163715774129
197.00000000000003 1.7973821554728824
197.99999999999997 1.799487680255975
199.0 1.7911753567069981
200.0 1.789120873086536
201.0 1.7923724108550192
202.0 1.7946060882284822
203.0 1.7908771837192117
204.0 1.8007565707540707
205.0 1.7988384549458742
206.00000000000003 1.796481403298156
207.0 1.7869304356737579
208.0 1.7887704788682963
209.0 1.775771196959806
209.99999999999997 1.7760498350227805
210.99999999999997 1.7801746804479273
212.0 1.7852605480640305
213.0 1.7880227972302383
214.00000000000003 1.7880089791520386
215.0 1.780708882845976
216.0 1.7857966189297823
217.0 1.7889788746689599
218.0 1.7782685117034274
219.0 1.7776785150288372
220.0 1.777208841546178
220.99999999999997 1.774534664988717
222.0 1.7832169978755557
223.0 1.7902921595458692
224.0 1.7845968440248736
225.0 1.7839184444161127
226.0 1.7890363987260955
226.99999999999997 1.7866803380546736
228.0 1.7953764890197081
229.0 1.786113388311886
230.0 1.786061330970743
231.0 1.774841708755668
232.0 1.7768560846454848
233.0 1.7843007336899042
233.99999999999997 1.7833700936144394
235.0 1.7905401411134216
236.0 1.7813541795823482
237.00000000000003 1.7773030667239873
238.0 1.7851484375471964
239.00000000000003 1.7846427487969396
240.0 1.7880047202528841
241.0 1.786493973007294
242.0 1.7845567362942263
242.99999999999997 1.7832351000551163
244.0 1.790638103226627
244.99999999999997 1.785363646567799
245.99999999999997 1.7792268156842925
247.0 1.7701630458128519
248.0 1.7749178040048994
249.00000000000003 1.7788126061527407
250.0 1.7752867971642574
251.0 1.7779664404377156
252.0 1.7742832768111911
253.00000000000003 1.782220812706184
254.0 1.781457938736981
