1.0 2.39387905680481
2.0 2.418609858193208
3.0 2.419250540502782
4.0 2.4207083781180416
5.0 2.4175315890948514
6.0 2.4142482949579325
7.0 2.417972418604285
8.0 2.415561579834837
9.0 2.4177220466052733
10.0 2.424398876928256
11.0 2.4160930362737836
12.0 2.41414384995022
13.0 2.4125525569179134
14.0 2.4211314609755528
15.0 2.4221928357111815
16.0 2.4197002433381756
17.0 2.4167239929682056
18.0 2.4232676981995693
19.0 2.4182678430861753
20.0 2.41882745764527
21.0 2.4183955014617977
22.0 2.4178536335546217
23.0 2.417853633554623
24.0 2.4270353361865347
25.0 2.4209548215433254
26.0 2.4240899646936036
27.0 2.4194657495233844
28.0 2.4162014098552156
29.0 2.4241508953607034
30.0 2.4167432777623934
31.0 2.4237679202338342
32.0 2.420089371034113
33.0 2.4248589912318774
34.0 2.427387076908722
35.0 2.423205229390204
36.0 2.4222907978243873
37.0 2.4224095828740504
38.0 2.422106823208469
39.0 2.4159580427144656
40.0 2.4267873546189844
41.0 2.418723698490637
42.0 2.424907972288481
43.0 2.4252539159692392
44.0 2.4215722904849857
45.0 2.4244864275732363
46.0 2.4212575812089083
47.0 2.418883773885566
48.0 2.422979608901372
49.00000000000001 2.4221631394487635
50.0 2.416554688719673
51.0 2.4155214721041944
52.0 2.4288626611759025
53.0 2.421612398215631
54.0 2.424142022034743
55.0 2.4243348699766223
56.0 2.429443098671453
57.0 2.425114307983122
58.0 2.4263627336192033
59.0 2.4200106937150956
60.0 2.419339629290032
61.0 2.421002264457664
62.0 2.424937668550894
63.0 2.4267784812930233
64.0 2.4209532834010594
65.0 2.4243556929130774
66.0 2.425913030783809
67.0 2.418398577746332
68.0 2.426395506166154
69.0 2.424997061075726
70.0 2.4295098263799773
71.0 2.42677540500849
72.0 2.4246734784736894
73.0 2.4245531552817594
74.0 2.4144689706945264
75.0 2.4268259242073604
76.0 2.4215425942225712
77.0 2.420637035982713
78.0 2.4124040756058354
79.0 2.419008711504299
80.0 2.421260657493443
81.0 2.4208537831455836
82.0 2.4191838127942593
83.0 2.419900781991392
84.0 2.414509078425169
85.0 2.4161242706784645
86.0 2.4177082285270806
87.0 2.4169168409100856
88.0 2.425556675634823
89.0 2.422218603399871
90.0 2.417973956746553
91.0 2.425173700507954
92.0 2.421147669485206
92.99999999999999 2.420205079799242
94.0 2.4232750333832622
95.0 2.418532033163381
96.0 2.4180229378031557
97.0 2.413949463866073
98.00000000000001 2.41392284388819
98.99999999999999 2.422148799406809
100.0 2.419170325041497
101.0 2.414059375589775
102.0 2.4176785322646634
103.00000000000001 2.41882745764527
104.0 2.422672234808988
104.99999999999999 2.421390184336766
106.0 2.4189863504255755
107.00000000000001 2.42515133942923
108.0 2.4209043023444523
109.0 2.4266805191798135
110.0 2.4292383011190744
111.0 2.4249426133031284
112.0 2.4268173812068303
113.0 2.425889131562819
114.0 2.421414577772505
115.0 2.4139953686381403
116.0 2.4162978338261563
116.99999999999999 2.4204885546706336
118.0 2.423647597041902
119.0 2.425446763911116
120.0 2.4297177002168824
121.0 2.428075887985704
122.0 2.4275637163409467
122.99999999999999 2.418543982773872
124.0 2.4279867991984587
125.0 2.424743282466749
126.0 2.422173550916993
127.0 2.4178031143557512
128.0 2.4174216773711508
129.0 2.4217569509539825
130.0 2.424007028475426
131.0 2.4244254969061374
132.0 2.417825475434475
133.0 2.4212398345569883
134.0 2.428988781409257
135.0 2.427643931802234
136.0 2.4214461702516306
137.0 2.4272964499792082
138.0 2.431825779320753
139.0 2.422430405810505
140.0 2.4208287013099694
141.0 2.4259650881249475
142.0 2.434037617579255
143.0 2.430605511804821
144.0 2.4363593675614585
145.0 2.4306456195354653
146.0 2.433840155210573
147.0 2.4293331869477486
148.0 2.4318998422129714
149.0 2.4332894139774384
150.0 2.4298854663231517
151.0 2.427762716851899
152.0 2.432011292078943
153.0 2.430253771082637
154.0 2.4234724957519465
155.0 2.4195147305799907
156.0 2.421138796159248
157.0 2.4268629556534704
158.0 2.4239920025803983
159.0 2.4230062288792573
160.0 2.424826218684929
161.0 2.4189196227170533
162.0 2.421633221152085
163.0 2.4291611619423263
164.0 2.425469124989844
165.0 2.4235224929870585
166.0 2.427574127809178
167.0 2.420588054926112
168.0 2.42525391596924
169.0 2.423463622425983
170.0 2.4130939028613323
171.0 2.407219723912765
172.0 2.413393255916947
173.0 2.4223116207608446
174.0 2.4249584914873528
175.0 2.420842519388167
176.0 2.42001802889879
177.0 2.422596633774507
178.0 2.415797611791895
179.0 2.4238288509009327
180.0 2.413719914803517
181.0 2.4150026511288183
182.0 2.413651648952726
183.0 2.4027503090598095
184.0 2.408459798186643
185.0 2.413190848796029
185.99999999999997 2.4146263253325655
187.0 2.422405654300326
188.0 2.416125808820737
189.0 2.4203817192314703
190.0 2.4183777548098804
191.0 2.4131241210875034
192.0 2.409795774467704
193.0 2.412888089130448
194.0 2.4165369420677503
195.0 2.407851202570944
196.00000000000003 2.409668116092081
197.00000000000003 2.4112536120829606
197.99999999999997 2.413548742087285
199.0 2.416666138585642
200.0 2.4157204726151416
201.0 2.412791665159506
202.0 2.410263579482662
203.0 2.4151238266099395
204.0 2.411942423159949
205.0 2.4072572773226315
206.00000000000003 2.4042844335626286
207.0 2.4039898613699284
208.0 2.3998022168099826
209.0 2.395990212193216
209.99999999999997 2.4051657622560616
210.99999999999997 2.4057118890623945
212.0 2.404459204527154
213.0 2.4010595157720256
214.00000000000003 2.403968186144282
215.0 2.408418152313732
216.0 2.4099338443115537
217.0 2.410866022529288
218.0 2.409304425759398
219.0 2.4076378620180385
220.0 2.407449272975317
220.99999999999997 2.4139834190276446
222.0 2.413346665291799
223.0 2.406675301684811
224.0 2.4009646299433527
225.0 2.4051707070082946
226.0 2.407849664428677
226.99999999999997 2.408348348320674
228.0 2.4086695404912533
229.0 2.4075503113730616
230.0 2.406895125132217
231.0 2.4072989231955417
232.0 2.40862756429291
233.0 2.4079549617255767
233.99999999999997 2.4078778225488247
235.0 2.4061622777508616
236.0 2.406853479259306
237.00000000000003 2.4084597981866414
238.0 2.406475118559238
239.00000000000003 2.4086483872293636
240.0 2.4081435507682984
241.0 2.403826709690463
242.0 2.405015742801716
242.99999999999997 2.4050068694757565
244.0 2.4047803966977335
244.99999999999997 2.4083128550168333
245.99999999999997 2.4033843420387653
247.0 2.404015298733187
248.0 2.406090605290105
249.00000000000003 2.4120484063099235
250.0 2.4066398083809704
251.0 2.4054665177611194
252.0 2.408076357041521
253.00000000000003 2.402860548562151
254.0 2.398396600425187
