1.0 0.5507930427627802
2.0 0.5710989245685445
3.0 0.5706643585662858
4.0 0.5700786737420738
5.0 0.577380472079723
6.0 0.5509014894867245
7.0 0.5755964975416477
8.0 0.5723277073359982
9.0 0.5754584276977992
10.0 0.5717681512692049
11.0 0.5611284970317199
12.0 0.5809117200351921
13.0 0.5798778453156404
14.0 0.5627563524975906
15.0 0.5738338401547799
16.0 0.5786722481670937
17.0 0.5684868587460056
18.0 0.5743065899219747
19.0 0.5601122302769834
20.0 0.5649699230834828
21.0 0.5772778955397146
22.0 0.568762834544386
23.0 0.5737121704589103
24.0 0.5845157146747394
25.0 0.5818072248812592
26.0 0.5826004809659497
27.0 0.5745810275780936
28.0 0.5753775263834366
29.0 0.5871359654233623
30.0 0.5691319915930614
31.0 0.5805937983342687
32.0 0.5774176674151497
33.0 0.5813879067081545
34.0 0.5827689354720936
35.0 0.5888189575091991
36.0 0.5756622090716611
37.0 0.5875189405502333
38.0 0.5851130465330184
39.0 0.5841817206044708
40.0 0.5835048591379819
41.0 0.5845044509173183
42.0 0.5792740305628585
43.0 0.5804129000028808
44.0 0.5765307358654125
45.0 0.5942913425549594
46.0 0.5872042312741547
47.0 0.5899297793196834
48.0 0.5818159343179012
49.00000000000001 0.5864695154251016
50.0 0.58926332932142
51.0 0.5876658837200391
52.0 0.5923749287783515
53.0 0.5877773335860133
54.0 0.5939720188520833
55.0 0.5884379865428514
56.0 0.590817590907615
57.0 0.5839294801377608
58.0 0.5845172528170055
59.0 0.5847027378261859
60.0 0.586439819162685
61.0 0.5907315784049076
62.0 0.5816597874966972
63.0 0.5818348887866543
64.0 0.5893018989097978
65.0 0.5925959348403803
66.0 0.5781464223334595
67.0 0.5891163861516101
68.0 0.596001420636934
69.0 0.5931273912793275
70.0 0.5878841690251819
71.0 0.5800905000154685
72.0 0.5892440445272339
73.0 0.5930575872862693
74.0 0.5814010389332738
75.0 0.5996757109374928
76.0 0.5825414465155594
77.0 0.5846179356871063
78.0 0.5821997617339604
79.0 0.5804333674116958
80.0 0.5727537025887262
81.0 0.5860066803645898
82.0 0.5826409467710337
83.0 0.5873025489150068
84.0 0.5857583432693895
85.0 0.5916965291695933
86.0 0.585811938752796
87.0 0.5954714225929367
88.0 0.5945077341901862
89.0 0.5959732625167818
90.0 0.5905769445237559
91.0 0.5935728352155607
92.0 0.5901751268191475
92.99999999999999 0.5934468853655208
94.0 0.5940170965371784
95.0 0.5989857172458916
96.0 0.5950999523133294
97.0 0.5967411064404391
98.00000000000001 0.5964784545054991
98.99999999999999 0.5958490359533443
100.0 0.5933313617447269
101.0 0.5951409400821717
102.0 0.5934887163827655
103.00000000000001 0.5966358091435376
104.0 0.5972652276956919
104.99999999999999 0.5953769720392281
106.0 0.596557131824518
107.00000000000001 0.5985240648000003
108.0 0.5966358091435376
109.0 0.5960063905913832
110.0 0.597343905014712
111.0 0.5960063905913823
112.0 0.5927806205115912
113.0 0.5916004607262998
114.0 0.5927019431925697
115.0 0.59171924577596
116.0 0.5969046526578642
116.99999999999999 0.6000127812922977
118.0 0.6003749334827119
119.0 0.5997231538518358
120.0 0.5999591858088931
121.0 0.5986201332432981
122.0 0.5970851564512869
122.99999999999999 0.59450655157557
124.0 0.5983602020652485
125.0 0.5987728734545336
126.0 0.5999040521832185
127.0 0.6012207436700928
128.0 0.5991840067015511
129.0 0.5958082171674134
130.0 0.5917709223872483
131.0 0.5921578260878412
132.0 0.5966617180661301
133.0 0.6003313939398901
134.0 0.5990235757789768
135.0 0.5993664431752013
136.0 0.6037619615720564
137.0 0.6018039019225345
138.0 0.6015381737030604
139.0 0.6003267795130874
140.0 0.6022607457564984
141.0 0.6007706853070547
142.0 0.604055847911678
143.0 0.6003179061871255
144.0 0.6037203156991449
145.0 0.6024703519207963
146.0 0.601143248965697
147.0 0.6012323377529425
148.0 0.6022848391626101
149.0 0.6012531606893986
150.0 0.5983509732116435
151.0 0.6004663874992054
152.0 0.5991986770689357
153.0 0.599553494075656
154.0 0.5991705189487865
155.0 0.6008717237047958
156.0 0.597056642803493
157.0 0.5979309666386657
158.0 0.5988469363467496
159.0 0.5970863390659085
160.0 0.5982175177945951
161.0 0.5967716297898307
162.0 0.595935875543034
163.0 0.5994971778353592
164.0 0.6006075336275895
165.0 0.5986197777156506
166.0 0.6016858027259453
167.0 0.6036670757433824
168.0 0.5938665299168614
169.0 0.5944691646018169
170.0 0.5948907093170605
171.0 0.5849631632189861
172.0 0.5891933336900401
173.0 0.5906849625775532
174.0 0.5892317393890958
175.0 0.5865374257482532
176.0 0.5951757223307231
177.0 0.592855510490788
178.0 0.5965154607493959
179.0 0.5890033981433751
180.0 0.5870867927284381
181.0 0.5748105488916462
182.0 0.5662832032047546
183.0 0.590537323291475
184.0 0.5936374170242485
185.0 0.5888615358661149
185.99999999999997 0.5925242371774153
187.0 0.5884627128508255
188.0 0.5905426338345462
189.0 0.5919233322730509
190.0 0.5998311719056248
191.0 0.5888904101351365
192.0 0.5879701815278964
193.0 0.590483241309712
194.0 0.5928971563636973
195.0 0.5926607688789947
196.00000000000003 0.5834717310633831
197.00000000000003 0.5938617516007347
197.99999999999997 0.589053917342249
199.0 0.5843803655877772
200.0 0.5890138096116043
201.0 0.5833872567029421
202.0 0.5836009275812745
203.0 0.5917332050880618
204.0 0.592730928399697
205.0 0.5955143308277887
206.00000000000003 0.5871595091167131
207.0 0.5846219202063379
208.0 0.574377740418978
209.0 0.5730205910131377
209.99999999999997 0.584433244922307
210.99999999999997 0.578558243980349
212.0 0.582768249619017
213.0 0.5758728036654672
214.00000000000003 0.5724425915609449
215.0 0.5804156207597757
216.0 0.5824554340128525
217.0 0.5782882568617193
218.0 0.5785493706543899
219.0 0.5788552066045058
220.0 0.5827389088842457
220.99999999999997 0.5814534518020584
222.0 0.5815425405893022
223.0 0.5827034155804066
224.0 0.580348893051249
225.0 0.5800133608387184
226.0 0.5838226446985948
226.99999999999997 0.5804750132846064
228.0 0.5799732531080767
229.0 0.5758211018519753
230.0 0.5737947763516594
231.0 0.5815244384097372
232.0 0.5771898506799835
233.0 0.5715547799730114
233.99999999999997 0.5752287147459275
235.0 0.5817249770629563
236.0 0.5764358500367427
237.00000000000003 0.5828723643012949
238.0 0.5834203847775402
239.00000000000003 0.580276012773657
240.0 0.5785451117552318
241.0 0.5738452955505295
242.0 0.5819162868625698
242.99999999999997 0.5756606709294001
244.0 0.5773233060970325
244.99999999999997 0.5764979633184609
245.99999999999997 0.5828411298966111
247.0 0.5764223622839787
248.0 0.5727912559985938
249.00000000000003 0.5808433180440885
250.0 0.579139037003545
251.0 0.5850487092559521
252.0 0.5843510248530065
253.00000000000003 0.5826779782171446
254.0 0.5847251266539158
