1.0 1.7775839223132206
2.0 1.8051360376140155
3.0 1.8042794604307641
4.0 1.8095168856434842
5.0 1.8113175906549672
6.0 1.805286057068361
7.0 1.8110414509672668
8.0 1.8086498969920048
9.0 1.8149575702663108
10.0 1.8103140703019038
11.0 1.8056393359328153
12.0 1.806870014916975
13.0 1.8146116265855512
14.0 1.8177008649637592
15.0 1.8116145532791241
16.0 1.8197376019322997
17.0 1.805827924975537
18.0 1.8152202222012492
19.0 1.8179249473103227
20.0 1.814403752748643
21.0 1.8205926409732867
22.0 1.8180452705022532
23.0 1.8181432326154598
24.0 1.8167077560789233
25.0 1.8141989551962665
26.0 1.8188320436924452
27.0 1.8115046415554228
28.0 1.8108038808679416
29.0 1.8175226873892663
30.0 1.8170016424185473
31.0 1.8211908251207582
32.0 1.8209177617175896
33.0 1.821369002695251
34.0 1.8234265626002488
35.0 1.8173436575255804
36.0 1.818594473593121
37.0 1.8203165012855849
38.0 1.8216378071992594
39.0 1.8175627951199096
40.0 1.819234303613504
41.0 1.8098315949195622
42.0 1.8094173853880087
43.0 1.8136570872890918
44.0 1.8211730784688374
45.0 1.8197672981947168
46.0 1.8163128313415586
47.0 1.8172569591697907
48.0 1.8186345813237619
49.00000000000001 1.8191412862525302
50.0 1.8193041076065621
51.0 1.820896938781136
52.0 1.8264444588431308
53.0 1.8225194662181246
54.0 1.8134507515944494
55.0 1.8199127032222617
56.0 1.8184980496221816
57.0 1.8172168514391482
58.0 1.8176800420273038
59.0 1.8126254088158804
60.0 1.8123091613975362
61.0 1.8140014928275845
62.0 1.8155349314773277
63.0 1.819921576548221
64.0 1.8144438604792843
65.0 1.81889877140097
66.0 1.815160829676419
67.0 1.8137373027503805
68.0 1.8212428824618974
69.0 1.815450457116884
70.0 1.821291863518501
71.0 1.8202571087607564
72.0 1.820031488271924
73.0 1.8155974002866957
74.0 1.809928018890501
75.0 1.8072101641031042
76.0 1.808109567227098
77.0 1.817620649502474
78.0 1.8173549212829994
79.0 1.8182203717922127
80.0 1.8149505654080529
81.0 1.8170209272127342
82.0 1.8239090379825906
83.0 1.8175450484679874
84.0 1.8175257636738025
85.0 1.8207708185477804
86.0 1.818508461090408
87.0 1.8157339319882775
88.0 1.8124695923201093
89.0 1.8141707970761176
90.0 1.8207083497384144
91.0 1.8218811743400132
92.0 1.814560585422924
92.99999999999999 1.805702249505423
94.0 1.8197152408535802
95.0 1.8203847671363773
96.0 1.818339156841874
97.0 1.8192832846701064
98.00000000000001 1.8181922136720656
98.99999999999999 1.819470335570562
100.0 1.8167864333979442
101.0 1.81161147699459
102.0 1.8129594028861453
103.00000000000001 1.8167343760568055
104.0 1.8149352091875903
104.99999999999999 1.81515195635046
106.0 1.8164034582710769
107.00000000000001 1.8195906587624933
108.0 1.8205451980589513
109.0 1.822837251778739
110.0 1.8218233199574467
111.0 1.8197672981947166
112.0 1.8216169842628054
113.0 1.8205540713849124
114.0 1.8196099435566795
115.0 1.8158615903639017
116.0 1.8076864046222756
116.99999999999999 1.815895545525475
118.0 1.821939028722575
119.0 1.8215174840073298
120.0 1.8204071282150995
121.0 1.8208687806609891
122.0 1.825856686163888
122.99999999999999 1.8104470037551954
124.0 1.8237100374716435
125.0 1.8236120753584368
126.0 1.8207677422632471
127.0 1.814559569244416
128.0 1.8159788372712973
129.0 1.8127069707811119
130.0 1.8161153689728788
131.0 1.8154354312218537
132.0 1.8130720353667398
133.0 1.8059212726619447
134.0 1.8116558436243921
135.0 1.8125108826653762
136.0 1.814421499400563
137.0 1.819701753100818
138.0 1.8271984594863753
139.0 1.819562830967774
140.0 1.8216004202255085
141.0 1.8113812420789572
142.0 1.8046416126211795
143.0 1.7988017443618283
144.0 1.8024830143184385
145.0 1.8017556336530753
146.0 1.799062858154499
147.0 1.8011292913854577
148.0 1.8044144539900806
149.0 1.8080262754812755
150.0 1.806610083738929
151.0 1.806770514661503
152.0 1.8056377977905491
153.0 1.8102234433723918
154.0 1.8090714417072498
155.0 1.810692431001972
156.0 1.80716236311433
157.0 1.806022311059683
158.0 1.8053928925075284
159.0 1.8089646062680802
160.0 1.8186330431814963
161.0 1.8201263741005944
162.0 1.8185053848058734
163.0 1.8171767437085051
164.0 1.8151504182081915
165.0 1.815522981866833
166.0 1.8094085120620504
167.0 1.816765610461494
168.0 1.813673295798749
169.0 1.8146841513355032
170.0 1.80878368273449
171.0 1.8046542228825404
172.0 1.803740643605914
173.0 1.8009584489946568
174.0 1.8087505798621026
175.0 1.8030962243609403
176.0 1.8102766833281543
177.0 1.8078184016443655
178.0 1.805731145476951
179.0 1.800933367159041
180.0 1.8011381647114182
181.0 1.7821497913030753
182.0 1.7599780290008493
183.0 1.761641881724881
184.0 1.7585612383455076
185.0 1.7507310321044358
185.99999999999997 1.7660202526340871
187.0 1.772976437616414
188.0 1.7770023047498418
189.0 1.7751575634339871
190.0 1.7725875015587984
191.0 1.781893100428723
192.0 1.774490097257215
193.0 1.7770898553948205
194.0 1.7798031235044216
195.0 1.7762853355527053
196.00000000000003 1.7711632887796833
197.00000000000003 1.774981776290955
197.99999999999997 1.7634245617573165
199.0 1.759178898925492
200.0 1.76931206456933
201.0 1.7650931856047019
202.0 1.7681496514359607
203.0 1.7656430745486449
204.0 1.769374011414937
205.0 1.762622954310422
206.00000000000003 1.7583045750903192
207.0 1.7393190578471607
208.0 1.7406601800070618
209.0 1.7368177195739887
209.99999999999997 1.7381532364188912
210.99999999999997 1.7337394797021632
212.0 1.7469089740938795
213.0 1.7425535634276694
214.00000000000003 1.7354171407648253
215.0 1.7403367804169325
216.0 1.742192949379524
217.0 1.7368744564163279
218.0 1.7252896057263016
219.0 1.7326081345373627
220.0 1.7284969433010913
220.99999999999997 1.7267003307526534
222.0 1.7313097116661698
223.0 1.7412720349192063
224.0 1.742020238521026
225.0 1.74890988743315
226.0 1.7508088848832721
226.99999999999997 1.7462659013528525
228.0 1.745662772453144
229.0 1.7385214050380684
230.0 1.7510558502723168
231.0 1.7499350830118592
232.0 1.748569410468383
233.0 1.742390933711964
233.99999999999997 1.7575771944249576
235.0 1.7447913610131853
236.0 1.7499944755366905
237.00000000000003 1.7431614983925072
238.0 1.7397054933970806
239.00000000000003 1.751679802108481
240.0 1.74733139630053
241.0 1.748429802482263
242.0 1.7509725585264941
242.99999999999997 1.7467833758242859
244.0 1.7495474934581887
244.99999999999997 1.735808658892226
245.99999999999997 1.7356323497854336
247.0 1.731438552656415
248.0 1.7266643180318533
249.00000000000003 1.742264785729601
250.0 1.7587789991400955
251.0 1.752291801787353
252.0 1.7508008612997106
253.00000000000003 1.7434303028965124
254.0 1.7522020548960353
