1.0 1.801012165677898
2.0 1.8482950048720752
3.0 1.8441902965303083
4.0 1.8474399658310916
5.0 1.8486586952047577
6.0 1.8380418438149448
7.0 1.8470153448313105
8.0 1.8477026177660303
9.0 1.8449504497426206
10.0 1.8441235688217854
11.0 1.845719476280895
12.0 1.8471757757538843
13.0 1.8461811287267809
14.0 1.849966513365668
15.0 1.8448332028352274
16.0 1.8510784073001665
17.0 1.8442631768079027
18.0 1.8491411705870986
19.0 1.8479610108018099
20.0 1.8454433365931924
21.0 1.850726666577981
22.0 1.851375369924324
23.0 1.8481777579646794
24.0 1.8502931722522398
25.0 1.8515624208247772
26.0 1.8525065486530083
27.0 1.8529786125671242
28.0 1.8513248507254534
29.0 1.8509195145198616
30.0 1.8483825555170554
31.0 1.8540553435232143
32.0 1.8491619935235546
33.0 1.8543354117846425
34.0 1.8523877636033461
35.0 1.847794782837811
36.0 1.8489244234242306
37.0 1.8533719991622222
38.0 1.8556239451513663
39.0 1.8546798173231356
40.0 1.8580139609843622
41.0 1.8531151442687097
42.0 1.8571188142127337
43.0 1.8543948043094736
44.0 1.8472875559452875
45.0 1.8557708883211774
46.0 1.8558109960518208
47.0 1.8459539700956855
48.0 1.852875183737927
49.00000000000001 1.8467545613640748
50.0 1.8515296482778285
51.0 1.8494335187844555
52.0 1.8569302251700115
53.0 1.8535783348568644
54.0 1.8528598275174637
55.0 1.8509997299811474
56.0 1.8535366889839535
57.0 1.855307697733023
58.0 1.8610333953695106
59.0 1.8585647022174976
60.0 1.8524872638588228
61.0 1.855053919124043
62.0 1.8600121283645272
63.0 1.8588690000253467
64.0 1.8529786125671264
65.0 1.8534892460696184
66.0 1.8535921529350599
67.0 1.8588601266993872
68.0 1.8589195192242176
69.0 1.861830580027933
70.0 1.8596661846837679
71.0 1.8581906004165876
72.0 1.8519750922140628
73.0 1.8526743147592752
74.0 1.8586923605931187
75.0 1.857363719495752
76.0 1.8569406366382395
77.0 1.8562444903775601
78.0 1.8560782624135608
79.0 1.856854624135527
80.0 1.8554209081228785
81.0 1.8581609041541722
82.0 1.862883081437599
83.0 1.8592149437061078
84.0 1.8604633693421875
85.0 1.8587428797919907
86.0 1.852438282802217
87.0 1.8525099552629765
88.0 1.8552305585562678
89.0 1.8587903227063254
90.0 1.859528114839915
91.0 1.8571380990069197
92.0 1.846850437307177
92.99999999999999 1.8414866435452508
94.0 1.8542671459338493
95.0 1.8527529920782937
96.0 1.8511690342296805
97.0 1.8518948767527739
98.00000000000001 1.8513055659312636
98.99999999999999 1.8447159559278306
100.0 1.8468788131297278
101.0 1.8454819061815673
102.0 1.8498299816640862
103.00000000000001 1.8545506208052456
104.0 1.8560855975972539
104.99999999999999 1.855169627889171
106.0 1.8537757972255455
107.00000000000001 1.8552513814927238
108.0 1.853550176736715
109.0 1.8538633478705262
110.0 1.8534313916870517
111.0 1.8533021951691613
112.0 1.8589091077559885
113.0 1.855900084839068
114.0 1.8589596269548603
115.0 1.8585647022174967
116.0 1.8554323357696159
116.99999999999999 1.8586611261884363
118.0 1.8590278928056514
119.0 1.850135817614203
120.0 1.8546782791808665
121.0 1.857669555445869
122.0 1.8592238170320678
122.99999999999999 1.8523821889435415
124.0 1.8548965644860036
125.0 1.85653991485945
126.0 1.85890910775599
127.0 1.8575017893396037
128.0 1.8489244234242306
129.0 1.8455496977470855
130.0 1.851068984261444
131.0 1.8494423921104175
132.0 1.8501103802509469
133.0 1.8456095645571933
134.0 1.8539613099837355
135.0 1.8538722211964873
136.0 1.8554665905133298
137.0 1.8587799112381005
138.0 1.858475613430251
139.0 1.8472364068388474
140.0 1.8554693112702192
141.0 1.8559564010793637
142.0 1.8528968589635717
143.0 1.848403378453512
144.0 1.844852487629417
145.0 1.8455412987064028
146.0 1.8461811287267855
147.0 1.847901618276981
148.0 1.8472440416046785
149.0 1.847224756810491
150.0 1.850872071605529
151.0 1.8520329465966299
152.0 1.8511987304921003
153.0 1.8506360396484691
154.0 1.8530380050919601
155.0 1.8525940992979926
156.0 1.851090356910666
157.0 1.8484538976523848
158.0 1.8488264613110257
159.0 1.8447842217786274
160.0 1.8488650308994041
161.0 1.8440849992334134
162.0 1.8466828889033178
163.0 1.8508913563997178
164.0 1.8492302593743528
165.0 1.8487493221342735
166.0 1.8451166777066241
167.0 1.8441532650842047
168.0 1.8480069155738827
169.0 1.837808560363789
170.0 1.8276634451094576
171.0 1.818983666543396
172.0 1.8172407079706612
173.0 1.8220164247919863
174.0 1.827399255032249
175.0 1.8338731562705544
176.0 1.8370098375631012
177.0 1.8288362697110534
178.0 1.8271350649550455
179.0 1.8271929193376082
180.0 1.819984302250247
181.0 1.8209185924424718
182.0 1.8143816767590766
183.0 1.8099050624152475
184.0 1.8115700880143366
185.0 1.81104953725837
185.99999999999997 1.8052834015658061
187.0 1.8040436853663648
188.0 1.7999708972823576
189.0 1.8056959090657694
190.0 1.8090346671537973
191.0 1.815958271227497
192.0 1.8117602151993284
193.0 1.8162760567881104
194.0 1.814830168783346
195.0 1.8158144043422215
196.00000000000003 1.8202870619158273
197.00000000000003 1.8139944145365505
197.99999999999997 1.807186519227978
199.0 1.8106186250024099
200.0 1.8192746682368028
201.0 1.8119769623621962
202.0 1.8143388200750403
203.0 1.8078799447317622
204.0 1.805091927876873
205.0 1.8067811830223857
206.00000000000003 1.800611579591928
207.0 1.7954724720200577
208.0 1.7837761714640652
209.0 1.784867242462109
209.99999999999997 1.792442626166686
210.99999999999997 1.797642664405652
212.0 1.7892434760647724
213.0 1.7794963618323412
214.00000000000003 1.782223448020137
215.0 1.786149978787407
216.0 1.781126224453023
217.0 1.7855618505805237
218.0 1.7786903038479585
219.0 1.794566913780204
220.0 1.7908409216661478
220.99999999999997 1.792089347302231
222.0 1.795935662608215
223.0 1.7939359570857818
224.0 1.7945194708658658
225.0 1.791676675912944
226.0 1.7956996306511583
226.99999999999997 1.7902485345600994
228.0 1.7895493120148884
229.0 1.77957811543589
230.0 1.7823985493100911
231.0 1.7773068846525593
232.0 1.7772667769219153
233.0 1.7775309669991206
233.99999999999997 1.7827903977629216
235.0 1.779594323945542
236.0 1.777137580404027
237.00000000000003 1.7780327271756522
238.0 1.7818435491777982
239.00000000000003 1.794243331178166
240.0 1.7922497782248015
241.0 1.7856883263415189
242.0 1.79376239393809
242.99999999999997 1.7822650938930422
244.0 1.7873598348351094
244.99999999999997 1.7955823837437594
245.99999999999997 1.7873791196292972
247.0 1.795144960844297
248.0 1.7856700577258384
249.00000000000003 1.7794048826136293
250.0 1.7837835066477585
251.0 1.787426562543634
252.0 1.7935753430376327
253.00000000000003 1.7926385503930962
254.0 1.7813173678165177
