1.0 1.7432497041906634
2.0 1.7755156454126833
3.0 1.776624463062645
4.0 1.778949289329383
5.0 1.7814877864744567
6.0 1.7703005812786852
7.0 1.7836506436763533
8.0 1.7791259287616104
9.0 1.7807484561986004
10.0 1.7805525319721858
11.0 1.7758615890934424
12.0 1.781063165474676
13.0 1.7771886920485418
14.0 1.778594472322663
15.0 1.786257406672219
16.0 1.7866403817990888
17.0 1.7855388993328176
18.0 1.7828831552803481
19.0 1.7860125013892014
20.0 1.7879987191588715
21.0 1.7839356566900149
22.0 1.7875845096273202
23.0 1.7848011071992278
24.0 1.7872015345004508
25.0 1.7862662799981792
26.0 1.7877329909393975
27.0 1.7844478283347747
28.0 1.7846734488236047
29.0 1.780453031716711
30.0 1.7880862698038529
31.0 1.7878398263785662
32.0 1.7882332129736611
33.0 1.790229842211561
34.0 1.7859812669845183
35.0 1.7842617936128313
36.0 1.7805509938299189
37.0 1.7856087033258774
38.0 1.785008981036138
39.0 1.7833953269251082
40.0 1.7837694287260175
41.0 1.7863866031901094
42.0 1.7824897686852517
43.0 1.7869670406856601
44.0 1.786019836572894
45.0 1.7844775245971913
46.0 1.7860020899209719
47.0 1.7830420480606546
48.0 1.7901719878289972
49.00000000000001 1.7839356566900153
50.0 1.7887750808808371
51.0 1.7844092587463998
52.0 1.7851262279435327
53.0 1.788843346731628
54.0 1.7872875470031635
55.0 1.7896598161842383
56.0 1.788726099824233
57.0 1.7878903455774373
58.0 1.789463891957823
59.0 1.7893956261070323
60.0 1.7888329352634005
61.0 1.7877363975493648
62.0 1.7967022053075996
63.0 1.791932585109837
64.0 1.7963281035066923
65.0 1.7918242115284027
66.0 1.790338215792994
67.0 1.7917069646210066
68.0 1.7906737480055295
69.0 1.7924937378112007
70.0 1.7921879018610842
71.0 1.7912052044444766
72.0 1.7900130950486917
73.0 1.788262909236078
74.0 1.7903976083178255
75.0 1.7958382929406527
76.0 1.7958174700041998
77.0 1.7944799555808695
78.0 1.7915866414290762
79.0 1.7958768625290298
80.0 1.7963682112373345
81.0 1.7947857915309877
82.0 1.7928084470872776
83.0 1.793997480198527
84.0 1.7944309745242664
85.0 1.7937822711779234
86.0 1.792827731881464
87.0 1.7919711546982124
88.0 1.7911843815080197
89.0 1.790859260763715
90.0 1.793278972859125
91.0 1.791145811919644
92.0 1.7796584013790668
92.99999999999999 1.7794288523165134
94.0 1.7879096303716222
95.0 1.7937629863837363
96.0 1.791835639175139
97.0 1.7877908453219618
98.00000000000001 1.7892872525255958
98.99999999999999 1.7930251942501478
100.0 1.7885301755978185
101.0 1.791558483308928
102.0 1.7928663014698412
103.00000000000001 1.7938489988864488
104.0 1.79307417530675
104.99999999999999 1.7920320853653116
106.0 1.7940672841915861
107.00000000000001 1.7925531303360314
108.0 1.7926318076550511
109.0 1.7934868466960352
110.0 1.7917945152659867
111.0 1.7937228786530939
112.0 1.79182574967067
113.0 1.790448127516699
114.0 1.7893852146388043
115.0 1.7855878803894207
116.0 1.7820036430563095
116.99999999999999 1.7854039057735027
118.0 1.7895232844826539
119.0 1.7912140777704353
120.0 1.79213892080448
121.0 1.7926510924492385
122.0 1.7882733207043051
122.99999999999999 1.7794955800250363
124.0 1.778030243336767
125.0 1.784423929113786
126.0 1.789076302404154
127.0 1.7849183541066265
128.0 1.7834115354347646
129.0 1.7775992235844906
130.0 1.7755893502304596
131.0 1.7695924854075082
132.0 1.7706079553710656
133.0 1.7702114924914358
134.0 1.7750227585621094
135.0 1.7788794853363261
136.0 1.779764220639725
137.0 1.7819583122463063
138.0 1.7845249675115276
139.0 1.7833714277041197
140.0 1.7791139791511148
141.0 1.788625061426492
142.0 1.7846927336177938
143.0 1.7844270053983209
144.0 1.7844655749866958
145.0 1.7879586114282293
146.0 1.7876334906839237
147.0 1.7862454570617259
148.0 1.7865200586071597
149.0 1.7888715048517774
150.0 1.7869327299964437
151.0 1.782231375649474
152.0 1.7852789681547716
153.0 1.7892336570421927
154.0 1.792017059470284
155.0 1.7906810831892217
156.0 1.7905341400194108
157.0 1.7872192811523728
158.0 1.7919295088253036
159.0 1.7898750252048412
160.0 1.7872088696841442
161.0 1.7881144279240004
162.0 1.7892768410573696
163.0 1.7865215967494263
164.0 1.788498941193137
165.0 1.7882821940302653
166.0 1.7841227075904695
167.0 1.784545790447982
168.0 1.793436327497165
169.0 1.7884796563989462
170.0 1.7878783959669406
171.0 1.7833470902138826
172.0 1.7828855457118076
173.0 1.781993805550146
174.0 1.783049383244348
175.0 1.7738514721027827
176.0 1.778278224904319
177.0 1.7753359296959221
178.0 1.7704267015120414
179.0 1.7665402784754136
180.0 1.7645035415068693
181.0 1.7559273598910499
182.0 1.7451900821745583
183.0 1.7432625338393506
184.0 1.749476173574175
185.0 1.7421607210476482
185.99999999999997 1.7508657453386454
187.0 1.7500612254965324
188.0 1.742157644763114
189.0 1.737180150728446
190.0 1.736127649318777
191.0 1.7449193719655611
192.0 1.7466383233734901
193.0 1.7449128890710592
194.0 1.7456460667778482
195.0 1.7381123289461826
196.00000000000003 1.7389808557399284
197.00000000000003 1.742421834840321
197.99999999999997 1.7391293370520031
199.0 1.735144951902167
200.0 1.7424337844508144
201.0 1.7413338401268124
202.0 1.7395389321567543
203.0 1.7423832652519433
204.0 1.730954231057686
205.0 1.736265719162628
206.00000000000003 1.7386838931157693
207.0 1.7306186988451553
208.0 1.7213718066469863
209.0 1.7186986462680272
209.99999999999997 1.7121892517258794
210.99999999999997 1.7225253464543946
212.0 1.7196106874023844
213.0 1.7216750605273168
214.00000000000003 1.714695140213322
215.0 1.713910593565271
216.0 1.7189147075778222
217.0 1.7193913859187375
218.0 1.7155396038967567
219.0 1.7174159099427266
220.0 1.7027737411322523
220.99999999999997 1.7192855666580815
222.0 1.706945507507974
223.0 1.718225896500835
224.0 1.7149765827276968
225.0 1.715389254116981
226.0 1.7185853279343586
226.99999999999997 1.7128113350943404
228.0 1.7139513871489889
229.0 1.723041776998311
230.0 1.7216880540653314
231.0 1.723095372481718
232.0 1.7236029296996724
233.0 1.7209012808751345
233.99999999999997 1.7183539104041032
235.0 1.7222492067666921
236.0 1.7212560978818552
237.00000000000003 1.7185810690351986
238.0 1.7290555639329956
239.00000000000003 1.724294817061194
240.0 1.724027550699454
241.0 1.720625141187432
242.0 1.7222476686244266
242.99999999999997 1.7229974103685077
244.0 1.718825974318215
244.99999999999997 1.7113500908691144
245.99999999999997 1.715392330401517
247.0 1.7152022032165248
248.0 1.7150103714531562
249.00000000000003 1.7118424557559293
250.0 1.7181832319026153
251.0 1.7236580633253467
252.0 1.7196810133592015
253.00000000000003 1.7201977994307633
254.0 1.7214801802284212
