1.0 0.5846153175406276
2.0 0.6341097764840196
3.0 0.6302132697578
4.0 0.6373062058290391
5.0 0.635552536205943
6.0 0.6288005123744279
7.0 0.636918616275367
8.0 0.6368919962974869
9.0 0.6420362125109117
10.0 0.6442980757535307
11.0 0.6396842720515408
12.0 0.6429620994724697
13.0 0.6471512821746814
14.0 0.6401703179331705
15.0 0.6465797180050905
16.0 0.6411182104458096
17.0 0.6408362737166801
18.0 0.6410105227174511
19.0 0.6291025861869338
20.0 0.6425197318207709
21.0 0.6459043946808694
22.0 0.6419080599205366
23.0 0.6400020576121538
24.0 0.6408065774542657
25.0 0.6446559690447868
26.0 0.6426207702185134
27.0 0.6393622275917709
28.0 0.6482662523937137
29.0 0.6502941160362964
30.0 0.6426296435444726
31.0 0.639354892408075
32.0 0.649537039108518
33.0 0.6473726437643523
34.0 0.6477853151536384
35.0 0.6389577436753687
36.0 0.651981833039541
37.0 0.6482083980111496
38.0 0.6431032456008537
39.0 0.6520531751748683
40.0 0.6462310535674389
41.0 0.6474721440198264
42.0 0.6517207192468696
43.0 0.6492223298324419
44.0 0.6537840761932947
45.0 0.6490931333145485
46.0 0.6413218253835593
47.0 0.6443107112171038
48.0 0.6479145116715269
49.00000000000001 0.6502852427103343
50.0 0.6480911511037546
51.0 0.6494375388530438
52.0 0.6467640481486544
53.0 0.6440103419829778
54.0 0.6391605063239261
55.0 0.6481802398910014
56.0 0.6435174551324059
57.0 0.6439702342523342
58.0 0.6467640481486544
59.0 0.6405766980662768
60.0 0.6422200484397227
61.0 0.6496350012217247
62.0 0.6509042497942625
63.0 0.6529008790321631
64.0 0.6540023614984319
65.0 0.6485736264860987
66.0 0.6491910954277597
67.0 0.6485736264860985
68.0 0.654946489326664
69.0 0.6483375945290419
70.0 0.6516420419278527
71.0 0.6467640481486545
72.0 0.6522714604800076
73.0 0.64849494916708
74.0 0.6481015625719839
75.0 0.6457465740245769
76.0 0.650619236780601
77.0 0.6475003021399762
78.0 0.6484949491670786
79.0 0.6474721440198281
80.0 0.6450966043690989
81.0 0.6470193648999002
82.0 0.65415971613647
83.0 0.6505405594615817
84.0 0.6547891346886247
85.0 0.6578575501303763
86.0 0.6565200357070486
87.0 0.6535302975843159
88.0 0.6555759078788187
89.0 0.651878073884913
90.0 0.648180239891004
91.0 0.6529795563511814
92.0 0.6530153344761416
92.99999999999999 0.6515417478754882
94.0 0.6516316304596264
95.0 0.6558906171548972
96.0 0.6567273875802019
97.0 0.6567560676641081
98.00000000000001 0.6580149047684177
98.99999999999999 0.6578575501303802
100.0 0.6575428408543028
101.0 0.6558119398358774
102.0 0.6554972305598008
103.00000000000001 0.6551825212837235
104.0 0.6552611986027433
104.99999999999999 0.6558119398358783
106.0 0.6558906171548975
107.00000000000001 0.6558119398358779
108.0 0.655811939835878
109.0 0.6573068088972445
110.0 0.6571494542592059
111.0 0.6581722594064567
112.0 0.6577788728113607
113.0 0.6572281315782263
114.0 0.6567560676641104
115.0 0.6541180702635615
116.0 0.6589326350003903
116.99999999999999 0.6598729421987097
118.0 0.6599668118488712
119.0 0.6597620142964943
120.0 0.6580029551579198
121.0 0.6565184975647815
122.0 0.6566550292663641
122.99999999999999 0.6560984909918036
124.0 0.6556545851978358
125.0 0.6562840037499915
126.0 0.6508552687376586
127.0 0.6535302975843164
128.0 0.6482959486561315
129.0 0.649027915999291
130.0 0.6469817837410304
131.0 0.6497611214550811
132.0 0.6537246836684629
133.0 0.6544921720644677
134.0 0.6546302419083184
135.0 0.6575027331236571
136.0 0.6563715543949714
137.0 0.6577684613431306
138.0 0.6549657741208511
139.0 0.6543503440302045
140.0 0.6525237009467192
141.0 0.6542279819872613
142.0 0.651582649403019
143.0 0.6560865413813096
144.0 0.6560865413813086
145.0 0.6541196084058271
146.0 0.654857400539416
147.0 0.6528310750391018
148.0 0.6514742758215858
149.0 0.6524184036498176
150.0 0.6513851870343388
151.0 0.6486314808686631
152.0 0.6475789794589972
153.0 0.6435560247207854
154.0 0.6475003021399773
155.0 0.6475596946648094
156.0 0.644402190435809
157.0 0.6470371115518231
158.0 0.645995021610384
159.0 0.6498502102423303
160.0 0.6504780906522175
161.0 0.6465056551128763
162.0 0.6479114353869972
163.0 0.6478520428621647
164.0 0.646180534368571
165.0 0.6476842767558973
166.0 0.65030145121999
167.0 0.6525830934715503
168.0 0.6546672733544289
169.0 0.6518051936073176
170.0 0.6459206031905242
171.0 0.6430336362404125
172.0 0.6417284803440904
173.0 0.6519683452867832
174.0 0.6495100636029953
175.0 0.6548392983598531
176.0 0.6535611764613544
177.0 0.6477093585915128
178.0 0.6396457024631653
179.0 0.6488374610356614
180.0 0.6444122463763935
181.0 0.6344021741328876
182.0 0.6272507502247276
183.0 0.6313226324661486
184.0 0.6458149503659776
185.0 0.6387756375271509
185.99999999999997 0.635675987680713
187.0 0.6395014800502445
188.0 0.6373698572530289
189.0 0.6266088111993046
190.0 0.6350079995401847
191.0 0.6376340473302387
192.0 0.6387444031224674
193.0 0.6356196714404172
194.0 0.6435764921295973
195.0 0.6429544087611337
196.00000000000003 0.6427376615982631
197.00000000000003 0.6462723439127074
197.99999999999997 0.6396025184479877
199.0 0.6411270837717725
200.0 0.6380289720676013
201.0 0.6386464410092599
202.0 0.6361094820064526
203.0 0.6380883645924307
204.0 0.6397093538871541
205.0 0.6367269509481112
206.00000000000003 0.6362043678351288
207.0 0.6238016799335365
208.0 0.6256874307207375
209.0 0.6206226574267264
209.99999999999997 0.6286869721066325
210.99999999999997 0.6298388401782541
212.0 0.6330082940177496
213.0 0.6219224827473637
214.00000000000003 0.6347156513428297
215.0 0.6367955723265489
216.0 0.6300054236698971
217.0 0.6303424940246963
218.0 0.6243880996148415
219.0 0.6329210989004143
220.0 0.6278217435315463
220.99999999999997 0.6263060515337234
222.0 0.619582986113242
223.0 0.6256453985768876
224.0 0.6312033301071068
225.0 0.628716890303173
226.0 0.6307729120659047
226.99999999999997 0.6315211156677194
228.0 0.6279374522966733
229.0 0.6346458473497688
230.0 0.6279494019071673
231.0 0.6364496286457877
232.0 0.6321208379574618
233.0 0.6310995709524758
233.99999999999997 0.6241343210058686
235.0 0.6337121309897653
236.0 0.6273940462472306
237.00000000000003 0.6310995709524758
238.0 0.6292306000902
239.00000000000003 0.6268093498525248
240.0 0.6206443608488698
241.0 0.6249373027057092
242.0 0.6215376139505836
242.99999999999997 0.6163464490375784
244.0 0.6216610134270463
244.99999999999997 0.6179199954179619
245.99999999999997 0.6292973277987257
247.0 0.6282922693033934
248.0 0.6268953623552346
249.00000000000003 0.6220397296547611
250.0 0.6212008991234271
251.0 0.6256037527039758
252.0 0.625510405017571
253.00000000000003 0.6314084831871252
254.0 0.6291800808913309
