1.0 1.6260996215260648
2.0 1.6464409169991667
3.0 1.6564464242673829
4.0 1.6534670976128758
5.0 1.6543221366538605
6.0 1.6457551822067173
7.0 1.6533483125632131
8.0 1.6512730060062935
9.0 1.6528079827983062
10.0 1.657184216400972
11.0 1.6532221923298585
12.0 1.6517361965944508
13.0 1.6546295107462452
14.0 1.6594658586525322
15.0 1.6597524098084595
16.0 1.6599498721771435
17.0 1.66004783429035
18.0 1.6534670976128756
19.0 1.6597034287518584
20.0 1.6566246018418778
21.0 1.6587994086542688
22.0 1.6544231750516036
23.0 1.6606861261684651
24.0 1.6607366453673347
25.0 1.6610987975577498
26.0 1.6587978705120012
27.0 1.656713690629122
28.0 1.6633626931573882
29.0 1.6616302539966965
30.0 1.6607559301615233
31.0 1.6583956105909439
32.0 1.6563291773599864
33.0 1.6586894969305659
34.0 1.6581491671656596
35.0 1.6537521106265365
36.0 1.6548535930928066
37.0 1.6579220085345596
38.0 1.657026861762933
39.0 1.6561124301971177
40.0 1.6605881640552587
41.0 1.6596633210212142
42.0 1.661689646521529
43.0 1.6612873866004716
44.0 1.6596737324894415
45.0 1.664296409517393
46.0 1.6622106914922474
47.0 1.66080337307586
48.0 1.6655745314158903
49.00000000000001 1.6640410927661466
50.0 1.660972677324394
51.0 1.6630969649379164
52.0 1.6613957601819054
53.0 1.6609044114736018
54.0 1.6614150449760936
55.0 1.666588463237181
56.0 1.657441071294484
57.0 1.6564687853461066
58.0 1.6642088588724142
59.0 1.657607299258484
60.0 1.6642370169925627
61.0 1.6575671915278398
62.0 1.6550228973413412
63.0 1.6592105419012855
64.0 1.6597998527227966
65.0 1.6632439081077255
66.0 1.6606965376366918
67.0 1.6609726773243922
68.0 1.6648872584811705
69.0 1.665340037601099
70.0 1.6600671190845375
71.0 1.664925828069547
72.0 1.6645235681484893
73.0 1.6649258280695471
74.0 1.6612191207496787
75.0 1.6649658928426707
76.0 1.662044463528248
77.0 1.6630479838813101
78.0 1.6610498165011454
79.0 1.662722863137007
80.0 1.6654533559347686
81.0 1.6626040780873437
82.0 1.661392683897371
83.0 1.6656636202031359
84.0 1.6633329968949733
85.0 1.6643261057798076
86.0 1.6614536145644694
87.0 1.6630850153274195
88.0 1.6635763640357237
89.0 1.6646897961124896
90.0 1.6646793846442631
91.0 1.6592818840366126
92.0 1.6626322362074915
92.99999999999999 1.656716411386014
94.0 1.664857562218756
95.0 1.6680536360361313
96.0 1.6669610268958222
97.0 1.6567082239131306
98.00000000000001 1.660825734154583
98.99999999999999 1.6622820336275745
100.0 1.662075697932932
101.0 1.6610810509058294
102.0 1.6669506154275944
103.00000000000001 1.6660361838617785
104.0 1.667286147640127
104.99999999999999 1.6668734762508435
106.0 1.667002672768733
107.00000000000001 1.6689591942759883
108.0 1.666263342492877
109.0 1.6671095082079013
110.0 1.6672876857823955
111.0 1.6674346289522064
112.0 1.665397891983664
113.0 1.6656636202031376
114.0 1.6668541914566541
115.0 1.6644938718860756
116.0 1.6606427544621605
116.99999999999999 1.6624332356965443
118.0 1.6627540975416897
119.0 1.6628134900665195
120.0 1.6668453181306926
121.0 1.6668260333365057
122.0 1.6668453181306928
122.99999999999999 1.6593204536249848
124.0 1.6629099140374586
125.0 1.665261360282078
126.0 1.6645146948225287
127.0 1.668959194275987
128.0 1.6683891682486622
129.0 1.670592133181203
130.0 1.6680254779159802
131.0 1.6654291263883434
132.0 1.6680061931217938
133.0 1.6653994301259296
134.0 1.6664800896557437
135.0 1.6614848489691505
136.0 1.660147334545821
137.0 1.6564657090615678
138.0 1.648260906804836
139.0 1.639176592324068
140.0 1.6443003931269862
141.0 1.6540236358874334
142.0 1.657558318201877
143.0 1.6561791579056382
144.0 1.6590115413903346
145.0 1.6565162282604395
146.0 1.6536437370450996
147.0 1.6543013137174027
148.0 1.6522502367069083
149.0 1.6526876596063729
150.0 1.6518800634797237
151.0 1.6471594243385654
152.0 1.651887398663418
153.0 1.6471266517916154
154.0 1.6471964557846723
155.0 1.6461840621056505
156.0 1.646126207723088
157.0 1.6514153347493024
158.0 1.655037567708726
159.0 1.6523432540678802
160.0 1.650406017354814
161.0 1.6527736721090873
162.0 1.6508171506018325
163.0 1.6527960331878122
164.0 1.6464247084895145
165.0 1.6527293054792878
166.0 1.6462465309150183
167.0 1.6492690415847053
168.0 1.6482462364374544
169.0 1.6421271522058651
170.0 1.6417845873860686
171.0 1.636742540634197
172.0 1.634202282517745
173.0 1.6317132324475268
174.0 1.634100171995988
175.0 1.634337742095311
176.0 1.6386441717049183
177.0 1.637217568494343
178.0 1.6299649151026119
179.0 1.6323515243256397
180.0 1.6375812588270235
181.0 1.6283824953962667
182.0 1.6117661758587132
183.0 1.6101448923211712
184.0 1.6175816719373368
185.0 1.610930800941366
185.99999999999997 1.6162195976421494
187.0 1.6143763944685667
188.0 1.6128407318234759
189.0 1.6150035890253738
190.0 1.61339147305661
191.0 1.606918257671383
192.0 1.6156394904720293
193.0 1.6071092371455606
194.0 1.6137343404528361
195.0 1.5976498566836774
196.00000000000003 1.6031958386034064
197.00000000000003 1.5867314559919157
197.99999999999997 1.5952840703971065
199.0 1.600724755019934
200.0 1.5938327156763532
201.0 1.6009543040824896
202.0 1.6022747577069762
203.0 1.5996961528312574
204.0 1.6058592733672103
205.0 1.5993869102711746
206.00000000000003 1.600606986148786
207.0 1.5945194123867372
208.0 1.5862490287714865
209.0 1.582353168777221
209.99999999999997 1.5863054607391884
210.99999999999997 1.5887697311027271
212.0 1.5939979274618414
213.0 1.591435886623422
214.00000000000003 1.583768693374708
215.0 1.5808263981663102
216.0 1.597527498587937
217.0 1.5873438137452263
218.0 1.5918635839077346
219.0 1.5937429662382394
220.0 1.5890817196219094
220.99999999999997 1.5956906144195333
222.0 1.5923429830055427
223.0 1.5864171022434843
224.0 1.5878752701841745
225.0 1.593388149231518
226.0 1.5922555962498832
226.99999999999997 1.5942344788358633
228.0 1.5922502934232112
229.0 1.5848694874411096
230.0 1.584225042993923
231.0 1.5941759386002203
232.0 1.5866090978961744
233.0 1.5870989084622105
233.99999999999997 1.5985794780338474
235.0 1.5901376276415458
236.0 1.5875347932194064
237.00000000000003 1.5915577479576197
238.0 1.5822383310094996
239.00000000000003 1.5932249975520547
240.0 1.5914283850036168
241.0 1.584744219496943
242.0 1.6015941315560798
242.99999999999997 1.5905956792923435
244.0 1.5885633928612872
244.99999999999997 1.5902166327392058
245.99999999999997 1.589803961349921
247.0 1.5918584449703796
248.0 1.591016702043836
249.00000000000003 1.5884415315270917
250.0 1.5976611178943032
251.0 1.5972846256619382
252.0 1.5915430775902317
253.00000000000003 1.5968352809009851
254.0 1.590574692466577
