1.0 1.0404099218203973
2.0 1.0811650934620576
3.0 1.0830251909983728
4.0 1.0923048557434933
5.0 1.092974382026291
6.0 1.0827937734681163
7.0 1.0862748602991517
8.0 1.0831293056806512
9.0 1.088776325998119
10.0 1.089117655252077
11.0 1.1026042493513295
12.0 1.0786982687777453
13.0 1.0891176552520758
14.0 1.0959641201490244
15.0 1.094659378272647
16.0 1.0900143401659732
17.0 1.0953169549449504
18.0 1.1035113457334529
19.0 1.0914440196610828
20.0 1.0937121741598816
21.0 1.0929196039282607
22.0 1.0965179376666945
23.0 1.0996561571015075
24.0 1.0972541916580174
25.0 1.0959687345758269
26.0 1.0955055439876733
27.0 1.097965363813725
28.0 1.0986599719321375
29.0 1.1099065696527408
30.0 1.101121329900457
31.0 1.0941101751817823
32.0 1.1050270377312763
33.0 1.0991663465354704
34.0 1.1010040829930636
35.0 1.0988589724430862
36.0 1.093508914749772
37.0 1.1003850759091347
38.0 1.09873285220973
39.0 1.100166790603998
40.0 1.101879944970502
41.0 1.0985666242457321
42.0 1.1003569177889885
43.0 1.0918894635973202
44.0 1.0954075818744633
45.0 1.102588040841677
46.0 1.1063838369487926
47.0 1.102598452309903
48.0 1.0962008379591575
49.00000000000001 1.105399601389917
50.0 1.1014063429141194
51.0 1.0926746986452422
52.0 1.0915805513626675
53.0 1.0853249354294958
54.0 1.0879093373466382
55.0 1.0969186594454843
56.0 1.0967138618931085
57.0 1.1002222545551055
58.0 1.0988782572372766
59.0 1.1038736618131866
60.0 1.098044041132746
61.0 1.1041784815847933
62.0 1.1005543801576683
63.0 1.1021857809206193
64.0 1.1031403202170798
65.0 1.1001891516827222
66.0 1.102318025974038
67.0 1.1045549738171603
68.0 1.1055303360500746
69.0 1.103927093407273
70.0 1.1003376329948005
71.0 1.0979372056935772
72.0 1.0984181429336537
73.0 1.1049394870862972
74.0 1.1014776850494459
75.0 1.1017327299675603
76.0 1.1057648298648626
77.0 1.1066406918423013
78.0 1.105686152545845
79.0 1.105490228319429
80.0 1.10763380072714
81.0 1.1031893012736818
82.0 1.1031700164794942
83.0 1.1031893012736826
84.0 1.1037296310385911
85.0 1.1030705162240189
86.0 1.1015933938145723
87.0 1.101608750035035
88.0 1.1059622922335468
89.0 1.101792394325523
90.0 1.1024900787284675
91.0 1.108048010258691
92.0 1.1128805657315648
92.99999999999999 1.0979420559374784
94.0 1.1044273154415336
95.0 1.1078891174783823
96.0 1.105307242133009
97.0 1.1081405056559026
98.00000000000001 1.110032689886092
98.99999999999999 1.1118630911599943
100.0 1.1098753352480566
101.0 1.1083122003358994
102.0 1.1094522523905446
103.00000000000001 1.1111148875581784
104.0 1.109796657929038
104.99999999999999 1.1111935648771973
106.0 1.1112128496713851
107.00000000000001 1.112914054427393
108.0 1.1142114611200777
109.0 1.1132673332918466
110.0 1.1133251876744104
111.0 1.1115051978687382
112.0 1.1127061805904823
113.0 1.111653679180815
114.0 1.1094210179858592
115.0 1.1044122895465032
116.0 1.1039321248483043
116.99999999999999 1.1064177921103635
118.0 1.1052480437933
119.0 1.1079928766330156
120.0 1.1087619031712879
121.0 1.1085956752072892
122.0 1.109394398007977
122.99999999999999 1.1043783343849265
124.0 1.104740486575341
125.0 1.1073487877134751
126.0 1.1087071250732585
127.0 1.1074779842313662
128.0 1.1037608654432716
129.0 1.0995680844927695
130.0 1.0985828327553844
131.0 1.0974146225805883
132.0 1.0974651417794596
133.0 1.096393355575605
134.0 1.0959806841863204
135.0 1.0973077871414216
136.0 1.1031002124864349
137.0 1.1037103462444025
138.0 1.1060602543467535
139.0 1.107994056700849
140.0 1.10293244638017
141.0 1.1034889846547313
142.0 1.1041392261433403
143.0 1.0959760697595198
144.0 1.1008139558080738
145.0 1.1002053601923758
146.0 1.103627054498582
147.0 1.1030184588828824
148.0 1.1031268324643186
149.0 1.1063718873382993
150.0 1.107857883073705
151.0 1.1103948420765097
152.0 1.10914641644043
153.0 1.109116720178014
154.0 1.1071008061459284
155.0 1.1102864684950775
156.0 1.1074749079468373
157.0 1.107543173797628
158.0 1.1065500649127928
159.0 1.1081428960873683
160.0 1.1065500649127935
161.0 1.1066094574376246
162.0 1.1091167201780143
163.0 1.1049082526816154
164.0 1.1080256491799725
165.0 1.1059800388854708
166.0 1.1068053816640386
167.0 1.1090677391214114
168.0 1.110188506381868
169.0 1.1010218296449827
170.0 1.0921717306518774
171.0 1.0840174475940179
172.0 1.0905669498668111
173.0 1.089959206540302
174.0 1.0965742539069905
175.0 1.0902206758606159
176.0 1.095097131497546
177.0 1.0948402766040333
178.0 1.090030548675626
179.0 1.0914972596168455
180.0 1.0821300442267423
181.0 1.0712892834204824
182.0 1.0347474356264013
183.0 1.0394667502203077
184.0 1.0590050402494215
185.0 1.0631055976358461
185.99999999999997 1.0716858784932302
187.0 1.0715256392089811
188.0 1.0685672993802457
189.0 1.0754364556813476
190.0 1.0730737456793114
191.0 1.0658997696066048
192.0 1.073109733197903
193.0 1.055483953631558
194.0 1.063694416789397
195.0 1.0588805963979526
196.00000000000003 1.0595581437175141
197.00000000000003 1.0516830791786882
197.99999999999997 1.0477997324265933
199.0 1.0466354508255218
200.0 1.0514173509592126
201.0 1.051662256242231
202.0 1.0516129448601959
203.0 1.0657507966265654
204.0 1.062694852759066
205.0 1.0592623889101942
206.00000000000003 1.0664776805303802
207.0 1.0683099067371256
208.0 1.0652548157361525
209.0 1.0657434094445668
209.99999999999997 1.0518779846797948
210.99999999999997 1.06236887972557
212.0 1.0604911994266528
213.0 1.0762311137680016
214.00000000000003 1.0647616415176677
215.0 1.0669487282659893
216.0 1.0680911707520946
217.0 1.0565522248341361
218.0 1.066100338555618
219.0 1.057781365676028
220.0 1.0642552669143366
220.99999999999997 1.0621205678325838
222.0 1.0615104340746189
223.0 1.0570437374317594
224.0 1.0552783592879997
225.0 1.0668459575408575
226.0 1.0647349660417722
226.99999999999997 1.05914939835516
228.0 1.0600761098569031
229.0 1.0488332742739135
230.0 1.055853824282312
231.0 1.055678559103031
232.0 1.052488968180155
233.0 1.056239711804395
233.99999999999997 1.0615525741622818
235.0 1.060166078682348
236.0 1.0681411679872044
237.00000000000003 1.0624902190960102
238.0 1.055700262077684
239.00000000000003 1.0539589495910318
240.0 1.0597081909208692
241.0 1.0585800884767171
242.0 1.0554580775515559
242.99999999999997 1.0496567788805828
244.0 1.0594216397649405
244.99999999999997 1.0556377932683194
245.99999999999997 1.0590610257167925
247.0 1.0594231779072056
248.0 1.0567319405508975
249.00000000000003 1.0613442061106202
250.0 1.0623862960520614
251.0 1.0632783665391528
252.0 1.0591381648935483
253.00000000000003 1.059245355860358
254.0 1.0569544847551928
