1.0 1.8730081837586854
2.0 1.9053558508352517
3.0 1.9047071474889088
4.0 1.9053959585658948
5.0 1.9065375487628073
6.0 1.8918916178147203
7.0 1.9124383476892552
8.0 1.9118015939534085
9.0 1.9121830309380106
10.0 1.915606263386484
11.0 1.906527137294579
12.0 1.9129030764196793
13.0 1.9035879183707183
14.0 1.9108158202522674
15.0 1.9187726409414445
16.0 1.9140134322119098
17.0 1.9144261036011943
18.0 1.9158527068117697
19.0 1.9166884610585675
20.0 1.9132459438159055
21.0 1.915312377046863
22.0 1.9186361092398605
23.0 1.9157844409609779
24.0 1.9107668391956614
25.0 1.914780920607915
26.0 1.9204857953079484
27.0 1.9149471485719138
28.0 1.920279459613306
29.0 1.9186256977716332
30.0 1.9209860173422124
31.0 1.9170111913714145
32.0 1.91710113244785
33.0 1.9194926864231139
34.0 1.917583607830195
35.0 1.9202828662232747
36.0 1.9196870725072601
37.0 1.9179577096311031
38.0 1.9261802585397547
39.0 1.9219212718444845
40.0 1.9194911482808457
41.0 1.9194926864231137
42.0 1.924223737032499
43.0 1.9197672879685483
44.0 1.9178493360496685
45.0 1.9171798097668706
46.0 1.9166869229162986
47.0 1.925489909320501
48.0 1.9186553940340478
49.00000000000001 1.9230717353673592
50.0 1.924134648245253
51.0 1.9149367371036863
52.0 1.9241940407700844
53.0 1.9165311064205275
54.0 1.9193827746994112
55.0 1.9203967065207013
56.0 1.92207315976653
57.0 1.9195682874575974
58.0 1.9225314056024523
59.0 1.9196781991813014
60.0 1.923524514487287
61.0 1.924547319634538
62.0 1.9201012820388126
63.0 1.920720289122739
64.0 1.9128807153409557
65.0 1.9146116163593798
66.0 1.913478047199236
67.0 1.9144365150694203
68.0 1.91261652526375
69.0 1.9077369933422839
70.0 1.9099013886864495
71.0 1.9088296024825941
72.0 1.9108543898406403
73.0 1.912644683383897
74.0 1.9199736236631875
75.0 1.915542942287926
76.0 1.9141113943251147
77.0 1.9105500920327907
78.0 1.9113962577478165
79.0 1.9219806643693134
80.0 1.9167929060662763
81.0 1.9162773278115508
82.0 1.919275939260243
83.0 1.9220697531565623
84.0 1.9193546165792617
85.0 1.9184891660700494
86.0 1.9169453159520782
87.0 1.907132820515064
88.0 1.915950668924977
89.0 1.9119381256549914
90.0 1.9141098561828498
91.0 1.9183719191626545
92.0 1.9132155097021075
92.99999999999999 1.9078235842017552
94.0 1.9215278852493884
95.0 1.9257779986186987
96.0 1.9249922416070164
97.0 1.9241909644855504
98.00000000000001 1.9252658269739396
98.99999999999999 1.9246958009466166
100.0 1.9228565263467554
101.0 1.923417679048119
102.0 1.9225225322764912
103.00000000000001 1.9207322387332355
104.0 1.920024142862061
104.99999999999999 1.923003469516567
106.0 1.9249229595777129
107.00000000000001 1.9259160684625494
108.0 1.9268200885601374
109.0 1.9281086219268617
110.0 1.924744782003219
111.0 1.9234369638423074
112.0 1.9227199946451736
113.0 1.9195906485363208
114.0 1.9151550224088252
115.0 1.9228565263467554
116.0 1.9220113768102405
116.99999999999999 1.9193233821745803
118.0 1.9186168244456732
119.0 1.9222166963263732
120.0 1.920120566832999
121.0 1.9227466146230539
122.0 1.9190977616857505
122.99999999999999 1.921064694661232
124.0 1.9252241811010269
125.0 1.9247239590667649
126.0 1.928355065352148
127.0 1.9303709793842345
128.0 1.9256013591864705
129.0 1.9226397791838847
130.0 1.9237115653877395
131.0 1.9236136032745337
132.0 1.9241940407700848
133.0 1.9256503402430758
134.0 1.9207708083216104
135.0 1.9257081946256394
136.0 1.9262099548021707
137.0 1.9229352036657759
138.0 1.9195000216068079
139.0 1.9178790323120833
140.0 1.9135575768074462
141.0 1.9088161147298346
142.0 1.9154770668685932
143.0 1.9168427394120704
144.0 1.9152514463797634
145.0 1.9196396295929234
146.0 1.9229633617859214
147.0 1.9267992656236796
148.0 1.9275756273456452
149.0 1.9268096770919085
150.0 1.9224037472268274
151.0 1.9197776994367748
152.0 1.9242430218266868
153.0 1.9215190119234278
154.0 1.9202705862873457
155.0 1.9209682706902913
156.0 1.9215591196540696
157.0 1.9241346482452504
158.0 1.9231222545662285
159.0 1.921931683312711
160.0 1.9248130478540095
161.0 1.9211641949167069
162.0 1.9220400568941474
163.0 1.9235021534085641
164.0 1.9217535057382176
165.0 1.9172511519021973
166.0 1.918753356147256
167.0 1.917594019298423
168.0 1.9154296239542579
169.0 1.9130484814472242
170.0 1.9020660738038293
171.0 1.8959088062548062
172.0 1.8889925933103064
173.0 1.8864551920910542
174.0 1.8945859314555682
175.0 1.8988626648027584
176.0 1.89878398748374
177.0 1.898154568931584
178.0 1.8904025457947804
179.0 1.895380039829452
180.0 1.888239688592884
181.0 1.8800190081519292
182.0 1.8703178546370705
183.0 1.864311016615142
184.0 1.865362335410182
185.0 1.8770169900932685
185.99999999999997 1.8747442211676697
187.0 1.8757284567265435
188.0 1.8694520178569185
189.0 1.8708265637263581
190.0 1.8696984612822067
191.0 1.8679081677389495
192.0 1.8695900877007734
193.0 1.867955610653287
194.0 1.866615019945425
195.0 1.8640009217658682
196.00000000000003 1.8658120382455792
197.00000000000003 1.8663242098903372
197.99999999999997 1.87439827748691
199.0 1.8710625956834195
200.0 1.8644818590059438
201.0 1.8624987175208076
202.0 1.859691415871725
203.0 1.8605109616088686
204.0 1.8585216675546636
205.0 1.8588082187105919
206.00000000000003 1.859437637262746
207.0 1.8423217269906185
208.0 1.8239002048693818
209.0 1.8203142048883962
209.99999999999997 1.819710452663211
210.99999999999997 1.8335150568039988
212.0 1.8475570065631886
213.0 1.8388922538921542
214.00000000000003 1.8424178989913202
215.0 1.8455175488377553
216.0 1.8471281266642519
217.0 1.8417425756670975
218.0 1.8432328303016607
219.0 1.8436574513014414
220.0 1.833931160005462
220.99999999999997 1.842015639070265
222.0 1.8364592456823086
223.0 1.8478867417342975
224.0 1.8326395503542023
225.0 1.8309038684728647
226.0 1.8407552638236884
226.99999999999997 1.8450400182076505
228.0 1.8433693620032467
229.0 1.8469129176436505
230.0 1.844446778812412
231.0 1.8411175799034238
232.0 1.8475040969328622
233.0 1.8390639485721496
233.99999999999997 1.848633407193848
235.0 1.8402014463060168
236.0 1.8341537042097602
237.00000000000003 1.8385642485016436
238.0 1.838494444508584
239.00000000000003 1.8378515382036673
240.0 1.8392380336835976
241.0 1.83129895964634
242.0 1.8345602230299753
242.99999999999997 1.837936012564111
244.0 1.8327656705875588
244.99999999999997 1.832645347395631
245.99999999999997 1.8385268615278938
247.0 1.8308581301369076
248.0 1.8357095039382256
249.00000000000003 1.8428942218045967
250.0 1.8362691184973203
251.0 1.8403306428239112
252.0 1.847085958827586
253.00000000000003 1.829071929056697
254.0 1.8370592982974852
