1.0 0.673830828502444
2.0 0.7100601525137399
3.0 0.7128377579004039
4.0 0.7121312001714983
5.0 0.7124058017169329
6.0 0.7029394138499954
7.0 0.7155039134211015
8.0 0.7206001925054353
9.0 0.7168919470433005
10.0 0.7222331314106532
11.0 0.7241213870671179
12.0 0.720540799980603
13.0 0.7203063061658145
14.0 0.7174411501341686
15.0 0.719274627692602
16.0 0.7168992822269946
17.0 0.7175348533482159
18.0 0.7170982827379433
19.0 0.7110636728668028
20.0 0.7242521217272756
21.0 0.7249008250736177
22.0 0.7225328147917014
23.0 0.7210514334830983
24.0 0.7176490239710784
25.0 0.7198936347765305
26.0 0.7267979540560424
27.0 0.7148567482170259
28.0 0.7283329308480513
29.0 0.7217938400434896
30.0 0.7260007693976199
31.0 0.7257068830579976
32.0 0.7275075880694815
33.0 0.7258850606324924
34.0 0.7245564195351251
35.0 0.7234365045638586
36.0 0.7199827235637757
37.0 0.7211925796114835
38.0 0.7234638103948152
39.0 0.7245475462091658
40.0 0.7290514381874532
41.0 0.7286580515923565
42.0 0.7264743714540036
43.0 0.7282646649972601
44.0 0.7230021579489274
45.0 0.7259325035468269
46.0 0.7271037900061591
47.0 0.7257261678521857
48.0 0.7231105315303595
49.00000000000001 0.7285986590675252
50.0 0.7239863935078004
51.0 0.7256980097320385
52.0 0.7263274282841925
53.0 0.7177026194544837
54.0 0.7214791307674073
55.0 0.7275372843318976
56.0 0.7261997699085706
57.0 0.7256563638591267
58.0 0.7273799296938597
59.0 0.7281963991464678
60.0 0.7281667028840527
61.0 0.7333901183802515
62.0 0.7324152781110951
63.0 0.7280093482460146
64.0 0.7288747987552282
65.0 0.7308417317307101
66.0 0.7263333892149386
67.0 0.7266718338226863
68.0 0.7296615719454209
69.0 0.7296615719454216
70.0 0.7282453802030731
71.0 0.7278519936079766
72.0 0.7289534760742464
73.0 0.7291895080313056
74.0 0.7225019359146638
75.0 0.7214680893916138
76.0 0.7249409328042613
77.0 0.7222659039576046
78.0 0.7233673864238739
79.0 0.7257277059944535
80.0 0.7188105570662513
81.0 0.7260320038023046
82.0 0.7321005688350191
83.0 0.7332020513012899
84.0 0.7365851760191205
85.0 0.7354050162338305
86.0 0.7285600894791501
87.0 0.7258878091383918
88.0 0.7321792461540371
89.0 0.7279306709269958
90.0 0.7261997699085714
91.0 0.7298189265834585
92.0 0.7341220640209044
92.99999999999999 0.7334919253726713
94.0 0.7305655920430092
95.0 0.7290321533932664
96.0 0.7278827060488997
97.0 0.7299658697532692
98.00000000000001 0.7319223912605229
98.99999999999999 0.7309990863687471
100.0 0.7309204090497279
101.0 0.7308417317307092
102.0 0.7309204090497284
103.00000000000001 0.7319432141969805
104.0 0.7332807286203082
104.99999999999999 0.7328873420252119
106.0 0.7327299873871735
107.00000000000001 0.7317071822399226
108.0 0.7295042173073816
109.0 0.7295042173073816
110.0 0.72848141216013
111.0 0.7302123131785548
112.0 0.7305270224546324
113.0 0.7302123131785547
114.0 0.7284027348411098
115.0 0.728686209712505
116.0 0.7277677416291499
116.99999999999999 0.7282037343301611
118.0 0.7268380617866848
119.0 0.7258746491642659
120.0 0.7249305213360342
121.0 0.7260320038023047
122.0 0.726297732021778
122.99999999999999 0.7252659178557469
124.0 0.7263451749361146
125.0 0.7268291884607245
126.0 0.7291108307122854
127.0 0.7283240575220915
128.0 0.7306804485189466
129.0 0.7299093618746504
130.0 0.7322698453345466
131.0 0.7331870254062594
132.0 0.7339560519445312
133.0 0.7346745592839337
134.0 0.7353143893043164
135.0 0.7346656859579739
136.0 0.7320500496361481
137.0 0.7316670745092791
138.0 0.7300919899866251
139.0 0.7286812714542642
140.0 0.7267173805203168
141.0 0.7227067334670371
142.0 0.7261789469721159
143.0 0.7266807071486472
144.0 0.7282245572666184
145.0 0.7264149789291744
146.0 0.7233658482816085
147.0 0.7238973047205556
148.0 0.7231298163245489
149.0 0.7257855603770186
150.0 0.7248310210805585
151.0 0.7249393946619934
152.0 0.7278801517281238
153.0 0.7280567911603507
154.0 0.7258048451712061
155.0 0.728862849144732
156.0 0.7250180719810131
157.0 0.7281354684793715
158.0 0.7269152009634386
159.0 0.7286565134500904
160.0 0.7247419322933134
161.0 0.7281250570111437
162.0 0.7265603839567172
163.0 0.7281443418053304
164.0 0.7281740380677457
165.0 0.7318124795368223
166.0 0.7309470290276098
167.0 0.7347235403405354
168.0 0.7356186871121649
169.0 0.734811090985515
170.0 0.7282636210697445
171.0 0.7202933988691108
172.0 0.7189991833462587
173.0 0.7171934988920478
174.0 0.7257304267513449
175.0 0.7234784807622012
176.0 0.721611048042192
177.0 0.7251129578096872
178.0 0.7280047338192124
179.0 0.7274138848554337
180.0 0.7270100867921105
181.0 0.7096940782435961
182.0 0.7086752879113779
183.0 0.7033059111808754
184.0 0.71353236601882
185.0 0.7077977950563707
185.99999999999997 0.7145270130459198
187.0 0.7157160461571687
188.0 0.7111824579164656
189.0 0.7027728581073588
190.0 0.7072158194185474
191.0 0.70807393474407
192.0 0.7093296955638413
193.0 0.7120374969574504
194.0 0.7113189896180515
195.0 0.7078675990494259
196.00000000000003 0.7113992050793355
197.00000000000003 0.708961746332004
197.99999999999997 0.7124308835525478
199.0 0.7144171013222183
200.0 0.7024863069514322
201.0 0.7045438668564303
202.0 0.7062138372077553
203.0 0.7052342160756832
204.0 0.7100022981311762
205.0 0.7121474086811541
206.00000000000003 0.7077295292055779
207.0 0.6979192083123944
208.0 0.7007590908700991
209.0 0.685885882905912
209.99999999999997 0.7031655285535783
210.99999999999997 0.7077665606516864
212.0 0.7038743405736301
213.0 0.6991506251479354
214.00000000000003 0.6932764461993678
215.0 0.6941731311132662
216.0 0.6876787624661475
217.0 0.7002879564456937
218.0 0.6907086083195255
219.0 0.7021168195773266
220.0 0.7031350102977683
220.99999999999997 0.6926767239096283
222.0 0.6902558291995985
223.0 0.7024700984417809
224.0 0.7006308238419188
225.0 0.7028218391639623
226.0 0.6989786001425112
226.99999999999997 0.7014577047627556
228.0 0.6976202627827305
229.0 0.6894644415826002
230.0 0.6942460113908591
231.0 0.6995501643121042
232.0 0.7024211173851752
233.0 0.7018703761520394
233.99999999999997 0.7068123768828718
235.0 0.7050799377221784
236.0 0.697969282748025
237.00000000000003 0.6989519801646323
238.0 0.7078379027870133
239.00000000000003 0.702183547285851
240.0 0.6962233558345712
241.0 0.6943381764626436
242.0 0.689773353817255
242.99999999999997 0.6946972523685224
244.0 0.6984560170295271
244.99999999999997 0.7021820091435791
245.99999999999997 0.7055979064083658
247.0 0.6888234289475962
248.0 0.7004214118627398
249.00000000000003 0.6881596997062288
250.0 0.6958357662809
251.0 0.6847734987038601
252.0 0.6896472335838971
253.00000000000003 0.6929960476125127
254.0 0.6928089967120566
