1.0 1.1330801582742138
2.0 1.1697832612192018
3.0 1.1661818511962336
4.0 1.1728902462493314
5.0 1.1706408545809626
6.0 1.1593176396473646
7.0 1.1761576622020324
8.0 1.1750473064098017
9.0 1.1751259837288208
10.0 1.1720575682870675
11.0 1.167859512258896
12.0 1.164366475817363
13.0 1.176080523025281
14.0 1.1713359846631317
15.0 1.1790895459422024
16.0 1.1818255054559583
17.0 1.1758653140046778
18.0 1.1737306149229287
19.0 1.1772518094846103
20.0 1.176905865803849
21.0 1.1737009186605125
22.0 1.1726468791085796
23.0 1.1787482166882446
24.0 1.1779984749441603
25.0 1.1758741873306378
26.0 1.177379467860233
27.0 1.1763180931246067
28.0 1.1783725767450681
29.0 1.1783428804826532
30.0 1.179681933048251
31.0 1.1774235041646006
32.0 1.1754229463529777
33.0 1.1750295597578824
34.0 1.1806260608764796
35.0 1.1719418595219422
36.0 1.1815003847116534
37.0 1.1841368439699331
38.0 1.1804390099760271
39.0 1.1780786904054459
40.0 1.1814232455349025
41.0 1.1822100187250935
42.0 1.1838815272186871
43.0 1.18040931371361
44.0 1.1862715430516837
45.0 1.1892315849120023
46.0 1.1767396378398518
47.0 1.1813341567476545
48.0 1.1827904562206457
49.00000000000001 1.181517279074383
50.0 1.1824059429515101
51.0 1.1802430857496127
52.0 1.1824163544197364
53.0 1.185740086612736
54.0 1.1822381768452428
55.0 1.1826226901143786
56.0 1.1830051432774893
57.0 1.1841769517005776
58.0 1.1853274152234512
59.0 1.188100406183316
60.0 1.1882087797647505
61.0 1.1845713544741827
62.0 1.1850127059473738
63.0 1.1845406420332563
64.0 1.1815123343221476
65.0 1.18378356510548
66.0 1.1824460506821515
67.0 1.1797012178424355
68.0 1.1842259327571805
69.0 1.183488140623592
70.0 1.186911373072065
71.0 1.1844426799200516
72.0 1.1853274152234514
73.0 1.1854951813297174
74.0 1.182916576454001
75.0 1.1807328963156485
76.0 1.1836840648500078
77.0 1.174340748680896
78.0 1.1837924384314413
79.0 1.1787081089576006
80.0 1.18096755401976
81.0 1.1776066264913314
82.0 1.1788461788014526
83.0 1.1779614434980525
84.0 1.1796923445164784
85.0 1.1825841205260044
86.0 1.179928376473535
87.0 1.182262928355423
88.0 1.1818552017183748
89.0 1.1823272656324897
90.0 1.1825143165329433
91.0 1.1855811938324297
92.0 1.1775382249477198
92.99999999999999 1.1741528177422451
94.0 1.1847662625220874
95.0 1.1864690054203635
96.0 1.1834287480987573
97.0 1.1827191140853166
98.00000000000001 1.184009185594309
98.99999999999999 1.1846000345580876
100.0 1.186281954519909
101.0 1.1848850475717505
102.0 1.1834985520918184
103.00000000000001 1.1853378266916783
104.0 1.183183842815741
104.99999999999999 1.1849444400965816
106.0 1.1857015170243592
107.00000000000001 1.1848657627775623
108.0 1.1834198747727993
109.0 1.183105165496722
110.0 1.1840492933249545
111.0 1.1833115011913642
112.0 1.182888418333853
113.0 1.1789931219712633
114.0 1.1840878629133302
115.0 1.183084342560268
116.0 1.1795942467104494
116.99999999999999 1.179245362437973
118.0 1.1806141112659836
119.0 1.179717426352089
120.0 1.179610590912921
121.0 1.1805547187411538
122.0 1.1756801315719232
122.99999999999999 1.1775759463487885
124.0 1.1810356559812325
125.0 1.1788326910486924
126.0 1.1796210023811537
127.0 1.1775858035548792
128.0 1.1750962874664095
129.0 1.1739038199961862
130.0 1.174034032692585
131.0 1.1714354849186122
132.0 1.172989746504809
133.0 1.1764723714781138
134.0 1.1786560516164664
135.0 1.1775159995618185
136.0 1.178489823652465
137.0 1.1808902509536872
138.0 1.184832990230612
139.0 1.1775600081171806
140.0 1.1768959485503752
141.0 1.1807803392299834
142.0 1.1814602769810094
143.0 1.1836528304453218
144.0 1.183799773615134
145.0 1.182600329035656
146.0 1.1807610544357967
147.0 1.1828957535175453
148.0 1.1824533858658457
149.0 1.1850987184500874
150.0 1.183357405963434
151.0 1.1832386209137715
152.0 1.1866024608374153
153.0 1.1874470884101718
154.0 1.1808678898749665
155.0 1.1848314520883465
156.0 1.187044828489117
157.0 1.1872511641837589
158.0 1.1854608706405023
159.0 1.1841402505799026
160.0 1.1855707823642037
161.0 1.1867702269436808
162.0 1.1826982911488642
163.0 1.1831406588005637
164.0 1.18627734009311
165.0 1.1865044987242066
166.0 1.1839956978415482
167.0 1.1823924551987468
168.0 1.1806808389745094
169.0 1.1805130728682425
170.0 1.1766271440463645
171.0 1.172611058473593
172.0 1.1686964491203182
173.0 1.1761395600224693
174.0 1.1726912457383791
175.0 1.170390318692635
176.0 1.1768596055041363
177.0 1.1727579734469051
178.0 1.1738505825872154
179.0 1.1678101756746513
180.0 1.16526126706135
181.0 1.1422867259181029
182.0 1.135345019827094
183.0 1.1310186672487001
184.0 1.1383744216909946
185.0 1.1374388368632882
185.99999999999997 1.140076834263835
187.0 1.143635746124701
188.0 1.1417691656938849
189.0 1.1461365259705878
190.0 1.1381916548919055
191.0 1.145962962822899
192.0 1.1356724425410194
193.0 1.1465788936222878
194.0 1.1421640904312476
195.0 1.1439856183791868
196.00000000000003 1.145989582800779
197.00000000000003 1.1439424343640092
197.99999999999997 1.1462360262260631
199.0 1.1479106110041897
200.0 1.1383089017993024
201.0 1.148271225052337
202.0 1.1503303230996036
203.0 1.1388878011525843
204.0 1.1419978624672447
205.0 1.1399298910940217
206.00000000000003 1.1452236325470386
207.0 1.131541444546806
208.0 1.1221324168476836
209.0 1.1187655006395063
209.99999999999997 1.1245667993104795
210.99999999999997 1.1228946024170123
212.0 1.1298318606795892
213.0 1.123468915092505
214.00000000000003 1.1286107686234736
215.0 1.1253433526707708
216.0 1.1244601555096385
217.0 1.1336357055724828
218.0 1.1294079532818966
219.0 1.1278270717178138
220.0 1.1276785904057351
220.99999999999997 1.1256788848833017
222.0 1.1307840372935927
223.0 1.1243132123398247
224.0 1.1139382176975077
225.0 1.1265443353925157
226.0 1.1294272380760826
226.99999999999997 1.1270757918314613
228.0 1.122897020597482
229.0 1.1226417038462353
230.0 1.132966179289682
231.0 1.1287592499355488
232.0 1.1192377561919453
233.0 1.119610319850588
233.99999999999997 1.1209034676441127
235.0 1.1207268282118865
236.0 1.129301117842726
237.00000000000003 1.124798764006702
238.0 1.1226937611873715
239.00000000000003 1.1211661195790557
240.0 1.12607073333613
241.0 1.1271054880938793
242.0 1.114889680709431
242.99999999999997 1.1255897960960544
244.0 1.1231122296180804
244.99999999999997 1.1210176382669748
245.99999999999997 1.1266141393855726
247.0 1.118173305171786
248.0 1.120124029637614
249.00000000000003 1.1129227477339492
250.0 1.1265042276618706
251.0 1.1092441985342298
252.0 1.118398925660614
253.00000000000003 1.102799993558338
254.0 1.1140894197664755
