1.0 0.5889630912625964
2.0 0.638861820781556
3.0 0.6358584007209422
4.0 0.6463334453315016
5.0 0.6414079808889626
6.0 0.6385542802530594
7.0 0.6461282922514806
8.0 0.6425850921387226
9.0 0.6493765872993149
10.0 0.6487975240567132
11.0 0.6418411474360672
12.0 0.6332475730110365
13.0 0.6500817985242787
14.0 0.6426652798510033
15.0 0.6524301684843635
16.0 0.6507393751965845
17.0 0.6521748517331155
18.0 0.6458212736867411
19.0 0.6308201702042914
20.0 0.6493351330647298
21.0 0.6521289469610498
22.0 0.6489209235331769
23.0 0.6494627914403528
24.0 0.6476663453280266
25.0 0.6493277978810359
26.0 0.6533403411510207
27.0 0.6468128444293092
28.0 0.6581365813266624
29.0 0.6572726689597181
30.0 0.6505642739066212
31.0 0.6502511027728104
32.0 0.6564785605858349
33.0 0.6527895999178853
34.0 0.6606588699620851
35.0 0.6513679414595449
36.0 0.6591150198441147
37.0 0.652514998372451
38.0 0.6559887500197978
39.0 0.652810422854342
40.0 0.6527733914082317
41.0 0.6519376371614353
42.0 0.6542370260649165
43.0 0.6521543843243067
44.0 0.6604791542453248
45.0 0.65642957952923
46.0 0.6512411353731138
47.0 0.6561302264736152
48.0 0.6534744824211467
49.00000000000001 0.6535971960445321
50.0 0.6560971236012308
51.0 0.6556532178072633
52.0 0.6545444001572998
53.0 0.6567369536216121
54.0 0.6455528247103733
55.0 0.6523414352247588
56.0 0.6515323009558421
57.0 0.6502985456871466
58.0 0.6521231499196223
59.0 0.6526277947423634
60.0 0.6525551061030949
61.0 0.6567843965359483
62.0 0.6544626465537463
63.0 0.658544993816789
64.0 0.6571496250108967
65.0 0.6514432121685964
66.0 0.6560763006647754
67.0 0.653301771562642
68.0 0.6514432121685966
69.0 0.6542771337955595
70.0 0.6541004943633308
71.0 0.6522492701529768
72.0 0.6559413071054591
73.0 0.6558491420336773
74.0 0.6540098674338153
75.0 0.6606428838340499
76.0 0.6635922918445208
77.0 0.6604837686721239
78.0 0.6602060908421542
79.0 0.6638179123333496
80.0 0.6688571893243126
81.0 0.664358242098259
82.0 0.6681748611418298
83.0 0.6655295285575896
84.0 0.6651361419624932
85.0 0.6698671925718788
86.0 0.6684510008295323
87.0 0.6686870327865915
88.0 0.6689913305944419
89.0 0.6682816965810012
90.0 0.6647901982817352
91.0 0.6637762664604441
92.0 0.6673222190262988
92.99999999999999 0.6647827794035264
94.0 0.666316301747783
95.0 0.6708113204001127
96.0 0.6702265962563962
97.0 0.66803679129798
98.00000000000001 0.6700245472099172
98.99999999999999 0.669945869890898
100.0 0.6685296781485501
101.0 0.6681362915534533
102.0 0.6690017420626659
103.00000000000001 0.6686083554675692
104.0 0.6694738059767821
104.99999999999999 0.6701819018479558
106.0 0.6695524832958015
107.00000000000001 0.6700245472099176
108.0 0.6704179338050141
109.0 0.6703392564859944
110.0 0.6684510008295306
111.0 0.6682149688724726
112.0 0.6667200998111062
113.0 0.6638877163264106
114.0 0.6653039080687585
115.0 0.667949240652999
116.0 0.6698989796836146
116.99999999999999 0.6681702467150294
118.0 0.6698834010815333
119.0 0.6717242138236605
120.0 0.6718429988733238
121.0 0.6724531326312916
122.0 0.6709686750381519
122.99999999999999 0.6664089610343187
124.0 0.6645645777929038
125.0 0.6631009431362208
126.0 0.6658546493018975
127.0 0.6641237482834731
128.0 0.6634784515470973
129.0 0.6638332685538176
130.0 0.6645353757452408
131.0 0.6688116148776793
132.0 0.6725896643328744
133.0 0.6717242138236615
134.0 0.6676731009653016
135.0 0.6689319380696108
136.0 0.6659125036844622
137.0 0.6672604295760183
138.0 0.6653424776571389
139.0 0.6612719443117702
140.0 0.6644558461370331
141.0 0.6646046855235487
142.0 0.6659526114151059
143.0 0.6641920141342652
144.0 0.6669650050941293
145.0 0.6662376244287678
146.0 0.6645067234103416
147.0 0.6651064457000805
148.0 0.6670733786755636
149.0 0.6638283238015826
150.0 0.6650767494376654
151.0 0.6651064457000796
152.0 0.6642795647792429
153.0 0.6664038523927645
154.0 0.6668269352502767
155.0 0.6668566315126914
156.0 0.6657254527840063
157.0 0.667711670553676
158.0 0.6690981660336076
159.0 0.6649089833313973
160.0 0.667131233058126
161.0 0.6699636165428203
162.0 0.6674355308659747
163.0 0.666559668888535
164.0 0.6682816965809997
165.0 0.6685859943888484
166.0 0.6684390512190377
167.0 0.6669827517460452
168.0 0.6612273578471425
169.0 0.6598393242249437
170.0 0.6616681873565737
171.0 0.6555018825922698
172.0 0.6493661455352858
173.0 0.6522859460714443
174.0 0.655183874650039
175.0 0.6492622527871356
176.0 0.6522342442579483
177.0 0.6592453989766279
178.0 0.6542204620276196
179.0 0.6597174628907426
180.0 0.6602697422661489
181.0 0.660099501456574
182.0 0.6539562761821422
183.0 0.6514741010291673
184.0 0.6467754574555619
185.0 0.6448324237010663
185.99999999999997 0.6453341838775979
187.0 0.6498484873241126
188.0 0.6508134380887994
189.0 0.656882003121513
190.0 0.6461552677570083
191.0 0.6492904109072835
192.0 0.6491909106518098
193.0 0.6541579932182527
194.0 0.6446114176390332
195.0 0.6542574934737303
196.00000000000003 0.6517294077968814
197.00000000000003 0.656196268329063
197.99999999999997 0.6555475649827198
199.0 0.6556262423017406
200.0 0.6524999724774242
201.0 0.6544580321269474
202.0 0.653218479816827
203.0 0.6557168692312537
204.0 0.6568704090386627
205.0 0.6529157201512426
206.00000000000003 0.648379055626004
207.0 0.6412514048393035
208.0 0.6292178462373776
209.0 0.6420662282058317
209.99999999999997 0.6392823190224932
210.99999999999997 0.6342969981361717
212.0 0.6386107629294692
213.0 0.6377098191164152
214.00000000000003 0.6383214910166488
215.0 0.6462991346422855
216.0 0.6401757915115429
217.0 0.6387314416490428
218.0 0.638807042683527
219.0 0.6456951534533876
220.0 0.641403394211163
220.99999999999997 0.6391055434499543
222.0 0.6354462790444211
223.0 0.6455644187932303
224.0 0.6416143443326124
225.0 0.636477957517634
226.0 0.6448354999856012
226.99999999999997 0.6392316636833121
228.0 0.6441258659721579
229.0 0.6443900560493658
230.0 0.6410589886726722
231.0 0.6384745867555308
232.0 0.6316072989221271
233.0 0.639621973993871
233.99999999999997 0.6479247383638101
235.0 0.6373731042892604
236.0 0.6369218633115993
237.00000000000003 0.6422229399483096
238.0 0.6449469498515684
239.00000000000003 0.6426117121166056
240.0 0.638568289969581
241.0 0.6383098969338018
242.0 0.6413470779708705
242.99999999999997 0.6377352564796748
244.0 0.6377634145998226
244.99999999999997 0.6320273054951036
245.99999999999997 0.6277505721479177
247.0 0.6303720055111641
248.0 0.6325379389975986
249.00000000000003 0.6247253407213426
250.0 0.6351003353636597
251.0 0.6391529863642877
252.0 0.6313238240507387
253.00000000000003 0.6228976602043318
254.0 0.6318387164523854
