1.0 1.8901082110212422
2.0 1.9258205980596481
3.0 1.9293240459694097
4.0 1.9319605052276891
5.0 1.9300410151665441
6.0 1.9261650035981415
7.0 1.929530381664051
8.0 1.9332876081827903
9.0 1.9345271604929113
10.0 1.934182754954419
11.0 1.9355306808459742
12.0 1.9379014118847817
13.0 1.9352456678323122
14.0 1.9368192142126976
15.0 1.938333368068254
16.0 1.9349591166763829
17.0 1.933731513976757
18.0 1.9339957040539641
19.0 1.935520269377747
20.0 1.9376356836653092
21.0 1.9356776240157851
22.0 1.9362491881853758
23.0 1.9327175821554674
24.0 1.9388455397130122
25.0 1.9350586169318584
26.0 1.9377930383033466
27.0 1.9334642476150161
28.0 1.936848910475114
29.0 1.9348418697689882
30.0 1.9346652303367629
31.0 1.9377440572467441
32.0 1.9345271604929115
33.0 1.9351164713144222
34.0 1.9397792560730172
35.0 1.9399118592008762
36.0 1.94173731572254
37.0 1.9415799610845013
38.0 1.943980388385724
39.0 1.9428684944512253
40.0 1.9431535074648878
41.0 1.9406358332562692
42.0 1.9395520974419198
43.0 1.9410677894397426
44.0 1.9372318856019828
45.0 1.9377930383033461
46.0 1.9399960032358867
47.0 1.9370641194957143
48.0 1.9378998737425144
49.00000000000001 1.9374960756791906
50.0 1.9404383708875879
51.0 1.9404680671500025
52.0 1.9467236830831713
53.0 1.9446290917320663
54.0 1.9448844084833123
55.0 1.9440486542365145
56.0 1.9391008564642602
57.0 1.934074381372981
58.0 1.9424157153312982
59.0 1.9395135278535447
60.0 1.9380676398487806
61.0 1.9366425747804727
62.0 1.9331703612753959
63.0 1.9370849424321732
64.0 1.9336216022530561
65.0 1.932540942723241
66.0 1.934054574615038
67.0 1.936071010610881
68.0 1.9347913505701166
69.0 1.9382161211608593
70.0 1.9407530801636652
71.0 1.935313933683105
72.0 1.9369468725883223
73.0 1.9369572840565499
74.0 1.9336424251895103
75.0 1.9291595785292979
76.0 1.937271993332627
77.0 1.9343208247982682
78.0 1.940359693568568
79.0 1.9367582835456
80.0 1.935192622509163
81.0 1.9357859975972198
82.0 1.9357281432146562
83.0 1.9389924828828233
84.0 1.9406848143128734
85.0 1.9393368884213165
86.0 1.9363278655043943
87.0 1.9393947428038796
88.0 1.9348121735065713
89.0 1.9367509483619059
90.0 1.9369275877941332
91.0 1.9355900733708051
92.0 1.9263426053957968
92.99999999999999 1.925974024123962
94.0 1.9366618595746596
95.0 1.9380973361111948
96.0 1.9391394260526322
97.0 1.9386272544078742
98.00000000000001 1.9368770685952608
98.99999999999999 1.9334939438774301
100.0 1.9358453901220503
101.0 1.9341931664226448
102.0 1.936100706873296
103.00000000000001 1.9362580615113345
104.0 1.9390414639394273
104.99999999999999 1.938294798479877
106.0 1.9397495598106005
107.00000000000001 1.9402898895755085
108.0 1.9403195858379239
109.0 1.9395937433148298
110.0 1.9392285148398825
111.0 1.9375570063462886
112.0 1.9363189921784347
113.0 1.9351268827826504
114.0 1.935619769633222
115.0 1.9312805674766629
116.0 1.9268789524562449
116.99999999999999 1.9297930335989895
118.0 1.93264624002014
119.0 1.9254970154576105
120.0 1.9290286214875196
121.0 1.9310356621936473
122.0 1.9359923332918632
122.99999999999999 1.9314620437173133
124.0 1.9383734757988977
125.0 1.9382562288915024
126.0 1.9367019673053036
127.0 1.9364451124117914
128.0 1.9390414639394276
129.0 1.931593738610474
130.0 1.9290255452029843
131.0 1.9353316803350247
132.0 1.9286826778067592
133.0 1.9310445355196044
134.0 1.9369557459142814
135.0 1.935095648377966
136.0 1.938380810982589
137.0 1.9370625813534488
138.0 1.9350500739313314
139.0 1.9211325398271195
140.0 1.9198663675391179
141.0 1.9311914786894167
142.0 1.9330010570268628
143.0 1.9312983141285858
144.0 1.9224255237313232
145.0 1.9187365630633781
146.0 1.9294470899182323
147.0 1.9279819171192791
148.0 1.9268418650646317
149.0 1.930786142483826
150.0 1.9288890135014012
151.0 1.9279151894107531
152.0 1.9259779526976861
153.0 1.928574304225323
154.0 1.9219461246335134
155.0 1.9222994034979672
156.0 1.9227402330073993
157.0 1.9238208925372142
158.0 1.924392456706804
159.0 1.9235863987224222
160.0 1.9219920294055814
161.0 1.9254152618540565
162.0 1.9250099256484632
163.0 1.923310259034722
164.0 1.9220410104621857
165.0 1.9181274454839181
166.0 1.9158729451739969
167.0 1.918243676212804
168.0 1.91643409787536
169.0 1.9141242975036519
170.0 1.9036829054782403
171.0 1.9020462603809163
172.0 1.8989047422799485
173.0 1.8985064109326184
174.0 1.9021696039118756
175.0 1.9022498193731598
176.0 1.8941911079970497
177.0 1.8947457778039085
178.0 1.9046656028948459
179.0 1.9006955577869629
180.0 1.9011363872963953
181.0 1.8963538013096288
182.0 1.8880281513504151
183.0 1.8834655552471662
184.0 1.8769288548740601
185.0 1.875099991742427
185.99999999999997 1.8787920286949082
187.0 1.879188491574542
188.0 1.8856103354717078
189.0 1.8888465170197297
190.0 1.886526305179794
191.0 1.884430175686421
192.0 1.8846662076434808
193.0 1.8790295987942385
194.0 1.8735873760291422
195.0 1.8780453632353658
196.00000000000003 1.877246640434674
197.00000000000003 1.8838466619063339
197.99999999999997 1.8842955124525393
199.0 1.879942492217784
200.0 1.8874688948657592
201.0 1.882568540007838
202.0 1.8764984368328543
203.0 1.8701451891119147
204.0 1.8705856882959173
205.0 1.8700646433251953
206.00000000000003 1.8713026574930491
207.0 1.8638846284265118
208.0 1.8554245094185398
209.0 1.8612539662096608
209.99999999999997 1.8559663773257111
210.99999999999997 1.8541448493777726
212.0 1.8519449607297676
213.0 1.8528832915165718
214.00000000000003 1.8581546718908664
215.0 1.8561804037316907
216.0 1.8583072456659853
217.0 1.8566628791140323
218.0 1.8592310725215215
219.0 1.8511168971943046
220.0 1.8561225493491202
220.99999999999997 1.8540071350615612
222.0 1.8572344432836205
223.0 1.859808433732537
224.0 1.850526048230524
225.0 1.8593274964924593
226.0 1.8545281800322804
226.99999999999997 1.8590721797412126
228.0 1.8515222333998962
229.0 1.8542061355725123
230.0 1.8538721415022474
231.0 1.8555173603433905
232.0 1.85188284744804
233.0 1.8524023542764922
233.99999999999997 1.85689737292882
235.0 1.8546662498761304
236.0 1.8619477472410866
237.00000000000003 1.8625058236579175
238.0 1.8625636780404802
239.00000000000003 1.8534980397013379
240.0 1.862556342856786
241.0 1.8684690913937323
242.0 1.8614594748173197
242.99999999999997 1.86892920569735
244.0 1.8666298167938697
244.99999999999997 1.856734221249359
245.99999999999997 1.866050917440589
247.0 1.8664234810992286
248.0 1.860089187847041
249.00000000000003 1.8639547879472138
250.0 1.8637141415633536
251.0 1.864417978535368
252.0 1.8690819459085881
253.00000000000003 1.8677925602526715
254.0 1.8474248602418217
