1.0 2.1775047336395787
2.0 2.2107492495193606
3.0 2.210980336724183
4.0 2.214048752165935
5.0 2.2150908421073754
6.0 2.2096501574845475
7.0 2.214816240561941
8.0 2.2129056238267535
9.0 2.2100539555478713
10.0 2.215246658603147
11.0 2.2093473978189655
12.0 2.208022163331565
13.0 2.205123904427537
14.0 2.2122584586226792
15.0 2.217961795180447
16.0 2.212966554493854
17.0 2.212386116998303
18.0 2.2151012535756043
19.0 2.2182379348681467
20.0 2.213496472790534
21.0 2.209758531065983
22.0 2.219213297101063
23.0 2.2185750052229465
24.0 2.214047214023668
25.0 2.215209627157038
26.0 2.2162902866868524
27.0 2.213840878329026
28.0 2.218435397236828
29.0 2.2144124424986167
30.0 2.2137251695638978
31.0 2.2127393958627555
32.0 2.2137598105785483
33.0 2.2154367857881354
34.0 2.218839195300154
35.0 2.218237934868147
36.0 2.212396528466532
37.0 2.214068036960124
38.0 2.2159281344964388
39.0 2.2161537549852706
40.0 2.214676632575823
41.0 2.208783168833069
42.0 2.2185422326759983
43.0 2.21460836672503
44.0 2.2175595352593893
45.0 2.2137814858041955
46.0 2.217512092345053
47.0 2.2143545881160507
48.0 2.2173636110329733
49.00000000000001 2.2171765601325193
50.0 2.2170681865510855
51.0 2.2133124981746137
52.0 2.2187917523858176
53.0 2.214902253064653
54.0 2.219881285241592
55.0 2.2208462360062797
56.0 2.2233198739105298
57.0 2.2134821327485814
58.0 2.2184249857686016
59.0 2.2160662043402883
60.0 2.2160854891344774
61.0 2.223099720137691
62.0 2.2202657985107286
63.0 2.2242501836605646
64.0 2.222912669237237
65.0 2.2173755606434686
66.0 2.2203815072758557
67.0 2.2156238366885885
68.0 2.2134401565502366
69.0 2.2250176720565698
70.0 2.229482994446484
71.0 2.227535346265188
72.0 2.226828788536281
73.0 2.2243585572419997
74.0 2.2230788972012343
75.0 2.2181102764925225
76.0 2.2199109815040083
77.0 2.220195994517668
78.0 2.215623836688589
79.0 2.212366832204114
80.0 2.2146148496195335
81.0 2.2123089778215497
82.0 2.218237082578956
83.0 2.2151502346322047
84.0 2.2120104770551245
85.0 2.2122915614950607
86.0 2.2202762099789557
87.0 2.213340656294761
88.0 2.217293807039915
89.0 2.2160260966096446
90.0 2.219764038334198
91.0 2.2235717840518086
92.0 2.221280224546772
92.99999999999999 2.2069050810082014
94.0 2.2079296679343523
95.0 2.2188094990377394
96.0 2.216665404666272
97.0 2.220344475829748
98.00000000000001 2.2262973320973347
98.99999999999999 2.2191137968455883
100.0 2.224398664972645
101.0 2.226680307224204
102.0 2.2245664310789106
103.00000000000001 2.2194686138523085
104.0 2.2185526441442245
104.99999999999999 2.2227537764569316
106.0 2.22376924642049
107.00000000000001 2.22163454733874
108.0 2.2206414384539053
109.0 2.2212025911552677
110.0 2.2217533323884036
111.0 2.2261874203736327
112.0 2.224360095384269
113.0 2.22552984370133
114.0 2.227388403095378
115.0 2.226010780941406
116.0 2.224238234050071
116.99999999999999 2.2266490728195216
118.0 2.2268970543870745
119.0 2.2260790467921985
120.0 2.2212677807215258
121.0 2.2187798027753223
122.0 2.210555715724401
122.99999999999999 2.2119189978364204
124.0 2.2123548825936186
125.0 2.2165768378427795
126.0 2.215248196745412
127.0 2.2155258745753805
128.0 2.2149350256116027
129.0 2.2153125340224786
130.0 2.2116275019282585
131.0 2.2153075892702425
132.0 2.2174422883519918
133.0 2.2154649439082807
134.0 2.2106359311856876
135.0 2.212317851147511
136.0 2.2167133695443635
137.0 2.219035119526567
138.0 2.214252011576044
139.0 2.2103110328230042
140.0 2.205801451747102
141.0 2.206926147581284
142.0 2.2066870393396916
143.0 2.2068563435882274
144.0 2.210209772043644
145.0 2.2078124210269543
146.0 2.211568109403426
147.0 2.2088633842943537
148.0 2.2058142536467877
149.0 2.211153899871874
150.0 2.2069735904956236
151.0 2.2075169965450656
152.0 2.2062878557031724
153.0 2.2093547330026575
154.0 2.2080661996359328
155.0 2.2096115878961715
156.0 2.2061883554476993
157.0 2.20670786227615
158.0 2.2107917476814603
159.0 2.212436636197173
160.0 2.2110204444548263
161.0 2.2149631837317525
162.0 2.2165189834602175
163.0 2.2142045686617084
164.0 2.214949695978991
165.0 2.2160527165875292
166.0 2.2089029700612417
167.0 2.2085486750182777
168.0 2.206419772977954
169.0 2.2091572706339755
170.0 2.192633825823088
171.0 2.184685878459871
172.0 2.1911453317124088
173.0 2.1982076355375306
174.0 2.196427753462501
175.0 2.201013399044343
176.0 2.2047409293006672
177.0 2.1998436507272823
178.0 2.206964717169664
179.0 2.2035399465789216
180.0 2.196236773988321
181.0 2.1814245071324203
182.0 2.1766139576581165
183.0 2.164659706282787
184.0 2.1626550213176254
185.0 2.1690179946537187
185.99999999999997 2.1757463603540805
187.0 2.1791735213762813
188.0 2.181621391591839
189.0 2.186150720933385
190.0 2.1821921034722376
191.0 2.1780647037263177
192.0 2.1779339690661588
193.0 2.1750278530146794
194.0 2.176618815721554
195.0 2.1765995309273665
196.00000000000003 2.1768132018057016
197.00000000000003 2.1781240962511483
197.99999999999997 2.1753584404749757
199.0 2.176134802196941
200.0 2.167734075713794
201.0 2.1666359998574913
202.0 2.167517328550923
203.0 2.1681883929759893
204.0 2.1655415222494803
205.0 2.1664709797103288
206.00000000000003 2.1666237199215646
207.0 2.155670905275989
208.0 2.1361376476984866
209.0 2.13770996899016
209.99999999999997 2.1459605676798175
210.99999999999997 2.147412610800446
212.0 2.1475610921125248
213.0 2.1487948473812186
214.00000000000003 2.147822561432839
215.0 2.147166522902804
216.0 2.155334624038859
217.0 2.1549794767067056
218.0 2.1515963519888754
219.0 2.1522628019871397
220.0 2.151712060754005
220.99999999999997 2.149921767210749
222.0 2.149007335644932
223.0 2.1487183940575467
224.0 2.1486967188319
225.0 2.144433117709828
226.0 2.150947126678779
226.99999999999997 2.152294036391824
228.0 2.157536736682212
229.0 2.156553023087093
230.0 2.1580574513274975
231.0 2.1557647117546326
232.0 2.1596584699749557
233.0 2.154139793886186
233.99999999999997 2.1489375316518746
235.0 2.1477188022782094
236.0 2.149066728169764
237.00000000000003 2.140846047728813
238.0 2.141024225303307
239.00000000000003 2.1496401608070568
240.0 2.146525154740157
241.0 2.149035493765083
242.0 2.1465251547401567
242.99999999999997 2.1435446202688144
244.0 2.1444829510556214
244.99999999999997 2.1457086852875475
245.99999999999997 2.1400080694866714
247.0 2.144513499607228
248.0 2.1444675948351595
249.00000000000003 2.132204344536376
250.0 2.147221301000835
251.0 2.1562232879159877
252.0 2.1478481626854182
253.00000000000003 2.1430220346090363
254.0 2.1398397788698555
