1.0 1.638925096435943
2.0 1.6759934239086796
3.0 1.6745579473721455
4.0 1.6767056122428994
5.0 1.6828132688277475
6.0 1.669982713258529
7.0 1.6824183440903813
8.0 1.6790248079043235
9.0 1.6831680858344689
10.0 1.682694483778084
11.0 1.6858238298869366
12.0 1.6738587248269303
13.0 1.691254103041536
14.0 1.6845368346624787
15.0 1.6826381675377873
16.0 1.681781590354535
17.0 1.6815158621350614
18.0 1.688778074705829
19.0 1.688518143527779
20.0 1.6930563461952874
21.0 1.6919621989127085
22.0 1.6820666033681964
23.0 1.6894341132358626
24.0 1.687349933352985
25.0 1.6832957442100902
26.0 1.6885983589890665
27.0 1.685694633369046
28.0 1.6899254619441677
29.0 1.6929375611456245
30.0 1.6915880971118018
31.0 1.6868956160907922
32.0 1.685960361588518
33.0 1.689946284880624
34.0 1.690309975213306
35.0 1.6849564831610166
36.0 1.6874374839979664
37.0 1.6887156058964599
38.0 1.692414978032636
39.0 1.691067052141081
40.0 1.695869444885796
41.0 1.6909706281701422
42.0 1.6941979363922015
43.0 1.701278895103939
44.0 1.69393954335642
45.0 1.6906825388719462
46.0 1.6929850040599597
47.0 1.6933575677186001
48.0 1.6912749259779911
49.00000000000001 1.6938593278951348
50.0 1.6983543465474622
51.0 1.6827480792614893
52.0 1.6848692905904759
53.0 1.6844863154636045
54.0 1.6831711621190013
55.0 1.6860243685401535
56.0 1.6899077152922484
57.0 1.6869654200838506
58.0 1.6962628314808923
59.0 1.6923852817702227
60.0 1.6920825221046416
61.0 1.6931053272518912
62.0 1.6951212412839782
63.0 1.6922013071543025
64.0 1.6931053272518901
65.0 1.695544324141489
66.0 1.6943626262139315
67.0 1.6928604219688734
68.0 1.6975394152371206
69.0 1.6957907675667756
70.0 1.6940895628107657
71.0 1.6927713331816259
72.0 1.6902640704412342
73.0 1.6898988419662864
74.0 1.692210180480262
75.0 1.6928034198754986
76.0 1.699389101305209
77.0 1.6905371338444033
78.0 1.6867085651903369
79.0 1.6902505826884704
80.0 1.6830172140909292
81.0 1.69208985728833
82.0 1.6864235521766722
83.0 1.6806457971990438
84.0 1.6779827179628852
85.0 1.6833447252666915
86.0 1.67766647054454
87.0 1.678962502984277
88.0 1.6815633050493966
89.0 1.681465673261622
90.0 1.6863448748576535
91.0 1.6901406709647688
92.0 1.6898021184132084
92.99999999999999 1.6750156712443076
94.0 1.697147566784291
95.0 1.7003644635381217
96.0 1.6989467336535062
97.0 1.6974399149816422
98.00000000000001 1.7011793948484604
98.99999999999999 1.7028613148102822
100.0 1.7033823597810025
101.0 1.7029592769234914
102.0 1.7029399921293042
103.00000000000001 1.7016811550249957
104.0 1.6987315246329044
104.99999999999999 1.7001774126376674
106.0 1.699025410972526
107.00000000000001 1.6964853756851856
108.0 1.699053569092674
109.0 1.6979239285062564
110.0 1.7004712989772885
111.0 1.7009449010336715
112.0 1.6949044941211047
113.0 1.6961930274878287
114.0 1.6935878026342308
115.0 1.6903307981497568
116.0 1.6847513123256892
116.99999999999999 1.687533907968902
118.0 1.6874671802603787
119.0 1.6852256457394608
120.0 1.6879720167214431
121.0 1.6876276111829507
122.0 1.6911858371907422
122.99999999999999 1.6898480231852786
124.0 1.6877178825848256
125.0 1.6894680683974355
126.0 1.6864872036006613
127.0 1.6846166945961198
128.0 1.6937968590857644
129.0 1.6875130850324482
130.0 1.6730646164530418
131.0 1.6673477921425153
132.0 1.6714166516527964
133.0 1.682016084169326
134.0 1.6808077662638845
135.0 1.6794108593157229
136.0 1.6819374068503024
137.0 1.6833937063232929
138.0 1.682075476694155
139.0 1.6730352505160582
140.0 1.6727830100493475
141.0 1.6783953893521666
142.0 1.6819181220561166
143.0 1.685065214816888
144.0 1.6908680516301298
145.0 1.6923035281666643
146.0 1.691723090671114
147.0 1.6879674022946425
148.0 1.686088019964139
149.0 1.6824110089066857
150.0 1.6839949667552998
151.0 1.6847327588888892
152.0 1.6856070827240617
153.0 1.689060011434952
154.0 1.6895825945479404
155.0 1.691764736544026
156.0 1.6862187546242997
157.0 1.6868080654458106
158.0 1.6800445367670425
159.0 1.676456614496837
160.0 1.679571620563735
161.0 1.679945036511567
162.0 1.6789044847123948
163.0 1.6809292720704418
164.0 1.6768781592120827
165.0 1.681769640744039
166.0 1.6849271449730387
167.0 1.6915880971117991
168.0 1.692088319146063
169.0 1.6908233294726855
170.0 1.677878081316856
171.0 1.6733690529480059
172.0 1.6720359613131575
173.0 1.6830371595359868
174.0 1.680328011638438
175.0 1.674355870576662
176.0 1.6736967557620928
177.0 1.67546776451116
178.0 1.670217537398755
179.0 1.664304788861809
180.0 1.653269141262651
181.0 1.6545562248608414
182.0 1.6516819871703692
183.0 1.6475504272294115
184.0 1.6414026841689304
185.0 1.6352813759420035
185.99999999999997 1.6333472155134703
187.0 1.645165377403665
188.0 1.6452266383961953
189.0 1.6413371390750295
190.0 1.635916947063226
191.0 1.6371588898048055
192.0 1.6371460879051172
193.0 1.64004333063064
194.0 1.6378202286147197
195.0 1.6477122259109394
196.00000000000003 1.6529093795036967
197.00000000000003 1.6473203774581073
197.99999999999997 1.6448165213276873
199.0 1.6397902101257293
200.0 1.6392649088026505
201.0 1.6328975126780783
202.0 1.635375931445242
203.0 1.6230848533517401
204.0 1.6285818542148633
205.0 1.6292672586818844
206.00000000000003 1.617646037196614
207.0 1.6124326532618538
208.0 1.598032510344742
209.0 1.6005067173576177
209.99999999999997 1.6008445261855113
210.99999999999997 1.6154229074316875
212.0 1.610116200189665
213.0 1.5963198415665691
214.00000000000003 1.5947851925531986
215.0 1.6046126861362364
216.0 1.6086016080648617
217.0 1.6030289502217532
218.0 1.6121287353607914
219.0 1.6107838857537706
220.0 1.6139236433308508
220.99999999999997 1.621822965165107
222.0 1.6263341923270842
223.0 1.6321802131555063
224.0 1.6308515720581387
225.0 1.644403355723649
226.0 1.6393174881075423
226.99999999999997 1.6288592017193988
228.0 1.6246507342230025
229.0 1.6216089387591266
230.0 1.6257283174682786
231.0 1.616368792789515
232.0 1.6174671989712541
233.0 1.619965588385684
233.99999999999997 1.626184172872745
235.0 1.6251019752006584
236.0 1.6182585865882464
237.00000000000003 1.626861034339234
238.0 1.6244339870601294
239.00000000000003 1.6245362080724948
240.0 1.6139533395932673
241.0 1.608811155736863
242.0 1.6260831344750013
242.99999999999997 1.6155299622581796
244.0 1.6103831639749802
244.99999999999997 1.609980904053919
245.99999999999997 1.619658214293296
247.0 1.6171123819645343
248.0 1.6206559376049343
249.00000000000003 1.6199270187973047
250.0 1.615207065509228
251.0 1.6238944792886092
252.0 1.6271898894721428
253.00000000000003 1.6088457967515104
254.0 1.6131110469539465
