1.0 1.1575463487369813
2.0 1.1926986027522406
3.0 1.1992438461258725
4.0 1.2013101154675114
5.0 1.2027679530827664
6.0 1.1889773915011004
7.0 1.2053248827328387
8.0 1.2046072276826276
9.0 1.206446502282488
10.0 1.206822142225662
11.0 1.20817894144318
12.0 1.1994380683207
13.0 1.1996729176631338
14.0 1.2045717343787845
15.0 1.2097821840859824
16.0 1.2111019518573884
17.0 1.203735980131991
18.0 1.2122331305860752
19.0 1.2086702901514845
20.0 1.2085931509747332
21.0 1.2142089368875197
22.0 1.2142876142065386
23.0 1.2150076596882071
24.0 1.2081743270163807
25.0 1.2100286275112677
26.0 1.2094200318955695
27.0 1.2087802018751865
28.0 1.2125671246563419
29.0 1.208869290662432
30.0 1.2093606393707363
31.0 1.203700817153581
32.0 1.2112176606225151
33.0 1.2203384325873332
34.0 1.21645354769297
35.0 1.2189375970654468
36.0 1.2162263890618727
37.0 1.213993727866916
38.0 1.2125879475927976
39.0 1.2141526206472233
40.0 1.2145163109799029
41.0 1.2182349679102649
42.0 1.2174169603153906
43.0 1.217151232095917
44.0 1.2087505056127708
45.0 1.2089672527756403
46.0 1.2105022295676495
47.0 1.213846784697103
48.0 1.2125389665361919
49.00000000000001 1.216647933777117
50.0 1.2171809283583324
51.0 1.212193022855433
52.0 1.2187263166185707
53.0 1.2166687567135728
54.0 1.2159799456365878
55.0 1.214035373739827
56.0 1.2112504331694691
57.0 1.2104042674544429
58.0 1.219364608496686
59.0 1.2134400742385656
60.0 1.2233979747031265
61.0 1.2200341347794825
62.0 1.2187841710011347
63.0 1.2196214633901992
64.0 1.2180375055415864
65.0 1.221146028713982
66.0 1.2188154054058173
67.0 1.2284927156451928
68.0 1.227990955468662
69.0 1.2259453451741593
70.0 1.2264174090882756
71.0 1.2231322464836523
72.0 1.2251095909273615
73.0 1.22534562288442
74.0 1.2253159266220046
75.0 1.2233452874544173
76.0 1.2239591274044883
77.0 1.2269577388531812
78.0 1.2234558290856898
79.0 1.226417409088275
80.0 1.2241837317148083
81.0 1.2204853757571434
82.0 1.2271359164276772
83.0 1.2242248556239625
84.0 1.2249329514951357
85.0 1.2228873412006336
86.0 1.2276079803417925
87.0 1.2234558290856878
88.0 1.223525633078747
89.0 1.2234469557597296
90.0 1.2236340066601823
91.0 1.2244697609069795
92.0 1.2188196643049745
92.99999999999999 1.2122300607955352
94.0 1.2190009181640031
95.0 1.2231515312778383
96.0 1.2222570426102815
97.0 1.2212987689252182
98.00000000000001 1.2221568842507382
98.99999999999999 1.2193526588861894
100.0 1.2159012683175687
101.0 1.217691561860824
102.0 1.2213612377345835
103.00000000000001 1.2216670736847002
104.0 1.2203681288497485
104.99999999999999 1.2191879690644596
106.0 1.2191004184194796
107.00000000000001 1.2205463064242426
108.0 1.2228472334699905
109.0 1.2247651853888695
110.0 1.2233786899089378
111.0 1.2247250776582268
112.0 1.2270364161722025
113.0 1.2289454947651213
114.0 1.228373930595531
115.0 1.2250976413168677
116.0 1.2175770916558246
116.99999999999999 1.2165765916417897
118.0 1.2204275213745768
119.0 1.222266795974437
120.0 1.2252075530405673
121.0 1.2274209294413372
122.0 1.225247660771212
122.99999999999999 1.2142659389808896
124.0 1.2162769082607405
125.0 1.2157959710206632
126.0 1.2189816333698122
127.0 1.2203577173815172
128.0 1.2229832432078127
129.0 1.2247155809186892
130.0 1.231246421810867
131.0 1.230645161378862
132.0 1.230132989734102
133.0 1.2270557009663876
134.0 1.2292794888353844
135.0 1.2278632970930363
136.0 1.2257582942737035
137.0 1.2271848974842794
138.0 1.2286693550774181
139.0 1.2289881008710353
140.0 1.2311409328756449
141.0 1.228446455345482
142.0 1.228830968614618
143.0 1.228498512686618
144.0 1.2301908441166667
145.0 1.2286766902611124
146.0 1.2326907716733637
147.0 1.231500200419847
148.0 1.2295718370327398
149.0 1.2298198186002929
150.0 1.231844605958339
151.0 1.2309494591867096
152.0 1.229858388188668
153.0 1.2320613531212092
154.0 1.2294457167993837
155.0 1.230861908541732
156.0 1.2312834532569767
157.0 1.2306555728470878
158.0 1.2296609258199858
159.0 1.2291992733740984
160.0 1.2282728921977881
161.0 1.232649125800453
162.0 1.2314705041574305
163.0 1.2278810437449579
164.0 1.227701328028195
165.0 1.2262392315137798
166.0 1.223868500474973
167.0 1.2253336732739242
168.0 1.2282937151342417
169.0 1.2261767627044138
170.0 1.2141433337488106
171.0 1.2044418844360452
172.0 1.2015907533711758
173.0 1.208533402922255
174.0 1.206176159636213
175.0 1.2140558411486384
176.0 1.2101308485236328
177.0 1.207681440165806
178.0 1.204850594823379
179.0 1.2118305151373736
180.0 1.1986914028611504
181.0 1.1961960727079686
182.0 1.1809317355500089
183.0 1.1772546207724808
184.0 1.1955678537937273
185.0 1.1941204276466924
185.99999999999997 1.192195140544122
187.0 1.1904746509939261
188.0 1.185587783888767
189.0 1.1814020077965268
190.0 1.1878665137451139
191.0 1.1837203511687608
192.0 1.174633367929407
193.0 1.1897167217769569
194.0 1.1880981229136922
195.0 1.1870826529501357
196.00000000000003 1.1836515633542104
197.00000000000003 1.173845056596947
197.99999999999997 1.188507718018441
199.0 1.1860583096606168
200.0 1.18050191627266
201.0 1.1800371875422377
202.0 1.1827241659993881
203.0 1.1826381534966746
204.0 1.1878694261403262
205.0 1.1851826115724942
206.00000000000003 1.1845175358271811
207.0 1.1734591690748584
208.0 1.1774711621845886
209.0 1.176038030575197
209.99999999999997 1.1784588602989365
210.99999999999997 1.175908935507125
212.0 1.1780381678728808
213.0 1.177947210617936
214.00000000000003 1.1741305915743645
215.0 1.1750257383459932
216.0 1.1694623400997755
217.0 1.1701759026869432
218.0 1.171047836090655
219.0 1.1671436664021069
220.0 1.1780685499883745
220.99999999999997 1.1713127120209428
222.0 1.1736522086550623
223.0 1.1736313857186111
224.0 1.164536903406244
225.0 1.1671283101816454
226.0 1.1639812174208757
226.99999999999997 1.1715623981668755
228.0 1.177207880342077
229.0 1.1754249219825113
230.0 1.1726862417118666
231.0 1.1595336416828839
232.0 1.1621805124093902
233.0 1.1711408534516317
233.99999999999997 1.1683663243494995
235.0 1.16549537127643
236.0 1.1635002801807999
237.00000000000003 1.1666577844097958
238.0 1.1638165275991388
239.00000000000003 1.1774084189952962
240.0 1.1759031384656988
241.0 1.178538059581712
242.0 1.16534109292292
242.99999999999997 1.1697069150573616
244.0 1.1751356500696981
244.99999999999997 1.1660372391836005
245.99999999999997 1.1754873907918795
247.0 1.1744749971128603
248.0 1.1659288656021685
249.00000000000003 1.176099062692114
250.0 1.1751726815158026
251.0 1.1765977465841095
252.0 1.178034761262916
253.00000000000003 1.1788928765884321
254.0 1.168085925762641
