1.0 1.8717731275434057
2.0 1.9149055760053677
3.0 1.9117303251244473
4.0 1.9087286373912187
5.0 1.9130975358101914
6.0 1.9064519398918938
7.0 1.9143949425028748
8.0 1.915791849451034
9.0 1.915339070331108
10.0 1.916734439137
11.0 1.9136987962421976
12.0 1.9129980355547165
13.0 1.9182516692770886
14.0 1.91744407315044
15.0 1.9247922982239194
16.0 1.9193531517433602
17.0 1.9154489820548095
18.0 1.9188409800986004
19.0 1.9156553177494513
20.0 1.9205822925852534
21.0 1.9187237331912048
22.0 1.9209162866555185
23.0 1.9218708259519777
24.0 1.9209860906485765
25.0 1.9219302184768101
26.0 1.923012416148891
27.0 1.9196975572818527
28.0 1.9218218448953754
29.0 1.9197554116644158
30.0 1.9187430179853948
31.0 1.9166276036978318
32.0 1.9144038158288348
33.0 1.9213393695130307
34.0 1.9194511138565666
35.0 1.915448460091053
36.0 1.923405802743989
37.0 1.922206358164511
38.0 1.9259620465409815
39.0 1.9239461325088956
40.0 1.9226977068728153
41.0 1.9267889274618184
42.0 1.9250075072445232
43.0 1.9217728638387714
44.0 1.9166276036978314
45.0 1.9169912940305132
46.0 1.919489683444944
47.0 1.9097128729500918
48.0 1.916323305889983
49.00000000000001 1.9146116896657472
50.0 1.9164613757338347
51.0 1.9161867741884
52.0 1.9183986124469015
53.0 1.9149071141476348
54.0 1.9179666562634285
55.0 1.921124160492428
56.0 1.9158369019339148
57.0 1.917956244795202
58.0 1.9204843304720465
59.0 1.913933290056988
60.0 1.9152218234237113
61.0 1.9156537796071842
62.0 1.9165890341094565
63.0 1.9138353279437816
64.0 1.9135310301359312
65.0 1.9167969079463665
66.0 1.9168982766695395
67.0 1.9205333115286494
68.0 1.9241435948775776
69.0 1.925608767676529
70.0 1.9246735131742583
71.0 1.9263361483418915
72.0 1.926227774760457
73.0 1.9231875174388506
74.0 1.914394942502876
75.0 1.9052092033534245
76.0 1.9118178757694264
77.0 1.9141010561632532
78.0 1.9241019490046665
79.0 1.91338834586528
80.0 1.9145847701057264
81.0 1.9158794000960147
82.0 1.9128807886473211
83.0 1.913501333873516
84.0 1.912064319194712
85.0 1.9143355499780437
86.0 1.908335250796121
87.0 1.9025824112179937
88.0 1.9120434962582575
89.0 1.913587346376228
90.0 1.9098983857082799
91.0 1.923493353388967
92.0 1.91315484047999
92.99999999999999 1.907716629983133
94.0 1.9229723084182473
95.0 1.919776234600869
96.0 1.9228149537802077
97.0 1.9149071141476328
98.00000000000001 1.919520917849624
98.99999999999999 1.9209475210601996
100.0 1.9250387416492045
101.0 1.9275564158578227
102.0 1.9275861121202373
103.00000000000001 1.9283343157220534
104.0 1.9247938363661852
104.99999999999999 1.9250491531174307
106.0 1.923907562920517
107.00000000000001 1.9216660283996005
108.0 1.9238497085379538
109.0 1.9241138986151605
110.0 1.927173440730953
111.0 1.9295634565639475
112.0 1.9292769054080188
113.0 1.9278904099280867
114.0 1.9262574710228693
115.0 1.9254899826268623
116.0 1.9218328650161607
116.99999999999999 1.9214936478665328
118.0 1.9217015217034432
119.0 1.9216644902573343
120.0 1.9233167139567418
121.0 1.920563007791065
122.0 1.9182991121914275
122.99999999999999 1.9183407580643355
124.0 1.9215279585557512
125.0 1.9190384424672824
126.0 1.9184965745601061
127.0 1.9211523186125745
128.0 1.9186643406663721
129.0 1.905033166079761
130.0 1.9109382213585728
131.0 1.9158481656913298
132.0 1.9130543517950123
133.0 1.9098108350632996
134.0 1.9140416636384212
135.0 1.9089662074905422
136.0 1.9111290646924415
137.0 1.8975579962327447
138.0 1.8987978788682949
139.0 1.904629618147067
140.0 1.9007202535756558
141.0 1.894928872158158
142.0 1.8976054391470816
143.0 1.9037125737681715
144.0 1.8976335972672287
145.0 1.8979780028057218
146.0 1.8964206649349902
147.0 1.9000517712203715
148.0 1.9007895633539613
149.0 1.9006827279147942
150.0 1.89705162162941
151.0 1.8951707011566397
152.0 1.897091729360054
153.0 1.9028397880752654
154.0 1.9055414368998025
155.0 1.8996614609098101
156.0 1.9015096088356318
157.0 1.9062664271337075
158.0 1.911434900642557
159.0 1.9069086475855463
160.0 1.9072114072511275
161.0 1.9076360282509086
162.0 1.9093966255317494
163.0 1.9060833048069785
164.0 1.9093403092914545
165.0 1.9054226518501416
166.0 1.9046952711847793
167.0 1.9035849153925501
168.0 1.8976023628625465
169.0 1.899305105760824
170.0 1.8967908381621754
171.0 1.891816120829899
172.0 1.8850176208110438
173.0 1.8841022810105326
174.0 1.8837030973740085
175.0 1.884192907940046
176.0 1.8795871252748237
177.0 1.8808097832222166
178.0 1.871237770279741
179.0 1.8765997775835508
180.0 1.8826138948436675
181.0 1.8750345825653658
182.0 1.8636198606640557
183.0 1.8587268687388379
184.0 1.853535017972752
185.0 1.8518256257438606
185.99999999999997 1.8561510098222227
187.0 1.8625134611945569
188.0 1.8595237230718242
189.0 1.8520759977428713
190.0 1.8566481555719507
191.0 1.863950475873362
192.0 1.8698200403951264
193.0 1.8694698378152081
194.0 1.8729108169156032
195.0 1.8691848248015457
196.00000000000003 1.8718760621578567
197.00000000000003 1.8728514243907703
197.99999999999997 1.8749402187004525
199.0 1.870679693862912
200.0 1.8762746568392457
201.0 1.8717321952725803
202.0 1.874714598211621
203.0 1.8746953134174333
204.0 1.8615026056578015
205.0 1.8643720205886045
206.00000000000003 1.8613942320763663
207.0 1.8527574736361656
208.0 1.8521795904613894
209.0 1.839998260202276
209.99999999999997 1.849822513611458
210.99999999999997 1.849657823789728
212.0 1.846412768915745
213.0 1.8539777411520957
214.00000000000003 1.8490997473728974
215.0 1.8550036225838804
216.0 1.8539777411520928
217.0 1.8509791297033993
218.0 1.8558972312132394
219.0 1.8583852091594433
220.0 1.8492659753368954
220.99999999999997 1.852144949446737
222.0 1.848508898409118
223.0 1.8539985640885472
224.0 1.8572598274721788
225.0 1.8480056000903171
226.0 1.8436694742182982
226.99999999999997 1.8533097530115632
228.0 1.8528689235021292
229.0 1.8571352453810948
230.0 1.8542018234986577
231.0 1.8464247185262384
232.0 1.8531523983735247
233.0 1.8529148282741994
233.99999999999997 1.8457270341232932
235.0 1.8521191817580493
236.0 1.8445468743380058
237.00000000000003 1.854292450428168
238.0 1.8533587340681665
239.00000000000003 1.8426482072133106
240.0 1.8403233809465764
241.0 1.8532827775060388
242.0 1.8392647269678364
242.99999999999997 1.8333284347375485
244.0 1.853707398505818
244.99999999999997 1.8447501337481107
245.99999999999997 1.843479347033306
247.0 1.8446537097771682
248.0 1.8485979871963638
249.00000000000003 1.843956025374226
250.0 1.8512047501922282
251.0 1.8499844826762954
252.0 1.850459622874947
253.00000000000003 1.8486485063952383
254.0 1.844175493293986
