1.0 2.1808933238312305
2.0 2.224053544142403
3.0 2.2267710711511617
4.0 2.2281382818369044
5.0 2.2305209624862066
6.0 2.2242687531630057
7.0 2.2250466530272375
8.0 2.2322518635046302
9.0 2.2330401748370927
10.0 2.226288595768817
11.0 2.225503360720891
12.0 2.2286535297661985
13.0 2.221400190521391
14.0 2.234692398536496
15.0 2.2342099231541535
16.0 2.2377014214534197
17.0 2.230185430273673
18.0 2.228061142660152
19.0 2.2299895060472603
20.0 2.222431868994603
21.0 2.2293199797644605
22.0 2.2322622749728582
23.0 2.2362258371862396
24.0 2.2294773344024987
25.0 2.2296362271828065
26.0 2.2296065309203903
27.0 2.2291344670062743
28.0 2.2232587499154404
29.0 2.23194209898079
30.0 2.2305105510179786
31.0 2.2316995841292298
32.0 2.2324701488097665
33.0 2.2346210564011706
34.0 2.234484524699588
35.0 2.2351451776564253
36.0 2.2361159254625376
37.0 2.232566572780709
38.0 2.235390082939442
39.0 2.2328323010001823
40.0 2.2320439896677216
41.0 2.2335581435232768
42.0 2.231770926264556
43.0 2.2324581991992734
44.0 2.2311326343864404
45.0 2.233835821353245
46.0 2.2293882456152523
47.0 2.227451008902187
48.0 2.2285258713905747
49.00000000000001 2.231620906810211
50.0 2.23293026311339
51.0 2.226368811230104
52.0 2.2325191298663727
53.0 2.230627797925375
54.0 2.2185975032991117
55.0 2.2266167927976577
56.0 2.230746582975038
57.0 2.2194139727517217
58.0 2.2278235725608275
59.0 2.231050880782886
60.0 2.226055640096293
61.0 2.2260976162946347
62.0 2.2303948422528492
63.0 2.2328114780637263
64.0 2.2306976019184317
65.0 2.2307049371021255
66.0 2.230372481174125
67.0 2.233442434758147
68.0 2.230571481685076
69.0 2.234300550083666
70.0 2.2354093677336295
71.0 2.228945877963551
72.0 2.2354494754642724
73.0 2.233776428828413
74.0 2.230884652818886
75.0 2.232314554695617
76.0 2.240220633804305
77.0 2.236678616306167
78.0 2.2369725026457874
79.0 2.2368760786748476
80.0 2.237532281094202
81.0 2.2349373038195144
82.0 2.2375039590847368
83.0 2.232035116341761
84.0 2.2346241326857057
85.0 2.232921389787428
86.0 2.228498043595859
87.0 2.2306308742099072
88.0 2.2318881731719484
89.0 2.237276800453638
90.0 2.2403467540376596
91.0 2.238831062039838
92.0 2.232756508327373
92.99999999999999 2.2223738789192193
94.0 2.22822890876642
95.0 2.2314369321942897
96.0 2.231978278137708
97.0 2.232674946362143
98.00000000000001 2.235773058066314
98.99999999999999 2.233905625346308
100.0 2.236138286541264
101.0 2.240939141143709
102.0 2.235832450591146
103.00000000000001 2.2338535680051694
104.0 2.232035116341766
104.99999999999999 2.232980782312264
106.0 2.237220484213347
107.00000000000001 2.239000366288375
108.0 2.237771225446481
109.0 2.2398079624150236
110.0 2.237279876738179
111.0 2.233500289140717
112.0 2.2337571440342314
113.0 2.234248492742533
114.0 2.231877761703727
115.0 2.2220859253138454
116.0 2.2324967687876534
116.99999999999999 2.2353098674781586
118.0 2.2366176856390703
119.0 2.235459886932503
120.0 2.238755461005355
121.0 2.2351347661881986
122.0 2.2370334333128894
122.99999999999999 2.236579116050696
124.0 2.237276800453643
125.0 2.2306366712513372
126.0 2.22935854935284
127.0 2.2280017501353235
128.0 2.232222167242218
129.0 2.2362347105122025
130.0 2.2367615525243463
131.0 2.238819112429343
132.0 2.243541289712768
133.0 2.2358486591007973
134.0 2.237355477772659
135.0 2.235358848534761
136.0 2.231217108746887
137.0 2.2316980459869624
138.0 2.2292590490973625
139.0 2.2254047687001126
140.0 2.222386458437287
141.0 2.2320069582216138
142.0 2.2314041596473397
143.0 2.224008491659526
144.0 2.222887724399067
145.0 2.216609747387176
146.0 2.2113641347015736
147.0 2.2144067824546365
148.0 2.2218529696413207
149.0 2.2227377049447195
150.0 2.228828631056157
151.0 2.2247046379202042
152.0 2.225127720777716
153.0 2.223288446177856
154.0 2.223368661639142
155.0 2.2279126613480744
156.0 2.2241346118928798
157.0 2.2219524698967934
158.0 2.2209771076638805
159.0 2.2200908342182117
160.0 2.2185053382273283
161.0 2.2196677513606984
162.0 2.220239315530288
163.0 2.2281679780993193
164.0 2.232437376262818
165.0 2.2301468606852985
166.0 2.2355621079448684
167.0 2.230948304242877
168.0 2.2288729976859583
169.0 2.226808102597267
170.0 2.2179170435843307
171.0 2.2121082180913407
172.0 2.210092662133691
173.0 2.2053199656513978
174.0 2.2124113358313604
175.0 2.2124842161089537
176.0 2.209907149375505
177.0 2.2015642772749224
178.0 2.2045941231283
179.0 2.2117849935637404
180.0 2.2052860104898206
181.0 2.1847898305574525
182.0 2.1772457614523666
183.0 2.1795021857279995
184.0 2.1859163641160433
185.0 2.185521439378679
185.99999999999997 2.1801490206066436
187.0 2.1960642001272666
188.0 2.187238000355149
189.0 2.188233499671442
190.0 2.18629200405922
191.0 2.1820685106677895
192.0 2.183521733856243
193.0 2.1838676775370045
194.0 2.1865384474845033
195.0 2.191570719617205
196.00000000000003 2.1895740903793066
197.00000000000003 2.1875551000626867
197.99999999999997 2.1878609360128016
199.0 2.1811598761433975
200.0 2.183659803700097
201.0 2.1827503168865157
202.0 2.181957060801821
203.0 2.175566451309338
204.0 2.1779049040159446
205.0 2.181817452815702
206.00000000000003 2.175581121676722
207.0 2.1692664435441587
208.0 2.160322144575458
209.0 2.1643802622920774
209.99999999999997 2.1634820392359124
210.99999999999997 2.1686441937395813
212.0 2.1681608660680443
213.0 2.1710797840192106
214.00000000000003 2.170566760085259
215.0 2.1656286879281526
216.0 2.1619243710397438
217.0 2.160119737454536
218.0 2.157570498515801
219.0 2.162975334307143
220.0 2.1516329984686773
220.99999999999997 2.1565516219422745
222.0 2.1530338339905635
223.0 2.15962737256772
224.0 2.159397137652089
225.0 2.1581946167880743
226.0 2.1558863545586378
226.99999999999997 2.1533420603721387
228.0 2.1502654322552903
229.0 2.1444438048626107
230.0 2.1425782683593115
231.0 2.1492194137401244
232.0 2.153993126400931
233.0 2.1552927570889606
233.99999999999997 2.15465276317926
235.0 2.157149256376984
236.0 2.15913992468414
237.00000000000003 2.149214632877211
238.0 2.158361530605154
239.00000000000003 2.1623186099240344
240.0 2.159339283269527
241.0 2.162193175543755
242.0 2.157057641017967
242.99999999999997 2.1605293325592854
244.0 2.158885982185841
244.99999999999997 2.1532217371802105
245.99999999999997 2.156312513700685
247.0 2.1669453794150275
248.0 2.153413046979819
249.00000000000003 2.1589458966744295
250.0 2.1498652324402605
251.0 2.1452432160631734
252.0 2.1469109876213657
253.00000000000003 2.156858640507016
254.0 2.148784023197681
