1.0 0.8340257071154723
2.0 0.8684023746186513
3.0 0.8800096444322089
4.0 0.8829539719976249
5.0 0.8781278716702461
6.0 0.8575764996199053
7.0 0.877039876956738
8.0 0.8916631165006698
9.0 0.885308686165106
10.0 0.8841841567670348
11.0 0.8891188223141698
12.0 0.8635229007419948
13.0 0.8839291955434316
14.0 0.8862062233681889
15.0 0.8952899638868947
16.0 0.8860369191196563
17.0 0.8956046731629712
18.0 0.8889752857543282
19.0 0.8864808249136218
20.0 0.8901984379164698
21.0 0.8839141696484017
22.0 0.8772910986981458
23.0 0.8882934795356007
24.0 0.8889189695140295
25.0 0.8918073389135915
26.0 0.8914212875021883
27.0 0.8897690638027819
28.0 0.8930661760178988
29.0 0.8956432427513488
30.0 0.8835327326638003
31.0 0.8905928684390838
32.0 0.8918281618500442
33.0 0.8944229752354174
34.0 0.8968322758625998
35.0 0.9000938670248695
36.0 0.8965607506016979
37.0 0.8984297214639719
38.0 0.8973178275294752
39.0 0.895163843653539
40.0 0.897102618508871
41.0 0.8849847732376331
42.0 0.8944141019094499
43.0 0.8994139570228503
44.0 0.8891041519467827
45.0 0.8929817016574523
46.0 0.897200580622079
47.0 0.9053814836578217
48.0 0.8987556424991611
49.00000000000001 0.8996692737740951
50.0 0.8975970435017122
51.0 0.8986672915632992
52.0 0.8980289996851848
53.0 0.8911543766680903
54.0 0.9000699955528839
55.0 0.8981076770042045
56.0 0.9008984146159882
57.0 0.8862347370159789
58.0 0.8909746609513273
59.0 0.8882443320428831
60.0 0.8822133204200355
61.0 0.8934203349205496
62.0 0.8997880588237559
63.0 0.9035364120165359
64.0 0.8985099369252604
65.0 0.8974782584520479
66.0 0.9014788521115362
67.0 0.9012042505661052
68.0 0.8942702350241791
69.0 0.9006936170636143
70.0 0.9034963042858929
71.0 0.8988142347331122
72.0 0.9044790017025021
73.0 0.9066835047773105
74.0 0.9058951934448491
75.0 0.9107731872240467
76.0 0.9104391931537821
77.0 0.9051678127794854
78.0 0.9119934547399798
79.0 0.8995045839523645
80.0 0.9001829835611225
81.0 0.9048056605890726
82.0 0.9069106634084055
83.0 0.9035275386905747
84.0 0.9038422479666534
85.0 0.9058878582611571
86.0 0.9121419360520585
87.0 0.908721094035045
88.0 0.9128172593762813
89.0 0.9153083136070165
90.0 0.9154448453086014
91.0 0.9104480664797405
92.0 0.906883221884631
92.99999999999999 0.9104675736555499
94.0 0.9137941597514627
95.0 0.9141192804957686
96.0 0.912607847397106
97.0 0.909775105837971
98.00000000000001 0.9023709225986324
98.99999999999999 0.9026011575142633
100.0 0.8996796852423209
101.0 0.8992373175906204
102.0 0.8967181052397349
103.00000000000001 0.8954993758660696
104.0 0.8972599731469105
104.99999999999999 0.8979576575498571
106.0 0.8948491343774607
107.00000000000001 0.8989106587040502
108.0 0.8973371123236642
109.0 0.8997865206814899
110.0 0.9011136236365903
111.0 0.9029336134422626
112.0 0.9061400987278666
113.0 0.9048234072409937
114.0 0.9052464900985061
115.0 0.905959530721914
116.0 0.901483253645006
116.99999999999999 0.904550152199508
118.0 0.9006338690111431
119.0 0.9008938001891891
120.0 0.9013866870397591
121.0 0.9024110303292763
122.0 0.8993618996817121
122.99999999999999 0.8950435204616103
124.0 0.8954280337307465
125.0 0.8959729779224539
126.0 0.8966320927370252
127.0 0.8981076770042037
128.0 0.8978909298413343
129.0 0.8932339421241657
130.0 0.8910591353117718
131.0 0.8958526547305239
132.0 0.8989611779029204
133.0 0.8982530820317465
134.0 0.8974381507214049
135.0 0.8958750158092468
136.0 0.8954519329517339
137.0 0.8941738110532361
138.0 0.8945810157265262
139.0 0.8940850590854167
140.0 0.8945982404146917
141.0 0.8962591735507377
142.0 0.8930615615910925
143.0 0.891676604253428
144.0 0.8953181220070369
145.0 0.8972761816565596
146.0 0.9011892246710715
147.0 0.9011521932249621
148.0 0.9047906346940396
149.0 0.9044462291555467
150.0 0.9031681072570494
151.0 0.907005549237075
152.0 0.9102401926428276
153.0 0.9077537528388929
154.0 0.9096508818213164
155.0 0.9122769296113692
156.0 0.9113505484350585
157.0 0.911941397398837
158.0 0.9139291533107743
159.0 0.9108013453441899
160.0 0.9177635190062655
161.0 0.9133992350140947
162.0 0.9138875074378651
163.0 0.9101422305296202
164.0 0.9086651081201752
165.0 0.9077016954977548
166.0 0.9067664409954843
167.0 0.9066090863574457
168.0 0.9066283711516325
169.0 0.9035198479792378
170.0 0.8943828675047707
171.0 0.8913139885915607
172.0 0.8863784404594323
173.0 0.8915443314510066
174.0 0.8899322154822451
175.0 0.8915651543874623
176.0 0.8956548368341961
177.0 0.8952020577142722
178.0 0.8940114864607521
179.0 0.8976217698096812
180.0 0.9033829607500108
181.0 0.8973069378287746
182.0 0.8918534578002557
183.0 0.9001303633929228
184.0 0.9028214499742151
185.0 0.8999013519552177
185.99999999999997 0.8962557417385616
187.0 0.8967929952189344
188.0 0.8940809349261717
189.0 0.8961901966446622
190.0 0.8916642991152975
191.0 0.893120598588287
192.0 0.8912936039243552
193.0 0.8918289889370281
194.0 0.898294180738692
195.0 0.9025325083868265
196.00000000000003 0.8952501587326829
197.00000000000003 0.8979335389415408
197.99999999999997 0.8923964580967809
199.0 0.888546544542502
200.0 0.8971478122256573
201.0 0.8978657976013015
202.0 0.8857010313794799
203.0 0.8915987540213968
204.0 0.8899326870415828
205.0 0.8847137195360711
206.00000000000003 0.876792392150737
207.0 0.8744058913190162
208.0 0.8605347146445033
209.0 0.8743934073370974
209.99999999999997 0.8814170989889104
210.99999999999997 0.876002542676008
212.0 0.8700188075313822
213.0 0.8742909264517706
214.00000000000003 0.8758158473031978
215.0 0.8863111651374471
216.0 0.8845922137295177
217.0 0.8816572537048164
218.0 0.8789081619659412
219.0 0.8850654602582587
220.0 0.8735831861082409
220.99999999999997 0.8841290231413649
222.0 0.8856219985328206
223.0 0.8713547838124427
224.0 0.8760344629337701
225.0 0.8759168579519346
226.0 0.87723951036955
226.99999999999997 0.8769500745674138
228.0 0.8825296813232794
229.0 0.8702570357347815
230.0 0.8839573007123687
231.0 0.8723424234344925
232.0 0.880614969578259
233.0 0.8786905347648785
233.99999999999997 0.873601068900476
235.0 0.8751469791244728
236.0 0.8813455929642696
237.00000000000003 0.8769318059517351
238.0 0.8714363432308804
239.00000000000003 0.8751816201391248
240.0 0.8763930143290959
241.0 0.8825796785583971
242.0 0.8806984277601911
242.99999999999997 0.8729426399389818
244.0 0.8827431857655046
244.99999999999997 0.8858452260433973
245.99999999999997 0.8756226412868797
247.0 0.8751377754730744
248.0 0.8857749278355854
249.00000000000003 0.8815659383754286
250.0 0.8825892654864385
251.0 0.8823209829461858
252.0 0.8760013600613883
253.00000000000003 0.8823742229019499
254.0 0.8751000607206877
