1.0 1.07909793914918
2.0 1.1112832247927646
3.0 1.1203449623071888
4.0 1.1054749490125393
5.0 1.1172628926765573
6.0 1.1106838328284607
7.0 1.1158318666775051
8.0 1.122158824746001
9.0 1.1117896271451058
10.0 1.1150956126861842
11.0 1.1090193569421316
12.0 1.1121741404142425
13.0 1.119632277211423
14.0 1.1134611356386985
15.0 1.1198860558204011
16.0 1.1174975781296748
17.0 1.1182234206527684
18.0 1.1205243476985156
19.0 1.1200360752747467
20.0 1.1247108096438363
21.0 1.1137951297089665
22.0 1.114368232020824
23.0 1.1185292566028857
24.0 1.115992297600078
25.0 1.1186021368804788
26.0 1.119513492161761
27.0 1.1236328708709122
28.0 1.1222093439448717
29.0 1.117889426582505
30.0 1.1352906018385327
31.0 1.1262520776920228
32.0 1.1180409841791183
33.0 1.1268424324410495
34.0 1.12677416659026
35.0 1.1240871881331078
36.0 1.1294596069051461
37.0 1.126343748549055
38.0 1.1200079171545985
39.0 1.124934891990399
40.0 1.1293142018775995
41.0 1.1194305559435829
42.0 1.1389143729402214
43.0 1.133732081353178
44.0 1.1209327601886419
45.0 1.127354604085812
46.0 1.1279261682554007
47.0 1.118831163979276
48.0 1.1191231818511997
49.00000000000001 1.1213558430461548
50.0 1.1240532329715338
51.0 1.128399770311786
52.0 1.1349211144644271
53.0 1.129115201366651
54.0 1.1357078876546192
55.0 1.1361695401005087
56.0 1.143957742394229
57.0 1.1432624484227392
58.0 1.1440789178753479
59.0 1.1427591501039436
60.0 1.138305777324525
61.0 1.1367480813793507
62.0 1.1357479953852614
63.0 1.1376570739781817
64.0 1.140596292902044
65.0 1.142120858225827
66.0 1.1389529425285978
67.0 1.142790384508626
68.0 1.1391133734511734
69.0 1.1401851596550263
70.0 1.1453689893843426
71.0 1.1426434413388145
72.0 1.1474932769978645
73.0 1.140706204625749
74.0 1.1396625765420403
75.0 1.1346449747767247
76.0 1.138538732997049
77.0 1.1418817499842338
78.0 1.1408203752486068
79.0 1.1349654810942265
80.0 1.1314737669073347
81.0 1.1371611108430748
82.0 1.1355682796685
83.0 1.1354197983564205
84.0 1.1283581244388714
85.0 1.1326676303330114
86.0 1.1281814850066436
87.0 1.1315823563763943
88.0 1.1311889697812971
89.0 1.1302714619309477
90.0 1.1325770034034983
91.0 1.1398450130156903
92.0 1.1264807943009538
92.99999999999999 1.1242103959712448
94.0 1.1351764312156707
95.0 1.139561538144298
96.0 1.1397412538610578
97.0 1.1398153167532763
98.00000000000001 1.1377133902184782
98.99999999999999 1.1390107969111627
100.0 1.1392468288682216
101.0 1.136709869865417
102.0 1.1393744872438456
103.00000000000001 1.1387628153436118
104.0 1.1401998300224145
104.99999999999999 1.1391650752646678
106.0 1.1375217248912233
107.00000000000001 1.1347888416620016
108.0 1.1363045336598245
109.0 1.1381037005290415
110.0 1.1382625933093475
111.0 1.1374742819768882
112.0 1.1376628710196093
113.0 1.1334617387069033
114.0 1.1326853769849385
115.0 1.1310316151432658
116.0 1.1270359662360112
116.99999999999999 1.1270784643981122
118.0 1.127985560780233
119.0 1.1289104038142774
120.0 1.132303940000335
121.0 1.1376555358359173
122.0 1.1421625040987373
122.99999999999999 1.140443259602662
124.0 1.1425111685363898
125.0 1.1438382714914892
126.0 1.1429030169892187
127.0 1.1458526473813102
128.0 1.1417327467083993
129.0 1.1283692095459614
130.0 1.1379232989592059
131.0 1.1372232241248026
132.0 1.13959395516361
133.0 1.1398581452408172
134.0 1.1378125349463157
135.0 1.1380470287611053
136.0 1.138548788937635
137.0 1.1372409707767237
138.0 1.1361587731046414
139.0 1.1310232945243603
140.0 1.1295573773800291
141.0 1.1325129964518696
142.0 1.1342558470807897
143.0 1.1363608499001225
144.0 1.1396772469094285
145.0 1.1437002016476403
146.0 1.1401685956177336
147.0 1.1418223574594066
148.0 1.1462001292043393
149.0 1.1439585946834228
150.0 1.141342958361596
151.0 1.1402206529588705
152.0 1.1389915121169765
153.0 1.1367499775960603
154.0 1.1387643534858796
155.0 1.1412048885177453
156.0 1.1386158721738002
157.0 1.1423048328417469
158.0 1.1381037005290413
159.0 1.1412033503754766
160.0 1.1376925672820233
161.0 1.1398658359521465
162.0 1.1393505880228523
163.0 1.1410236346587128
164.0 1.1452544632338346
165.0 1.1461881795938387
166.0 1.1454592607862095
167.0 1.1446146332134537
168.0 1.1382595170248098
169.0 1.1376374336563473
170.0 1.1455592058049262
171.0 1.1479707824257617
172.0 1.144076502241682
173.0 1.1492978853808624
174.0 1.145353607961669
175.0 1.1448279485641477
176.0 1.1396178291823869
177.0 1.1368642869060277
178.0 1.1423182953923
179.0 1.1446470502327644
180.0 1.1423703527334392
181.0 1.133543630997563
182.0 1.1185574177173252
183.0 1.1042466327108322
184.0 1.110037025698828
185.0 1.1165399373464724
185.99999999999997 1.1095040311176143
187.0 1.1145603663606223
188.0 1.1112441332406346
189.0 1.1056396110852653
190.0 1.1094413958721325
191.0 1.1212453841564867
192.0 1.1163233540729216
193.0 1.1144999576572823
194.0 1.1074773752918663
195.0 1.111670128493363
196.00000000000003 1.117009774718449
197.00000000000003 1.1208470528091568
197.99999999999997 1.108028116525001
199.0 1.1188702303292042
200.0 1.1131976062123619
201.0 1.1093070907126874
202.0 1.1203500734955394
203.0 1.1084716667913217
204.0 1.108373704678117
205.0 1.1042473211107058
206.00000000000003 1.1065429730787855
207.0 1.103630486471308
208.0 1.1051614262982918
209.0 1.095459695321656
209.99999999999997 1.1023202214859413
210.99999999999997 1.1051489482300407
212.0 1.1076541786134115
213.0 1.0997688664956744
214.00000000000003 1.1068953996540496
215.0 1.1023633495556142
216.0 1.0955073254796286
217.0 1.0982891897654534
218.0 1.1020121055949728
219.0 1.1018743912787696
220.0 1.0950815218652268
220.99999999999997 1.1017482710454123
222.0 1.101685802236045
223.0 1.1113897324532993
224.0 1.1120565379792056
225.0 1.1105022763930077
226.0 1.1062135934353217
226.99999999999997 1.1054846746276954
228.0 1.1008072195017171
229.0 1.1097629461171525
230.0 1.1047306739844478
231.0 1.1093012936712625
232.0 1.110491864924777
233.0 1.1051136491113183
233.99999999999997 1.1159680428514487
235.0 1.111334954355268
236.0 1.107325487369822
237.00000000000003 1.104197679403233
238.0 1.1002044209274322
239.00000000000003 1.1011705543067472
240.0 1.104791249123908
241.0 1.0929881131287396
242.0 1.0877907956466624
242.99999999999997 1.0929198472779567
244.0 1.098839930998586
244.99999999999997 1.0948362610545592
245.99999999999997 1.096307230894937
247.0 1.0916625483159081
248.0 1.099282298650289
249.00000000000003 1.1060219281080672
250.0 1.0975024165752572
251.0 1.102895658283749
252.0 1.095145173289215
253.00000000000003 1.1025944367604315
254.0 1.0988834705414063
