1.0 0.9015046857722342
2.0 0.9367313044823702
3.0 0.9375836253132594
4.0 0.9423382448182033
5.0 0.9416968766555537
6.0 0.9265464395718354
7.0 0.9453785021398068
8.0 0.9354204377859304
9.0 0.9469674047406561
10.0 0.9434381891422052
11.0 0.9487245954115281
12.0 0.9372940230750064
13.0 0.9438827807892517
14.0 0.9448366342326332
15.0 0.9518716881723017
16.0 0.9443275388724098
17.0 0.9451247235308304
18.0 0.9463226299680384
19.0 0.9365589516983068
20.0 0.9467144784208704
21.0 0.9490065321406549
22.0 0.947915461142615
23.0 0.941475870593524
24.0 0.950995826194861
25.0 0.9531231900929173
26.0 0.9503575343167464
27.0 0.9499359896015017
28.0 0.9574207463765638
29.0 0.9521493660022695
30.0 0.9532003292696706
31.0 0.9463152947843488
32.0 0.9604505922299424
33.0 0.9503991801896592
34.0 0.9608929598816436
35.0 0.9556200413650796
36.0 0.9585993680195865
37.0 0.9590922548701588
38.0 0.9543716157290004
39.0 0.9565360110731665
40.0 0.9597128000963517
41.0 0.9409579019073413
42.0 0.9621221007235351
43.0 0.9496212803254256
44.0 0.9523452902286853
45.0 0.9541371219142082
46.0 0.9548243948489284
47.0 0.9542023114804659
48.0 0.9548470862530828
49.00000000000001 0.957781360424711
50.0 0.9569783787248642
51.0 0.9509989024793964
52.0 0.9566443846545994
53.0 0.9533488105817486
54.0 0.9574504426389783
55.0 0.957156556299357
56.0 0.9555043325999516
57.0 0.9531737092917891
58.0 0.9603036490601287
59.0 0.9543241728146618
60.0 0.957156556299358
61.0 0.9644735469681556
62.0 0.9573139109373963
63.0 0.9593595212318989
64.0 0.9542454954956447
65.0 0.9577072975324945
66.0 0.9610895422121253
67.0 0.960637643130398
68.0 0.9638040206853583
69.0 0.9661257706675611
70.0 0.9656328838169892
71.0 0.9657308459301978
72.0 0.9631626525227072
73.0 0.9645105784142645
74.0 0.9647955914279251
75.0 0.9651360683926911
76.0 0.9637654510969822
77.0 0.9581064811690153
78.0 0.958167411836115
79.0 0.9558529970376048
80.0 0.9562900618626311
81.0 0.953091955688234
82.0 0.9567512200937668
83.0 0.9558946429105153
84.0 0.9578037215034338
85.0 0.9599295472592227
86.0 0.9635575772600714
87.0 0.9550042770018017
88.0 0.9609211180017894
89.0 0.9615713594904008
90.0 0.9616781949295692
91.0 0.9598597432661641
92.0 0.9622246495145387
92.99999999999999 0.9613332674273155
94.0 0.9605558895268407
95.0 0.9619335116808125
96.0 0.9604328178290136
97.0 0.9582807301697848
98.00000000000001 0.9533977916383539
98.99999999999999 0.952976246923109
100.0 0.9524359171582002
101.0 0.9521998852011431
102.0 0.9528293037532978
103.00000000000001 0.9525145944772193
104.0 0.9557403645570116
104.99999999999999 0.9554256552809344
106.0 0.9537734315815278
107.00000000000001 0.9549535913668179
108.0 0.951570466648988
109.0 0.9523572398391807
110.0 0.9495248563544862
111.0 0.9510197254158526
112.0 0.9506263388207568
113.0 0.9488954378023311
114.0 0.9542454954956437
115.0 0.962779677395839
116.0 0.9595089177201644
116.99999999999999 0.9641226307861558
118.0 0.9609639464893277
119.0 0.9602485154344601
120.0 0.9580069809135425
121.0 0.9579402532050177
122.0 0.9570049987027455
122.99999999999999 0.9565121118521739
124.0 0.9608497758664637
125.0 0.9609315294700168
126.0 0.9630751018777268
127.0 0.9623180249499503
128.0 0.9603406805062404
129.0 0.9557550349243975
130.0 0.9548109070961652
131.0 0.9583232283318842
132.0 0.9586306024242671
133.0 0.9585415136370209
134.0 0.9609018332076001
135.0 0.9582372158291715
136.0 0.9626431456942536
137.0 0.965141535108683
138.0 0.9605777286418042
139.0 0.9523668297615098
140.0 0.9555947678911424
141.0 0.9596383816764904
142.0 0.9625405691542439
143.0 0.9629131328128845
144.0 0.9602292306402662
145.0 0.9611155040859342
146.0 0.9586749690540685
147.0 0.9581523859410812
148.0 0.9566872131421301
149.0 0.9555857306758604
150.0 0.9533546076231701
151.0 0.9500397487561317
152.0 0.9518701500300313
153.0 0.9499433247851913
154.0 0.9515168711655774
155.0 0.951536155959766
156.0 0.9524120179372068
157.0 0.951772187916824
158.0 0.9511917504212732
159.0 0.9495202419276796
160.0 0.9504554964299516
161.0 0.9546624257840841
162.0 0.9535921777224976
163.0 0.950836933414553
164.0 0.9561885292501336
165.0 0.9577323793681031
166.0 0.9597779896626059
167.0 0.957062853085307
168.0 0.9585858802668229
169.0 0.9634148929894154
170.0 0.9570133500649437
171.0 0.9510891461322583
172.0 0.947134457244838
173.0 0.9550913056830216
174.0 0.9453723495707363
175.0 0.9490123291820806
176.0 0.9491311142317426
177.0 0.9507937493993764
178.0 0.9551923440807666
179.0 0.9550839704993318
180.0 0.9581790059189662
181.0 0.940879171637104
182.0 0.9318854512349696
183.0 0.9475970540080414
184.0 0.9398260121233695
185.0 0.9446326637672405
185.99999999999997 0.9406201204972545
187.0 0.9400084485970182
188.0 0.9450171770363733
189.0 0.9401584680513678
190.0 0.9390423152177104
191.0 0.9364710455256872
192.0 0.9377029071244665
193.0 0.9393716948611724
194.0 0.9435832386421055
195.0 0.9325402558592536
196.00000000000003 0.9362380898531627
197.00000000000003 0.9452177156895895
197.99999999999997 0.946025311816241
199.0 0.9432122131257309
200.0 0.9491546579250912
201.0 0.9426363900569847
202.0 0.948666385501321
203.0 0.9555305970501916
204.0 0.9505145334271419
205.0 0.943003156674202
206.00000000000003 0.9445529677229123
207.0 0.9322798101891931
208.0 0.9240866890346701
209.0 0.9231756805020412
209.99999999999997 0.9178936087622903
210.99999999999997 0.9227199058215819
212.0 0.9264431771787489
213.0 0.9218205001507931
214.00000000000003 0.9181153309731999
215.0 0.9213160192173748
216.0 0.9232339711362568
217.0 0.9243905872282004
218.0 0.93664188791649
219.0 0.9207058854594096
220.0 0.9209924366153402
220.99999999999997 0.9146997892360612
222.0 0.9292550932546337
223.0 0.9248298785953665
224.0 0.9139766674698582
225.0 0.9223773939530037
226.0 0.9234507182991275
226.99999999999997 0.9283969779291161
228.0 0.9289997765033896
229.0 0.9250998657139973
230.0 0.9316894757174339
231.0 0.9267478305142456
232.0 0.9259209495934124
233.0 0.9226477365992841
233.99999999999997 0.9248966063038895
235.0 0.9205307841694538
236.0 0.921365000273983
237.00000000000003 0.9252498851683442
238.0 0.9186247818610671
239.00000000000003 0.9220642228191959
240.0 0.9218474756563271
241.0 0.9197424728369902
242.0 0.9133503252022381
242.99999999999997 0.9294286564023271
244.0 0.9169205008205215
244.99999999999997 0.9233022369870496
245.99999999999997 0.917588488961052
247.0 0.9178364705286067
248.0 0.9345071888347395
249.00000000000003 0.9347135245293821
250.0 0.9182923259330685
251.0 0.9314892925918592
252.0 0.9218266527198711
253.00000000000003 0.9230588698462983
254.0 0.9287355864261819
