1.0 1.1918190675918656
2.0 1.2273918743931596
3.0 1.2299704792688766
4.0 1.2261434487570773
5.0 1.2320538068625635
6.0 1.2167228017728917
7.0 1.2298266123835986
8.0 1.2368882863011503
9.0 1.2338526434063475
10.0 1.2336166114492884
11.0 1.2355627214883176
12.0 1.23374099935526
13.0 1.241632824663299
14.0 1.2345310430151057
15.0 1.2358596841124725
16.0 1.2383654087105962
17.0 1.2292342252775539
18.0 1.2318367293742616
19.0 1.234343992114651
20.0 1.2349926954609942
21.0 1.2389770806108316
22.0 1.2376484395134624
23.0 1.2360853046013036
24.0 1.2468255277185738
25.0 1.2414160775004293
26.0 1.2416224131950726
27.0 1.2446418475802212
28.0 1.237335268379654
29.0 1.2423320472085109
30.0 1.237896421081015
31.0 1.2416224131950715
32.0 1.2350536261280947
33.0 1.2373560913161086
34.0 1.2324275783380425
35.0 1.2232365363619142
36.0 1.2322999199624176
37.0 1.2418688566203548
38.0 1.2400801012193696
39.0 1.2380819338392035
40.0 1.2369611665787443
41.0 1.2383492002009444
42.0 1.2311583297655029
43.0 1.2300761320934208
44.0 1.2406238375942436
45.0 1.2388197259727922
46.0 1.241533324407825
47.0 1.2418480336839037
48.0 1.2481872716883256
49.00000000000001 1.2412780076565795
50.0 1.2415645588125088
51.0 1.239882638850687
52.0 1.239725284212649
53.0 1.2518415913416214
54.0 1.2449565568562984
55.0 1.2449862531187141
56.0 1.243699257894258
57.0 1.2462450902230235
58.0 1.239124023780641
59.0 1.2440301756799865
60.0 1.2420157997901682
61.0 1.2403547027648025
62.0 1.2462940712796247
63.0 1.247337699363331
64.0 1.2439129287725896
65.0 1.2456943489898868
66.0 1.2402521262247925
67.0 1.241080545287895
68.0 1.2452400317276915
69.0 1.2441593721978772
70.0 1.2402848987717445
71.0 1.2465597994990998
72.0 1.238159073015953
73.0 1.240952886912274
74.0 1.2464795840378138
75.0 1.24364599273628
76.0 1.2461054822369042
77.0 1.2505441846489365
78.0 1.239725284212651
79.0 1.2424894018465507
80.0 1.2430370667951518
81.0 1.2396361954253992
82.0 1.2417411982447328
83.0 1.239155258185326
84.0 1.2357023294744347
85.0 1.2373233187691572
86.0 1.2420929389669175
87.0 1.2399971957444842
88.0 1.2351543089981927
89.0 1.2307040125033066
90.0 1.2415526092020117
91.0 1.2478764909859732
92.0 1.236814223408935
92.99999999999999 1.2358141096658382
94.0 1.2408668744095583
95.0 1.2422549080317578
96.0 1.2440614100846683
97.0 1.2420053883219393
98.00000000000001 1.2445751198716948
98.99999999999999 1.2468077810666527
100.0 1.2491087081124004
101.0 1.24463297425426
102.0 1.2426363450163627
103.00000000000001 1.2445735817294288
104.0 1.2434319915325136
104.99999999999999 1.2447486830193868
106.0 1.2462331406125262
107.00000000000001 1.2433918838018703
108.0 1.2450826770896515
109.0 1.2434690229786218
110.0 1.247236660965589
111.0 1.2503170260178382
112.0 1.2464707107118518
113.0 1.2461841595559222
114.0 1.2430756363835251
115.0 1.248722656700996
116.0 1.2484896732794677
116.99999999999999 1.24780976327745
118.0 1.2480145608298228
119.0 1.2454197474444542
120.0 1.24972771519633
121.0 1.2522542627309072
122.0 1.2465582613568331
122.99999999999999 1.2462888763967679
124.0 1.2467719322351716
125.0 1.2514451284619919
126.0 1.2517420910861468
127.0 1.2499517975428887
128.0 1.2567299965890473
129.0 1.255698648441268
130.0 1.251153110590069
131.0 1.2525153765235768
132.0 1.2506672285977565
133.0 1.251719730007423
134.0 1.254100872514457
135.0 1.2554784946684283
136.0 1.2572984844740984
137.0 1.25816393498331
138.0 1.249332790458959
139.0 1.244203630883863
140.0 1.2407219635967672
141.0 1.247252869475241
142.0 1.2475081862264856
143.0 1.2491723595363866
144.0 1.2519468886385183
145.0 1.2523105789711984
146.0 1.2496667845292255
147.0 1.2490165430406146
148.0 1.25096419122191
149.0 1.2498137276990362
150.0 1.2506005008892298
151.0 1.2531494095025315
152.0 1.2513575778170083
153.0 1.255548298661487
154.0 1.2576131937501764
155.0 1.256275679326848
156.0 1.2532354220052437
157.0 1.2481021114748003
158.0 1.2486705993598548
159.0 1.2518161539783608
160.0 1.2527988513949675
161.0 1.250094126285896
162.0 1.2477858640564548
163.0 1.2542285308900791
164.0 1.251514932455044
165.0 1.2510798999870394
166.0 1.2543353663292476
167.0 1.2557812543340114
168.0 1.2495241002585749
169.0 1.2483439404732861
170.0 1.235043023021539
171.0 1.2289124833942122
172.0 1.2278316599750776
173.0 1.2270027466972229
174.0 1.2162640617222213
175.0 1.224189648006716
176.0 1.2163978726669142
177.0 1.220603263878776
178.0 1.2194038192992984
179.0 1.2307749991109909
180.0 1.2217433159334246
181.0 1.207567460209733
182.0 1.2181789072681586
183.0 1.2148311550412494
184.0 1.211836101103855
185.0 1.2274763487536082
185.99999999999997 1.2193324771639753
187.0 1.2166944797634256
188.0 1.2148937747519437
189.0 1.2090419568820963
190.0 1.2135859565910343
191.0 1.2093003499178794
192.0 1.2207872384947
193.0 1.2233434822916913
194.0 1.2241125088299678
195.0 1.2200671930130316
196.00000000000003 1.2173832908404107
197.00000000000003 1.2169216383945276
197.99999999999997 1.215447592269614
199.0 1.2255005424521657
200.0 1.2238201606326122
201.0 1.2244792754471798
202.0 1.2270814240162442
203.0 1.2205377187848787
204.0 1.2093389195062585
205.0 1.2188172292346795
206.00000000000003 1.2253474467132837
207.0 1.2017923797749068
208.0 1.1965607490568198
209.0 1.1917661857105493
209.99999999999997 1.1956341762421754
210.99999999999997 1.2123107193387412
212.0 1.2042460470318874
213.0 1.2083002361747868
214.00000000000003 1.195564921961887
215.0 1.2004958253714104
216.0 1.205152813088581
217.0 1.195561845677352
218.0 1.2056637769165044
219.0 1.1912661578614037
220.0 1.1942390016214066
220.99999999999997 1.1869035784476123
222.0 1.1843562079765777
223.0 1.1913762360212181
224.0 1.1846990753728042
225.0 1.1864432725056642
226.0 1.1847203925240115
226.99999999999997 1.188582586014216
228.0 1.1844104641108506
229.0 1.183245660546024
230.0 1.17791164492625
231.0 1.1778071999185418
232.0 1.1826403051041787
233.0 1.1826020658412342
233.99999999999997 1.174458030362283
235.0 1.1893881220348415
236.0 1.185807204622895
237.00000000000003 1.1792126498672264
238.0 1.178413927066538
239.00000000000003 1.1829000446439002
240.0 1.1862860817569456
241.0 1.1826111308055194
242.0 1.1866646340953388
242.99999999999997 1.1878197120450176
244.0 1.1862710836109234
244.99999999999997 1.1934515425781358
245.99999999999997 1.1922254780207782
247.0 1.1891966483459122
248.0 1.1906336630247147
249.00000000000003 1.1908753255870859
250.0 1.1903407928636032
251.0 1.1916772911084201
252.0 1.1940053600958058
253.00000000000003 1.1840476512695766
254.0 1.1943886907503214
