1.0 1.6552529274591192
2.0 1.6878371722583092
3.0 1.685894138503818
4.0 1.6877631093660939
5.0 1.6887161105202844
6.0 1.6847733712433597
7.0 1.6886775409319101
8.0 1.6935169651227304
9.0 1.693163686258277
10.0 1.691403088977437
11.0 1.6843205921234328
12.0 1.6862281325740816
13.0 1.6889135728889668
14.0 1.6946392705254572
15.0 1.6928177425775175
16.0 1.691018575708301
17.0 1.6888260222439884
18.0 1.6917177982535136
19.0 1.6941375103489245
20.0 1.6923086472172935
21.0 1.6896706498167446
22.0 1.6905954928507885
23.0 1.6894658522643695
24.0 1.6900358782916924
25.0 1.6925134447696666
26.0 1.6935956424417495
27.0 1.6916969753170592
28.0 1.6876354509904703
29.0 1.688845307038176
30.0 1.6914030889774367
31.0 1.6984558895690272
32.0 1.6921007733803834
33.0 1.6920622037920074
34.0 1.697078267415056
35.0 1.6926916223441624
36.0 1.6974597043996567
37.0 1.6955922716796474
38.0 1.699448998453862
39.0 1.696006481211201
40.0 1.692298235749066
41.0 1.6947461059646247
42.0 1.6961059814666757
43.0 1.6996167645601288
44.0 1.6906178539295116
45.0 1.6960836203879537
46.0 1.6898978084478429
47.0 1.6884534585853457
48.0 1.694567928390131
49.00000000000001 1.6977759518180011
50.0 1.694824783283644
51.0 1.6888067374498017
52.0 1.6970100015642642
53.0 1.6958001455165583
54.0 1.6909487717152427
55.0 1.689002661676213
56.0 1.6820968042544335
57.0 1.6855763529432028
58.0 1.692563963968537
59.0 1.6901195003629454
60.0 1.6898978084478413
61.0 1.690626727255471
62.0 1.6949227453968494
63.0 1.6975769513070513
64.0 1.6989665230715187
65.0 1.6950696885666607
66.0 1.6937144274914109
67.0 1.6964280259264433
68.0 1.6935941042994815
69.0 1.6991223395672885
70.0 1.6982584272003443
71.0 1.6977477936978531
72.0 1.694668966787871
73.0 1.6948367328941387
74.0 1.6951202077655323
75.0 1.6977061478249416
76.0 1.6950133723263638
77.0 1.6980328067115127
78.0 1.6955818602114197
79.0 1.6977566670238124
80.0 1.6944042547469071
81.0 1.6953161319919468
82.0 1.6991535739719732
83.0 1.6945694665323972
84.0 1.6971079636774713
85.0 1.6990066308021612
86.0 1.7005713038565882
87.0 1.7005119113317573
88.0 1.7004718036011126
89.0 1.6923279320114817
90.0 1.6997147266733357
91.0 1.702351185931616
92.0 1.692768761520915
92.99999999999999 1.688938654724583
94.0 1.694207314341986
95.0 1.6988195799017078
96.0 1.693518503264996
97.0 1.6984350666325687
98.00000000000001 1.7008073358136437
98.99999999999999 1.7000502588858664
100.0 1.6991743969084265
101.0 1.6998929042478281
102.0 1.7010819373590782
103.00000000000001 1.7008459054020202
104.0 1.7030488703345614
104.99999999999999 1.7026836418596132
106.0 1.7023095400587052
107.00000000000001 1.7045036316652855
108.0 1.705988089258425
109.0 1.7045823089843049
110.0 1.7040508525453575
111.0 1.7048673219979675
112.0 1.7028602812918419
113.0 1.702092792895837
114.0 1.7022115779454992
115.0 1.7029790663415036
116.0 1.6986815100578552
116.99999999999999 1.6994000173972568
118.0 1.696961020507659
119.0 1.6965973301749775
120.0 1.6956917719351232
121.0 1.698160465087138
122.0 1.6942161876679451
122.99999999999999 1.6945976246525452
124.0 1.6935466613851449
125.0 1.6954750247722516
126.0 1.6996360493543154
127.0 1.6969610205076588
128.0 1.7004332340127362
129.0 1.697501350272565
130.0 1.6995469605670663
131.0 1.6977759518179996
132.0 1.6974226729535464
133.0 1.6937634085480144
134.0 1.6962914942248604
135.0 1.696753146670748
136.0 1.6953963474532312
137.0 1.688785914513342
138.0 1.685165219696188
139.0 1.6802974457468955
140.0 1.6893009708043125
141.0 1.6855940995951222
142.0 1.683688097286737
143.0 1.6864506767783745
144.0 1.6886817998310648
145.0 1.6907721322830112
146.0 1.691716260111244
147.0 1.690467834475163
148.0 1.6896587002062462
149.0 1.6914594052177314
150.0 1.6906637587015771
151.0 1.6922565898761517
152.0 1.6927776348468706
153.0 1.691784525962035
154.0 1.6895904343554549
155.0 1.686903455898305
156.0 1.6909545687566665
157.0 1.6902183147653442
158.0 1.6896883964686642
159.0 1.6879887298549214
160.0 1.6863260946872884
161.0 1.69147869001192
162.0 1.6865189426291687
163.0 1.6866971202036622
164.0 1.6879397487983179
165.0 1.6824797793813016
166.0 1.6858910622192802
167.0 1.6840502494771536
168.0 1.6817909683043153
169.0 1.6818117912407713
170.0 1.6771846359263303
171.0 1.6772114822330295
172.0 1.6755797749464552
173.0 1.6723530966319666
174.0 1.6704375351445442
175.0 1.6674631532422728
176.0 1.6688061343815923
177.0 1.6702866634010078
178.0 1.6671805306600684
179.0 1.6687259189203112
180.0 1.657688733178882
181.0 1.6448942789887293
182.0 1.6353812564484334
183.0 1.6312829804471478
184.0 1.6324805650497012
185.0 1.6440481910515632
185.99999999999997 1.6365079703253944
187.0 1.6402459120499462
188.0 1.6408456343396853
189.0 1.633262915451414
190.0 1.635607356837774
191.0 1.6279107976520757
192.0 1.626965653645333
193.0 1.6241841196849438
194.0 1.624599867358763
195.0 1.6305334388321593
196.00000000000003 1.6402153634983387
197.00000000000003 1.6394383159232964
197.99999999999997 1.635195893265323
199.0 1.6463561229555712
200.0 1.6406022671989315
201.0 1.6436097519735846
202.0 1.6441412084125313
203.0 1.6427835569058262
204.0 1.6398066206827788
205.0 1.6371539529148456
206.00000000000003 1.6421372439909423
207.0 1.6297096341958588
208.0 1.6246162957032424
209.0 1.625243159934618
209.99999999999997 1.629040107913063
210.99999999999997 1.628947612515845
212.0 1.627360578382697
213.0 1.6263319761940216
214.00000000000003 1.6299495947266442
215.0 1.6308775140452227
216.0 1.6229785477386092
217.0 1.621141305495765
218.0 1.624607558070098
219.0 1.6308196596626567
220.0 1.6330018016587426
220.99999999999997 1.6351588618192148
222.0 1.6273281613633928
223.0 1.63175524449036
224.0 1.6303549309322358
225.0 1.6176477748394835
226.0 1.6185695415889916
226.99999999999997 1.6228566864044087
228.0 1.6192760993178956
229.0 1.6215207101233495
230.0 1.6246188218275186
231.0 1.6296765313234778
232.0 1.6229785477386087
233.0 1.6166427163441535
233.99999999999997 1.6187268962270305
235.0 1.627510597837046
236.0 1.617179969824527
237.00000000000003 1.6212534437616093
238.0 1.61862159893013
239.00000000000003 1.6214732672090106
240.0 1.6225909581849356
241.0 1.6140671877529695
242.0 1.6239646517651845
242.99999999999997 1.6228983322773216
244.0 1.6202733006657792
244.99999999999997 1.624140438908218
245.99999999999997 1.6182654076704621
247.0 1.6250152847071513
248.0 1.622055242846833
249.00000000000003 1.6269736746821042
250.0 1.6154610184165978
251.0 1.619116354248401
252.0 1.6240487958001972
253.00000000000003 1.6206216347779976
254.0 1.6193774932432916
