1.0 0.89600034447169
2.0 0.9297748146641786
3.0 0.9368022056415151
4.0 0.9426146016337938
5.0 0.9378601217688685
6.0 0.9275829495997362
7.0 0.9433505252996823
8.0 0.9445823868984657
9.0 0.9473156256553327
10.0 0.9463506748906451
11.0 0.9541235209639042
12.0 0.9489558997442415
13.0 0.9482612916258311
14.0 0.9453456163953138
15.0 0.9489589760287772
16.0 0.9414503200327254
17.0 0.9444936536388636
18.0 0.9375036521820745
19.0 0.941303376862914
20.0 0.9454050089201478
21.0 0.9483176078661272
22.0 0.9452121609782658
23.0 0.9431279810953882
24.0 0.9426023216978657
25.0 0.9451415046960159
26.0 0.9506142760127178
27.0 0.9508279468910529
28.0 0.9540463817871506
29.0 0.9538994386173402
30.0 0.9544976227648109
31.0 0.9482805764200203
32.0 0.9519903600244211
33.0 0.9513698147982274
34.0 0.9503574211192051
35.0 0.9521876307547789
36.0 0.9533101277958296
37.0 0.9566145751946403
38.0 0.9499775222768696
39.0 0.955805440925726
40.0 0.9572929748033979
41.0 0.9378982465940064
42.0 0.9584330268580459
43.0 0.9508117383814015
44.0 0.9502016046234321
45.0 0.9556407511039929
46.0 0.9529522345045746
47.0 0.9579640392284641
48.0 0.9589378633191085
49.00000000000001 0.9581094442560044
50.0 0.9556527007144855
51.0 0.9550618517507071
52.0 0.9586320273689937
53.0 0.9567437717125302
54.0 0.9538118879723565
55.0 0.9671484626172673
56.0 0.9563399736492048
57.0 0.9505861178925633
58.0 0.9646886427912127
59.0 0.9502497056418359
60.0 0.9527994942933351
61.0 0.9616113540234986
62.0 0.9556125929838419
63.0 0.961336752478066
64.0 0.9508117383813998
65.0 0.9518464931391436
66.0 0.9594484968216013
67.0 0.9567838794431721
68.0 0.9514041254874434
69.0 0.9542068127097225
70.0 0.9615534996409363
71.0 0.9480996780886318
72.0 0.9602946625366285
73.0 0.9561737456852077
74.0 0.9586914198938253
75.0 0.9575344734764488
76.0 0.9666185443205896
77.0 0.9572632785409823
78.0 0.9600570924373032
79.0 0.9568683538036198
80.0 0.9526714778432773
81.0 0.9585325271135205
82.0 0.9669020191919827
83.0 0.962251184043883
84.0 0.9576285070159328
85.0 0.95868988175156
86.0 0.9667847722845889
87.0 0.9575672182743954
88.0 0.9636272680555884
89.0 0.9626148743765659
90.0 0.9636079832614004
91.0 0.9649751939471437
92.0 0.9683410662278047
92.99999999999999 0.9625100218429027
94.0 0.9629102988584525
95.0 0.9645432377636702
96.0 0.9627262964935257
97.0 0.9676061864894319
98.00000000000001 0.9707587459661977
98.99999999999999 0.971496538099787
100.0 0.9721259566519416
101.0 0.9696082824433226
102.0 0.9656744164923579
103.00000000000001 0.9646516113451066
104.0 0.966382512363531
104.99999999999999 0.9657530938113766
106.0 0.9652810298972614
107.00000000000001 0.9662251577254932
108.0 0.9647302886641261
109.0 0.9640221927929519
110.0 0.9652810298972611
111.0 0.9656744164923573
112.0 0.9679560587439178
113.0 0.9677200267868601
114.0 0.967956058743919
115.0 0.9601743393446992
116.0 0.963108721460141
116.99999999999999 0.9635439763097674
118.0 0.9662027966467698
119.0 0.9692430539683756
120.0 0.9692727502307902
121.0 0.9679456472756895
122.0 0.9673355135177224
122.99999999999999 0.9646084273299261
124.0 0.9608126312228114
125.0 0.9611184671729279
126.0 0.9654457197189905
127.0 0.968425046373497
128.0 0.9672899390710861
129.0 0.9602676870311021
130.0 0.9569335433698755
131.0 0.9585190393607571
132.0 0.9629056844316497
133.0 0.9640368631603363
134.0 0.9627988489924819
135.0 0.9650507949816257
136.0 0.9671365130067714
137.0 0.9632516281124099
138.0 0.9717448499927713
139.0 0.9633122591973728
140.0 0.9649137413162878
141.0 0.9648784144485598
142.0 0.9649794528463008
143.0 0.9648429211447159
144.0 0.962432082375268
145.0 0.9630021084025913
146.0 0.9625211711625146
147.0 0.9598357308476301
148.0 0.9623638165244761
149.0 0.9626310828862161
150.0 0.9619719680716454
151.0 0.9639003314587521
152.0 0.9630348809495408
153.0 0.9633704131620718
154.0 0.9647569086420043
155.0 0.9648652822234379
156.0 0.9667624112058625
157.0 0.9689757876066297
158.0 0.9655139855697806
159.0 0.9646589465287958
160.0 0.9643932183093206
161.0 0.9643932183093221
162.0 0.9592880658990267
163.0 0.9634089827504466
164.0 0.9600748390892205
165.0 0.9585205775030217
166.0 0.9539765777940901
167.0 0.9568876385978037
168.0 0.9550765221180935
169.0 0.9645594462733209
170.0 0.9570434550935765
171.0 0.9547390936888552
172.0 0.9545895961982681
173.0 0.94934774819707
174.0 0.9537093114323517
175.0 0.9557637950528125
176.0 0.9593829517277025
177.0 0.9527860065405731
178.0 0.9469207009179673
179.0 0.9502444331109673
180.0 0.9528168854176133
181.0 0.9306923250613229
182.0 0.9341019683072184
183.0 0.9339240962836827
184.0 0.9441222448458441
185.0 0.9414980932724955
185.99999999999997 0.9387602652910408
187.0 0.9382480936462807
188.0 0.9372341618249905
189.0 0.948652784551016
190.0 0.9409840531600365
191.0 0.9446178802023099
192.0 0.9327688394350776
193.0 0.9349598547571223
194.0 0.9474325170350856
195.0 0.9461960410094976
196.00000000000003 0.9403843308702975
197.00000000000003 0.9384189360370837
197.99999999999997 0.9410627304790554
199.0 0.9399404250763298
200.0 0.9393094683819069
201.0 0.9415482821459337
202.0 0.9449981345722852
203.0 0.9418005226126454
204.0 0.9375060426135293
205.0 0.9456765341810445
206.00000000000003 0.939576734743648
207.0 0.9268772007327678
208.0 0.9183115663131991
209.0 0.9293032915562968
209.99999999999997 0.9267007383213122
210.99999999999997 0.9176431538615359
212.0 0.9206552530629913
213.0 0.9195005306409642
214.00000000000003 0.9294404928152739
215.0 0.9287979420380015
216.0 0.9237803402726895
217.0 0.9224459021338963
218.0 0.916749900759821
219.0 0.9249782467098983
220.0 0.917131337744423
220.99999999999997 0.9247437528951099
222.0 0.9266898629341374
223.0 0.9252574626821352
224.0 0.9146641827346774
225.0 0.916208032852649
226.0 0.925039177376999
226.99999999999997 0.9272822500401826
228.0 0.9318648193374909
229.0 0.9187673529341758
230.0 0.9255632986322526
231.0 0.923697404054513
232.0 0.9260056662839524
233.0 0.9201033292152389
233.99999999999997 0.9264850653817632
235.0 0.9213621663195459
236.0 0.9199741326973483
237.00000000000003 0.9286286377894707
238.0 0.9237240240323922
239.00000000000003 0.9262297486305157
240.0 0.9239569797049166
241.0 0.9196104423646669
242.0 0.9267330469493177
242.99999999999997 0.916472222929854
244.0 0.9192837834780894
244.99999999999997 0.9260218747936066
245.99999999999997 0.9215862486661115
247.0 0.9238590175917097
248.0 0.9274885857348248
249.00000000000003 0.9193609226548448
250.0 0.9224918069059626
251.0 0.9266111856151173
252.0 0.9207535707038479
253.00000000000003 0.9237363039683185
254.0 0.9239250569003621
