1.0 1.0271349340265319
2.0 1.0561277177524315
3.0 1.058660750728309
4.0 1.0632648288151472
5.0 1.0641219279621585
6.0 1.066298245167814
7.0 1.0664085149659543
8.0 1.059622458772347
9.0 1.0655253178048198
10.0 1.0651730551188805
11.0 1.0492923527235885
12.0 1.0679762643049162
13.0 1.074346406388586
14.0 1.0672963265538884
15.0 1.0708013126059177
16.0 1.0747367166991497
17.0 1.0648791687792576
18.0 1.0746314194022493
19.0 1.0699778382950473
20.0 1.0744250837076068
21.0 1.0718032948167135
22.0 1.0716875860515866
23.0 1.0754120400233738
24.0 1.0751509262307013
25.0 1.0722799731576296
26.0 1.0699952546215363
27.0 1.0666788576122277
28.0 1.0742052602602028
29.0 1.0686577401982078
30.0 1.0776612652556248
31.0 1.0830206904896513
32.0 1.0680387331142818
33.0 1.077204557561971
34.0 1.0837788113449436
35.0 1.0782980189914761
36.0 1.0750649137279908
37.0 1.0800408696203945
38.0 1.0779077086809126
39.0 1.0737065763682059
40.0 1.0731083922207347
41.0 1.07025210951505
42.0 1.071839143648196
43.0 1.0780650633189506
44.0 1.0922952465932179
45.0 1.0825851638068926
46.0 1.0694429752461319
47.0 1.0733799174816354
48.0 1.07984494539398
49.00000000000001 1.0781985187360004
50.0 1.0874781834811214
51.0 1.0840831091527956
52.0 1.0909102892555549
53.0 1.0955522510776952
54.0 1.0896722750877028
55.0 1.092238930352923
56.0 1.0888295159826438
57.0 1.0859536181573386
58.0 1.0861198461213362
59.0 1.08257936676547
60.0 1.082646094473992
61.0 1.082658402158927
62.0 1.0865444671211157
63.0 1.0850495980597494
64.0 1.0839955585078138
65.0 1.0902006552421137
66.0 1.087812177551387
67.0 1.086338131426475
68.0 1.086476201270327
69.0 1.08557064303047
70.0 1.082963880034606
71.0 1.0892210341100421
72.0 1.0852648070803497
73.0 1.0843029326002012
74.0 1.075005521203159
75.0 1.0809256049237939
76.0 1.082383442539053
77.0 1.0805738642016067
78.0 1.0846739581165716
79.0 1.0803378322445474
80.0 1.0904222392134035
81.0 1.0938020652650808
82.0 1.089899433718797
83.0 1.0867122332273793
84.0 1.0833082855730953
85.0 1.0816159541430452
86.0 1.079598501968692
87.0 1.077796258814941
88.0 1.079215526841822
89.0 1.0777117844544957
90.0 1.0762184535353958
91.0 1.0765420361374334
92.0 1.0752893757216513
92.99999999999999 1.0838400723374768
94.0 1.0875969685307803
95.0 1.0873223669853476
96.0 1.081339814455344
97.0 1.0804238447472627
98.00000000000001 1.078073936644909
98.99999999999999 1.078743462927708
100.0 1.0790180644731426
101.0 1.079334311891487
102.0 1.082591316375963
103.00000000000001 1.0816279037535435
104.0 1.0816487266899977
104.99999999999999 1.084372736593259
106.0 1.08679244868867
107.00000000000001 1.0882784444240758
108.0 1.0894393194151781
109.0 1.092586412175951
110.0 1.0946320224704529
111.0 1.0957038086743074
112.0 1.094936320278302
113.0 1.0933033813730852
114.0 1.0926635513527032
115.0 1.090242301115025
116.0 1.0868419239600244
116.99999999999999 1.0915485811336691
118.0 1.094391376086592
119.0 1.0953162191206365
120.0 1.095878909964266
121.0 1.0925254815088516
122.0 1.0893768506058135
122.99999999999999 1.0841170188100573
124.0 1.084825160185544
125.0 1.087187017898389
126.0 1.0855675667459344
127.0 1.0877794050044352
128.0 1.098828018392601
129.0 1.091894270736611
130.0 1.1023305862641652
131.0 1.1020527722938864
132.0 1.0970278353448792
133.0 1.0969580313518223
134.0 1.0970752782592172
135.0 1.098040229023905
136.0 1.103696122667333
137.0 1.105446308479944
138.0 1.1022190002578829
139.0 1.0900534124901686
140.0 1.0907172496753534
141.0 1.0960362646023063
142.0 1.0971184622743881
143.0 1.0922300570269636
144.0 1.0900656616827993
145.0 1.0943142369098418
146.0 1.089140818648756
147.0 1.0876845191757647
148.0 1.0858155483134904
149.0 1.0842227171389152
150.0 1.084420179507596
151.0 1.0843013944579338
152.0 1.0854414465125808
153.0 1.085313788136958
154.0 1.0879382977847438
155.0 1.0885291467485212
156.0 1.091597562190275
157.0 1.0918247208213712
158.0 1.0962009544240365
159.0 1.0995158132910763
160.0 1.0967813919195877
161.0 1.093043450195034
162.0 1.0972326328972464
163.0 1.1012066065788542
164.0 1.1055531439191053
165.0 1.1049310605506433
166.0 1.1007121815860188
167.0 1.0963209220883214
168.0 1.0911058579543245
169.0 1.096534592966658
170.0 1.0839696858696029
171.0 1.0997483553911473
172.0 1.0906526435594417
173.0 1.0928461265134652
174.0 1.0898135347009843
175.0 1.0851130326432052
176.0 1.0790035075906546
177.0 1.0836686827807096
178.0 1.0840700904125753
179.0 1.0774144411004858
180.0 1.0668964318620813
181.0 1.0586030350328535
182.0 1.0608213843823575
183.0 1.0532371555483209
184.0 1.0479829712182016
185.0 1.0517144300482442
185.99999999999997 1.061347373657818
187.0 1.055204745732887
188.0 1.0628646037979088
189.0 1.056353671113493
190.0 1.0618016909200156
191.0 1.0548098209955266
192.0 1.0584467243223319
193.0 1.0470202444488583
194.0 1.0565123722554777
195.0 1.0474332461635758
196.00000000000003 1.0554608870243185
197.00000000000003 1.051714924263002
197.99999999999997 1.0521985797131728
199.0 1.0601378176397505
200.0 1.0519835345818889
201.0 1.0547070199745958
202.0 1.0500590997685046
203.0 1.053472056889066
204.0 1.0565196771433676
205.0 1.0673222051806863
206.00000000000003 1.0655034231918508
207.0 1.0542140316742024
208.0 1.0560048194322116
209.0 1.0523028067339535
209.99999999999997 1.0667887138379264
210.99999999999997 1.0589354884140598
212.0 1.0635880558895472
213.0 1.0550680223929783
214.00000000000003 1.054866492763467
215.0 1.0549675311612123
216.0 1.0558981712366782
217.0 1.0560138800018042
218.0 1.0593079159323864
219.0 1.0585257571689988
220.0 1.0542729230428003
220.99999999999997 1.0585674030419119
222.0 1.060661994393014
223.0 1.060268607797921
224.0 1.0616847995402647
225.0 1.0633948776222355
226.0 1.0700558297609937
226.99999999999997 1.0669770028510133
228.0 1.0581354468584359
229.0 1.061873388582992
230.0 1.0577910413199434
231.0 1.0674282438286766
232.0 1.0683041058061133
233.0 1.0673912123825677
233.99999999999997 1.0681883970409898
235.0 1.0598158286779893
236.0 1.0648615885634516
237.00000000000003 1.0635094037727404
238.0 1.0552467471334435
239.00000000000003 1.0641133849616364
240.0 1.0740683730309784
241.0 1.0653945831446676
242.0 1.0641311316135567
242.99999999999997 1.0580849276595679
244.0 1.0504250695945456
244.99999999999997 1.0652650310991327
245.99999999999997 1.059248523407559
247.0 1.056659862591258
248.0 1.0623481732539943
249.00000000000003 1.055043132195694
250.0 1.0550477466224943
251.0 1.063905511124728
252.0 1.0591254794587386
253.00000000000003 1.0522300335051868
254.0 1.0676955101904184
