1.0 1.2392775028874599
2.0 1.2710375637208942
3.0 1.2822618003627768
4.0 1.2807950894215567
5.0 1.2795065560548327
6.0 1.2688538835825407
7.0 1.2840922016366747
8.0 1.2827635605393066
9.0 1.282037718016212
10.0 1.2793611510272898
11.0 1.289513601465314
12.0 1.2751303224521664
13.0 1.2879835694255393
14.0 1.2833262513829353
15.0 1.2847914241818876
16.0 1.287153281894735
17.0 1.2926309979636714
18.0 1.2890785689973054
19.0 1.284665303948533
20.0 1.284170878955694
21.0 1.2844381453174358
22.0 1.2844663034375843
23.0 1.2860903690168402
24.0 1.2902602669248646
25.0 1.2899559691170144
26.0 1.288303745417611
27.0 1.2846950002109465
28.0 1.2916483005470645
29.0 1.286848984086886
30.0 1.2821669145341033
31.0 1.2843555394246902
32.0 1.2796299555312973
33.0 1.2814395338687394
34.0 1.2863769201727688
35.0 1.2850378676071716
36.0 1.2877827004468927
37.0 1.2871829781571518
38.0 1.2858855714644668
39.0 1.2893176772388992
40.0 1.2897897411530168
41.0 1.2726855285211434
42.0 1.2820392561584792
43.0 1.280456836452134
44.0 1.2877931119151167
45.0 1.2811232864503967
46.0 1.28498888655057
47.0 1.2808768430251105
48.0 1.2855179525580587
49.00000000000001 1.2869469462000935
50.0 1.2854624886069526
51.0 1.2850185828129859
52.0 1.2922568961627632
53.0 1.2934667522104686
54.0 1.297598080530116
55.0 1.2994863361865796
56.0 1.2952585838959916
57.0 1.2953669574774278
58.0 1.298858455776692
59.0 1.2963407815680745
60.0 1.2963407815680754
61.0 1.2899351461805573
62.0 1.2927112134249574
63.0 1.2954842043848223
64.0 1.2958880024481454
65.0 1.3006873189083232
66.0 1.299339393016768
67.0 1.2972432635233946
68.0 1.2992310194353334
69.0 1.2947240511725093
70.0 1.2975772575936606
71.0 1.2986208856773673
72.0 1.2964965980638454
73.0 1.296918142779091
74.0 1.2922183265743858
75.0 1.293122103035341
76.0 1.2883928342048547
77.0 1.2954440966541774
78.0 1.2906952993928709
79.0 1.2982290372245355
80.0 1.2977642005503018
81.0 1.300066773682129
82.0 1.298671404876237
83.0 1.29976247587428
84.0 1.2982780182811418
85.0 1.2967133452267154
86.0 1.2947167159888158
87.0 1.2925018014457794
88.0 1.2950507100590802
89.0 1.2943426141879075
90.0 1.296743041489131
91.0 1.3011400980282517
92.0 1.2939149169035948
92.99999999999999 1.2953534697246651
94.0 1.300264236050812
95.0 1.302162903175504
96.0 1.302055545772577
97.0 1.3008199220361827
98.00000000000001 1.303755734350077
98.99999999999999 1.3031070310037347
100.0 1.3013761299853106
101.0 1.3007467114331557
102.0 1.3001959702000208
103.00000000000001 1.3029496763656963
104.0 1.301848193899426
104.99999999999999 1.3021629031755035
106.0 1.3012187753472715
107.00000000000001 1.3009040660711941
108.0 1.2995665516478658
109.0 1.3008253887521755
110.0 1.300432002157079
111.0 1.2994878743288478
112.0 1.300117292881002
113.0 1.2982290372245386
114.0 1.286317527647936
115.0 1.2923162886875958
116.0 1.2889064082990658
116.99999999999999 1.285453945606428
118.0 1.2924335355949896
119.0 1.2969567123674675
120.0 1.2983759803943495
121.0 1.2954545081224071
122.0 1.2966836489643017
122.99999999999999 1.2870587263914983
124.0 1.2898668803297684
125.0 1.2901117856127853
126.0 1.2924350737372576
127.0 1.2931342962824723
128.0 1.288964398374446
129.0 1.285654870530583
130.0 1.2906952993928713
131.0 1.2905973372796642
132.0 1.287675865007721
133.0 1.2926919286307688
134.0 1.2890623604876543
135.0 1.2901445581597375
136.0 1.2896026902525626
137.0 1.2804657097780943
138.0 1.2888055055941412
139.0 1.2908954825184453
140.0 1.2897257342013821
141.0 1.2955227739731974
142.0 1.2937027841675257
143.0 1.2991122343856698
144.0 1.2948339628962113
145.0 1.2975089917428682
146.0 1.2884907963180643
147.0 1.292237611368575
148.0 1.2939982086494153
149.0 1.2948725324845887
150.0 1.2960334074756896
151.0 1.2953742926611203
152.0 1.2951679569664785
153.0 1.2940471897060208
154.0 1.2915191040291747
155.0 1.293230720253411
156.0 1.2937621766923586
157.0 1.29572910966784
158.0 1.2999198305123205
159.0 1.301021312978591
160.0 1.30258444789075
161.0 1.2960245341497303
162.0 1.290919381739436
163.0 1.294538538414327
164.0 1.295501951036745
165.0 1.2896100254362555
166.0 1.2879948331829574
167.0 1.2857251405418935
168.0 1.2779731174050888
169.0 1.281071229109259
170.0 1.276852680470068
171.0 1.2776336848153351
172.0 1.2746794399964425
173.0 1.2739632948919992
174.0 1.2732463256948618
175.0 1.277192141256323
176.0 1.2785192442114235
177.0 1.2736902314888285
178.0 1.27361155416981
179.0 1.275777487656242
180.0 1.2734750224682265
181.0 1.2521984420340833
182.0 1.2331723747994712
183.0 1.2415704678362374
184.0 1.2294516583847932
185.0 1.2275887039512745
185.99999999999997 1.2357539204411179
187.0 1.2353516605200616
188.0 1.2451716550300866
189.0 1.2399519764692897
190.0 1.2295029189347493
191.0 1.2358653703070908
192.0 1.248149443542327
193.0 1.2403306926969975
194.0 1.2469025560485094
195.0 1.232670834631979
196.00000000000003 1.2481228235644455
197.00000000000003 1.2419073153619224
197.99999999999997 1.2554012446448648
199.0 1.2503377381074796
200.0 1.2464786209018095
201.0 1.2493372940389498
202.0 1.2537377571880435
203.0 1.248718286955029
204.0 1.2309441925127127
205.0 1.2306170116623814
206.00000000000003 1.227014585460902
207.0 1.2297481545432
208.0 1.2329124719921403
209.0 1.228496982948017
209.99999999999997 1.2229035581139542
210.99999999999997 1.2256777568906525
212.0 1.2278116036832079
213.0 1.2317123667617926
214.00000000000003 1.2298183140639063
215.0 1.2264287064515718
216.0 1.2183635121809564
217.0 1.2193951906541678
218.0 1.218804341690387
219.0 1.2253954898360901
220.0 1.2248447486029572
220.99999999999997 1.2292626280785333
222.0 1.234355830878335
223.0 1.2318975491945456
224.0 1.2296857109360453
225.0 1.2217184787786397
226.0 1.2252219266883992
226.99999999999997 1.2209050856105674
228.0 1.2337680581990889
229.0 1.2356162061249074
230.0 1.2243533998946519
231.0 1.2314181500967365
232.0 1.238824229552781
233.0 1.2406233964219997
233.99999999999997 1.2249072174123228
235.0 1.2224578090544966
236.0 1.2284091271798168
237.00000000000003 1.2311894533233703
238.0 1.2250213880351841
239.00000000000003 1.2335690576881395
240.0 1.225554382616398
241.0 1.2376498668089198
242.0 1.2264124979419158
242.99999999999997 1.2339327480208204
244.0 1.2291854889017817
244.99999999999997 1.23331681722143
245.99999999999997 1.2191711083076058
247.0 1.2296232421266795
248.0 1.2304886926358964
249.00000000000003 1.2253345591689941
250.0 1.232979746866629
251.0 1.2371496447746544
252.0 1.2241262412635576
253.00000000000003 1.231040450047537
254.0 1.2351169725201476
