1.0 1.29731086766059
2.0 1.3386599779860417
3.0 1.3384864148383495
4.0 1.3372741683591856
5.0 1.3426296927684915
6.0 1.333538617066093
7.0 1.3450494048639028
8.0 1.3411363618493912
9.0 1.3515410527541298
10.0 1.3501946650048402
11.0 1.3406716331189705
12.0 1.3489936822830966
13.0 1.3432591113206462
14.0 1.3436019787168716
15.0 1.3501159876858215
16.0 1.3450509430061715
17.0 1.3476175982713927
18.0 1.3490457396242348
19.0 1.3480021115405292
20.0 1.3493500374320846
21.0 1.342503572535137
22.0 1.3478729150226365
23.0 1.347687402264451
24.0 1.3501441458059686
25.0 1.350383254047562
26.0 1.3486508148868708
27.0 1.3538940371410164
28.0 1.3502050764730689
29.0 1.3545130442249422
30.0 1.3504515198983542
31.0 1.3499304749276346
32.0 1.3465161158051213
33.0 1.3503134500545042
34.0 1.3544640631683402
35.0 1.3507558177062042
36.0 1.3537069862405624
37.0 1.3556056533652516
38.0 1.3563924265554461
39.0 1.353087979156636
40.0 1.3518291420523263
41.0 1.3530166370213104
42.0 1.3559693436979348
43.0 1.3469376605203662
44.0 1.34940635367238
45.0 1.3563226225623868
46.0 1.3519344393492267
47.0 1.35449068314622
48.0 1.3507943872945787
49.00000000000001 1.3487190807376628
50.0 1.3497819936155575
51.0 1.3486893844752472
52.0 1.3537262710347506
53.0 1.3500268988985746
54.0 1.3451577784453392
55.0 1.3462696723798377
56.0 1.3380174272087704
57.0 1.340983266110512
58.0 1.3475092246899558
59.0 1.3425585145224843
60.0 1.349447999545291
61.0 1.34850387171706
62.0 1.3551231779829103
63.0 1.3531057258085573
64.0 1.349694442970579
65.0 1.3525372379235012
66.0 1.354661525537023
67.0 1.3571005224266217
68.0 1.3553206403515925
69.0 1.3557927042657096
70.0 1.3550549121321194
71.0 1.3544744746365691
72.0 1.3574152317026984
73.0 1.3586547840128185
74.0 1.3545338671613996
75.0 1.3538171203458857
76.0 1.3597651398050499
77.0 1.359221733755607
78.0 1.364041873152241
79.0 1.3631185682604647
80.0 1.3507375490905273
81.0 1.3514326791726956
82.0 1.3492906449072546
83.0 1.3525653960436488
84.0 1.3521527246543648
85.0 1.3597651398050503
86.0 1.3615064522917026
87.0 1.3573454277096382
88.0 1.3564888505263866
89.0 1.3592143985719136
90.0 1.3579258652051898
91.0 1.3560657676688745
92.0 1.3527215428648531
92.99999999999999 1.3540273351627394
94.0 1.3609348881221108
95.0 1.3605816092576575
96.0 1.3558401471800423
97.0 1.3534975742613835
98.00000000000001 1.3591951137777254
98.99999999999999 1.3617914653053615
100.0 1.3645451714710377
101.0 1.3637776830750334
102.0 1.3617231994545707
103.00000000000001 1.3604925204704104
104.0 1.3570500032277488
104.99999999999999 1.3562038375127243
106.0 1.3577195295105469
107.00000000000001 1.3567946864765028
108.0 1.3544239554376967
109.0 1.3552701211527212
110.0 1.357523605284133
111.0 1.3559500589037472
112.0 1.3559886284921228
113.0 1.3576111559291129
114.0 1.3581900552823964
115.0 1.3594681771808923
116.0 1.3510402008122935
116.99999999999999 1.352514876844776
118.0 1.3525164149870437
119.0 1.3541967968065982
120.0 1.3565482430512177
121.0 1.3541196576298458
122.0 1.3547297913878118
122.99999999999999 1.349679967235804
124.0 1.3533506310915724
125.0 1.356577939313632
126.0 1.3589278474159838
127.0 1.3584364987076802
128.0 1.3538331064739177
129.0 1.3578161173708065
130.0 1.354272203655963
131.0 1.3530093018376161
132.0 1.3544640631683393
133.0 1.3597948360674639
134.0 1.3606305903142608
135.0 1.3599521907055017
136.0 1.3630695872038598
137.0 1.3635223663237874
138.0 1.354934588940189
139.0 1.3490910209827294
140.0 1.334643478393329
141.0 1.3400688345447005
142.0 1.3435634091285
143.0 1.3502999623017433
144.0 1.3507808995418187
145.0 1.3522773067454523
146.0 1.353861264594067
147.0 1.353625232637007
148.0 1.3536549288994237
149.0 1.3569103952416306
150.0 1.3534887009354237
151.0 1.353399612148178
152.0 1.3544015943589724
153.0 1.3529082634398721
154.0 1.3542650626573882
155.0 1.355347260329471
156.0 1.3522105790369268
157.0 1.351462375435108
158.0 1.3526128389579832
159.0 1.3523960917951143
160.0 1.3534605428152757
161.0 1.3510882736341996
162.0 1.3544713983520305
163.0 1.3506563174507276
164.0 1.3472909393848196
165.0 1.3463171152941713
166.0 1.3516968692499007
167.0 1.3444481444318956
168.0 1.345175525097259
169.0 1.3401386385377572
170.0 1.3335307321696355
171.0 1.3309074242921854
172.0 1.3336990479886657
173.0 1.3390074598090707
174.0 1.3318077160476687
175.0 1.3400777078706578
176.0 1.326318050368236
177.0 1.3356123854807451
178.0 1.3298450419713446
179.0 1.3274437623809285
180.0 1.3270720510114817
181.0 1.314325009569705
182.0 1.3058508991307722
183.0 1.3101403268121237
184.0 1.3150548886103408
185.0 1.3156472757163844
185.99999999999997 1.3054905663792038
187.0 1.3180862726059837
188.0 1.3128846962247498
189.0 1.3153044083201548
190.0 1.3093665779476027
191.0 1.306519168567879
192.0 1.314919895051024
193.0 1.3013087188606816
194.0 1.305429635712102
195.0 1.3034418798001628
196.00000000000003 1.3138496469894347
197.00000000000003 1.3129336772813507
197.99999999999997 1.3027675726544508
199.0 1.307078947016294
200.0 1.3042673864680514
201.0 1.3083883033194685
202.0 1.3052217618751938
203.0 1.30833676794209
204.0 1.3069333780994326
205.0 1.3027546068654423
206.00000000000003 1.301347288449055
207.0 1.3030067116393362
208.0 1.29952641860519
209.0 1.2928631384744682
209.99999999999997 1.2997808830672466
210.99999999999997 1.288999594533117
212.0 1.3041142907291667
213.0 1.29543709423289
214.00000000000003 1.299772367815724
215.0 1.2923499159607068
216.0 1.298704510185593
217.0 1.293856212668809
218.0 1.2865240296688696
219.0 1.303211478448414
220.0 1.3014034382532405
220.99999999999997 1.3030913191458025
222.0 1.3012604236571568
223.0 1.3001456173274395
224.0 1.2991316855061494
225.0 1.2899897602794457
226.0 1.299055398618587
226.99999999999997 1.292518698245481
228.0 1.294204546781029
229.0 1.2848538954282283
230.0 1.298241841561196
231.0 1.2959909117505588
232.0 1.2991642941637842
233.0 1.2991533607317964
233.99999999999997 1.2942897069945485
235.0 1.291152503738248
236.0 1.305819257622792
237.00000000000003 1.2911332189440614
238.0 1.2888812729549144
239.00000000000003 1.2983587303941506
240.0 1.30396410483871
241.0 1.2990687224820343
242.0 1.2927151444356548
242.99999999999997 1.2939072538314427
244.0 1.293295581931209
244.99999999999997 1.3013191303289071
245.99999999999997 1.2973659795837584
247.0 1.2896748871140513
248.0 1.2910301481892965
249.00000000000003 1.3031287086663546
250.0 1.2929110686620717
251.0 1.2956647748277468
252.0 1.3009049207973602
253.00000000000003 1.287047301181733
254.0 1.2986737977446687
