1.0 1.3594309843982941
2.0 1.3954835483718344
3.0 1.3929866970996723
4.0 1.390821615902431
5.0 1.4043529321591268
6.0 1.38146742224684
7.0 1.40185215231324
8.0 1.403778291705001
9.0 1.400197704618489
10.0 1.4008921463007893
11.0 1.3989226590045263
12.0 1.3843268917276692
13.0 1.3967608179811397
14.0 1.4101291489944878
15.0 1.401608099319412
16.0 1.3999246412153232
17.0 1.4011455945843332
18.0 1.40638079580171
19.0 1.4019081382281027
20.0 1.4068351130639045
21.0 1.406391207269937
22.0 1.4072481147786227
23.0 1.4151324107178513
24.0 1.4090261283859495
25.0 1.4103597142355526
26.0 1.4092444136910882
27.0 1.3998714012595632
28.0 1.4158324855522544
29.0 1.4120189427932197
30.0 1.4077553416711468
31.0 1.4123305757847624
32.0 1.4095174770942547
33.0 1.4101974148452805
34.0 1.4075802403811883
35.0 1.4088005078971204
36.0 1.4128041778411449
37.0 1.4114219412603703
38.0 1.4189217239304637
39.0 1.4159586057856113
40.0 1.412171683004457
41.0 1.4082644370313713
42.0 1.408871850032448
43.0 1.4113879860987997
44.0 1.4101052497734978
45.0 1.406567846702165
46.0 1.4056237188739318
47.0 1.404920045791236
48.0 1.4047270339600344
49.00000000000001 1.4032217534304412
50.0 1.4077584179556801
51.0 1.405190224548191
52.0 1.4091464515778793
53.0 1.4029575633532323
54.0 1.4086416151168117
55.0 1.411891284417594
56.0 1.4111616277585803
57.0 1.4098297959388724
58.0 1.408064253905799
59.0 1.4092196621809054
60.0 1.4115468788791015
61.0 1.4094746208577122
62.0 1.4105032507953947
63.0 1.4109070488587179
64.0 1.4126587728135993
65.0 1.411713106843101
66.0 1.41562529756842
67.0 1.4146658135197272
68.0 1.4139577176485525
69.0 1.4153931941850888
70.0 1.4107601056889092
71.0 1.412461310444918
72.0 1.4138582173930785
73.0 1.413533096648773
74.0 1.4082320200120628
75.0 1.4072967655097912
76.0 1.412303955806879
77.0 1.4124404875084622
78.0 1.4112040114828757
79.0 1.4095888192295778
80.0 1.4061160837607434
81.0 1.4125384496216695
82.0 1.4107007131640774
83.0 1.4108090867455139
84.0 1.4105522318519996
85.0 1.412568145884086
86.0 1.4128442855717886
87.0 1.4131516596641713
88.0 1.4094314645915402
89.0 1.4167291704661487
90.0 1.4151081811714266
91.0 1.4189055154208092
92.0 1.4216047738138928
92.99999999999999 1.4222352085445558
94.0 1.4248552954038622
95.0 1.4251121502973763
96.0 1.42266274193955
97.0 1.4203795615457218
98.00000000000001 1.4204597770070078
98.99999999999999 1.421856683955168
100.0 1.4209214294528962
101.0 1.422475691039095
102.0 1.422830508045815
103.00000000000001 1.422092715912226
104.0 1.418463147769109
104.99999999999999 1.4192603324275304
106.0 1.4195750417036068
107.00000000000001 1.4200960866743273
108.0 1.4204404922128206
109.0 1.4216399367922972
110.0 1.420459777007007
111.0 1.4215419746790898
112.0 1.4227221344643792
113.0 1.4229581664214377
114.0 1.4226137608829443
115.0 1.4209407142470833
116.0 1.4147815222848532
116.99999999999999 1.4133163494859018
118.0 1.41605077085739
119.0 1.419120724441411
120.0 1.4202029221134935
121.0 1.4237939206682346
122.0 1.4203498652833049
122.99999999999999 1.4185897622172166
124.0 1.421579006125199
125.0 1.4250215233678598
126.0 1.4231436791796244
127.0 1.4245791557161605
128.0 1.4212450120549331
129.0 1.4214008285507065
130.0 1.422052608181583
131.0 1.4175560513869867
132.0 1.420507219921343
133.0 1.416877651778227
134.0 1.4184319133644256
135.0 1.4227398811163003
136.0 1.4204285426023238
137.0 1.4235771735053628
138.0 1.4211069422110816
139.0 1.4158741314251626
140.0 1.413543508117
141.0 1.4147711108166259
142.0 1.4191801169662415
143.0 1.4171923610543031
144.0 1.414478762619272
145.0 1.4172220573167194
146.0 1.4173497156923438
147.0 1.4166431579634375
148.0 1.4172235954589885
149.0 1.4169281709770984
150.0 1.4187080530521279
151.0 1.421757183699692
152.0 1.4223360830529768
153.0 1.4198288203125864
154.0 1.415038377178369
155.0 1.4169964368278898
156.0 1.4200054597448126
157.0 1.4184022171020105
158.0 1.420024744539
159.0 1.4192973638736377
160.0 1.419699623794695
161.0 1.4179880075704585
162.0 1.4199252442835244
163.0 1.4160908785880337
164.0 1.415813200758066
165.0 1.4130594945923898
166.0 1.415026427567874
167.0 1.4156543079777615
168.0 1.4180250390165667
169.0 1.4122800565858904
170.0 1.4067376174164459
171.0 1.3984689265930854
172.0 1.3961083871876818
173.0 1.3932112762077826
174.0 1.3929278013363882
175.0 1.3907618678499551
176.0 1.3952807857232763
177.0 1.3944272848245554
178.0 1.3907606852353323
179.0 1.3924885099692235
180.0 1.391247419516835
181.0 1.3682543085649894
182.0 1.3579560209654966
183.0 1.3807411405015935
184.0 1.3755971159264937
185.0 1.379649766927122
185.99999999999997 1.379140671566898
187.0 1.3785841332923343
188.0 1.3744666230508866
189.0 1.384214259247074
190.0 1.3853993637846005
191.0 1.3895836017345764
192.0 1.3744463220781873
193.0 1.3858560714782573
194.0 1.3795989174028191
195.0 1.3693607847875138
196.00000000000003 1.3664224181528395
197.00000000000003 1.3720960584481916
197.99999999999997 1.3735288142278363
199.0 1.3721569891152903
200.0 1.3686557652008757
201.0 1.3723634886992502
202.0 1.3778565609886508
203.0 1.3698309802339306
204.0 1.3701233284312822
205.0 1.3656460564308746
206.00000000000003 1.3690005010647996
207.0 1.357140594221747
208.0 1.3511361409282123
209.0 1.352869871146548
209.99999999999997 1.3584839744706476
210.99999999999997 1.3587872863957868
212.0 1.3557688681891482
213.0 1.3564262784253414
214.00000000000003 1.3518645320644866
215.0 1.3485037684253813
216.0 1.3533879147736476
217.0 1.3673508316861729
218.0 1.3640385271399145
219.0 1.3575849546233099
220.0 1.3660974612978602
220.99999999999997 1.366911376429693
222.0 1.3636598386612073
223.0 1.367407339564796
224.0 1.3622615574601007
225.0 1.3704663597168336
226.0 1.3654369722303392
226.99999999999997 1.3632993885023819
228.0 1.3604105248880716
229.0 1.3653963702849454
230.0 1.3695237700308673
231.0 1.3717098406006774
232.0 1.3691471139091826
233.0 1.3611501854893615
233.99999999999997 1.3609284935742547
235.0 1.364411118547559
236.0 1.3593534090515997
237.00000000000003 1.3582727495217846
238.0 1.3619497605792392
239.00000000000003 1.365300798603197
240.0 1.365972193353694
241.0 1.3570864371674265
242.0 1.366960357486296
242.99999999999997 1.3595983143346202
244.0 1.3587698952715177
244.99999999999997 1.3649171376232483
245.99999999999997 1.3644940547657372
247.0 1.359476453000426
248.0 1.365439720736238
249.00000000000003 1.3567940889700716
250.0 1.3486225534750464
251.0 1.3594988140791495
252.0 1.3641496492272451
253.00000000000003 1.3523866209627284
254.0 1.3442975274711195
