1.0 0.9049379825492877
2.0 0.945105668553342
3.0 0.951940211588801
4.0 0.9510037744719061
5.0 0.9505108876213351
6.0 0.9372379644004198
7.0 0.9522136305196116
8.0 0.9475612572292437
9.0 0.952160720889284
10.0 0.9555774704432539
11.0 0.9565320097397149
12.0 0.9447496966810047
13.0 0.958905817063056
14.0 0.9569358078030368
15.0 0.9570947005833441
16.0 0.9530212266462612
17.0 0.9568185608956434
18.0 0.9537991265104916
19.0 0.9438244981193182
20.0 0.9501502735731931
21.0 0.9543305829494391
22.0 0.9533864551212103
23.0 0.9490399177809586
24.0 0.9601141349684941
25.0 0.9606174332872929
26.0 0.9646804957561482
27.0 0.9536938292135926
28.0 0.9640109694733502
29.0 0.9658606555414367
30.0 0.9623884420363614
31.0 0.956260484478817
32.0 0.9678275885169215
33.0 0.960706522074539
34.0 0.9630965379075369
35.0 0.9566228005585453
36.0 0.9615125800589192
37.0 0.9601661923096318
38.0 0.9625754929368144
39.0 0.9645127296498837
40.0 0.9639916846791615
41.0 0.9498490520498736
42.0 0.9639916846791627
43.0 0.9629688795319123
44.0 0.9610108198823887
45.0 0.9584144683547493
46.0 0.962820398219834
47.0 0.9514268573294182
48.0 0.9593585961829811
49.00000000000001 0.9644622104510105
50.0 0.9626437587876052
51.0 0.9644236408626344
52.0 0.9624864041495689
53.0 0.9662540421365347
54.0 0.9626125243829201
55.0 0.9653588953649074
56.0 0.9606174332872915
57.0 0.9563673199179797
58.0 0.961365636889108
59.0 0.9594476849702289
60.0 0.9600771035223851
61.0 0.9669413150712536
62.0 0.9635982980840659
63.0 0.9654182878897389
64.0 0.9562917188835001
65.0 0.9625072270860241
66.0 0.961652188045038
67.0 0.9579231196464474
68.0 0.9620826060862443
69.0 0.9637363679279178
70.0 0.9649655087698102
71.0 0.9645528373805256
72.0 0.9680933167363956
73.0 0.9710236623342995
74.0 0.969056729358815
75.0 0.9607165780151213
76.0 0.9599301603525745
77.0 0.9585999811129392
78.0 0.962643758787605
79.0 0.9619252514482051
80.0 0.9621930120246993
81.0 0.96121715557703
82.0 0.9690567293588149
83.0 0.9636665639348593
84.0 0.9596837169272897
85.0 0.9583670254404166
86.0 0.9596258625447257
87.0 0.959232475949629
88.0 0.9641193430547861
89.0 0.9648185656
90.0 0.963411247183612
91.0 0.9636368676724424
92.0 0.9636778276922764
92.99999999999999 0.9628625105584893
94.0 0.9653974649532839
95.0 0.96925265358523
96.0 0.9750659018666977
97.0 0.9763257551495172
98.00000000000001 0.9738737924709153
98.99999999999999 0.9688874251102828
100.0 0.968249133232168
101.0 0.9684658803950378
102.0 0.9675217525668073
103.00000000000001 0.9692437802592716
104.0 0.9703259779313542
104.99999999999999 0.9724502655448753
106.0 0.9711914284405664
107.00000000000001 0.9716634923546823
108.0 0.968595076912929
109.0 0.9702473006123349
110.0 0.9688311088699877
111.0 0.9696178820601803
112.0 0.9677296264037165
113.0 0.9677296264037164
114.0 0.9709835546036566
115.0 0.9700378886331565
116.0 0.9632689491839006
116.99999999999999 0.9674754922670937
118.0 0.9687181208617485
119.0 0.9693787738185857
120.0 0.9732844816494025
121.0 0.9733824437626094
122.0 0.9746887237812533
122.99999999999999 0.9731344621950533
124.0 0.9685326081035579
125.0 0.9675796069493672
126.0 0.967561860297447
127.0 0.9665286436819687
128.0 0.9666354791211376
129.0 0.9651390719175015
130.0 0.9596702291745256
131.0 0.9643538368695729
132.0 0.9663014850508673
133.0 0.9670392771844579
134.0 0.9661634152070169
135.0 0.9653484838966747
136.0 0.9673258283403858
137.0 0.9698627873431922
138.0 0.9724552102971052
139.0 0.9640043508860285
140.0 0.9617001251741272
141.0 0.9650588564562157
142.0 0.968001151664613
143.0 0.9709908897873467
144.0 0.9745402424691746
145.0 0.9750925218445765
146.0 0.9793306856033919
147.0 0.9774127336845118
148.0 0.9756521364036721
149.0 0.975545300964504
150.0 0.9744526918241945
151.0 0.9712566180068171
152.0 0.9729786456992814
153.0 0.9730276267558859
154.0 0.9727322022739965
155.0 0.9721918725090887
156.0 0.969870122526887
157.0 0.9696934830946591
158.0 0.9686602664791802
159.0 0.9685534310400126
160.0 0.9695345903143531
161.0 0.9675394992187224
162.0 0.9669872198433197
163.0 0.9640480009194582
164.0 0.962207188177331
165.0 0.9633591898424707
166.0 0.9658456296464053
167.0 0.9660816616034641
168.0 0.9694470396693721
169.0 0.9621879033831404
170.0 0.9621046116373201
171.0 0.9516599491422514
172.0 0.9488388571639806
173.0 0.9552581467403713
174.0 0.951787471377564
175.0 0.9538670368336397
176.0 0.9482527890631215
177.0 0.9506443430383817
178.0 0.9581009416932967
179.0 0.953870113118176
180.0 0.950699121136412
181.0 0.9493441903865951
182.0 0.9388134694618484
183.0 0.9438777220295426
184.0 0.9459284570111387
185.0 0.9467887988787966
185.99999999999997 0.9506574752635036
187.0 0.9406550442798253
188.0 0.942835648133639
189.0 0.9396245484212334
190.0 0.9409238487838327
191.0 0.946692374907855
192.0 0.9559762985521324
193.0 0.9475400787651485
194.0 0.9490364859687808
195.0 0.9422524898812026
196.00000000000003 0.9480819466723223
197.00000000000003 0.9481309277289259
197.99999999999997 0.9524107373606501
199.0 0.9527447314309165
200.0 0.9450983611186555
201.0 0.9499154242307557
202.0 0.9499539938191318
203.0 0.9524361747239086
204.0 0.9500654436850993
205.0 0.9472685535042487
206.00000000000003 0.9444955625443843
207.0 0.9349366935304942
208.0 0.9259984289022026
209.0 0.9175650648676948
209.99999999999997 0.9302576582629796
210.99999999999997 0.9258737642447719
212.0 0.9295017942456235
213.0 0.9310294358539424
214.00000000000003 0.9333013524903525
215.0 0.9245618510740233
216.0 0.925707533733983
217.0 0.9229275379158615
218.0 0.9302696381692763
219.0 0.9220632977702753
220.0 0.9251066313764172
220.99999999999997 0.9371859070592811
222.0 0.9325304574843782
223.0 0.922176285778516
224.0 0.9371724193065201
225.0 0.9359135822022121
226.0 0.9237363444061404
226.99999999999997 0.925387029963275
228.0 0.9281912553278229
229.0 0.9233576281784289
230.0 0.9250144663046346
231.0 0.932925382221745
232.0 0.9344113779571536
233.0 0.930287384821198
233.99999999999997 0.9315180638053577
235.0 0.9330025213984974
236.0 0.9240718766186674
237.00000000000003 0.9295125612414995
238.0 0.931834311223704
239.00000000000003 0.9302399419068612
240.0 0.925280194524111
241.0 0.9212691893963899
242.0 0.9294026495177969
242.99999999999997 0.9355795881319486
244.0 0.9233252111591217
244.99999999999997 0.9228026280461349
245.99999999999997 0.932827420108539
247.0 0.931482570501516
248.0 0.9268020390910047
249.00000000000003 0.9413438553568104
250.0 0.9153537201025573
251.0 0.9261710823965796
252.0 0.9433389464524435
253.00000000000003 0.9260908669352939
254.0 0.9215781016310423
