1.0 1.6495031426954632
2.0 1.6770332697529926
3.0 1.6854008933637559
4.0 1.6904763495116353
5.0 1.687495484714861
6.0 1.6828519847504542
7.0 1.6860021537957612
8.0 1.685685906377416
9.0 1.687269864226031
10.0 1.6898662157536684
11.0 1.6915971167720933
12.0 1.691233426439411
13.0 1.6930148466567068
14.0 1.6885792205292107
15.0 1.6908519894548106
16.0 1.6919029527222116
17.0 1.6913730344255307
18.0 1.689493652095028
19.0 1.6936843729395064
20.0 1.6926985992383645
21.0 1.6899553045409141
22.0 1.6887631951451287
23.0 1.690811881724168
24.0 1.6950901532136249
25.0 1.6934379295142212
26.0 1.6962703129989147
27.0 1.6933399674010132
28.0 1.6938120313151277
29.0 1.6923854281045523
30.0 1.687269864226031
31.0 1.691853971665606
32.0 1.6921775542676425
33.0 1.6921493961474952
34.0 1.6899047853420437
35.0 1.6884218658911723
36.0 1.689659880059025
37.0 1.6996044566601416
38.0 1.697097193919753
39.0 1.691203730176998
40.0 1.6931617898265183
41.0 1.6934186447200312
42.0 1.6935254801592003
43.0 1.6971268901821677
44.0 1.697371795465186
45.0 1.695593451532424
46.0 1.6915585471837158
47.0 1.6879868334231636
48.0 1.6934666095981266
49.00000000000001 1.6986707403001384
50.0 1.6952193497315176
51.0 1.6947160514127169
52.0 1.6925636056790476
53.0 1.6821157307591328
54.0 1.687309971956675
55.0 1.695729983234007
56.0 1.6950812798876658
57.0 1.6929554541318763
58.0 1.696221331942312
59.0 1.6906649385543564
60.0 1.7000572357800698
61.0 1.6992600511216491
62.0 1.695471590198226
63.0 1.6923661433103652
64.0 1.6936546766770904
65.0 1.694183056831503
66.0 1.6992214815332725
67.0 1.6927684032314227
68.0 1.694726462880945
69.0 1.6956304829785334
70.0 1.6966845225304676
71.0 1.702349289499858
72.0 1.700046824311843
73.0 1.6976880428835317
74.0 1.696693395856427
75.0 1.694757175321871
76.0 1.6911281291425118
77.0 1.6987093098885142
78.0 1.6976880428835273
79.0 1.6976197770327377
80.0 1.69313363170637
81.0 1.6965078830982387
82.0 1.7023893972305006
83.0 1.7017495672101175
84.0 1.6989958610444424
85.0 1.7017792634725337
86.0 1.6958977493402732
87.0 1.6987494176191578
88.0 1.7005886922190174
89.0 1.7013071995584192
90.0 1.7044126464462812
91.0 1.700961255877659
92.0 1.6954507672617734
92.99999999999999 1.6918462809542707
94.0 1.6980165702378056
95.0 1.7058006800684828
96.0 1.7011290219839261
97.0 1.7014645541964568
98.00000000000001 1.699497621220976
98.99999999999999 1.697088320593795
100.0 1.6988489178746347
101.0 1.6987004365625558
102.0 1.7019647762307226
103.00000000000001 1.7027827838255991
104.0 1.7006970658004534
104.99999999999999 1.701955902904762
106.0 1.7018386559973668
107.00000000000001 1.703391379441299
108.0 1.6998509000854292
109.0 1.7001656093615063
110.0 1.7010206484024912
111.0 1.6971654597705441
112.0 1.6975692578338695
113.0 1.6962421548787674
114.0 1.689306601194571
115.0 1.6950589188089407
116.0 1.6958426157145998
116.99999999999999 1.6978808908254084
118.0 1.698580113370622
119.0 1.6978928404359037
120.0 1.7000765205742574
121.0 1.6995955833341811
122.0 1.6998019190288225
122.99999999999999 1.6960520276937754
124.0 1.6955398560490156
125.0 1.7019543647624924
126.0 1.7009226862892808
127.0 1.7046398050773757
128.0 1.7012181107711695
129.0 1.7027322646267224
130.0 1.7010206484024857
131.0 1.6994663868162876
132.0 1.6964261294946832
133.0 1.6961692746011714
134.0 1.6916164015662816
135.0 1.691873256459793
136.0 1.6977370239401322
137.0 1.700165609361503
138.0 1.698247657442622
139.0 1.68931687696998
140.0 1.690302758614935
141.0 1.6886339986272352
142.0 1.6900976332839193
143.0 1.6954982101761045
144.0 1.695833742388637
145.0 1.6912808693537447
146.0 1.6887230874144832
147.0 1.6897563040299632
148.0 1.682249186176182
149.0 1.6820131542191232
150.0 1.682506041069693
151.0 1.6792343662178315
152.0 1.6828431114244913
153.0 1.683311246764883
154.0 1.6860495967100957
155.0 1.6860600081783235
156.0 1.6855181402711488
157.0 1.6902476527382682
158.0 1.6876096553377204
159.0 1.6863869973903292
160.0 1.6808121714973765
161.0 1.6860746785457112
162.0 1.6831948521466797
163.0 1.6832824027916597
164.0 1.681278438370067
165.0 1.6877716244025593
166.0 1.6931513783582883
167.0 1.6863376860082917
168.0 1.6874287570063329
169.0 1.6811122104060663
170.0 1.6784523461415477
171.0 1.6712107965651157
172.0 1.6769951943793677
173.0 1.6750280975145633
174.0 1.666754013228531
175.0 1.6741199849539308
176.0 1.6707680946407828
177.0 1.6641858198210424
178.0 1.6636277434042153
179.0 1.6615508987050318
180.0 1.6598898016796664
181.0 1.655860972699512
182.0 1.6449687194733875
183.0 1.637455452704918
184.0 1.642950609194961
185.0 1.6446410721573108
185.99999999999997 1.6470399613162625
187.0 1.639017951060829
188.0 1.6513093594797608
189.0 1.6521169556064113
190.0 1.6368504794321275
191.0 1.6332837104238107
192.0 1.6345137035548967
193.0 1.6217833340942298
194.0 1.6362638893675077
195.0 1.6310286881501335
196.00000000000003 1.637799552012594
197.00000000000003 1.640085617052633
197.99999999999997 1.6458954587241297
199.0 1.638705110252452
200.0 1.6337276162177752
201.0 1.6433525387905787
202.0 1.6402336041499581
203.0 1.6425896648213774
204.0 1.6429775847004822
205.0 1.641974916636609
206.00000000000003 1.6378289179495777
207.0 1.627201327312901
208.0 1.6290911211116348
209.0 1.6318552387455378
209.99999999999997 1.6336100389849502
210.99999999999997 1.633235937184042
212.0 1.6303025153016033
213.0 1.629389099914301
214.00000000000003 1.6393415336628645
215.0 1.6323006826817708
216.0 1.6327237655392826
217.0 1.6297147426223573
218.0 1.6317267280807204
219.0 1.6306203008622175
220.0 1.6351315280241985
220.99999999999997 1.6243928430491936
222.0 1.6219048651029915
223.0 1.6256871734573446
224.0 1.6169138833155594
225.0 1.6218408581513615
226.0 1.6319130931281016
226.99999999999997 1.625883097683761
228.0 1.6250103119908557
229.0 1.6257658507763677
230.0 1.6265526239665602
231.0 1.6291890832248406
232.0 1.6202553621604798
233.0 1.6220398586623084
233.99999999999997 1.6220903778611804
235.0 1.624083930814543
236.0 1.6220857634343804
237.00000000000003 1.6251869514230834
238.0 1.6266120164913893
239.00000000000003 1.6221828732583943
240.0 1.6232809491146984
241.0 1.6193247220850093
242.0 1.6213278342174118
242.99999999999997 1.61827529695988
244.0 1.6309377308951838
244.99999999999997 1.6188896896170073
245.99999999999997 1.6234425626518947
247.0 1.6268079407178049
248.0 1.6299446220103524
249.00000000000003 1.6280297463760054
250.0 1.6253280975514712
251.0 1.6312585927403316
252.0 1.6235081077457982
253.00000000000003 1.6229558283703946
254.0 1.6252282417683541
