1.0 1.694364131086636
2.0 1.7231585169076473
3.0 1.727074636206695
4.0 1.7354560778956516
5.0 1.734088867209907
6.0 1.7312445341147173
7.0 1.7320818265037816
8.0 1.7356520021220652
9.0 1.7285695052680596
10.0 1.7354159701650083
11.0 1.7308511475196213
12.0 1.7270568895547733
13.0 1.728755018026247
14.0 1.7305661345059589
15.0 1.7315696548590218
16.0 1.7283751191839127
17.0 1.7357009831786703
18.0 1.7326622639993323
19.0 1.7316973132346436
20.0 1.734796963081081
21.0 1.7329279922188063
22.0 1.732130807560385
23.0 1.73179681349012
24.0 1.734590627386439
25.0 1.7285783785940212
26.0 1.7345698044499827
27.0 1.7347568553504393
28.0 1.7387917596991445
29.0 1.7340680442734515
30.0 1.7376189350975488
31.0 1.734274379968095
32.0 1.7314524079516247
33.0 1.7357009831786694
34.0 1.7319348833339705
35.0 1.732220912526141
36.0 1.732108446481663
37.0 1.7298580386347853
38.0 1.7328003338431828
39.0 1.7317077247028727
40.0 1.7344332727484013
41.0 1.72962046853546
42.0 1.7358687492849365
43.0 1.7392341273508471
44.0 1.7405508188377192
45.0 1.742832461089279
46.0 1.7343931650177569
47.0 1.7342165255855306
48.0 1.729975285542181
49.00000000000001 1.721141064733296
50.0 1.715652937196134
51.0 1.710298265076017
52.0 1.7141403214828437
53.0 1.72469349369966
54.0 1.7193210749276242
55.0 1.7244293036224538
56.0 1.721233229805078
57.0 1.7206393045567632
58.0 1.72039132298921
59.0 1.7125300739817813
60.0 1.7334980182461275
61.0 1.7341274367982829
62.0 1.7352883117893858
63.0 1.7350329950381402
64.0 1.740491426312889
65.0 1.7420560993673138
66.0 1.7434074318688368
67.0 1.7460983388997147
68.0 1.749885261680869
69.0 1.7453813697025808
70.0 1.7453516734401657
71.0 1.7454793318157884
72.0 1.7464917254948102
73.0 1.7417903711478402
74.0 1.7424197896999944
75.0 1.743775050775243
76.0 1.7412083955100222
77.0 1.740038647192959
78.0 1.7425964291322211
79.0 1.745734648567033
80.0 1.7404721415187006
81.0 1.7421540614805213
82.0 1.7427819418904074
83.0 1.736734199794149
84.0 1.728950942252662
85.0 1.7318828259928325
86.0 1.727212706050546
87.0 1.7309555925273306
88.0 1.7334297523953368
89.0 1.7367341997941472
90.0 1.7360959079160323
91.0 1.7352215840808602
92.0 1.7202581181502832
92.99999999999999 1.7175614938252914
94.0 1.7324455168364625
95.0 1.7347776782868922
96.0 1.7381217114525884
97.0 1.7371823644872715
98.00000000000001 1.7398812925549187
98.99999999999999 1.7396259758036734
100.0 1.7373547450203415
101.0 1.7365382755677323
102.0 1.734728697230288
103.00000000000001 1.7338335504586593
104.0 1.7287388095165914
104.99999999999999 1.7297407917273868
106.0 1.7253051655998897
107.00000000000001 1.72763732705032
108.0 1.7263383822153677
109.0 1.727410168419223
110.0 1.7284507202183954
111.0 1.7266307304127229
112.0 1.7317181361710987
113.0 1.7274784342700171
114.0 1.7301430516484475
115.0 1.7303181529384082
116.0 1.7301651131450348
116.99999999999999 1.722716149255953
118.0 1.7234643528577676
119.0 1.7267182810577064
120.0 1.7293755632524426
121.0 1.731578528184983
122.0 1.7379826254302295
122.99999999999999 1.7298807300389418
124.0 1.737367877245462
125.0 1.7364758067583677
126.0 1.7373829031404917
127.0 1.733045239126203
128.0 1.730840736051395
129.0 1.731048609888302
130.0 1.7294750635079148
131.0 1.730684919555621
132.0 1.7307724702006
133.0 1.728156833878774
134.0 1.7291499427636106
135.0 1.7266025722925766
136.0 1.7247247281043394
137.0 1.7259152993578568
138.0 1.7269068701004258
139.0 1.7239927330121771
140.0 1.729244828592285
141.0 1.7306062422366009
142.0 1.7321219342344245
143.0 1.7330170810060512
144.0 1.728706036969643
145.0 1.7227844151067384
146.0 1.713883466589333
147.0 1.712308382066678
148.0 1.7082676806765458
149.0 1.7129408769033674
150.0 1.7156247790759822
151.0 1.7183206308590935
152.0 1.7173749648885943
153.0 1.7206230960471087
154.0 1.7279593715100945
155.0 1.7306937928815829
156.0 1.7340101898908895
157.0 1.735652002122067
158.0 1.7327602261125403
159.0 1.7315503700648347
160.0 1.7317567057594776
161.0 1.7330051313955581
162.0 1.7348355326694567
163.0 1.735681698384482
164.0 1.7325434789496692
165.0 1.7348444059954167
166.0 1.7297006839967444
167.0 1.7225676679438677
168.0 1.727576396383225
169.0 1.7352852355048527
170.0 1.7339789554862075
171.0 1.7269735978089564
172.0 1.7256048489809455
173.0 1.7146521375999628
174.0 1.7104660311822855
175.0 1.7060913357218856
176.0 1.70243360945862
177.0 1.7043766432131124
178.0 1.7037992820020995
179.0 1.7014759938776283
180.0 1.699909782680933
181.0 1.6870270033344674
182.0 1.6840674556888988
183.0 1.6795649384110551
184.0 1.680560767605288
185.0 1.6786813852747813
185.99999999999997 1.6733936325015144
187.0 1.6734395372735864
188.0 1.6739863499329934
189.0 1.6701014650386357
190.0 1.672902614118645
191.0 1.6681804368352176
192.0 1.6704305143566647
193.0 1.6710640253718627
194.0 1.6767165124053254
195.0 1.6842676665634768
196.00000000000003 1.6896569796982424
197.00000000000003 1.6965386075735998
197.99999999999997 1.6986301226401694
199.0 1.689014759246402
200.0 1.6860448278816151
201.0 1.6880760981341636
202.0 1.6861542176415585
203.0 1.6836566805163171
204.0 1.6802897643081425
205.0 1.6857092956690827
206.00000000000003 1.6828675168946683
207.0 1.6653572822041254
208.0 1.6688354566399457
209.0 1.6668352569027653
209.99999999999997 1.66475890641833
210.99999999999997 1.659939288985455
212.0 1.6568462859228381
213.0 1.6614145429272003
214.00000000000003 1.660848609362919
215.0 1.6648621688114156
216.0 1.6629931979491412
217.0 1.6606279336263252
218.0 1.666193722303999
219.0 1.6545242056152005
220.0 1.6516075142061744
220.99999999999997 1.659743720286685
222.0 1.656263485744836
223.0 1.656847851814114
224.0 1.652008427623288
225.0 1.6586663034775155
226.0 1.6539224509684445
226.99999999999997 1.6390034566171914
228.0 1.6516512201851128
229.0 1.6530489794224599
230.0 1.6668502827977902
231.0 1.6583988706796617
232.0 1.6662729215867753
233.0 1.663557263045719
233.99999999999997 1.6557547207100431
235.0 1.6493448264233759
236.0 1.6473321551119329
237.00000000000003 1.6583797523215877
238.0 1.6573183775859635
239.00000000000003 1.6646041338500719
240.0 1.6555651154888118
241.0 1.6576820679186408
242.0 1.6649099698001868
242.99999999999997 1.6628353490963477
244.0 1.6609798659868344
244.99999999999997 1.661444925042689
245.99999999999997 1.6694788849086208
247.0 1.6607431481767003
248.0 1.6693768303323666
249.00000000000003 1.6615299213668941
250.0 1.6615476680188106
251.0 1.652507111515287
252.0 1.6722450626485483
253.00000000000003 1.6674353347201425
254.0 1.6606289775538399
