1.0 1.7474012729628656
2.0 1.7770995149921447
3.0 1.7665354093433454
4.0 1.7741853779038965
5.0 1.7815054448572267
6.0 1.7650661440813495
7.0 1.7821853826082508
8.0 1.7797166894562373
9.0 1.7796677083996348
10.0 1.7774527938565994
11.0 1.7770713568719971
12.0 1.7719735396453944
13.0 1.7755556648741764
14.0 1.7825787692033495
15.0 1.779479119356912
16.0 1.7841314926472789
17.0 1.7789476629179657
18.0 1.7831399219047106
19.0 1.7830211368550488
20.0 1.7824110030970828
21.0 1.785224101787589
22.0 1.7794420879108033
23.0 1.7782114089266412
24.0 1.7830315483232761
25.0 1.7804440701215998
26.0 1.7853043172488754
27.0 1.7870055220048837
28.0 1.785047462355364
29.0 1.7875666747062504
30.0 1.7905282547088344
31.0 1.789906171340372
32.0 1.7879585231590773
33.0 1.7801100760513342
34.0 1.7848426648029871
35.0 1.7835447361465449
36.0 1.78256989587739
37.0 1.7861593562898608
38.0 1.783442681570294
39.0 1.7801012027253758
40.0 1.7854111526880452
41.0 1.784625917640118
42.0 1.7849791965045712
43.0 1.7869758257424706
44.0 1.793743613320397
45.0 1.7872415539619428
46.0 1.7814267675382072
47.0 1.7791096319828041
48.0 1.7832636517066083
49.00000000000001 1.7823026295156479
50.0 1.781433250432709
51.0 1.7832467573438788
52.0 1.7882257895208202
53.0 1.7864057997151477
54.0 1.7848218418665327
55.0 1.7944517091915724
56.0 1.792425383691259
57.0 1.7913937052180473
58.0 1.7910284767430984
59.0 1.7896820889938094
60.0 1.7910196034171382
61.0 1.7902995579354688
62.0 1.7939202527526243
63.0 1.791659433437519
64.0 1.794117715121306
65.0 1.791559933182045
66.0 1.7873989085999824
67.0 1.7880788463510089
68.0 1.7907033559987928
69.0 1.7894148226320694
70.0 1.790979495686495
71.0 1.7858832166021616
72.0 1.793911379426664
73.0 1.7830242131395828
74.0 1.7916594334375204
75.0 1.7910878692679286
76.0 1.7911665465869493
77.0 1.7913832937498186
78.0 1.7886889801089731
79.0 1.7848129685405725
80.0 1.7865704895368797
81.0 1.7846837720226825
82.0 1.7842606891651696
83.0 1.7805539818453031
84.0 1.7790471631734417
85.0 1.776272634071311
86.0 1.7719750777876655
87.0 1.7745224482586979
88.0 1.7825594844091621
89.0 1.7909289764876244
90.0 1.7921180095988736
91.0 1.7911561351187213
92.0 1.7894245482472209
92.99999999999999 1.7846069631713652
94.0 1.790418342985133
95.0 1.7870545030614884
96.0 1.794874792049084
97.0 1.7920007626914773
98.00000000000001 1.7956912615016922
98.99999999999999 1.7970495988614763
100.0 1.7937258666684768
101.0 1.791699541168164
102.0 1.792054358174884
103.00000000000001 1.7921611936140516
104.0 1.7904495773898152
104.99999999999999 1.790881533573288
106.0 1.7889041891295772
107.00000000000001 1.7887275496973507
108.0 1.7887067267608954
109.0 1.7868971484234504
110.0 1.7856239712771884
111.0 1.7844774363280387
112.0 1.7834041119819175
113.0 1.7822046674024403
114.0 1.784379474214833
115.0 1.781791996013155
116.0 1.773451963054474
116.99999999999999 1.7822015911179068
118.0 1.7881737321796805
119.0 1.786039033097931
120.0 1.7843644483198018
121.0 1.7877298263857122
122.0 1.7769791918002116
122.99999999999999 1.782929987961779
124.0 1.7890688789513096
125.0 1.7861578181475946
126.0 1.7891772525327447
127.0 1.7851053167379285
128.0 1.7796333977104175
129.0 1.7760403390496522
130.0 1.7667156218216535
131.0 1.7646577315912249
132.0 1.7689807252381278
133.0 1.7757990320149264
134.0 1.778771023485738
135.0 1.7780733390827923
136.0 1.7806191714115587
137.0 1.7813272672827325
138.0 1.7792176500365964
139.0 1.7738443789753708
140.0 1.771740914298304
141.0 1.774700625833188
142.0 1.7799022022144246
143.0 1.7744961586062487
144.0 1.7762325263406649
145.0 1.7798011638166829
146.0 1.7818097426650747
147.0 1.7793707457754753
148.0 1.779683916909286
149.0 1.7801351578869458
150.0 1.7791435871443784
151.0 1.781591457359937
152.0 1.778147401975008
153.0 1.7816419765588098
154.0 1.7769020526234627
155.0 1.78184985039572
156.0 1.7822150788706683
157.0 1.779698942804317
158.0 1.7814163560699818
159.0 1.7771766541689007
160.0 1.7780837505510223
161.0 1.778555814465138
162.0 1.7797641323705757
163.0 1.777531471175619
164.0 1.7728671482747578
165.0 1.776991141410713
166.0 1.7731135917000418
167.0 1.775963721836659
168.0 1.7744005869245003
169.0 1.7677604577221944
170.0 1.7650881496324295
171.0 1.7600596144351282
172.0 1.7573291216373654
173.0 1.7643175849518906
174.0 1.7511429793718238
175.0 1.763980870124734
176.0 1.7674959121173455
177.0 1.7592540784145025
178.0 1.74534286331547
179.0 1.7521403471558152
180.0 1.7489947925373108
181.0 1.74164069264455
182.0 1.73521646538726
183.0 1.730625016269994
184.0 1.7339099005474896
185.0 1.7423515870504709
185.99999999999997 1.7366023457206365
187.0 1.7351436558161872
188.0 1.734589838298514
189.0 1.7283862797064855
190.0 1.7373490111801848
191.0 1.736084707359884
192.0 1.7370650143450341
193.0 1.7370610857713091
194.0 1.7384030507321189
195.0 1.7334815148633091
196.00000000000003 1.724516065179511
197.00000000000003 1.7328212199809074
197.99999999999997 1.7419836378186324
199.0 1.7497252494872064
200.0 1.73902667224285
201.0 1.7400286544536432
202.0 1.7330579377910427
203.0 1.7407217244297906
204.0 1.732749025556388
205.0 1.7288248852205723
206.00000000000003 1.7215046518311323
207.0 1.7188963808589557
208.0 1.707737665464802
209.0 1.7118787824608073
209.99999999999997 1.7136780160893466
210.99999999999997 1.711313798240839
212.0 1.7238963722425076
213.0 1.7160598747452598
214.00000000000003 1.7255532103687161
215.0 1.7110260644702917
216.0 1.7164636728085836
217.0 1.7050546092615948
218.0 1.7100878975728053
219.0 1.6916598247064794
220.0 1.6835633960311807
220.99999999999997 1.6821444583297371
222.0 1.6962377795769819
223.0 1.7087046448135212
224.0 1.701845899980647
225.0 1.6968965640661244
226.0 1.7048653343657965
226.99999999999997 1.7103592589443817
228.0 1.7207269184030107
229.0 1.7103044808463532
230.0 1.707923338339323
231.0 1.7133223770892343
232.0 1.7194696194409682
233.0 1.703566389530841
233.99999999999997 1.7083078516084564
235.0 1.7048044036986967
236.0 1.7034684274176348
237.00000000000003 1.704984119415458
238.0 1.7087413459342
239.00000000000003 1.7073251541918484
240.0 1.717150945743302
241.0 1.7120546666589693
242.0 1.7173885158426316
242.99999999999997 1.7180877383878455
244.0 1.7100433670536843
244.99999999999997 1.7229271625786624
245.99999999999997 1.7173811806589354
247.0 1.7124156362347605
248.0 1.7245246081800383
249.00000000000003 1.7244548041869776
250.0 1.7193689365708744
251.0 1.711022988185756
252.0 1.7126721356006251
253.00000000000003 1.7059526406794323
254.0 1.7171063849283799
