1.0 1.1164321987559933
2.0 1.1577946759024065
3.0 1.15564769688473
4.0 1.1529340984496965
5.0 1.1660554640740002
6.0 1.1564749081309995
7.0 1.1634783973405507
8.0 1.163191846184624
9.0 1.1675206368729525
10.0 1.1659856600809424
11.0 1.1602615005867198
12.0 1.1583686305034555
13.0 1.1626515164197162
14.0 1.1676097256602
15.0 1.1697934057985535
16.0 1.1678739157374056
17.0 1.159023486418867
18.0 1.1648367347003363
19.0 1.1623190604917177
20.0 1.1655151343090948
21.0 1.1649836778701457
22.0 1.1698824945857995
23.0 1.1700101529614226
24.0 1.1723793458579612
25.0 1.1655344191032824
26.0 1.1599676142471014
27.0 1.163882195403876
28.0 1.1679437197304647
29.0 1.1673544089089551
30.0 1.1702743430386278
31.0 1.1657808625285673
32.0 1.1651691906283346
33.0 1.1702253619820249
34.0 1.1697934057985515
35.0 1.1648698375727178
36.0 1.1639608727228956
37.0 1.1708459072082211
38.0 1.1726554855456646
39.0 1.1718004465046798
40.0 1.1689472400835275
41.0 1.1745838489327693
42.0 1.1701081150746282
43.0 1.1682391442123552
44.0 1.1675607446035958
45.0 1.1724387383827943
46.0 1.1770421306165568
47.0 1.176765990928856
48.0 1.1726539474033963
49.00000000000001 1.1713372559165232
50.0 1.1641672084175396
51.0 1.169557373841496
52.0 1.1686518156016408
53.0 1.1627197822705104
54.0 1.1664384392008722
55.0 1.1710225466404465
56.0 1.1696152282240593
57.0 1.1712778633916916
58.0 1.1691045947215675
59.0 1.1688195817079043
60.0 1.1721922949575074
61.0 1.1699195260319075
62.0 1.1707464069527433
63.0 1.168964986735449
64.0 1.1698200257764357
65.0 1.1727831439212868
66.0 1.1738445186569129
67.0 1.1706098752511616
68.0 1.168770600651301
69.0 1.1730785684031768
70.0 1.1733739928850657
71.0 1.174347816975713
72.0 1.1729613214957797
73.0 1.1747412035708087
74.0 1.174456190557147
75.0 1.1760236403139699
76.0 1.1764231235326295
77.0 1.1725872196948721
78.0 1.1766680288156484
79.0 1.182009213183002
80.0 1.1799304722671096
81.0 1.1787047657841894
82.0 1.1769827380917262
83.0 1.1732255115729875
84.0 1.175723900987417
85.0 1.1752028560166963
86.0 1.1798552293070637
87.0 1.172930087091097
88.0 1.1692411264231475
89.0 1.170548944584061
90.0 1.1734704168560035
91.0 1.1711887746044418
92.0 1.1668202624564075
92.99999999999999 1.1629542760852951
94.0 1.1735579675009822
95.0 1.170165969457192
96.0 1.1699082345254792
97.0 1.1613954000722948
98.00000000000001 1.1673439974407254
98.99999999999999 1.171839016093053
100.0 1.1720557632559214
101.0 1.1773375550984435
102.0 1.1738653415933655
103.00000000000001 1.172498130907621
104.0 1.1665186546621527
104.99999999999999 1.166744275150984
106.0 1.1683668025879737
107.00000000000001 1.1695172661108488
108.0 1.172940498559323
109.0 1.1762939270147383
110.0 1.1781332016145984
111.0 1.180238204433932
112.0 1.1814777567440524
113.0 1.1848905777242993
114.0 1.1870148653378212
115.0 1.1864240163740425
116.0 1.180846083900754
116.99999999999999 1.1800055790868416
118.0 1.1798047101081925
119.0 1.1824708656288891
120.0 1.1814970415382409
121.0 1.1812417247869966
122.0 1.180601894766613
122.99999999999999 1.1767917586175458
124.0 1.1760964646460568
125.0 1.1796681784066094
126.0 1.1790684561168707
127.0 1.1835233670385552
128.0 1.1810739586807286
129.0 1.1788795154937037
130.0 1.1761882438943947
131.0 1.1736485944304962
132.0 1.1755665463493747
133.0 1.178811601223356
134.0 1.1776997072888578
135.0 1.1807102683480477
136.0 1.1819988017147711
137.0 1.1790387598544547
138.0 1.1750069317902818
139.0 1.1728454770378343
140.0 1.1766111906115952
141.0 1.1805513755677421
142.0 1.1807384264681966
143.0 1.1785458730038827
144.0 1.1831284423011927
145.0 1.1846530076249757
146.0 1.1811021168008786
147.0 1.1771192697933086
148.0 1.1774443905376106
149.0 1.1814762186017846
150.0 1.1805128059793641
151.0 1.1767258831982104
152.0 1.178407803160033
153.0 1.1783379991669733
154.0 1.1736277714940424
155.0 1.1764200472480957
156.0 1.17739540948101
157.0 1.1814866300700135
158.0 1.1824500426924331
159.0 1.1796963365267565
160.0 1.1753289762500516
161.0 1.177591333707424
162.0 1.1726049663467908
163.0 1.1761068761142854
164.0 1.1762835155465112
165.0 1.1730384606725321
166.0 1.1772083585805555
167.0 1.1722798456024859
168.0 1.1749147667185014
169.0 1.1711872364621756
170.0 1.1588089662456276
171.0 1.1490479887152136
172.0 1.1502765899261425
173.0 1.1484788320003685
174.0 1.144055155483365
175.0 1.1463472092031528
176.0 1.1517092165069631
177.0 1.147506546051989
178.0 1.1447825361487267
179.0 1.147126647209654
180.0 1.1476847236264829
181.0 1.1472341449846164
182.0 1.1286687270497415
183.0 1.1256358929043764
184.0 1.1332050206423987
185.0 1.141966361173686
185.99999999999997 1.1484105661495776
187.0 1.1308759354765026
188.0 1.1361072081201538
189.0 1.1379954637766152
190.0 1.1400233274191947
191.0 1.1422752734083395
192.0 1.1367100066944256
193.0 1.1383028378690008
194.0 1.1356455556742622
195.0 1.1316033161418626
196.00000000000003 1.1350948144411277
197.00000000000003 1.1329215457710045
197.99999999999997 1.138497223953143
199.0 1.1322952035033809
200.0 1.1311520751642021
201.0 1.136138442524833
202.0 1.1383653066783668
203.0 1.1378026158347323
204.0 1.1320310134261746
205.0 1.14000250448274
206.00000000000003 1.1355965746176562
207.0 1.1221657393972702
208.0 1.1206606863511672
209.0 1.1174741443968965
209.99999999999997 1.1317597907417036
210.99999999999997 1.1250241176066529
212.0 1.1332644131672271
213.0 1.1249319525348749
214.00000000000003 1.1266362335754165
215.0 1.1204905293659515
216.0 1.116978208130228
217.0 1.1212742262716096
218.0 1.1235871029278526
219.0 1.1301203966909903
220.0 1.1213247454704822
220.99999999999997 1.1193223191911565
222.0 1.1162330808129461
223.0 1.1241289708350255
224.0 1.120686453592364
225.0 1.1203138899337242
226.0 1.1149148511838083
226.99999999999997 1.1195938444520568
228.0 1.1172929174063102
229.0 1.1254086308757936
230.0 1.1247302312670344
231.0 1.1196844713815708
232.0 1.1096642937459713
233.0 1.1186230966459434
233.99999999999997 1.1146209648441865
235.0 1.1165597396995213
236.0 1.1182995140439074
237.00000000000003 1.121927544044753
238.0 1.118927394453793
239.00000000000003 1.1167822839038137
240.0 1.119705294318024
241.0 1.1239152999566933
242.0 1.1221843989382676
242.99999999999997 1.1115926571330763
244.0 1.116923430032204
244.99999999999997 1.1240919393889173
245.99999999999997 1.123688141325598
247.0 1.115870928622536
248.0 1.124703611289152
249.00000000000003 1.1218102971373585
250.0 1.1136961218101442
251.0 1.117960905546837
252.0 1.1252408647695296
253.00000000000003 1.123204127800986
254.0 1.118743419837875
