1.0 1.8636281247582938
2.0 1.8995454732383934
3.0 1.8974894514756635
4.0 1.9056749689382075
5.0 1.9044072585079375
6.0 1.8955730376990538
7.0 1.9024461225738811
8.0 1.904269188664087
9.0 1.9069233945742872
10.0 1.9016520141999953
11.0 1.902331951951019
12.0 1.902665946021284
13.0 1.899958144627678
14.0 1.9004614429464775
15.0 1.9038669287430303
16.0 1.9059792667460567
17.0 1.9065716538521023
18.0 1.9142419233853532
19.0 1.9077799717575405
20.0 1.9067081855536865
21.0 1.904514093947105
22.0 1.9074147432825908
23.0 1.907573636062898
24.0 1.9093832144003426
25.0 1.910731140291899
26.0 1.9105930704480474
27.0 1.9070036100355747
28.0 1.9107415517601276
29.0 1.9094233221309849
30.0 1.905704665200624
31.0 1.9088324731672084
32.0 1.904218669465216
33.0 1.9107504250860858
34.0 1.9055546457462782
35.0 1.908561278231741
36.0 1.9080996257858511
37.0 1.91452847454128
38.0 1.9135739352448218
39.0 1.9139183407833147
40.0 1.9164360149919326
41.0 1.9106435896469187
42.0 1.9129638014868542
43.0 1.9105633741856314
44.0 1.9074860854179172
45.0 1.9099651900381605
46.0 1.9028915665101152
47.0 1.9036486434378916
48.0 1.900627670910477
49.00000000000001 1.9103778614274454
50.0 1.9084583713662973
51.0 1.9116158755952992
52.0 1.9112714700568059
53.0 1.9110146151632925
54.0 1.9101105950657022
55.0 1.9183346821166247
56.0 1.9132488145005166
57.0 1.9056171145556426
58.0 1.907367300368256
59.0 1.908375765473555
60.0 1.9144987782788656
61.0 1.91263868074255
62.0 1.9135442389824067
63.0 1.9065998119722494
64.0 1.9126402188848173
65.0 1.9100230444207242
66.0 1.908468782834525
67.0 1.9113991284324297
68.0 1.9134759731316138
69.0 1.9129846244233102
70.0 1.913692720294484
71.0 1.911566894538695
72.0 1.9127188962038362
73.0 1.9113308625816383
74.0 1.911823749432209
75.0 1.9117671336097732
76.0 1.908930435280416
77.0 1.9135635237765942
78.0 1.91151791348209
79.0 1.9115387364185459
80.0 1.9092565722032275
81.0 1.9103080574343874
82.0 1.9125792882177186
83.0 1.911094830624578
84.0 1.9110948306245787
85.0 1.9136510744215736
86.0 1.9148906267316932
87.0 1.9054305578699398
88.0 1.9139954799600658
89.0 1.9156927561423507
90.0 1.9096771007399647
91.0 1.910138753185852
92.0 1.9105915323057807
92.99999999999999 1.8854262313018193
94.0 1.90807539623943
95.0 1.9103288803708411
96.0 1.9097158342176592
97.0 1.902527876177434
98.00000000000001 1.9117346606449603
98.99999999999999 1.9145581708036963
100.0 1.9178714915284685
101.0 1.9219835350539283
102.0 1.9159639510778168
103.00000000000001 1.9186301065985136
104.0 1.9187681764423639
104.99999999999999 1.9159253814894417
106.0 1.9166230658923868
107.00000000000001 1.9173415732317884
108.0 1.9138797711949387
109.0 1.9141053916837685
110.0 1.9160129321344195
111.0 1.9147645064983374
112.0 1.9132384030322878
113.0 1.9112610585885776
114.0 1.911191254595519
115.0 1.9036856748839996
116.0 1.9019028804137563
116.99999999999999 1.9044828595424224
118.0 1.9092644293506802
119.0 1.9132384030322895
120.0 1.9095806767690242
121.0 1.9090403470041177
122.0 1.907239641992634
122.99999999999999 1.9057655958677202
124.0 1.9104461272782358
125.0 1.9125495919553026
126.0 1.9161301790418137
127.0 1.91327851076293
128.0 1.9125303071611124
129.0 1.9125511300975662
130.0 1.912000388864432
131.0 1.9086870681396617
132.0 1.9081748964949017
133.0 1.9082045927573192
134.0 1.907634566729996
135.0 1.908223877551507
136.0 1.9067853247304374
137.0 1.9032463835168343
138.0 1.9159728244037744
139.0 1.917408300940311
140.0 1.9164063187295148
141.0 1.9159431281413597
142.0 1.9167210280055949
143.0 1.9148416456750907
144.0 1.9105649123278998
145.0 1.9085281753593584
146.0 1.9113027044614894
147.0 1.909669765556272
148.0 1.9109093178663923
149.0 1.9110057418373319
150.0 1.9067363436738327
151.0 1.905508740974208
152.0 1.9052310631442395
153.0 1.9116247489212588
154.0 1.9113397359075979
155.0 1.910523266454989
156.0 1.910907779724125
157.0 1.9133660614079109
158.0 1.911488217219675
159.0 1.9140652839531251
160.0 1.9123625410548488
161.0 1.90780812987769
162.0 1.9090075744571675
163.0 1.9056244497393375
164.0 1.9045599987191755
165.0 1.9058115006397924
166.0 1.9050737085062015
167.0 1.906755628468023
168.0 1.9054670951012984
169.0 1.9012555513203633
170.0 1.893629126453158
171.0 1.8877515755851186
172.0 1.8886194312868092
173.0 1.8885630655949996
174.0 1.8881191598010307
175.0 1.8826696018522429
176.0 1.8830780143423687
177.0 1.8841305157520372
178.0 1.8841972434605612
179.0 1.8903444858122935
180.0 1.8892341300200626
181.0 1.8800867380773654
182.0 1.8746614096749996
183.0 1.8732011816282825
184.0 1.8681311921963977
185.0 1.8673498857221984
185.99999999999997 1.8674582593036348
187.0 1.8631784496719093
188.0 1.8696612242361756
189.0 1.8666209669145701
190.0 1.869668559419868
191.0 1.866600143978115
192.0 1.8685551273431011
193.0 1.8625474929774866
194.0 1.871411410048787
195.0 1.8697399015551934
196.00000000000003 1.8719413283454676
197.00000000000003 1.871038846390147
197.99999999999997 1.873081380400115
199.0 1.8641538119048249
200.0 1.8590768176146768
201.0 1.8637959186135662
202.0 1.8612574214684945
203.0 1.8635228552103995
204.0 1.8649197621585618
205.0 1.8654585537812012
206.00000000000003 1.863407146445274
207.0 1.8510319243167637
208.0 1.8511571922609296
209.0 1.8466043777183387
209.99999999999997 1.846597150478457
210.99999999999997 1.851872459426476
212.0 1.8530364107021098
213.0 1.8547954698406843
214.00000000000003 1.8582082908209294
215.0 1.853288651168822
216.0 1.859443228704248
217.0 1.8613079406673656
218.0 1.8578357271622905
219.0 1.8474696058459281
220.0 1.8493385767082022
220.99999999999997 1.853113549878863
222.0 1.8462447239031945
223.0 1.849097930324342
224.0 1.8456361282874951
225.0 1.8454209192668933
226.0 1.8453156219699913
226.99999999999997 1.8426849597531334
228.0 1.8481403147433482
229.0 1.848863436509551
230.0 1.848986480458376
231.0 1.8402292323901246
232.0 1.8448092473666569
233.0 1.8370186546414795
233.99999999999997 1.8366935338971737
235.0 1.8377846048952162
236.0 1.8397708226648888
237.00000000000003 1.8415256229043053
238.0 1.8368258066996013
239.00000000000003 1.839729532319619
240.0 1.8451405206800324
241.0 1.8400322919852046
242.0 1.8450259945295293
242.99999999999997 1.8370957938182302
244.0 1.8256860444181657
244.99999999999997 1.8331989593133755
245.99999999999997 1.8271735782958356
247.0 1.8281740223643665
248.0 1.8299643159076242
249.00000000000003 1.8352966269490147
250.0 1.8381143400663233
251.0 1.8405325140194688
252.0 1.8317650209191045
253.00000000000003 1.847632757525391
254.0 1.8395378669923674
