1.0 1.5610826973712935
2.0 1.599927700988206
3.0 1.6083596618760359
4.0 1.6091761313286432
5.0 1.6014642159224841
6.0 1.5976179006164986
7.0 1.6117443247361338
8.0 1.6072477679415376
9.0 1.6110836717792947
10.0 1.6134945105487457
11.0 1.6096497333850266
12.0 1.6059488231065835
13.0 1.6119402489625472
14.0 1.6112915456162045
15.0 1.6132600167339544
16.0 1.6143406762637706
17.0 1.61361175745614
18.0 1.6184720045834176
19.0 1.616396698026501
20.0 1.6161710775376703
21.0 1.618431896852774
22.0 1.6112811341479771
23.0 1.6185209856400211
24.0 1.6097669802924217
25.0 1.6156781906870992
26.0 1.6218165597128733
27.0 1.6171938826849201
28.0 1.6173809335853748
29.0 1.6227309912786878
30.0 1.616720280628538
31.0 1.6208813052106008
32.0 1.6188653911785136
33.0 1.6152061267729825
34.0 1.6206452732535424
35.0 1.6166223185153306
36.0 1.6126186485713057
37.0 1.6140660747183357
38.0 1.6216977746632093
39.0 1.6204196527647126
40.0 1.623596441787901
41.0 1.6160330076938176
42.0 1.6159632037007594
43.0 1.6179212633502822
44.0 1.6170349899046137
45.0 1.6184126120585876
46.0 1.6126201867135734
47.0 1.610709569978385
48.0 1.6111920453607307
49.00000000000001 1.616758850216914
50.0 1.6161799508636299
51.0 1.614928448943014
52.0 1.6155015512548725
53.0 1.616700995834349
54.0 1.6159335074383436
55.0 1.6193374550926305
56.0 1.6198079808644794
57.0 1.618884675972703
58.0 1.6165436411963126
59.0 1.615943918906574
60.0 1.6163060710969859
61.0 1.6167098691603088
62.0 1.6208427356222248
63.0 1.6168984582030317
64.0 1.6214424579119637
65.0 1.6194843982624412
66.0 1.618735836586185
67.0 1.620351386913922
68.0 1.6191311193979898
69.0 1.6199772851130132
70.0 1.6186976250722482
71.0 1.6223376046835927
72.0 1.6164753753455192
73.0 1.6231733589303883
74.0 1.6213830653871315
75.0 1.614050196534117
76.0 1.620409241296485
77.0 1.6212835651316588
78.0 1.6162289319202334
79.0 1.6186293592214562
80.0 1.6153369199254397
81.0 1.6201049434886354
82.0 1.6179212633502829
83.0 1.6165540526645379
84.0 1.6189054989091605
85.0 1.6163670017640845
86.0 1.616828654209972
87.0 1.6137008462433868
88.0 1.6151170379857356
89.0 1.6181854534274898
90.0 1.6180786179883229
91.0 1.615361943268754
92.0 1.6097800605192356
92.99999999999999 1.606341687737925
94.0 1.611978818550925
95.0 1.6110940832475247
96.0 1.6050918878488938
97.0 1.607411605474079
98.00000000000001 1.6101885250076666
98.99999999999999 1.6114384887860163
100.0 1.608445674378747
101.0 1.6111326528359007
102.0 1.612814572797722
103.00000000000001 1.6124909901956843
104.0 1.6109752981978631
104.99999999999999 1.6128234461236832
106.0 1.6145053660855042
107.00000000000001 1.6130490666125126
108.0 1.6158428805088325
109.0 1.6159512540902674
110.0 1.6148200753615807
111.0 1.6145647586103358
112.0 1.6105032342837473
113.0 1.6124019014084394
114.0 1.6127655917411192
115.0 1.6127567184151594
116.0 1.6115973815663232
116.99999999999999 1.6087353018192105
118.0 1.6122549582386234
119.0 1.6132777633858753
120.0 1.619042030610742
121.0 1.621000090260264
122.0 1.6187466061288511
122.99999999999999 1.614707080859348
124.0 1.622512705973551
125.0 1.621313261394073
126.0 1.6215789896135473
127.0 1.6228185419236694
128.0 1.61634617882763
129.0 1.6184065154350247
130.0 1.612973959792781
131.0 1.6156068485517716
132.0 1.6194724486519456
133.0 1.61847046644115
134.0 1.6148513097662605
135.0 1.6148320249720727
136.0 1.6136711499809717
137.0 1.6146924169859556
138.0 1.6160403428775107
139.0 1.6128427309178666
140.0 1.6108001969078998
141.0 1.6103636262976264
142.0 1.60959767604389
143.0 1.6117130903314523
144.0 1.6096065493698508
145.0 1.612565053087901
146.0 1.6121330969044256
147.0 1.609987134065259
148.0 1.6076589011885538
149.0 1.6105626268085744
150.0 1.6105329305461593
151.0 1.6073665529911982
152.0 1.608527427982302
153.0 1.6107793739714453
154.0 1.6097164610935502
155.0 1.6110555136591476
156.0 1.611949122288509
157.0 1.608093933656562
158.0 1.6081918957697714
159.0 1.612075242521865
160.0 1.6079824837905934
161.0 1.601706044920969
162.0 1.5992373517689562
163.0 1.6019420768780261
164.0 1.6073387251964861
165.0 1.6101958601913604
166.0 1.6103740377658535
167.0 1.6157553298638516
168.0 1.6129495663570368
169.0 1.6099613663765722
170.0 1.6053772311879895
171.0 1.6005903368505507
172.0 1.5998841653925824
173.0 1.5938854004057263
174.0 1.587615114105172
175.0 1.5918636893322164
176.0 1.5943458702369906
177.0 1.591121638299469
178.0 1.5966957783393436
179.0 1.5898404401164348
180.0 1.5862791378241128
181.0 1.568374200070649
182.0 1.5507626604832576
183.0 1.5451883458807227
184.0 1.5598411429999575
185.0 1.5498970883625964
185.99999999999997 1.5620140813446453
187.0 1.5662503766357623
188.0 1.566672607204085
189.0 1.570019552764997
190.0 1.5688706273843889
191.0 1.5706994905160236
192.0 1.5733880071154405
193.0 1.5690576782848422
194.0 1.5663915227641485
195.0 1.5809572382509498
196.00000000000003 1.5674336127055848
197.00000000000003 1.575397768578458
197.99999999999997 1.5709548072672674
199.0 1.5647705334694262
200.0 1.57457857836896
201.0 1.5643208306340302
202.0 1.5719332457847148
203.0 1.5806531043324175
204.0 1.571057383807277
205.0 1.5683881520020475
206.00000000000003 1.5615891300194353
207.0 1.5475893220328392
208.0 1.5417987573719354
209.0 1.534934948918385
209.99999999999997 1.5348710669338526
210.99999999999997 1.550566614645395
212.0 1.5520128581778045
213.0 1.5553237884711182
214.00000000000003 1.557766877823762
215.0 1.555491554577382
216.0 1.564502414818496
217.0 1.5505908693940296
218.0 1.5581334805516531
219.0 1.5595512104362732
220.0 1.5555475404922463
220.99999999999997 1.566906770693443
222.0 1.5539442978494429
223.0 1.5586441140541474
224.0 1.5513366825643908
225.0 1.5613252954698744
226.0 1.56752731591964
226.99999999999997 1.5625899296156087
228.0 1.560624534782392
229.0 1.566817681906195
230.0 1.5636794624713848
231.0 1.55433768444454
232.0 1.564153064527766
233.0 1.564153064527766
233.99999999999997 1.5608486171289557
235.0 1.5613889468938635
236.0 1.5611112690638942
237.00000000000003 1.5572055612330795
238.0 1.538705979795308
239.00000000000003 1.5593699565772396
240.0 1.5524344028930512
241.0 1.5489563923465446
242.0 1.5599519322150581
242.99999999999997 1.555621603384462
244.0 1.555112508024237
244.99999999999997 1.5543257348340456
245.99999999999997 1.5561858323703632
247.0 1.5478182087595957
248.0 1.5404819332966146
249.00000000000003 1.5522473519925946
250.0 1.5550025963005365
251.0 1.5443915697011583
252.0 1.542400737504686
253.00000000000003 1.543089548581669
254.0 1.544330639034059
