1.0 1.9435193891374594
2.0 1.9857842125463785
3.0 1.9855423835478954
4.0 1.9854517566183791
5.0 1.9919063730624982
6.0 1.9816945300996416
7.0 1.991610948580611
8.0 1.9872138920414895
9.0 1.9919746389132904
10.0 1.9907528332550903
11.0 1.9885321216706298
12.0 1.9972653040817727
13.0 1.99221954419631
14.0 1.9913155240987201
15.0 1.9960168784456913
16.0 1.9918573920058955
17.0 1.9980030962153625
18.0 1.9940900532008523
19.0 1.9970115254727938
20.0 1.9999819788013407
21.0 1.9969016137490907
22.0 1.9932053178974523
23.0 1.9940306606760203
24.0 1.9991655093487306
25.0 1.9918350309271726
26.0 1.9935763434138254
27.0 1.986565188695144
28.0 1.9952405167237246
29.0 1.9969313100115071
30.0 1.9953785865675764
31.0 1.9930464251171454
32.0 1.9897122814559174
33.0 1.9842137424505273
34.0 1.9837223937422237
35.0 1.9799829138754064
36.0 1.9835650391041844
37.0 1.9852068513353627
38.0 1.9918558538636282
39.0 1.9904708965259645
40.0 1.9883153745077584
41.0 1.9908731564470206
42.0 1.9919642274450635
43.0 1.9948070223979864
44.0 1.994716395468471
45.0 1.991423897680156
46.0 1.9925149686781962
47.0 1.9958313656875046
48.0 1.9902421997525988
49.00000000000001 1.9906564092841528
50.0 1.9904099658588659
51.0 1.9906178396957752
52.0 1.9954661372125555
53.0 1.991952277834567
54.0 1.9940603569384352
55.0 1.994366192888552
56.0 1.9968051897781525
57.0 1.9899186171505598
58.0 1.9978665645137779
59.0 1.9928771208686102
60.0 1.9968807908126354
61.0 1.9951628555832153
62.0 1.9926530385220476
63.0 1.9932199882648367
64.0 1.9936164511444678
65.0 1.995702169169613
66.0 2.0001354048656514
67.0 1.9980432039460048
68.0 1.9905391623767557
69.0 1.9965764930047865
70.0 1.9974315320457705
71.0 1.9993629717174137
72.0 2.002302190641276
73.0 2.0015169555933516
74.0 1.9971094875860014
75.0 1.999705839113638
76.0 1.9931756216350347
77.0 2.001700930209269
78.0 1.99040263067517
79.0 1.9888082613583289
80.0 1.9932344921961072
81.0 1.9944240472711163
82.0 1.9970990761177723
83.0 2.0005030237720587
84.0 1.9986429262357437
85.0 2.002845596690718
86.0 2.0006603784100965
87.0 1.996539461558678
88.0 2.0056571572389577
89.0 2.0049490613677845
90.0 2.002057285358258
91.0 2.0059807398409952
92.0 1.9961341253530864
92.99999999999999 1.9845253754420715
94.0 1.9930271403229587
95.0 1.9976305325567203
96.0 1.9978290111039123
97.0 1.9926426270538218
98.00000000000001 1.9962039293461469
98.99999999999999 1.999008154710694
100.0 1.9990081547106942
101.0 1.9994119527740173
102.0 1.997640944024949
103.00000000000001 2.0001883144959827
104.0 1.9994505223623935
104.99999999999999 2.0016149177065574
106.0 2.00357297735608
107.00000000000001 2.003335407256755
108.0 1.9994505223623924
109.0 2.0018004304647445
110.0 1.9994015413057895
111.0 1.9995588959438284
112.0 1.999116528292129
113.0 1.9964206765090164
114.0 1.9988997811292586
115.0 1.9976112477625332
116.0 1.9933507229249947
116.99999999999999 1.9890917362297238
118.0 1.9875494242540186
119.0 1.9861806754260078
120.0 1.9910497958792455
121.0 1.9868976446231439
122.0 1.9918276957434797
122.99999999999999 1.9923279177777422
124.0 1.9901874216545696
125.0 1.9908939793834748
126.0 1.9923784369766142
127.0 1.9940098377395647
128.0 1.9877279321539474
129.0 1.9880569814719764
130.0 1.9930240640384207
131.0 1.9914416443320737
132.0 1.991932993040379
133.0 1.9903891429224083
134.0 1.9942354582283952
135.0 1.9936669703433405
136.0 1.9985850718531806
137.0 2.0033755149874
138.0 2.0040940223268002
139.0 1.996972955884418
140.0 1.9980536154142348
141.0 1.990450073589508
142.0 1.9917964613387984
143.0 1.9963732335946809
144.0 1.994149445725684
145.0 1.9979363685068388
146.0 1.9925566145511122
147.0 1.9909043908517068
148.0 1.9930657099113358
149.0 1.9937144132576792
150.0 1.9911284731982704
151.0 1.9921632279560164
152.0 1.9897820854489823
153.0 1.98661570789402
154.0 1.9856121875409583
155.0 1.9839599638415517
156.0 1.9817064797101407
157.0 1.9791976788274823
158.0 1.9720766123851023
159.0 1.9757165919964437
160.0 1.9887399955075398
161.0 1.9957318654320306
162.0 1.9949643770360257
163.0 1.993793090576696
164.0 1.9948633386382844
165.0 1.9900670984626405
166.0 1.986516207638544
167.0 1.9778794491983398
168.0 1.9895460534919194
169.0 1.9868486635665394
170.0 1.9780594952405353
171.0 1.9746202766640295
172.0 1.9732530659782836
173.0 1.973313088410687
174.0 1.9727222394469073
175.0 1.9671168650023476
176.0 1.9687899116382082
177.0 1.9709824651025212
178.0 1.9673351503074836
179.0 1.9703738694868222
180.0 1.9610571732955913
181.0 1.953064091439912
182.0 1.9347902588476955
183.0 1.930133670872885
184.0 1.9426656099116175
185.0 1.9485759680170998
185.99999999999997 1.9451315823067377
187.0 1.9467035905448558
188.0 1.943029300244296
189.0 1.939053788420419
190.0 1.9346478585553377
191.0 1.9321510072831762
192.0 1.9344696809808446
193.0 1.9422979910052085
194.0 1.9284685295097292
195.0 1.926560303206002
196.00000000000003 1.9312923699938953
197.00000000000003 1.9262145234145576
197.99999999999997 1.929115008860725
199.0 1.9332751811536006
200.0 1.9312439109010535
201.0 1.932758064756607
202.0 1.9248502251240334
203.0 1.927387184126839
204.0 1.9293926866906976
205.0 1.9341935412931426
206.00000000000003 1.9333385022521559
207.0 1.9152298651344053
208.0 1.9015036931209204
209.0 1.894238808001358
209.99999999999997 1.9199037435599184
210.99999999999997 1.9188968468926888
212.0 1.9162875295760442
213.0 1.9189142632191742
214.00000000000003 1.9247850355577774
215.0 1.9238794773179186
216.0 1.9163965890105599
217.0 1.917068669614133
218.0 1.912099032726912
219.0 1.9081854677486434
220.0 1.9163066479341195
220.99999999999997 1.91523178544573
222.0 1.9122533110804176
223.0 1.9055102750126698
224.0 1.9107487164038974
225.0 1.914040198013706
226.0 1.9172497595838451
226.99999999999997 1.9118181121762954
228.0 1.9116761137587202
229.0 1.9087129956138646
230.0 1.9102553075895692
231.0 1.9027067355011957
232.0 1.9141342315531877
233.0 1.9104324689855536
233.99999999999997 1.9138562233977863
235.0 1.9075318196500672
236.0 1.9049265947964704
237.00000000000003 1.906169223391125
238.0 1.9112559432964233
239.00000000000003 1.9084462512158822
240.0 1.902477186438644
241.0 1.8994408576907644
242.0 1.9026002303874665
242.99999999999997 1.896660861872642
244.0 1.8978691797780807
244.99999999999997 1.9043608276683044
245.99999999999997 1.9023662585364318
247.0 1.901667035991217
248.0 1.913568134099589
249.00000000000003 1.9096624262687718
250.0 1.9117423472524924
251.0 1.9069892658898129
252.0 1.9186659513261926
253.00000000000003 1.9023005470064152
254.0 1.8993162755996758
