1.0 1.6472570233395452
2.0 1.6905905324184805
3.0 1.6883000168409612
4.0 1.6939366256902029
5.0 1.693522416158652
6.0 1.6886845301100986
7.0 1.6940257144774487
8.0 1.6969263638129368
9.0 1.6988354424058558
10.0 1.694891164986662
11.0 1.6910136152759951
12.0 1.6852998672500006
13.0 1.69770426367717
14.0 1.6926866619118544
15.0 1.7004490965168857
16.0 1.6978230487268342
17.0 1.6931706754364657
18.0 1.6991887212703094
19.0 1.6989037082566487
20.0 1.7033200495899568
21.0 1.6978126372586044
22.0 1.699702431057336
23.0 1.6993075063199723
24.0 1.702641649981199
25.0 1.6981852009172453
26.0 1.6998003931705423
27.0 1.7015104712525129
28.0 1.6970169907424526
29.0 1.6964365532469017
30.0 1.702071623953877
31.0 1.6984524672789874
32.0 1.6984886464359048
33.0 1.6891654673501744
34.0 1.6966517622675041
35.0 1.7000671375685266
36.0 1.6973093389398064
37.0 1.700685128473943
38.0 1.7032413722709376
39.0 1.7056329262462007
40.0 1.7037728287098854
41.0 1.703045448044524
42.0 1.70240561802414
43.0 1.7052395396511035
44.0 1.7088290000635755
45.0 1.7103535653873603
46.0 1.6946269749094565
47.0 1.6963756225798
48.0 1.6960921477084068
49.00000000000001 1.6863627801278922
50.0 1.6950693425611556
51.0 1.6884292133588499
52.0 1.6997498739716734
53.0 1.7001729568291837
54.0 1.7051400393956277
55.0 1.7050123810200062
56.0 1.7052395396511033
57.0 1.7047184946803857
58.0 1.705022792488234
59.0 1.7004180260015227
60.0 1.7041662153049826
61.0 1.705643337714428
62.0 1.7063603069115623
63.0 1.7105510277560405
64.0 1.7081401889865901
65.0 1.7052854444231735
66.0 1.7086171976529414
67.0 1.7068115478892238
68.0 1.7082767206881735
69.0 1.7100477294372418
70.0 1.7104708122947538
71.0 1.7133818730984691
72.0 1.7110304268538492
73.0 1.7071663648959434
74.0 1.7082277396315708
75.0 1.7041766267732097
76.0 1.7010503569488917
77.0 1.706134686422731
78.0 1.710225907011736
79.0 1.7116035291657072
80.0 1.7103006557570297
81.0 1.7084548982626693
82.0 1.7065384844860552
83.0 1.7000854061842026
84.0 1.7037639553839237
85.0 1.705505267870575
86.0 1.704265715560455
87.0 1.7027892512550775
88.0 1.7001744949714497
89.0 1.6993372025823856
90.0 1.69636674925384
91.0 1.6984196947320362
92.0 1.6928481957017392
92.99999999999999 1.6890763785629277
94.0 1.706084167223862
95.0 1.7122121247814068
96.0 1.7106148430693489
97.0 1.7094761652676493
98.00000000000001 1.7116124024916672
98.99999999999999 1.713275037659301
100.0 1.711553009966837
101.0 1.7083673476176888
102.0 1.7118588459169541
103.00000000000001 1.7125372455257122
104.0 1.7105510277560416
104.99999999999999 1.71285195480179
106.0 1.7112591236272152
107.00000000000001 1.7110824841949899
108.0 1.7092921906517329
109.0 1.711967219498389
110.0 1.7085543985181437
111.0 1.7078952837035737
112.0 1.7089566584392004
113.0 1.7066750161876392
114.0 1.7091629941338418
115.0 1.708867569651952
116.0 1.7088483992955705
116.99999999999999 1.710686021315357
118.0 1.710629705075059
119.0 1.712271517306238
120.0 1.7146526598132732
121.0 1.7140618108494934
122.0 1.7122491562275148
122.99999999999999 1.7082866101926453
124.0 1.7092297218423658
125.0 1.7092401333105949
126.0 1.7068115478892232
127.0 1.7087294998081024
128.0 1.7098815014732431
129.0 1.7049579332474076
130.0 1.70378425635662
131.0 1.7003391847931808
132.0 1.7044705131128288
133.0 1.7035472082210528
134.0 1.6989719741074352
135.0 1.7022185671236838
136.0 1.6992585252633658
137.0 1.6976464092946024
138.0 1.6935794182520212
139.0 1.6877581836242792
140.0 1.6936730937170663
141.0 1.6979669156121058
142.0 1.6988740119942278
143.0 1.69695606007535
144.0 1.697379142932861
145.0 1.6951777161425892
146.0 1.6919519460627974
147.0 1.6909083179790914
148.0 1.6855166144128675
149.0 1.6904138929862542
150.0 1.687562224707371
151.0 1.695312709701907
152.0 1.6930133207984264
153.0 1.6936516126765404
154.0 1.693681308938957
155.0 1.693455688450126
156.0 1.6969263638129366
157.0 1.6916148757079974
158.0 1.6886444223794514
159.0 1.6941815309732229
160.0 1.6955591531271947
161.0 1.6953231211701376
162.0 1.6919963126926034
163.0 1.6875471988123447
164.0 1.6797284479670174
165.0 1.6761463227382378
166.0 1.666025106704895
167.0 1.668477235819612
168.0 1.6815588492409161
169.0 1.6855640573272066
170.0 1.6847059420016848
171.0 1.6814697604536673
172.0 1.6825045152114126
173.0 1.6825222618633326
174.0 1.681805292666201
175.0 1.681775596403784
176.0 1.6815692607091421
177.0 1.6736822440130195
178.0 1.6708290375918713
179.0 1.6717122347530022
180.0 1.6798383596907167
181.0 1.6601166730126156
182.0 1.6486926099001575
183.0 1.6593998117592925
184.0 1.6617963104867934
185.0 1.660153151751673
185.99999999999997 1.6611679358621534
187.0 1.663418343709031
188.0 1.6606750490115838
189.0 1.6567188219818967
190.0 1.653751444937884
191.0 1.6553458142547242
192.0 1.6583019275413167
193.0 1.661589480577397
194.0 1.6576853108888516
195.0 1.6574492789317907
196.00000000000003 1.6514875493382453
197.00000000000003 1.654634642099016
197.99999999999997 1.6588897002205603
199.0 1.6564650433729138
200.0 1.6546836231556192
201.0 1.6530001650515307
202.0 1.648465038668559
203.0 1.6505330100417848
204.0 1.6579063169508754
205.0 1.6470118154801026
206.00000000000003 1.640063104368583
207.0 1.629713025125758
208.0 1.6185865867077662
209.0 1.6293749385924508
209.99999999999997 1.6360983595405798
210.99999999999997 1.632124385858968
212.0 1.634958307485932
213.0 1.6359514163707656
214.00000000000003 1.6343447671179976
215.0 1.6323867074684721
216.0 1.6331082910924064
217.0 1.637874835005635
218.0 1.6449557937173744
219.0 1.6298601599338922
220.0 1.6409490474888142
220.99999999999997 1.6263848701442776
222.0 1.6199406651683903
223.0 1.6212322748196497
224.0 1.6369380423610957
225.0 1.6390966406638332
226.0 1.6275117899738074
226.99999999999997 1.6350513248469005
228.0 1.627017364980969
229.0 1.6396651285488892
230.0 1.640689471838407
231.0 1.636774890681634
232.0 1.6374116444174778
233.0 1.6281084359790103
233.99999999999997 1.6312956364704274
235.0 1.629956583904834
236.0 1.6355056421090952
237.00000000000003 1.6281959866239917
238.0 1.6425761893526063
239.00000000000003 1.6310596045133707
240.0 1.6370317455751442
241.0 1.6350840973938483
242.0 1.6303410971739687
242.99999999999997 1.6339795386430418
244.0 1.6358203513851692
244.99999999999997 1.6345495646703678
245.99999999999997 1.6348584769050176
247.0 1.6417330999221194
248.0 1.6383974181186218
249.00000000000003 1.6247237731189148
250.0 1.6423224107436267
251.0 1.6356051423645719
252.0 1.6408942693907809
253.00000000000003 1.6364393584691026
254.0 1.6302936542596334
