1.0 0.6707755452417602
2.0 0.7120782930439182
3.0 0.7147386515231873
4.0 0.7157525833444788
5.0 0.7149850949484738
6.0 0.703845660445675
7.0 0.7185552705667582
8.0 0.723808904289131
9.0 0.7200412663021644
10.0 0.729582044839956
11.0 0.7284107583806283
12.0 0.7273597951132268
13.0 0.7277635931765527
14.0 0.7209051786691094
15.0 0.7259644263073348
16.0 0.7245524934641473
17.0 0.7254048117482388
18.0 0.7225589405107823
19.0 0.7158058233002406
20.0 0.7276671692056133
21.0 0.7269189656037952
22.0 0.7241783916632383
23.0 0.7208473242865466
24.0 0.7213594959313053
25.0 0.7192961389848828
26.0 0.7272232634116453
27.0 0.7160391345004082
28.0 0.7281288216515008
29.0 0.724107405055557
30.0 0.727684915857533
31.0 0.7294238379127274
32.0 0.7320730990706927
33.0 0.7322111689145442
34.0 0.7331938663311524
35.0 0.7285527567982046
36.0 0.7272232634116447
37.0 0.7253944002800139
38.0 0.7273509217872682
39.0 0.728592012239658
40.0 0.7329385495799068
41.0 0.7335189870754563
42.0 0.7328791570550744
43.0 0.7323878083467719
44.0 0.7266146677959476
45.0 0.7287775249978414
46.0 0.7326728213604335
47.0 0.7305782300093264
48.0 0.7281079987150442
49.00000000000001 0.7317880860570323
50.0 0.7278245238436497
51.0 0.729113057210376
52.0 0.7314733767809545
53.0 0.7254449194788829
54.0 0.7270184658592658
55.0 0.7326832328286603
56.0 0.7328405874666996
57.0 0.7310310091292551
58.0 0.7338633926139498
59.0 0.7337847152949297
60.0 0.733706037975912
61.0 0.7338347125300435
62.0 0.7292214307918105
63.0 0.7264677246261364
64.0 0.7304015905771015
65.0 0.7329192647857192
66.0 0.729098195204666
67.0 0.7289067215157332
68.0 0.7307949771721975
69.0 0.7307162998531789
70.0 0.7293787854298494
71.0 0.7270184658592702
72.0 0.7281986256445595
73.0 0.7322898462335653
74.0 0.7274118524543682
75.0 0.7256096093006158
76.0 0.7298508493439655
77.0 0.7263890473071156
78.0 0.727018465859269
79.0 0.732211168914544
80.0 0.725503682096145
81.0 0.7308142619663861
82.0 0.7345714884851252
83.0 0.7328405874667003
84.0 0.7345714884851248
85.0 0.7350435523992398
86.0 0.7318177823194475
87.0 0.7258692127000284
88.0 0.7330766194237573
89.0 0.7344928111661069
90.0 0.7329192647857211
91.0 0.7315030730433721
92.0 0.7296208862614657
92.99999999999999 0.732399566318941
94.0 0.7312269333556698
95.0 0.7263890473071173
96.0 0.7272104615119601
97.0 0.7231409161486013
98.00000000000001 0.7291026457421488
98.99999999999999 0.7329192647857192
100.0 0.7340207472519902
101.0 0.7328405874667002
102.0 0.7318177823194493
103.00000000000001 0.7318964596384687
104.0 0.7321324915955258
104.99999999999999 0.7314243957243524
106.0 0.7318964596384679
107.00000000000001 0.7321324915955265
108.0 0.7329979421047396
109.0 0.7344928111661061
110.0 0.7340207472519898
111.0 0.7344141338470858
112.0 0.7337060379759122
113.0 0.7328405874666999
114.0 0.7304802678961205
115.0 0.727961055545235
116.0 0.7302531092650211
116.99999999999999 0.7284821005159534
118.0 0.7291219305363353
119.0 0.7276567577373846
120.0 0.7285029234524089
121.0 0.729791456819134
122.0 0.7309226355478201
122.99999999999999 0.7304663141251049
124.0 0.7317391050004295
125.0 0.731817782319448
126.0 0.7311883637672927
127.0 0.7323685235525834
128.0 0.7349297121018115
129.0 0.7334665716598798
130.0 0.7341816446403053
131.0 0.7355808058796128
132.0 0.7335159107909224
133.0 0.7298774693218459
134.0 0.7327009794805809
135.0 0.731599497014311
136.0 0.7298597226699257
137.0 0.7323477006161282
138.0 0.734008797641495
139.0 0.7321379370565063
140.0 0.7309122240795932
141.0 0.7324263779351475
142.0 0.7317672631205777
143.0 0.7267808957599465
144.0 0.7274994030993479
145.0 0.7290031454866754
146.0 0.7286394551539954
147.0 0.7271445860926288
148.0 0.7302619825909837
149.0 0.7304000524348349
150.0 0.7322883080912986
151.0 0.7305084260162693
152.0 0.7307934390299313
153.0 0.7284821005159554
154.0 0.7298003301450945
155.0 0.7312253952134034
156.0 0.7252563304361641
157.0 0.7261603505337509
158.0 0.726081673214733
159.0 0.7285696511609348
160.0 0.7287567020613899
161.0 0.7272321367376058
162.0 0.7267986424118662
163.0 0.7309789517881169
164.0 0.7324441245870682
165.0 0.7298092034710534
166.0 0.7314999967588354
167.0 0.7354145779156125
168.0 0.7320403265237436
169.0 0.7347643364270026
170.0 0.7318467649797801
171.0 0.7226278215081249
172.0 0.7227935487633814
173.0 0.7272957881615949
174.0 0.7264021795322347
175.0 0.7331996633725804
176.0 0.7298165386547465
177.0 0.7344272660722017
178.0 0.7270227247584293
179.0 0.7280247069692245
180.0 0.7191638661824583
181.0 0.7211070421237635
182.0 0.7074644160886083
183.0 0.7073945799518528
184.0 0.7136726623607584
185.0 0.7078208444909176
185.99999999999997 0.7140139916147183
187.0 0.706656893215278
188.0 0.7058419619049355
189.0 0.7028209893775206
190.0 0.7081131926882701
191.0 0.7125800532204511
192.0 0.7104526893223921
193.0 0.7195912079391291
194.0 0.7085185288938605
195.0 0.71546141776175
196.00000000000003 0.7062442218259927
197.00000000000003 0.718549117997689
197.99999999999997 0.7145454480536647
199.0 0.7122252362137315
200.0 0.7151868162163166
201.0 0.7168806857886318
202.0 0.7109501905997679
203.0 0.7142843342609956
204.0 0.7166238308951165
205.0 0.7115202166270918
206.00000000000003 0.7100550438281403
207.0 0.7099578325543031
208.0 0.6933355603530303
209.0 0.6946546487653484
209.99999999999997 0.7042205867867671
210.99999999999997 0.6950361936937669
212.0 0.700644644422862
213.0 0.6966571829884873
214.00000000000003 0.6935532742428931
215.0 0.7104098608348589
216.0 0.7069064129250981
217.0 0.6952949422571917
218.0 0.6946801940724222
219.0 0.6979506863096628
220.0 0.6950408081205693
220.99999999999997 0.6979028878676782
222.0 0.6997097454482328
223.0 0.7048816255670535
224.0 0.6998239160710943
225.0 0.7003079295957083
226.0 0.6972395141539551
226.99999999999997 0.705058264999283
228.0 0.6944175421374851
229.0 0.702827141946591
230.0 0.7023685657852379
231.0 0.7033528013441128
232.0 0.7016381088353412
233.0 0.6936068697263033
233.99999999999997 0.7036019655262913
235.0 0.7005231386163077
236.0 0.6979935147971958
237.00000000000003 0.7022467044510428
238.0 0.695959854113187
239.00000000000003 0.6939825096694754
240.0 0.7025999833154947
241.0 0.703311155471202
242.0 0.7033065410443986
242.99999999999997 0.6992955359166827
244.0 0.6964824372261776
244.99999999999997 0.6899861749091467
245.99999999999997 0.6940314907260838
247.0 0.695719207729329
248.0 0.700582531141139
249.00000000000003 0.7065265140827665
250.0 0.7001015939010624
251.0 0.7040057635896118
252.0 0.6983722310249078
253.00000000000003 0.6951923657171841
254.0 0.7073013376624633
