1.0 0.5943387128450077
2.0 0.636500100035743
3.0 0.6302083049456584
4.0 0.6323669032483973
5.0 0.6358119748118364
6.0 0.6222670043662623
7.0 0.6396229632500938
8.0 0.6378685185383239
9.0 0.6370726803838451
10.0 0.6357943945960299
11.0 0.6272474107961501
12.0 0.634772961154932
13.0 0.6404945663283746
14.0 0.6341157148080633
15.0 0.6426886579349567
16.0 0.6418127959575182
17.0 0.6433612605022891
18.0 0.6419334494748798
19.0 0.6275301998144694
20.0 0.6426886579349544
21.0 0.6450593889737644
22.0 0.6447639644918743
23.0 0.6365861377406671
24.0 0.6378091260134918
25.0 0.6433284879553385
26.0 0.6445711165499936
27.0 0.6388102559350961
28.0 0.6438078870531446
29.0 0.6476187090552888
30.0 0.6448248951589702
31.0 0.6464177263335458
32.0 0.6461832325187576
33.0 0.6477359559626876
34.0 0.6474139115029176
35.0 0.6402934814620984
36.0 0.6519370882753953
37.0 0.6441302870405609
38.0 0.6482527420342522
39.0 0.6487009067273732
40.0 0.6398905851394798
41.0 0.6450582063591401
42.0 0.6467474615046543
43.0 0.6469063542849599
44.0 0.6507006122498095
45.0 0.6480271215454191
46.0 0.6340815957571696
47.0 0.6455652416133418
48.0 0.6430136122431485
49.00000000000001 0.6420356956894548
50.0 0.6454573899956617
51.0 0.6444762307213207
52.0 0.6487649136790083
53.0 0.6464342903708434
54.0 0.6447508322667529
55.0 0.6432486280216938
56.0 0.6451843265924916
57.0 0.6461878469455583
58.0 0.6503696944640783
59.0 0.6515943847684852
60.0 0.6473710830153806
61.0 0.6546880736841775
62.0 0.6587792942731828
63.0 0.6542160097700614
64.0 0.6550814602792745
65.0 0.6546880736841785
66.0 0.6540586551320237
67.0 0.6503608211381157
68.0 0.65571087883143
69.0 0.651226271647328
70.0 0.6527701217652987
71.0 0.6454041500399004
72.0 0.6524851087516369
73.0 0.6498100799049815
74.0 0.649180661352826
75.0 0.6568195260980791
76.0 0.6477644696104797
77.0 0.6524048932903512
78.0 0.6536652685369263
79.0 0.6494953706289024
80.0 0.6640076545216186
81.0 0.6519833485751045
82.0 0.6521703994755612
83.0 0.6449320861257858
84.0 0.6473710830153839
85.0 0.6545307190461386
86.0 0.6529571726657554
87.0 0.6631852241382639
88.0 0.6669617354511912
89.0 0.6667257034941335
90.0 0.6630471542944146
91.0 0.6609614362692714
92.0 0.6556587165407664
92.99999999999999 0.6630874284611702
94.0 0.6621844245420916
95.0 0.6568848860476498
96.0 0.6559532020446638
97.0 0.6534689887828681
98.00000000000001 0.657827475733613
98.99999999999999 0.6592436674759606
100.0 0.6625793492794546
101.0 0.6638782941144072
102.0 0.6643013769719196
103.00000000000001 0.6649500803182624
104.0 0.6670357983434082
104.99999999999999 0.6681878000085493
106.0 0.6682070848027378
107.00000000000001 0.6665355763091443
108.0 0.6665845573657478
109.0 0.6677454323568491
110.0 0.665000599517134
111.0 0.6668888551735974
112.0 0.6654815367572098
113.0 0.6633156032707768
114.0 0.6615638793158953
115.0 0.6538415524415069
116.0 0.6553410319824795
116.99999999999999 0.6508096464821068
118.0 0.6497218182047115
119.0 0.6480148164072764
120.0 0.6494653188388422
121.0 0.6505401813272323
122.0 0.648565913168057
122.99999999999999 0.6431847849593801
124.0 0.6435039447729402
125.0 0.6452259724654055
126.0 0.6491598384163711
127.0 0.6467609492574148
128.0 0.6511950372426453
129.0 0.6490861058495861
130.0 0.6516754525189645
131.0 0.6510168596681501
132.0 0.6521079306661943
133.0 0.6532583941890672
134.0 0.6508490935618843
135.0 0.6514977969082275
136.0 0.6498737313289689
137.0 0.6542202686692193
138.0 0.6539634137757051
139.0 0.649628582409319
140.0 0.6518174231875307
141.0 0.6543151544978892
142.0 0.6555739916021969
143.0 0.6570391644011488
144.0 0.6569604870821294
145.0 0.6581124887472702
146.0 0.6591457053627501
147.0 0.6599829977518143
148.0 0.6603586376949914
149.0 0.6601835364050318
150.0 0.6612360378146991
151.0 0.6608337778936444
152.0 0.660942151475078
153.0 0.6593196240380884
154.0 0.6630471542944112
155.0 0.6620139376789338
156.0 0.6624474320046734
157.0 0.6620822035297238
158.0 0.6650719416524586
159.0 0.6626923372876912
160.0 0.6676385969176803
161.0 0.662318235486781
162.0 0.6666454880328438
163.0 0.6665756840397862
164.0 0.6650808149784188
165.0 0.6655825751549522
166.0 0.6632519518467878
167.0 0.658048837323286
168.0 0.6616174747993017
169.0 0.6640090287745656
170.0 0.661685740650094
171.0 0.6535834871843674
172.0 0.6480794814629837
173.0 0.6557105233037864
174.0 0.6581942423508308
175.0 0.6590180469871323
176.0 0.6572381649121037
177.0 0.6594010221140003
178.0 0.6553587825816012
179.0 0.649986363809561
180.0 0.6470664296798891
181.0 0.6459076920201685
182.0 0.6422429860684518
183.0 0.6427870638845411
184.0 0.6511888846735788
185.0 0.6524477217778867
185.99999999999997 0.650186902462781
187.0 0.6540332177687664
188.0 0.6581213620732355
189.0 0.6539514641652143
190.0 0.6510018337731248
191.0 0.658534033462521
192.0 0.6523145966862693
193.0 0.6539024831086115
194.0 0.6455259861718871
195.0 0.649188657187385
196.00000000000003 0.6450156829948256
197.00000000000003 0.6446709471309046
197.99999999999997 0.6543718010636225
199.0 0.6431120711179027
200.0 0.6442987137976939
201.0 0.6454604410779843
202.0 0.6397362815837628
203.0 0.6410606637819717
204.0 0.6433230212393461
205.0 0.6345050089401132
206.00000000000003 0.6396680157329698
207.0 0.6363548931405237
208.0 0.6297568762768705
209.0 0.6317141421295062
209.99999999999997 0.6271320020606551
210.99999999999997 0.6369726859136211
212.0 0.6372914876527418
213.0 0.6346103062370143
214.00000000000003 0.639328224621284
215.0 0.6320626054405479
216.0 0.6370438616128364
217.0 0.6384134627300373
218.0 0.6353597176556703
219.0 0.6353254069664506
220.0 0.6233070619506844
220.99999999999997 0.636428427574988
222.0 0.6317139410029003
223.0 0.6257865220985703
224.0 0.6336615891841924
225.0 0.634448362374387
226.0 0.6349100148202762
226.99999999999997 0.6371160560373513
228.0 0.6389314314162201
229.0 0.6384177216291969
230.0 0.6383301709842137
231.0 0.634697882084208
232.0 0.6390413431399207
233.0 0.6279224037949434
233.99999999999997 0.6358660922590038
235.0 0.6371573463826156
236.0 0.6366363014118985
237.00000000000003 0.6381758926307098
238.0 0.6334672031000446
239.00000000000003 0.6315862826272759
240.0 0.6362224474079907
241.0 0.6356107755077562
242.0 0.642013334610736
242.99999999999997 0.6366455302655019
244.0 0.6375703732995478
244.99999999999997 0.6418930114188012
245.99999999999997 0.6364600175073128
247.0 0.6324486568519525
248.0 0.6325466189651602
249.00000000000003 0.6283721066303306
250.0 0.627040389248429
251.0 0.6163892549184072
252.0 0.6219279016544391
253.00000000000003 0.6302738500395596
254.0 0.6314763709035729
