1.0 0.8555555549802255
2.0 0.8931260843984439
3.0 0.899786050654495
4.0 0.8972834023409076
5.0 0.9026141752400325
6.0 0.874277155216743
7.0 0.9002644310269984
8.0 0.9004617295063648
9.0 0.9069914250212069
10.0 0.8988079676646908
11.0 0.8916749516118131
12.0 0.8971364591710974
13.0 0.9078693471046722
14.0 0.9061113041446104
15.0 0.9095801110397204
16.0 0.9023233651849483
17.0 0.908664993620826
18.0 0.9094667927060482
19.0 0.9000371085065815
20.0 0.9059399372432558
21.0 0.9072831125676973
22.0 0.898738163671631
23.0 0.9058356864206656
24.0 0.9002688815644833
25.0 0.9116921187173127
26.0 0.9050920972456499
27.0 0.9056397621942494
28.0 0.9100383568756375
29.0 0.9020071177666015
30.0 0.8954606917783439
31.0 0.9018867945746691
32.0 0.9044179565360486
33.0 0.9157848774485844
34.0 0.9137539375214677
35.0 0.9153330867581596
36.0 0.9250954210707427
37.0 0.916846252184208
38.0 0.915878225134988
39.0 0.9119131247793393
40.0 0.9148006418897099
41.0 0.9188321144262378
42.0 0.9165924735752321
43.0 0.9184761148048926
44.0 0.9099180336837107
45.0 0.9050624009832331
46.0 0.9082391900064248
47.0 0.9110877820007734
48.0 0.910789278687551
49.00000000000001 0.9062352255848314
50.0 0.9076024362705756
51.0 0.9040426721205187
52.0 0.9106426935921806
53.0 0.9128842281130968
54.0 0.9144176667628409
55.0 0.9161011248669292
56.0 0.9010440606718216
57.0 0.9190522934012856
58.0 0.9171817843967426
59.0 0.9040739065252014
60.0 0.9163475682922162
61.0 0.9130120806738392
62.0 0.9161990869801343
63.0 0.9288661353422448
64.0 0.9183723556502611
65.0 0.9164945114620208
66.0 0.9237176047316493
67.0 0.9239005909180664
68.0 0.9195139458471723
69.0 0.9226120575513415
70.0 0.9241262114068954
71.0 0.9222973482752638
72.0 0.9189230968833939
73.0 0.9192867872160752
74.0 0.9183025516571998
75.0 0.9199649540020222
76.0 0.916258479504967
77.0 0.9120484738662998
78.0 0.9189632046140406
79.0 0.9100518446284045
80.0 0.9167453776757873
81.0 0.907327834725142
82.0 0.9183738937925295
83.0 0.9072209992859737
84.0 0.9134854885451031
85.0 0.9187479955934355
86.0 0.9173792467654274
87.0 0.9152716896253168
88.0 0.9174949555305549
89.0 0.9194144455917009
90.0 0.9207608333409887
91.0 0.9196489394064913
92.0 0.9116477525350056
92.99999999999999 0.9180937977820964
94.0 0.9272925889618587
95.0 0.9300968143264057
96.0 0.9254456513996671
97.0 0.9212953660644708
98.00000000000001 0.9153810793852591
98.99999999999999 0.9187479955934357
100.0 0.9192690405641551
101.0 0.9204492003494449
102.0 0.9209598338519365
103.00000000000001 0.9210682074333707
104.0 0.9216382334606944
104.99999999999999 0.9242642812507478
106.0 0.9231034062596453
107.00000000000001 0.9241069266127099
108.0 0.9237521096059894
109.0 0.9242835660449367
110.0 0.9256611881989093
111.0 0.928208558669943
112.0 0.9319850699828698
113.0 0.9326931658540435
114.0 0.9324274376345698
115.0 0.9302777126577892
116.0 0.9329120598117381
116.99999999999999 0.9309339150771441
118.0 0.9255763583108187
119.0 0.9229294875843107
120.0 0.9211006244526776
121.0 0.9218503661967615
122.0 0.9193951607975075
122.99999999999999 0.9148337447620892
124.0 0.917416278211531
125.0 0.9175543480553818
126.0 0.9186766534581083
127.0 0.9210088149085385
128.0 0.9154998644349195
129.0 0.909900287031786
130.0 0.9085137915518533
131.0 0.9119890813414642
132.0 0.9107985100879462
133.0 0.9129733169003384
134.0 0.9108787255492325
135.0 0.9147531989753674
136.0 0.9129629054321113
137.0 0.916494511462018
138.0 0.9183040897994642
139.0 0.9154342673427115
140.0 0.9150451890982844
141.0 0.9124179612404021
142.0 0.914653698719895
143.0 0.9162168336320524
144.0 0.9185563302661774
145.0 0.9219988475088376
146.0 0.9240949770022097
147.0 0.9245967371787422
148.0 0.9259921059846337
149.0 0.9260426251835046
150.0 0.9243904014840982
151.0 0.9253730989007061
152.0 0.9262979419347492
153.0 0.9234551469818278
154.0 0.9239272108959437
155.0 0.9208973650425667
156.0 0.920199680639622
157.0 0.9208587954541919
158.0 0.9183395831033073
159.0 0.9159094595396692
160.0 0.916921853218692
161.0 0.9139618113583747
162.0 0.9164112197162013
163.0 0.9118568085390433
164.0 0.9114144408873427
165.0 0.9122798913965547
166.0 0.9111174782631853
167.0 0.9092974884575146
168.0 0.9141843555626725
169.0 0.9097487294351759
170.0 0.9096862606258107
171.0 0.9063684958575481
172.0 0.9002918235467571
173.0 0.909777217880756
174.0 0.9123315932100494
175.0 0.9124280171809902
176.0 0.9102385400012125
177.0 0.9149561028578368
178.0 0.9179963601794413
179.0 0.9120539153800821
180.0 0.9103585076654985
181.0 0.9047280821286195
182.0 0.8923748912008942
183.0 0.8968078736457062
184.0 0.9058173926027768
185.0 0.9129929068177562
185.99999999999997 0.913970329156696
187.0 0.910400153538412
188.0 0.9070612290142696
189.0 0.9104581718102936
190.0 0.9082674868136805
191.0 0.9124983153888039
192.0 0.9038871607479705
193.0 0.9103006532829349
194.0 0.905146519816034
195.0 0.9080263462150705
196.00000000000003 0.9110932235145549
197.00000000000003 0.9104460583104816
197.99999999999997 0.9142761651068125
199.0 0.9083857776485929
200.0 0.9080028025217243
201.0 0.9068311605347493
202.0 0.8991728406119966
203.0 0.9010302173914215
204.0 0.90566141221769
205.0 0.9041105824436706
206.00000000000003 0.8980401237410437
207.0 0.8884429028411838
208.0 0.8788382714037146
209.0 0.8737657100803561
209.99999999999997 0.8707019793482128
210.99999999999997 0.8853730753789352
212.0 0.8807350169283078
213.0 0.8879366543596228
214.00000000000003 0.8774101021206863
215.0 0.8822406529855478
216.0 0.8793727761970137
217.0 0.8793400036500654
218.0 0.8769661963267236
219.0 0.8852570110861634
220.0 0.8803361888194356
220.99999999999997 0.891545399566286
222.0 0.8861108675125251
223.0 0.8950191512136291
224.0 0.8898754292149568
225.0 0.8894450111737563
226.0 0.8828584774548538
226.99999999999997 0.893233472097178
228.0 0.8959115772283659
229.0 0.8859222784698038
230.0 0.8886894723882451
231.0 0.8825526415047368
232.0 0.875106454318052
233.0 0.8848562893073806
233.99999999999997 0.8872524577094394
235.0 0.8830081413815547
236.0 0.8808229231009386
237.00000000000003 0.8888645736782028
238.0 0.8919167806103022
239.00000000000003 0.8874572552618167
240.0 0.8877692437810057
241.0 0.8897998281804725
242.0 0.8845789670050507
242.99999999999997 0.8932527568913633
244.0 0.8933626686150649
244.99999999999997 0.8785713326394345
245.99999999999997 0.8846738528337221
247.0 0.8891912325647736
248.0 0.8842241499983311
249.00000000000003 0.8878136104107985
250.0 0.8922002554816955
251.0 0.8882039207213648
252.0 0.879654712926142
253.00000000000003 0.8823061980794514
254.0 0.8792867636943028
