1.0 1.1729744226510066
2.0 1.2209544303308733
3.0 1.2350670363723122
4.0 1.2265980440383755
5.0 1.2357485122656058
6.0 1.2218550438184939
7.0 1.236617039059352
8.0 1.2337919907583492
9.0 1.2418749316808837
10.0 1.2446614103935096
11.0 1.229945675452365
12.0 1.2352764483514895
13.0 1.2421140399224753
14.0 1.2327379512064145
15.0 1.2398131128767294
16.0 1.2418483117030032
17.0 1.2395385113312969
18.0 1.2403831389040516
19.0 1.2391347132679709
20.0 1.239646884912728
21.0 1.2405998860669225
22.0 1.2390857322113666
23.0 1.245194404974723
24.0 1.2434812506082173
25.0 1.2394509606863147
26.0 1.2448411261102716
27.0 1.2419790463631613
28.0 1.2357515885501422
29.0 1.2426366230354635
30.0 1.243068579218935
31.0 1.2437430502539675
32.0 1.2319928238891338
33.0 1.2427554080851273
34.0 1.2373741159871312
35.0 1.2429810285739564
36.0 1.2390649092749126
37.0 1.2406577404494856
38.0 1.243227471999242
39.0 1.2436297319202991
40.0 1.246796109475259
41.0 1.2506127285188289
42.0 1.2513890902407947
43.0 1.2539083025916806
44.0 1.2449865311378157
45.0 1.2527875353312234
46.0 1.2508294756816989
47.0 1.2512035774826071
48.0 1.248313339615348
49.00000000000001 1.2442606886147205
50.0 1.2478991300837967
51.0 1.243000313368144
52.0 1.2458342349951073
53.0 1.244416505110491
54.0 1.2420280274197646
55.0 1.2421155780647426
56.0 1.2429320475173529
57.0 1.2466105967170724
58.0 1.241299108612135
59.0 1.2445342462326383
60.0 1.2469550022555642
61.0 1.2481914782811505
62.0 1.249361226598214
63.0 1.2454674683778915
64.0 1.2510045769716576
65.0 1.2477683954236378
66.0 1.2481706553446956
67.0 1.2427982365726586
68.0 1.2398204480604207
69.0 1.241680545596735
70.0 1.2424657806446624
71.0 1.2406681519177138
72.0 1.234044231225062
73.0 1.2398366565700756
74.0 1.2453101137398523
75.0 1.2430818753333728
76.0 1.2442190427418114
77.0 1.2533278650961281
78.0 1.2478115794388183
79.0 1.2498348286545962
80.0 1.2424287491985526
81.0 1.252964174763448
82.0 1.2527875353312223
83.0 1.25109674204344
84.0 1.251420324645478
85.0 1.2499254555841108
86.0 1.2489709162876523
87.0 1.2457258614136728
88.0 1.2445352901601552
89.0 1.2503485384416244
90.0 1.2518418693607243
91.0 1.2568980407144152
92.0 1.249243843998001
92.99999999999999 1.2382767383144904
94.0 1.2486457955433472
95.0 1.2535149159965857
96.0 1.2576342947057382
97.0 1.2592078410861236
98.00000000000001 1.2570569334947204
98.99999999999999 1.2568209015376621
100.0 1.2553661402069392
101.0 1.2558382041210547
102.0 1.255444817525958
103.00000000000001 1.256074236078113
104.0 1.2532418525934181
104.99999999999999 1.2542052652158375
106.0 1.2556704380147887
107.00000000000001 1.2561216789924494
108.0 1.2561617867230928
109.0 1.256644262105437
110.0 1.254736721654785
111.0 1.254894076292823
112.0 1.2549727536118414
113.0 1.254077606840214
114.0 1.253339814706625
115.0 1.246563153802736
116.0 1.240705347253142
116.99999999999999 1.248222712685834
118.0 1.2509883684620051
119.0 1.2531527638061708
120.0 1.2573716427707988
121.0 1.2515792174257847
122.0 1.2529464281115301
122.99999999999999 1.2390640610876043
124.0 1.2523733257996716
125.0 1.2545674174062516
126.0 1.2503574117675862
127.0 1.2545257715333422
128.0 1.257078086756609
129.0 1.252297011163107
130.0 1.2517745919394385
131.0 1.2491518146190368
132.0 1.2500188032705188
133.0 1.2523702495151379
134.0 1.2521045212956647
135.0 1.2509644692410196
136.0 1.2513474443678863
137.0 1.2585487262715538
138.0 1.248770377634435
139.0 1.2416009387880131
140.0 1.2522598158276805
141.0 1.254865562645034
142.0 1.2494264161644728
143.0 1.2498599104902148
144.0 1.252043590628567
145.0 1.2539140996331095
146.0 1.2525067812167223
147.0 1.2530694720603528
148.0 1.2522915721961194
149.0 1.255645000651535
150.0 1.2542376822351458
151.0 1.254778012000054
152.0 1.2549457781063198
153.0 1.254473714192203
154.0 1.2575108952292735
155.0 1.2526922939749079
156.0 1.2572659899462562
157.0 1.2549828095524296
158.0 1.253223750413857
159.0 1.253379566909627
160.0 1.2507134113889316
161.0 1.247361521075783
162.0 1.2474787679831778
163.0 1.2495452012141346
164.0 1.2537536687105342
165.0 1.2515908115086365
166.0 1.2507446457936113
167.0 1.2457374554965261
168.0 1.2437007185279834
169.0 1.2403681130090245
170.0 1.2330465079134272
171.0 1.2338027325520138
172.0 1.2253392069340698
173.0 1.2213621569679276
174.0 1.2248120093942783
175.0 1.2257962449531525
176.0 1.223063361723932
177.0 1.2200528006647413
178.0 1.230163605229855
179.0 1.2189200837937875
180.0 1.21943651433771
181.0 1.2234828870701462
182.0 1.2085966045361185
183.0 1.2183560173081998
184.0 1.216283624535511
185.0 1.209937381672826
185.99999999999997 1.222537702326409
187.0 1.2144620965875728
188.0 1.2083889171280524
189.0 1.2210605799169665
190.0 1.212809872888167
191.0 1.215827769131047
192.0 1.2091000892837616
193.0 1.2183060214620984
194.0 1.2155635790538424
195.0 1.2065631302809527
196.00000000000003 1.2285067671036505
197.00000000000003 1.2080120945702504
197.99999999999997 1.2142572990351934
199.0 1.2154686932251666
200.0 1.2122062220247005
201.0 1.207274632762096
202.0 1.2063578107648212
203.0 1.2097969213975213
204.0 1.210414390339179
205.0 1.2014136112408587
206.00000000000003 1.2208661938328154
207.0 1.2052262720947604
208.0 1.2075898656868613
209.0 1.2080004927038068
209.99999999999997 1.2039844149146304
210.99999999999997 1.209867905458404
212.0 1.2137712228577637
213.0 1.2053539600863263
214.00000000000003 1.215137775439437
215.0 1.210158743262498
216.0 1.2146047808582212
217.0 1.2074065752390897
218.0 1.2021930492473571
219.0 1.212045460776692
220.0 1.207874024726405
220.99999999999997 1.207364929366178
222.0 1.200579395136331
223.0 1.2105729527940488
224.0 1.201995586878677
225.0 1.205623616879524
226.0 1.206549998055838
226.99999999999997 1.2046439957474542
228.0 1.2033820823586083
229.0 1.2094194129866394
230.0 1.209055722653958
231.0 1.2072951253731214
232.0 1.2021039604601118
233.0 1.200883692944179
233.99999999999997 1.210387440035865
235.0 1.1980601827854476
236.0 1.1997791341933737
237.00000000000003 1.2094016663347231
238.0 1.2060274149428545
239.00000000000003 1.2136575767454563
240.0 1.21125135240281
241.0 1.1963204084410581
242.0 1.204945217270767
242.99999999999997 1.2154494084309821
244.0 1.1979251892261302
244.99999999999997 1.2089207290946449
245.99999999999997 1.2045741917543933
247.0 1.2019909724518787
248.0 1.2112274531818203
249.00000000000003 1.2047774511645057
250.0 1.2058893450990014
251.0 1.2069048150625619
252.0 1.2089816597617478
253.00000000000003 1.202963613927902
254.0 1.209688217490652
