1.0 1.1143454244343138
2.0 1.1524759239392706
3.0 1.1566971933353571
4.0 1.1566883200093967
5.0 1.1590204814598275
6.0 1.146166026669621
7.0 1.157291118583671
8.0 1.1583243351991495
9.0 1.161941953731769
10.0 1.162672410681667
11.0 1.1645190204652192
12.0 1.1574261121429845
13.0 1.1611408404996229
14.0 1.1587354684461668
15.0 1.1642756533244687
16.0 1.1597999194663287
17.0 1.1573802073709167
18.0 1.1632320252407613
19.0 1.1677389935035847
20.0 1.1659992191592006
21.0 1.1651723382383643
22.0 1.163527449722652
23.0 1.1663613713496155
24.0 1.1644033117000914
25.0 1.1666344347527813
26.0 1.1639891021685398
27.0 1.167679600978754
28.0 1.1730593549344823
29.0 1.1731172093170477
30.0 1.1754212126473291
31.0 1.1707391430945469
32.0 1.1697356227414837
33.0 1.1698351229969572
34.0 1.1750174145840053
35.0 1.1718768047177348
36.0 1.1750945537607598
37.0 1.1704525919386193
38.0 1.1681828992975543
39.0 1.167896348141625
40.0 1.1669803784335409
41.0 1.1697059264790688
42.0 1.1786276979329326
43.0 1.161441731697507
44.0 1.1669699669653126
45.0 1.1748110788893646
46.0 1.1788830146841798
47.0 1.167027821347878
48.0 1.1738831595707842
49.00000000000001 1.173716931606785
50.0 1.1688061652806365
51.0 1.169218836669922
52.0 1.1747397367540355
53.0 1.1716994794324325
54.0 1.176852074757063
55.0 1.1735075196276086
56.0 1.1693110017417045
57.0 1.1726442931137406
58.0 1.1770437400843192
59.0 1.174550295422124
60.0 1.1775350887926246
61.0 1.175059390782349
62.0 1.1720959423120625
63.0 1.1717901063619467
64.0 1.17169214424874
65.0 1.1675102967302202
66.0 1.1719995183411234
67.0 1.166387991327496
68.0 1.174330141649288
69.0 1.158558829013943
70.0 1.1729629309635436
71.0 1.1733740642105612
72.0 1.1683356395087907
73.0 1.1726169872827843
74.0 1.1666344347527813
75.0 1.1667871229657105
76.0 1.1705119844634513
77.0 1.1718479607445116
78.0 1.1748970913920749
79.0 1.1687571842240323
80.0 1.1578606226472352
81.0 1.1696746920743841
82.0 1.1670366946738349
83.0 1.1642444189197831
84.0 1.160083394337722
85.0 1.1632320252407622
86.0 1.163436822793138
87.0 1.1687107574882067
88.0 1.1669371944183613
89.0 1.1702759525063924
90.0 1.1633924561633346
91.0 1.1712304918028504
92.0 1.1664947188228516
92.99999999999999 1.167983795522008
94.0 1.1809656564247892
95.0 1.1792436287323251
96.0 1.1769225368541918
97.0 1.1808364599068988
98.00000000000001 1.1827856462304611
98.99999999999999 1.1855898715950084
100.0 1.1831998557620125
101.0 1.1786469827271198
102.0 1.175342535328308
103.00000000000001 1.1748704714141929
104.0 1.1700399205493321
104.99999999999999 1.1715259162847391
106.0 1.1720766575178736
107.00000000000001 1.1736799001606757
108.0 1.1762376820999378
109.0 1.179444167385542
110.0 1.1806628967592074
111.0 1.18373131220096
112.0 1.1834046533143876
113.0 1.1848208450567361
114.0 1.180691054879356
115.0 1.172557594757951
116.0 1.1728385435050688
116.99999999999999 1.172259093991527
118.0 1.1768728976935172
119.0 1.1813575048776186
120.0 1.1785563557976075
121.0 1.1774548733313381
122.0 1.1742098184573584
122.99999999999999 1.1678250060062987
124.0 1.1662514596259117
125.0 1.170854851859676
126.0 1.1714368274974947
127.0 1.1740420523510924
128.0 1.1737049819962935
129.0 1.173637000966624
130.0 1.1788928764396458
131.0 1.1781510195920184
132.0 1.178789311470132
133.0 1.1799798827236507
134.0 1.1788101344065887
135.0 1.177235049883934
136.0 1.1772959805510326
137.0 1.1773094683037946
138.0 1.1807030044898519
139.0 1.178656350267836
140.0 1.1773164454130485
141.0 1.179475046262584
142.0 1.1875760893646803
143.0 1.1870149366633183
144.0 1.1856477259775724
145.0 1.1881461153920045
146.0 1.186158359480066
147.0 1.181280365700868
148.0 1.1802189909652412
149.0 1.1829325894002745
150.0 1.178271342783947
151.0 1.1778883676570766
152.0 1.1734037604729755
153.0 1.1751435348173613
154.0 1.1765612647019759
155.0 1.1760595045254427
156.0 1.1731083359910848
157.0 1.1700503320175588
158.0 1.170394737556051
159.0 1.1709069092008104
160.0 1.166558833718293
161.0 1.1645726159486225
162.0 1.169036400196268
163.0 1.1720083916670814
164.0 1.1735433684590912
165.0 1.1738862358553164
166.0 1.1774861077360177
167.0 1.1754968136818116
168.0 1.1686295258484105
169.0 1.1722575558492598
170.0 1.1680430996731113
171.0 1.1664294455620814
172.0 1.1692344712175156
173.0 1.1695809888603386
174.0 1.175606725405516
175.0 1.1759792890641605
176.0 1.1690259887280445
177.0 1.1653443632437892
178.0 1.1659116433120094
179.0 1.162741859147083
180.0 1.1551383173223566
181.0 1.1270466041640586
182.0 1.132881295231764
183.0 1.1425650336608946
184.0 1.1410388157570377
185.0 1.1502157400728314
185.99999999999997 1.1557436450152043
187.0 1.139278054586877
188.0 1.1376763500863414
189.0 1.142728756755625
190.0 1.1416179067486456
191.0 1.1406386159420032
192.0 1.140515050029423
193.0 1.1454923801747772
194.0 1.1377686790474397
195.0 1.1403674210065378
196.00000000000003 1.1409739565162083
197.00000000000003 1.1396205916576663
197.99999999999997 1.1326950913672578
199.0 1.1367465623000614
200.0 1.1384846320660647
201.0 1.1399380191438393
202.0 1.1433644943129624
203.0 1.1415929913491423
204.0 1.1403909924488862
205.0 1.1406509236269382
206.00000000000003 1.141871521468301
207.0 1.1368963441642743
208.0 1.1459389046984794
209.0 1.125590026988106
209.99999999999997 1.1302580965388793
210.99999999999997 1.132725995446511
212.0 1.1303670501288825
213.0 1.142766832129245
214.00000000000003 1.1330712810232035
215.0 1.1435700054674187
216.0 1.1310981954786476
217.0 1.1319235382572197
218.0 1.1352117771463754
219.0 1.1254928210340904
220.0 1.109953281456641
220.99999999999997 1.1250963581544582
222.0 1.1304849854361454
223.0 1.1249702379211046
224.0 1.1263166256703885
225.0 1.1242667564767308
226.0 1.1369573485321833
226.99999999999997 1.132306513384084
228.0 1.136546215285169
229.0 1.1267636077488927
230.0 1.1297251877514791
231.0 1.143680769480311
232.0 1.1275727420178083
233.0 1.131230468281075
233.99999999999997 1.1313149426415159
235.0 1.1219658294309804
236.0 1.1361069239180028
237.00000000000003 1.1380472369156018
238.0 1.1286252434274742
239.00000000000003 1.1336413070505245
240.0 1.1400938633886153
241.0 1.1363613883800572
242.0 1.1336071602506261
242.99999999999997 1.1288271285846332
244.0 1.1322751125432924
244.99999999999997 1.134817180187648
245.99999999999997 1.1267697325689559
247.0 1.1282837225351945
248.0 1.1329884834921298
249.00000000000003 1.129111289309106
250.0 1.1360493973140768
251.0 1.1314359239375162
252.0 1.126436590787884
253.00000000000003 1.1272670699570146
254.0 1.1277884452531652
