1.0 1.6638277748213801
2.0 1.702464710416262
3.0 1.6996828461304394
4.0 1.7027824959768751
5.0 1.7045832009883597
6.0 1.6876035704475734
7.0 1.707298337565659
8.0 1.7071498562535818
9.0 1.7040428712234514
10.0 1.7105746268443223
11.0 1.708586870932384
12.0 1.7046634164496466
13.0 1.7056599319444488
14.0 1.7040116368187685
15.0 1.7119121412676508
16.0 1.7092178276268066
17.0 1.7120397996432737
18.0 1.7089817956697477
19.0 1.7009640443134706
20.0 1.7050479297187835
21.0 1.71344711805966
22.0 1.7120903188421448
23.0 1.712649933401239
24.0 1.7210402484161573
25.0 1.7075447809909445
26.0 1.716045007729566
27.0 1.71111495660923
28.0 1.7083612504435546
29.0 1.7162602167501666
30.0 1.7186799288455783
31.0 1.7169877613048479
32.0 1.710231759448097
33.0 1.7145204424057818
34.0 1.7135955993717389
35.0 1.716485837238998
36.0 1.699791219711875
37.0 1.7054397781716109
38.0 1.70589255729154
39.0 1.7050078219881386
40.0 1.7128473957699224
41.0 1.706945058701206
42.0 1.7125415598198048
43.0 1.7110081211700623
44.0 1.7173809840106264
45.0 1.7142354293921218
46.0 1.707041482672146
47.0 1.7095888531431789
48.0 1.7123737937135401
49.00000000000001 1.7100832781360176
50.0 1.707553654316906
51.0 1.7043135441951616
52.0 1.711195172070517
53.0 1.7077719396220437
54.0 1.7082914464504946
55.0 1.7177639591374942
56.0 1.7102286831635618
57.0 1.7146079930507627
58.0 1.719211385284525
59.0 1.7155208864743103
60.0 1.7174106802730424
61.0 1.717067812876816
62.0 1.7159752037365044
63.0 1.7133981370030567
64.0 1.717429965067229
65.0 1.7125118635573886
66.0 1.7099115834560266
67.0 1.7125519712880328
68.0 1.7153457851843505
69.0 1.7190436191782579
70.0 1.7142531760440418
71.0 1.7141567520731023
72.0 1.713515383910452
73.0 1.7175977311734956
74.0 1.7140765366118142
75.0 1.7140996875402268
76.0 1.7142917456324163
77.0 1.7108877979781283
78.0 1.7084680858827186
79.0 1.7138509161229831
80.0 1.7094197127839639
81.0 1.7055867213414184
82.0 1.7034254022817885
83.0 1.7034207878549883
84.0 1.6987001487138305
85.0 1.7061270511063287
86.0 1.7038172507346208
87.0 1.700813666784684
88.0 1.706214601751309
89.0 1.7020728619634338
90.0 1.70589101914927
91.0 1.706600653162711
92.0 1.6985245795908461
92.99999999999999 1.7085837946478477
94.0 1.713524257236412
95.0 1.7149211641845716
96.0 1.7145262394472067
97.0 1.7138759979585965
98.00000000000001 1.7194458790993152
98.99999999999999 1.7218952874571416
100.0 1.72505279168614
101.0 1.7245896010979853
102.0 1.7253081084373856
103.00000000000001 1.7265773570099219
104.0 1.726566945541695
104.99999999999999 1.7275793392207184
106.0 1.7290148157572547
107.00000000000001 1.7275110733699257
108.0 1.7283869353473658
109.0 1.7272661680869077
110.0 1.7252383044443258
111.0 1.7265758188676554
112.0 1.72571190650071
113.0 1.7268029774987534
114.0 1.7241680563827388
115.0 1.7216280210953976
116.0 1.7261699606983079
116.99999999999999 1.7239794673400188
118.0 1.7246042714653715
119.0 1.7178781297603538
120.0 1.7171715720314487
121.0 1.716435318040125
122.0 1.7165807230676666
122.99999999999999 1.7153878758204995
124.0 1.71451582797898
125.0 1.70478799854073
126.0 1.7038141744500814
127.0 1.7078386673305617
128.0 1.7092548590729102
129.0 1.7076319241099713
130.0 1.7104029044153213
131.0 1.7163462292528755
132.0 1.7205458234233164
133.0 1.720278557061575
134.0 1.7188534919932674
135.0 1.7214112739325278
136.0 1.7234688338375257
137.0 1.7188461568095752
138.0 1.7206260388846022
139.0 1.7201221106582332
140.0 1.71911034688678
141.0 1.717332002954021
142.0 1.7158757034810324
143.0 1.7193745369639895
144.0 1.719995082190184
145.0 1.7175576234428525
146.0 1.7194057713686717
147.0 1.7226226681225039
148.0 1.720940748160683
149.0 1.7189441189227848
150.0 1.7195334297442963
151.0 1.718608586710251
152.0 1.721874464520686
153.0 1.7221995852649914
154.0 1.7240388598648515
155.0 1.721176780117741
156.0 1.721066868394038
157.0 1.7223272436406136
158.0 1.7243342843467397
159.0 1.7232328018804686
160.0 1.7208026783168309
161.0 1.719031669567763
162.0 1.7174878194497942
163.0 1.719710069176522
164.0 1.7159736655942408
165.0 1.7207729820544178
166.0 1.7195928222691275
167.0 1.715468829133174
168.0 1.7088703458037788
169.0 1.7092147513422726
170.0 1.7083978960662187
171.0 1.706570935645287
172.0 1.705842038092671
173.0 1.7008479800207017
174.0 1.6970433105876266
175.0 1.6930307673176401
176.0 1.6956062959088234
177.0 1.7008792144253824
178.0 1.7059978545884393
179.0 1.7009193221560241
180.0 1.6873170192916453
181.0 1.67394161016672
182.0 1.6732095868780545
183.0 1.6701966288934158
184.0 1.678210395730459
185.0 1.6561481402942162
185.99999999999997 1.6659804147401727
187.0 1.6682216189356585
188.0 1.6705788622217017
189.0 1.6660602998760266
190.0 1.6664980531009241
191.0 1.669392905394987
192.0 1.6678594667452447
193.0 1.6738389429907103
194.0 1.6653923117354947
195.0 1.6637291546041066
196.00000000000003 1.6615384696074949
197.00000000000003 1.65038573899026
197.99999999999997 1.6468927025487252
199.0 1.6498597492673046
200.0 1.6472140611554182
201.0 1.6497931879948933
202.0 1.6536176641859164
203.0 1.6551611839784526
204.0 1.662754314334953
205.0 1.6661598001315048
206.00000000000003 1.6604757483679247
207.0 1.6516638886377626
208.0 1.6563270037217925
209.0 1.6551676668729596
209.99999999999997 1.6511559758921663
210.99999999999997 1.6421500604032884
212.0 1.6494651826043807
213.0 1.6470326686092818
214.00000000000003 1.6608266368009197
215.0 1.6522385290918873
216.0 1.6533666315360376
217.0 1.651359590829912
218.0 1.659120487292673
219.0 1.65712385805478
220.0 1.652990991592862
220.99999999999997 1.6489117206143522
222.0 1.6471688699854345
223.0 1.6516889704733768
224.0 1.6478249085154693
225.0 1.6527117756206258
226.0 1.6588902523770457
226.99999999999997 1.6520958448212348
228.0 1.6515778761350504
229.0 1.647425724878944
230.0 1.6598760260781864
231.0 1.6537912525358174
232.0 1.6616366233590274
233.0 1.6511710017871892
233.99999999999997 1.6517425659567806
235.0 1.6446897653651886
236.0 1.6530577193013856
237.00000000000003 1.6541607399099232
238.0 1.6576152067630796
239.00000000000003 1.6552830453126461
240.0 1.6533635552514998
241.0 1.6503321712558578
242.0 1.6520750218847802
242.99999999999997 1.6495187780877845
244.0 1.6555711346108475
244.99999999999997 1.6507629448247085
245.99999999999997 1.652345364531054
247.0 1.652222650907666
248.0 1.6568364546096552
249.00000000000003 1.6579271952822643
250.0 1.6643563743631278
251.0 1.6579464800764525
252.0 1.6608575408801651
253.00000000000003 1.658338328529281
254.0 1.6562510723618686
