1.0 1.5169693395800221
2.0 1.5528961110988422
3.0 1.5562719006329806
4.0 1.560275570577005
5.0 1.5600395386199464
6.0 1.5457646331882342
7.0 1.5613994141219978
8.0 1.5625988587014754
9.0 1.5634242014800452
10.0 1.5683423029898855
11.0 1.563226739111363
12.0 1.560285982045233
13.0 1.559422069678287
14.0 1.5618105473690154
15.0 1.5664644588016488
16.0 1.5644678295637497
17.0 1.5624310925952092
18.0 1.5678316694873944
19.0 1.5701133117389527
20.0 1.5676816500330477
21.0 1.5676951377858102
22.0 1.5695641086480858
23.0 1.5694838931867996
24.0 1.5762308578282718
25.0 1.5753075529364955
26.0 1.572945695223647
27.0 1.5739700385131656
28.0 1.5732604044997252
29.0 1.5718353394314182
30.0 1.56926714602393
31.0 1.572484042777761
32.0 1.5744019946966399
33.0 1.57594584481461
34.0 1.574186785676039
35.0 1.5638145117906073
36.0 1.5677707388202955
37.0 1.5698846149655872
38.0 1.5708406924043155
39.0 1.5701325965331416
40.0 1.568361587784074
41.0 1.571125705417978
42.0 1.5686658855919235
43.0 1.5723266881397224
44.0 1.5714107184316388
45.0 1.5741748360655425
46.0 1.5719036052822106
47.0 1.5712502875090655
48.0 1.57153837680726
49.00000000000001 1.574202994185691
50.0 1.5695818553000072
51.0 1.5738809497259212
52.0 1.577431840550017
53.0 1.5709000849291468
54.0 1.5720401369837933
55.0 1.5778341004710739
56.0 1.57095793931171
57.0 1.5692760193498896
58.0 1.5785911773988517
59.0 1.569353158526642
60.0 1.5708688505244637
61.0 1.5684105688406766
62.0 1.5721693335016829
63.0 1.5703300589018228
64.0 1.5684907843019626
65.0 1.5723652577280973
66.0 1.5726270573738435
67.0 1.5742743363210163
68.0 1.575718686183512
69.0 1.576278300742607
70.0 1.5768691497063874
71.0 1.5779706321726565
72.0 1.5767399531884962
73.0 1.5752539574530897
74.0 1.576544028962081
75.0 1.5735527526970796
76.0 1.5771676504728112
77.0 1.581720523507703
78.0 1.568698658138873
79.0 1.5755050153051766
80.0 1.5773140716788647
81.0 1.5775699103938678
82.0 1.5746974191785292
83.0 1.5702988244971423
84.0 1.5694599939658092
85.0 1.574982432192192
86.0 1.566887541659166
87.0 1.5646518041796724
88.0 1.5748162042281946
89.0 1.5738423801375472
90.0 1.5703019007816774
91.0 1.5732307082373111
92.0 1.5696397378790716
92.99999999999999 1.5565168341124997
94.0 1.5665030283900254
95.0 1.567545118331465
96.0 1.5609836664481773
97.0 1.5554233444864949
98.00000000000001 1.5561858881302666
98.99999999999999 1.5592172721259108
100.0 1.5632876697784603
101.0 1.5637597336925766
102.0 1.5651759254349236
103.00000000000001 1.5664525091911534
104.0 1.565391134455526
104.99999999999999 1.5687059933225653
106.0 1.5686778352024158
107.00000000000001 1.565667274143227
108.0 1.565802267702543
109.0 1.5647304814986867
110.0 1.5645538420664606
111.0 1.561832908447735
112.0 1.5603172164499148
113.0 1.5616354460790554
114.0 1.5632371505795903
115.0 1.561537483965848
116.0 1.5585759039632614
116.99999999999999 1.5580251627301254
118.0 1.5586144735516354
119.0 1.5611795906745902
120.0 1.562713029324335
121.0 1.56541349553425
122.0 1.572899790451578
122.99999999999999 1.573111565113206
124.0 1.5745281149299937
125.0 1.5737517532080292
126.0 1.5720119788636446
127.0 1.5742758744632834
128.0 1.5729175371035007
129.0 1.5692790956344227
130.0 1.5705572175329205
131.0 1.573045195479123
132.0 1.5737043102936932
133.0 1.5739804499813943
134.0 1.577127542742167
135.0 1.573970038513167
136.0 1.5750803943053977
137.0 1.579143456774254
138.0 1.5785421963422468
139.0 1.570690672949969
140.0 1.5624087315164872
141.0 1.5643787407765057
142.0 1.5754055150497022
143.0 1.5787693549733453
144.0 1.5789741525257184
145.0 1.578148809747151
146.0 1.583017930200387
147.0 1.5819654287907217
148.0 1.5839323617662042
149.0 1.5846597424315652
150.0 1.5823661505695112
151.0 1.5858190792804014
152.0 1.586173896287122
153.0 1.5804007557362973
154.0 1.5805388255801467
155.0 1.5798692992973489
156.0 1.5790335450505526
157.0 1.5806560724875418
158.0 1.5799776728787838
159.0 1.583862557773146
160.0 1.5827417905126877
161.0 1.577440713875979
162.0 1.5791122223695713
163.0 1.578935582937345
164.0 1.5793972353832342
165.0 1.5795754129577275
166.0 1.577381321351146
167.0 1.5738304305270505
168.0 1.5695521590375932
169.0 1.5692166268250596
170.0 1.561309611732671
171.0 1.548613475760704
172.0 1.551878059065505
173.0 1.5603731771625708
174.0 1.5568654703536535
175.0 1.5597884807678593
176.0 1.5525397559498582
177.0 1.556472083758555
178.0 1.5524595404885708
179.0 1.5476706354966177
180.0 1.549802258293833
181.0 1.5324839707822204
182.0 1.5181408915225392
183.0 1.5207543795637304
184.0 1.5373155862993548
185.0 1.532279221703608
185.99999999999997 1.5187139502853386
187.0 1.519808427893348
188.0 1.5179339903150768
189.0 1.5255739029350497
190.0 1.5090574629824158
191.0 1.5190583558238293
192.0 1.5225587274490533
193.0 1.513286753415271
194.0 1.517351354026395
195.0 1.5346931367575944
196.00000000000003 1.5145933889615593
197.00000000000003 1.5287636577472388
197.99999999999997 1.5186791428345723
199.0 1.51917782672657
200.0 1.5186834017337298
201.0 1.5189040774703244
202.0 1.520053002850933
203.0 1.5209720488435452
204.0 1.5220248805786483
205.0 1.51540216770283
206.00000000000003 1.5116440888948992
207.0 1.5085076530786028
208.0 1.4949058577723529
209.0 1.496480258175208
209.99999999999997 1.4990054709335665
210.99999999999997 1.5137598335078948
212.0 1.5126696147990446
213.0 1.501667592036025
214.00000000000003 1.506341474115925
215.0 1.5114554998521803
216.0 1.4990833540082011
217.0 1.50588954728519
218.0 1.4951390765890111
219.0 1.5072988980585962
220.0 1.4998547709779342
220.99999999999997 1.4906169159950444
222.0 1.5028752215415915
223.0 1.5029093405924852
224.0 1.493639593100846
225.0 1.4865970400881607
226.0 1.485538386109425
226.99999999999997 1.4895598027053687
228.0 1.4867736795203896
229.0 1.4912775714986795
230.0 1.490787760932644
231.0 1.4927442824398942
232.0 1.4872353319662748
233.0 1.4891428724169267
233.99999999999997 1.4947127535576468
235.0 1.4936186062750658
236.0 1.4961258690154553
237.00000000000003 1.4793618030229223
238.0 1.4908456153152037
239.00000000000003 1.4924369083475102
240.0 1.4894679931612334
241.0 1.5023683527235088
242.0 1.4941369027398903
242.99999999999997 1.482373874475372
244.0 1.4892286907345182
244.99999999999997 1.4921184343870273
245.99999999999997 1.4913222936561241
247.0 1.4930886879783865
248.0 1.4989437460220898
249.00000000000003 1.4912246315725475
250.0 1.4893121528636533
251.0 1.4957473271182584
252.0 1.490758290999044
253.00000000000003 1.489471561113724
254.0 1.5022611592099033
