1.0 0.9807283549306747
2.0 1.0090977052844674
3.0 1.0047091917458724
4.0 1.012029258699205
5.0 1.0125622532804195
6.0 1.0089985605566392
7.0 1.0152388202693432
8.0 1.0080641583435543
9.0 1.0185864516833332
10.0 1.0099716987942071
11.0 1.0146505256263414
12.0 1.0052507041254068
13.0 1.0146020665334958
14.0 1.0101143830648585
15.0 1.0192856742285459
16.0 1.0218982342658343
17.0 1.0211234106861355
18.0 1.0136074195063904
19.0 1.0170499367490533
20.0 1.0184260207607607
21.0 1.0150563837956887
22.0 1.0172786335224178
23.0 1.016668499764451
24.0 1.0226865455982963
25.0 1.0190585155974468
26.0 1.0175354884159324
27.0 1.0215777279483331
28.0 1.0243314341140106
29.0 1.0278422172074624
30.0 1.0263874558767394
31.0 1.0264854179899465
32.0 1.029585067836382
33.0 1.0294558713184903
34.0 1.0272336215917632
35.0 1.0224254318056238
36.0 1.0185984012938274
37.0 1.0256006826865478
38.0 1.023930712335219
39.0 1.0203397137804804
40.0 1.021383341864183
41.0 1.0151470107252039
42.0 1.0196316179093072
43.0 1.0217366207286387
44.0 1.0215584431541433
45.0 1.0171332284948746
46.0 1.0196019216468892
47.0 1.0208102395523269
48.0 1.0224832861881885
49.00000000000001 1.0242334720008002
50.0 1.029978454431479
51.0 1.0209305627442558
52.0 1.0285132816325275
53.0 1.027362818109653
54.0 1.0364284564487933
55.0 1.0306167463095934
56.0 1.0248524790847287
57.0 1.0249816756026184
58.0 1.0258471261118323
59.0 1.0279007296940967
60.0 1.0313352536489953
61.0 1.0349632836498435
62.0 1.0371188056680478
63.0 1.034256725920936
64.0 1.0374142301499372
65.0 1.0305588919270272
66.0 1.0330903842138408
67.0 1.0344526501473514
68.0 1.0305187841963848
69.0 1.0309611518480861
70.0 1.030745942827482
71.0 1.027420672492217
72.0 1.0311867723369155
73.0 1.0367447038671393
74.0 1.0268803427273088
75.0 1.0293666745874297
76.0 1.0197712258954217
77.0 1.0326045022215284
78.0 1.0291619849788696
79.0 1.0277176351163728
80.0 1.0254612385897464
81.0 1.0308543164089168
82.0 1.0294678209289845
83.0 1.0303911258207625
84.0 1.0250588147793702
85.0 1.0311482027485404
86.0 1.029326674800602
87.0 1.025793694517744
88.0 1.025284435268201
89.0 1.0261410124514523
90.0 1.026338474820135
91.0 1.0304593916715545
92.0 1.0293563775570118
92.99999999999999 1.0305720800976548
94.0 1.0383672313041286
95.0 1.038298965453337
96.0 1.0386923520484328
97.0 1.0360825127680318
98.00000000000001 1.037029716880799
98.99999999999999 1.041790463752601
100.0 1.0409146017751616
101.0 1.0392608399334888
102.0 1.037607078091816
103.00000000000001 1.0342046685797976
104.0 1.0328077616316378
104.99999999999999 1.0336539273466632
106.0 1.033172990106587
107.00000000000001 1.0348252138059923
108.0 1.033124009049983
109.0 1.033919655566137
110.0 1.0327306224548864
111.0 1.0335960729640985
112.0 1.0332813636880223
113.0 1.0323773435904333
114.0 1.031777621300695
115.0 1.0321798812217509
116.0 1.0278864303891355
116.99999999999999 1.032719358697468
118.0 1.0340978331406305
119.0 1.0344437768213908
120.0 1.0359668040029073
121.0 1.0367431657248742
122.0 1.0392712514017193
122.99999999999999 1.0344584471887774
124.0 1.0390321431601255
125.0 1.0384918133952183
126.0 1.0375669703611752
127.0 1.0336049462900603
128.0 1.0351696193444868
129.0 1.0328463312200147
130.0 1.0279297678524424
131.0 1.0316989439816753
132.0 1.0314733234928435
133.0 1.0317182287758613
134.0 1.0357218987198866
135.0 1.0361152853149829
136.0 1.03650867191008
137.0 1.0390664538493415
138.0 1.0343057069775397
139.0 1.0367545933716107
140.0 1.0345267130395703
141.0 1.036809893433397
142.0 1.0327379576385805
143.0 1.032669691787788
144.0 1.0340561872677192
145.0 1.0345297893241026
146.0 1.036171601555279
147.0 1.0372345144331752
148.0 1.0369495014195123
149.0 1.0373236032204216
150.0 1.03383056677889
151.0 1.0337430161339103
152.0 1.0333303447446265
153.0 1.0333777876589632
154.0 1.0342432381681745
155.0 1.0349617455075766
156.0 1.0330943127875691
157.0 1.0355228982089397
158.0 1.0368916470369505
159.0 1.0401648600310796
160.0 1.039447890833944
161.0 1.0417889256103368
162.0 1.0388778648066221
163.0 1.0359965002653222
164.0 1.0330453317309658
165.0 1.0292881052122256
166.0 1.028254888596746
167.0 1.0291396239001465
168.0 1.033024508794509
169.0 1.0323060014551066
170.0 1.0254298402957438
171.0 1.0248656113098473
172.0 1.0239784855749883
173.0 1.0214647399400953
174.0 1.0154050482333417
175.0 1.0179138491159991
176.0 1.0132036214430706
177.0 1.0149136995250392
178.0 1.0196759845391081
179.0 1.0209139987069602
180.0 1.0151674781340163
181.0 1.0026875179096488
182.0 1.0023370569320824
183.0 1.0162260368701024
184.0 1.0151253384938503
185.0 1.0157598374910592
185.99999999999997 1.01886377398566
187.0 1.0208781498754789
188.0 1.0176018605968147
189.0 1.0123632527694733
190.0 1.0138229588524308
191.0 1.008000151391922
192.0 1.0202842246271653
193.0 1.0115911499466639
194.0 1.01260200548342
195.0 1.0070471502377327
196.00000000000003 1.0104167872027991
197.00000000000003 1.005687274735679
197.99999999999997 1.0143136217076543
199.0 1.0106115288145896
200.0 1.0083773294773675
201.0 0.9991971649877204
202.0 1.0143032102394276
203.0 1.0040720824823839
204.0 0.9948079378470449
205.0 1.0043306394074842
206.00000000000003 0.9943072215980286
207.0 0.99727493122974
208.0 0.9987313082736787
209.0 1.0025401819749071
209.99999999999997 1.0057289206085909
210.99999999999997 1.0008702116235835
212.0 1.001253186750454
213.0 0.995821375453583
214.00000000000003 1.0030137840312916
215.0 1.002800113152955
216.0 1.0067116180252
217.0 0.9990949439753531
218.0 0.9993919065995109
219.0 0.9953288441306575
220.0 0.9919160231504086
220.99999999999997 1.0030793291251938
222.0 1.0041287542503226
223.0 1.0046081533481348
224.0 0.9924413270202883
225.0 0.9927382896444461
226.0 0.9971708394874089
226.99999999999997 0.9985781579037956
228.0 0.9995253620165633
229.0 1.0050937050150108
230.0 0.9982055942451517
231.0 1.0028001131529565
232.0 0.99987284383959
233.0 0.9953080211942007
233.99999999999997 0.999039810349684
235.0 0.9961599839506537
236.0 1.0001131346958032
237.00000000000003 0.9912522939090385
238.0 0.996771655850888
239.00000000000003 0.9946651148892864
240.0 0.9928763594882981
241.0 0.9982665249122515
242.0 0.999565469747203
242.99999999999997 0.9960708951634056
244.0 1.0062009845227071
244.99999999999997 0.99420192430113
245.99999999999997 0.9939851771382598
247.0 0.9971530928354891
248.0 0.9922959219927481
249.00000000000003 0.9942509053577331
250.0 0.9908928624755158
251.0 0.9983525374149645
252.0 0.9952737105049876
253.00000000000003 0.9990563743869807
254.0 0.9994243236188202
