1.0 2.250236570680211
2.0 2.2857987440791523
3.0 2.2853355534909974
4.0 2.2874613792467855
5.0 2.2882658990888998
6.0 2.282390867851142
7.0 2.2854142308100176
8.0 2.288199171380376
9.0 2.2876869997356173
10.0 2.2868898150771955
11.0 2.284646742414012
12.0 2.2824349041555103
13.0 2.2827496134315863
14.0 2.289426774080003
15.0 2.287952727955089
16.0 2.285138091122316
17.0 2.289860268405741
18.0 2.289269419441963
19.0 2.291720365942058
20.0 2.290529794688539
21.0 2.2920335370758664
22.0 2.291356675609375
23.0 2.287891797287992
24.0 2.285335553490997
25.0 2.2926347975078722
26.0 2.2901171232992543
27.0 2.2864875551561394
28.0 2.2875088221611226
29.0 2.289517401009515
30.0 2.2913061564105064
31.0 2.288414380400978
32.0 2.2923690692883993
33.0 2.29065899120643
34.0 2.289230849853588
35.0 2.2902328320643823
36.0 2.289250134647775
37.0 2.291001858602654
38.0 2.2907939847657457
39.0 2.289711787093663
40.0 2.29089348502122
41.0 2.293047468897157
42.0 2.2897831292289887
43.0 2.2954286114041915
44.0 2.293372589641462
45.0 2.291454637722584
46.0 2.288130905529583
47.0 2.2893055985988817
48.0 2.291375960403564
49.00000000000001 2.294720515533018
50.0 2.2979462856128103
51.0 2.2935388176054596
52.0 2.2925368353946642
53.0 2.2904422440435583
54.0 2.2923690692883976
55.0 2.2896523945688316
56.0 2.295624535630607
57.0 2.2901556928876317
58.0 2.289438723690497
59.0 2.2896010230807704
60.0 2.294425091051129
61.0 2.2926124364291507
62.0 2.2902864275477897
63.0 2.2913566756093755
64.0 2.288328367898264
65.0 2.289202691733437
66.0 2.291986094161529
67.0 2.291858435785907
68.0 2.294771034731888
69.0 2.290715307446726
70.0 2.286840834020592
71.0 2.2904823517742017
72.0 2.29317512727278
73.0 2.297768108038317
74.0 2.2876661767991604
75.0 2.292351322636479
76.0 2.2937451533001028
77.0 2.287470252572745
78.0 2.2839756779889453
79.0 2.289094318152004
80.0 2.2861801810637528
81.0 2.291748524062205
82.0 2.2852271799095636
83.0 2.2837010764435117
84.0 2.279835476343336
85.0 2.2806341991440253
86.0 2.2823755116306796
87.0 2.287471790715014
88.0 2.27761322661661
89.0 2.2861431496176454
90.0 2.2861238648234576
91.0 2.2841345707692513
92.0 2.2785534258711158
92.99999999999999 2.2804817892582228
94.0 2.2865044495188678
95.0 2.2899404838670288
96.0 2.287540056565804
97.0 2.291188909503108
98.00000000000001 2.292832259876554
98.99999999999999 2.294741338469471
100.0 2.2957359854965738
101.0 2.294417755867434
102.0 2.293896710896715
103.00000000000001 2.29539157995808
104.0 2.298696027356893
104.99999999999999 2.294917977901698
106.0 2.2953692188793595
107.00000000000001 2.2943745718522566
108.0 2.290942466077823
109.0 2.2934231088403316
110.0 2.2940629388607148
111.0 2.2994723890788595
112.0 2.302983172172313
113.0 2.299019609958932
114.0 2.29689532234541
115.0 2.29948126240482
116.0 2.293501786159352
116.99999999999999 2.295167827936953
118.0 2.2953395226169446
119.0 2.288414380400979
120.0 2.2891328877403794
121.0 2.2994129965540275
122.0 2.2988310209162077
122.99999999999999 2.2976909688615623
124.0 2.298378241796281
125.0 2.297768108038316
126.0 2.2976508611309208
127.0 2.294592857157394
128.0 2.2847759389319
129.0 2.292918272379265
130.0 2.295652693750753
131.0 2.2958397446512073
132.0 2.292306600479032
133.0 2.294551211284482
134.0 2.292606639387723
135.0 2.2907345922409132
136.0 2.2921731450619838
137.0 2.2897800529444554
138.0 2.292605101245457
139.0 2.2896836289735147
140.0 2.281887569532342
141.0 2.2860555989726667
142.0 2.2825031700063034
143.0 2.282366638304719
144.0 2.289584128718041
145.0 2.2936190330667476
146.0 2.291888132048324
147.0 2.2875400565658057
148.0 2.2890052293647574
149.0 2.2881486521815035
150.0 2.2868809417512352
151.0 2.2909127698154084
152.0 2.291669846743184
153.0 2.2918970053742838
154.0 2.2911191055100493
155.0 2.288543576918868
156.0 2.2859576368594596
157.0 2.289052672279095
158.0 2.2906053957230252
159.0 2.290734592240916
160.0 2.2888239755057307
161.0 2.287373828601809
162.0 2.294021292987806
163.0 2.296185688331971
164.0 2.2960283336939318
165.0 2.290216623554732
166.0 2.2886712352944936
167.0 2.294730927001247
168.0 2.2909929852766964
169.0 2.2887587859394714
170.0 2.289634647916913
171.0 2.2853918697312947
172.0 2.288659285683996
173.0 2.2865766439433863
174.0 2.284200446188585
175.0 2.288218456174564
176.0 2.2844685648395173
177.0 2.2810067628026682
178.0 2.2856606742353014
179.0 2.285207895115375
180.0 2.279866710748021
181.0 2.2782545947792565
182.0 2.253748533841491
183.0 2.250483292432626
184.0 2.2596415033695
185.0 2.2545233851702
185.99999999999997 2.2541299985751015
187.0 2.255766013764854
188.0 2.2575508405921187
189.0 2.261815294003382
190.0 2.2616178316347
191.0 2.2618465284080655
192.0 2.2630845425759185
193.0 2.263460182519094
194.0 2.2621018451593105
195.0 2.256837799968709
196.00000000000003 2.2567517874659972
197.00000000000003 2.2629865804627123
197.99999999999997 2.265712128508239
199.0 2.268485119468103
200.0 2.268041213674133
201.0 2.2680323403481717
202.0 2.2679640744973817
203.0 2.266647383010508
204.0 2.261528742847452
205.0 2.2556857983035674
206.00000000000003 2.2519019518069476
207.0 2.2488601563430746
208.0 2.241966742746547
209.0 2.2464938480927477
209.99999999999997 2.247725901329857
210.99999999999997 2.246486349019735
212.0 2.254762493411793
213.0 2.2586577897743823
214.00000000000003 2.2569966927490164
215.0 2.2519335165370666
216.0 2.247797243465182
217.0 2.2487374427196882
218.0 2.250501968574253
219.0 2.248855541916273
220.0 2.2482751044207214
220.99999999999997 2.2514213448923055
222.0 2.251031364907175
223.0 2.251872585869965
224.0 2.253482833371027
225.0 2.2547536200858325
226.0 2.2570649585998077
226.99999999999997 2.256110419303347
228.0 2.254556157717149
229.0 2.2536995805338953
230.0 2.2522344077349445
231.0 2.251890002196454
232.0 2.2569076039617686
233.0 2.2612676290547813
233.99999999999997 2.257152509244787
235.0 2.250286759553652
236.0 2.252932092137893
237.00000000000003 2.2502184937028606
238.0 2.2496677524697266
239.00000000000003 2.2560332801265965
240.0 2.255969273174963
241.0 2.2494598786328144
242.0 2.2481505223296367
242.99999999999997 2.246584311132942
244.0 2.2488779029949972
244.99999999999997 2.246573899664715
245.99999999999997 2.2484251238750694
247.0 2.253689169065669
248.0 2.2531889470314055
249.00000000000003 2.2540439860723898
250.0 2.2514075268141096
251.0 2.24409361242985
252.0 2.242755576042761
253.00000000000003 2.2375691919926717
254.0 2.2402989989373565
