1.0 1.2083857155654467
2.0 1.2553667800817618
3.0 1.2557313227036344
4.0 1.2594475892025387
5.0 1.2607921084841256
6.0 1.2306293041605378
7.0 1.2610755833555196
8.0 1.262819972126709
9.0 1.2576346042551267
10.0 1.2633780485435355
11.0 1.2632415168419546
12.0 1.2375402979728756
13.0 1.2708257738724902
14.0 1.261291478229199
15.0 1.2658691027742734
16.0 1.2678240861392618
17.0 1.2637255303665647
18.0 1.2731371123864659
19.0 1.2719777755376291
20.0 1.270551172327056
21.0 1.2606644501085038
22.0 1.2706001533836604
23.0 1.269283461896784
24.0 1.2678938901323198
25.0 1.270748634695738
26.0 1.269500209059658
27.0 1.2646295504641523
28.0 1.2728150679266956
29.0 1.2764253512756232
30.0 1.2775950995926844
31.0 1.2773960990817355
32.0 1.2706313877883413
33.0 1.2665524471352643
34.0 1.2731401886710012
35.0 1.266508410830896
36.0 1.2684951505643267
37.0 1.2732277393159799
38.0 1.2753520269295027
39.0 1.2767103642892856
40.0 1.272135130175669
41.0 1.275037317653424
42.0 1.2751159949724433
43.0 1.2802107359145107
44.0 1.27764408064929
45.0 1.2784219805135228
46.0 1.2697065447542983
47.0 1.276241021132061
48.0 1.2789039339321082
49.00000000000001 1.2725196434448065
50.0 1.274488114562557
51.0 1.2687817017202558
52.0 1.2781562522940482
53.0 1.2757454135245978
54.0 1.2757350020563718
55.0 1.2750357795111578
56.0 1.27257749782737
57.0 1.2774466182806081
58.0 1.2850011790487277
59.0 1.2869696501664798
60.0 1.2793244624688445
61.0 1.280296748417224
62.0 1.2793645701994862
63.0 1.2801127738013027
64.0 1.2831530311229074
65.0 1.2805358566588152
66.0 1.2751709369597903
67.0 1.2820322638624495
68.0 1.2788658863074878
69.0 1.279376519809981
70.0 1.2794343741925456
71.0 1.2791582345048442
72.0 1.2796006021565447
73.0 1.2774362068123808
74.0 1.2747418931715344
75.0 1.279522196670657
76.0 1.2812944717288604
77.0 1.283616221711062
78.0 1.284793305211819
79.0 1.2798975647806994
80.0 1.2783047336061253
81.0 1.280617610262369
82.0 1.2764758704744936
83.0 1.2713691799219298
84.0 1.2698565642086432
85.0 1.2773100865790228
86.0 1.2742713673996857
87.0 1.2787650117990663
88.0 1.2801039004753412
89.0 1.280721369417002
90.0 1.2768364845226392
91.0 1.2664792365322404
92.0 1.2656516979548285
92.99999999999999 1.2635947467023865
94.0 1.2726635103300823
95.0 1.2762753318212792
96.0 1.2747702151810034
97.0 1.277516422273668
98.00000000000001 1.2802049388730867
98.99999999999999 1.281678984997998
100.0 1.2812647754664455
101.0 1.2785199426267306
102.0 1.2790899686540542
103.00000000000001 1.2782734992014448
104.0 1.2738675693363632
104.99999999999999 1.2753238688093542
106.0 1.27373103763478
107.00000000000001 1.2755895970288271
108.0 1.2729427263023205
109.0 1.2734356131528897
110.0 1.2699826844420001
111.0 1.26629372377405
112.0 1.267758896573002
113.0 1.2700983932071268
114.0 1.2680111370397145
115.0 1.269897002264722
116.0 1.2690195006951972
116.99999999999999 1.2713906635092567
118.0 1.2770528761578677
119.0 1.2809423754790303
120.0 1.2818213137410055
121.0 1.2804274830773823
122.0 1.279376519809983
122.99999999999999 1.2725909855801334
124.0 1.2651625450453674
125.0 1.2689448533997205
126.0 1.2727391113645672
127.0 1.2731533208961197
128.0 1.2709198074119739
129.0 1.269094872854069
130.0 1.2702067667885637
131.0 1.2750357795111567
132.0 1.2768171997284514
133.0 1.27838920796657
134.0 1.2804645145234888
135.0 1.2766124021760754
136.0 1.281462237835124
137.0 1.2847682233762043
138.0 1.2839478253498686
139.0 1.2833261282523527
140.0 1.2864436326945232
141.0 1.2866252446279873
142.0 1.284172759985625
143.0 1.2912359720454427
144.0 1.2893268934525237
145.0 1.2862496046848095
146.0 1.2860343956642073
147.0 1.2852075147433717
148.0 1.283114461534533
149.0 1.281952048401164
150.0 1.2834380441365703
151.0 1.2809975091047048
152.0 1.2820692953085586
153.0 1.2836339683629854
154.0 1.2841357285395187
155.0 1.2856410090691122
156.0 1.2871343399882116
157.0 1.2845379884605732
158.0 1.285779078912963
159.0 1.2866341179539464
160.0 1.2890627033753175
161.0 1.286997808286627
162.0 1.2887182978368241
163.0 1.2861917503022477
164.0 1.2824152389893193
165.0 1.2832212969737002
166.0 1.2826007517475058
167.0 1.2854925277570315
168.0 1.2839174432343783
169.0 1.2832583284198082
170.0 1.2771793519188672
171.0 1.2729949223305659
172.0 1.2702506114546104
173.0 1.2751260509130293
174.0 1.276340521387536
175.0 1.2775029345209066
176.0 1.267460395806584
177.0 1.2594322329820773
178.0 1.2654502788159216
179.0 1.2597928470302218
180.0 1.2652176534688302
181.0 1.265251250555967
182.0 1.2489432068515007
183.0 1.2425889988975534
184.0 1.2470208346909373
185.0 1.2480284193105458
185.99999999999997 1.2434245328620281
187.0 1.2475898163432508
188.0 1.2373972581745805
189.0 1.2412539849487942
190.0 1.2433605259103935
191.0 1.245121123191237
192.0 1.2393109511943006
193.0 1.2370887014675742
194.0 1.243203171272356
195.0 1.2393761407605564
196.00000000000003 1.237196719521363
197.00000000000003 1.2336118735356938
197.99999999999997 1.2401192079718166
199.0 1.2308764082366888
200.0 1.229951756840969
201.0 1.2340810250545926
202.0 1.2383910529124933
203.0 1.2405397339617548
204.0 1.2438617641231675
205.0 1.2301596306778793
206.00000000000003 1.236393379747071
207.0 1.2361384764384438
208.0 1.2292281972530155
209.0 1.234551219614937
209.99999999999997 1.2332866947465786
210.99999999999997 1.2335325078168002
212.0 1.2307716329035459
213.0 1.24062184563975
214.00000000000003 1.2399955033721302
215.0 1.2441194965080824
216.0 1.243580704885443
217.0 1.242761159148299
218.0 1.2408003787418862
219.0 1.2425980074688379
220.0 1.2424244443211483
220.99999999999997 1.247605197765925
222.0 1.244064718410054
223.0 1.2433863188012935
224.0 1.2447357828351198
225.0 1.2425401530862725
226.0 1.2394227565879177
226.99999999999997 1.232585165016932
228.0 1.2368931327688037
229.0 1.239706231459312
230.0 1.249077705748568
231.0 1.239784908778329
232.0 1.2443763514015995
233.0 1.2417726646902714
233.99999999999997 1.244437282068695
235.0 1.242828242384471
236.0 1.244774352423495
237.00000000000003 1.243334261460154
238.0 1.236970271945553
239.00000000000003 1.2345698446443343
240.0 1.239481627148992
241.0 1.2346112988789164
242.0 1.226918668266951
242.99999999999997 1.2311747425670052
244.0 1.2264387472053815
244.99999999999997 1.221159345794316
245.99999999999997 1.224748475881357
247.0 1.2257806763183245
248.0 1.2265524236134884
249.00000000000003 1.2345213578024827
250.0 1.2271959880224756
251.0 1.2271876089112652
252.0 1.2261207397106386
253.00000000000003 1.2205821207236078
254.0 1.211735814163916
