0.001 0.4154792009995658
0.07235714285714286 0.4154792009995658
0.1437142857142857 2.1736380733932448
0.21507142857142855 2.233712849720143
0.2864285714285714 2.2121010988012517
0.3577857142857143 2.1258049292544676
0.4291428571428571 2.044268576883431
0.5005 2.186309183517679
0.5718571428571428 2.325502835257832
0.6432142857142857 2.2383067825774723
0.7145714285714286 2.2113360208406245
0.7859285714285714 2.325534594989532
0.8572857142857142 2.1817518754792395
0.9286428571428572 1.9914449080934056
