1.0 2.274073651154617
2.0 2.295380534241463
3.0 2.3004960981199893
4.0 2.2984489496832174
5.0 2.2990012290586206
6.0 2.292341815062128
7.0 2.2975360562596694
8.0 2.3042652742492216
9.0 2.3005940602331942
10.0 2.293296354358587
11.0 2.295252875865843
12.0 2.2974380941464623
13.0 2.2979601552956894
14.0 2.3019018783941076
15.0 2.3031252221945766
16.0 2.302788151839776
17.0 2.3012130673171214
18.0 2.297397986415818
19.0 2.29996464168104
20.0 2.3013808334233876
21.0 2.3020711826426408
22.0 2.295419103829841
23.0 2.3013912448916156
24.0 2.2987459123073744
25.0 2.3032216461655164
26.0 2.304088634816995
27.0 2.2999453568868513
28.0 2.304342413425974
29.0 2.3017846314867128
30.0 2.3023176260679272
31.0 2.3053251108425825
32.0 2.3005916698017375
33.0 2.3036744252854433
34.0 2.3044774069852894
35.0 2.2974870752030654
36.0 2.2936392217548134
37.0 2.2947704004834977
38.0 2.2983035446556745
39.0 2.294800096745915
40.0 2.295805155241246
41.0 2.298077924166843
42.0 2.300654990900292
43.0 2.3014506374164476
44.0 2.2996989134615657
45.0 2.3021394484934325
46.0 2.294516621874519
47.0 2.2960114909358866
48.0 2.3036536023489886
49.00000000000001 2.2983718105064663
50.0 2.3000730152624747
51.0 2.295221641461159
52.0 2.3015975805862565
53.0 2.3000521923260187
54.0 2.3013141057148627
55.0 2.3008493769844383
56.0 2.3035853364981973
57.0 2.3061639413739123
58.0 2.3059456560687748
59.0 2.30406781188054
60.0 2.306517220238365
61.0 2.3023650689822612
62.0 2.3010927441251914
63.0 2.3036536023489873
64.0 2.3009835182545664
65.0 2.2934506327120903
66.0 2.3042236283763105
67.0 2.2981566014858634
68.0 2.297259916571967
69.0 2.299415438590174
70.0 2.299266957278094
71.0 2.303968311625064
72.0 2.3014120678280707
73.0 2.3005554906448182
74.0 2.3007128452828574
75.0 2.297455840798383
76.0 2.3005867250495027
77.0 2.303172665108912
78.0 2.2974573789406487
79.0 2.3086326345259267
80.0 2.307410828867725
81.0 2.302063847458947
82.0 2.2954815726392073
83.0 2.3058476939555685
84.0 2.3042251665185773
85.0 2.303034595265061
86.0 2.304520591000467
87.0 2.3045922634612257
88.0 2.3053933766933734
89.0 2.307165923584709
90.0 2.3092813378722696
91.0 2.3072727590238764
92.0 2.2951332385269887
92.99999999999999 2.296212359914537
94.0 2.2961391493115104
95.0 2.300261604305195
96.0 2.303443338080619
97.0 2.302148321819392
98.00000000000001 2.3003314082982556
98.99999999999999 2.303695248221899
100.0 2.3015293147354674
101.0 2.2975939106422345
102.0 2.300751414871232
103.00000000000001 2.301806992565436
104.0 2.3052094020774536
104.99999999999999 2.3062426186929326
106.0 2.304747749631565
107.00000000000001 2.3061238336432694
108.0 2.3037129948738198
109.0 2.302041486380226
110.0 2.299335223128886
111.0 2.302562531350946
112.0 2.296603878041934
113.0 2.3038317799234815
114.0 2.2956092310148306
115.0 2.2967878526578516
116.0 2.2986914645347776
116.99999999999999 2.303043468591021
118.0 2.302967867556535
119.0 2.302121701841513
120.0 2.3024942655001546
121.0 2.302719885988985
122.0 2.3047743696094467
122.99999999999999 2.3009608268504103
124.0 2.301562087282417
125.0 2.3007039719568962
126.0 2.3003803893548596
127.0 2.305031224502959
128.0 2.3071940817048553
129.0 2.3006969670986352
130.0 2.2980130649260193
131.0 2.297978423911368
132.0 2.294417121619044
133.0 2.2916603391688337
134.0 2.299934945418622
135.0 2.3030835763216624
136.0 2.3035764631722344
137.0 2.3078755575981496
138.0 2.3096820596510566
139.0 2.3031043992581175
140.0 2.2986721797405893
141.0 2.2993633812490324
142.0 2.3009978582965176
143.0 2.2943280328317974
144.0 2.2899413877609045
145.0 2.293216138897298
146.0 2.2994748311150013
147.0 2.3028996017057435
148.0 2.302002916791847
149.0 2.29618813036811
150.0 2.299081444519905
151.0 2.29394813398946
152.0 2.2933943164717885
153.0 2.2935933169827374
154.0 2.297890873266385
155.0 2.298459361151441
156.0 2.3005034333036782
157.0 2.305335522310808
158.0 2.301585630975762
159.0 2.3009592887081407
160.0 2.302838671038645
161.0 2.3030835763216615
162.0 2.303448804796612
163.0 2.2987177541872237
164.0 2.2964642700558153
165.0 2.3012605102314576
166.0 2.2993144001924306
167.0 2.301520441409505
168.0 2.305849232097835
169.0 2.3050400978289174
170.0 2.292182922281822
171.0 2.2894292161161465
172.0 2.2901862930439227
173.0 2.2911720667450655
174.0 2.2942196592503636
175.0 2.287364321027456
176.0 2.285400794661941
177.0 2.2847351969528673
178.0 2.2843433485000375
179.0 2.2843641714364944
180.0 2.2749931913619825
181.0 2.2704747954524254
182.0 2.2596161176109253
183.0 2.2615473933932475
184.0 2.263055750207376
185.0 2.2681223330292926
185.99999999999997 2.2632813706962063
187.0 2.2656015825361435
188.0 2.2640889668228565
189.0 2.25980915719113
190.0 2.2637638460785525
191.0 2.2676263698941903
192.0 2.265506696707471
193.0 2.2664909322663482
194.0 2.264284891049273
195.0 2.262928091831756
196.00000000000003 2.263930074042551
197.00000000000003 2.262401580145044
197.99999999999997 2.258092238140221
199.0 2.2659693653318715
200.0 2.263357657583771
201.0 2.265188058857672
202.0 2.2644140875671614
203.0 2.266812976726118
204.0 2.2616083240603477
205.0 2.2698042529911193
206.00000000000003 2.2557268099280896
207.0 2.24135029213657
208.0 2.242303509178389
209.0 2.2460476034720083
209.99999999999997 2.2428581789852475
210.99999999999997 2.2420990697004495
212.0 2.25651358311828
213.0 2.256311861850439
214.00000000000003 2.260355639525109
215.0 2.257591521891206
216.0 2.261093431658698
217.0 2.2615477489208926
218.0 2.2617749075519913
219.0 2.257778572791659
220.0 2.2592823151789863
220.99999999999997 2.257493559777997
222.0 2.253519586096388
223.0 2.254040631067106
224.0 2.2549091578608516
225.0 2.2534632698560895
226.0 2.2546997458816778
226.99999999999997 2.253075680302419
228.0 2.2502506320014173
229.0 2.2517397040213583
230.0 2.2524670846867187
231.0 2.251089462532749
232.0 2.2513671403627167
233.0 2.2572768126151264
233.99999999999997 2.2516120456457362
235.0 2.2581036935359626
236.0 2.2624888004645882
237.00000000000003 2.2603942091134823
238.0 2.2607386146519777
239.00000000000003 2.2569027108142174
240.0 2.2545423912436378
241.0 2.2494935550736392
242.0 2.250183904292893
242.99999999999997 2.2570720150627515
244.0 2.2571877238278795
244.99999999999997 2.2569532300130892
245.99999999999997 2.2599398918512854
247.0 2.25786458529437
248.0 2.2574654016578495
249.00000000000003 2.2585163649252493
250.0 2.263962846589503
251.0 2.2609464884888864
252.0 2.263860625577135
253.00000000000003 2.271383951940572
254.0 2.258789428328414
