1.0 1.2465187973518996
2.0 1.2888893945171602
3.0 1.292932319902637
4.0 1.2927299127817213
5.0 1.2978558881284712
6.0 1.2797901313418785
7.0 1.2977980337459067
8.0 1.2905685937220892
9.0 1.2989484972687815
10.0 1.2999134480334686
11.0 1.289836598629927
12.0 1.3003751004793562
13.0 1.3021669321648792
14.0 1.2969711528250698
15.0 1.3024118374478988
16.0 1.3042599853737185
17.0 1.297276988775188
18.0 1.3007596137484936
19.0 1.2979657998521745
20.0 1.2873605702942204
21.0 1.295271486211329
22.0 1.299687827544637
23.0 1.301901203945406
24.0 1.3042391624372631
25.0 1.3070834955324526
26.0 1.3055099491520668
27.0 1.3057668040455819
28.0 1.3021846788168001
29.0 1.3008783987981558
30.0 1.3039171179774933
31.0 1.2995200614383717
32.0 1.3039556875658693
33.0 1.2990584089924828
34.0 1.2990198394041081
35.0 1.288856977497856
36.0 1.303453927389337
37.0 1.3031704525179433
38.0 1.304595517586252
39.0 1.3021179511082772
40.0 1.3017245645131799
41.0 1.305126974025198
42.0 1.3061497791724488
43.0 1.2999149861757353
44.0 1.3027562429863906
45.0 1.307812414340083
46.0 1.3050186004437645
47.0 1.3055782150028579
48.0 1.305204113201949
49.00000000000001 1.3059982215758354
50.0 1.3086273456504243
51.0 1.3070241030076217
52.0 1.3137132132665303
53.0 1.3058825128107072
54.0 1.3099158790171486
55.0 1.307940072715705
56.0 1.3017912922217036
57.0 1.2999777853105334
58.0 1.3110871654764782
59.0 1.3033050880028207
60.0 1.3081568198785753
61.0 1.3048122647491212
62.0 1.3049993156495754
63.0 1.306523880973358
64.0 1.304959207918933
65.0 1.302677565667373
66.0 1.305217078990956
67.0 1.3052056513442172
68.0 1.3044188781540245
69.0 1.3069558371568308
70.0 1.3078124143400838
71.0 1.3085694912678607
72.0 1.30356383911304
73.0 1.2996195616938448
74.0 1.3077530218152524
75.0 1.3068878561271595
76.0 1.3104577469243244
77.0 1.3084121366298216
78.0 1.3062774375480717
79.0 1.3089628778629574
80.0 1.309954090531086
81.0 1.307969768978122
82.0 1.3105067279809295
83.0 1.3067213433420422
84.0 1.3070256411498913
85.0 1.3114315710149727
86.0 1.3105958167681753
87.0 1.3042318272535705
88.0 1.3064540769803008
89.0 1.3106046900941357
90.0 1.3045762327920634
91.0 1.3076550597020449
92.0 1.2994383078348182
92.99999999999999 1.291989730216677
94.0 1.3088633776074818
95.0 1.3086095989985038
96.0 1.3075362746523824
97.0 1.3061586524984095
98.00000000000001 1.30820580093518
98.99999999999999 1.3099367019536055
100.0 1.3096219926775288
101.0 1.3089138968063556
102.0 1.3095136190960943
103.00000000000001 1.3073893314825729
104.0 1.3052546324008238
104.99999999999999 1.3052546324008236
106.0 1.3061096714418086
107.00000000000001 1.307338812283702
108.0 1.3091291058269579
109.0 1.3087742888202372
110.0 1.3074753439852853
111.0 1.3075852557089878
112.0 1.3084611176864278
113.0 1.3068385902494373
114.0 1.3010550382303836
115.0 1.2962052025713329
116.0 1.2884574942791958
116.99999999999999 1.297391159398051
118.0 1.2994012763887106
119.0 1.302834920305411
120.0 1.3058840509529768
121.0 1.3068281787812095
122.0 1.3057860888397708
122.99999999999999 1.2988619628023121
124.0 1.3018105770158916
125.0 1.3030917751989224
126.0 1.3046757330475383
127.0 1.303574250581268
128.0 1.3039572257081369
129.0 1.3048287515859016
130.0 1.3049904145746094
131.0 1.3051744169395363
132.0 1.305076454826328
133.0 1.3040833459414924
134.0 1.304191719522929
135.0 1.3056480189959188
136.0 1.3064347921861108
137.0 1.3056391456699588
138.0 1.305422398507088
139.0 1.302350805330984
140.0 1.3035352951694503
141.0 1.3062446650011252
142.0 1.304032826742622
143.0 1.3023509067808028
144.0 1.3013281016335516
145.0 1.2989500354110497
146.0 1.3025572424754441
147.0 1.3021252862919717
148.0 1.3057251581726712
149.0 1.3058825128107103
150.0 1.3033262690137173
151.0 1.3026567427309215
152.0 1.299205352162298
153.0 1.2996685427504553
154.0 1.3052338094643692
155.0 1.2998436440404117
156.0 1.3034435159211126
157.0 1.3027635781700855
158.0 1.2876085518617753
159.0 1.2708101751800234
160.0 1.280653713383393
161.0 1.296399588655479
162.0 1.2964559048957753
163.0 1.2941638511759874
164.0 1.2930936031144011
165.0 1.2950886942100328
166.0 1.2940600920213559
167.0 1.2955372144308035
168.0 1.29638184200356
169.0 1.2921911211590813
170.0 1.2950007577416083
171.0 1.2884003646719264
172.0 1.2942601216988041
173.0 1.2982149640343486
174.0 1.293506274503685
175.0 1.2907599035217032
176.0 1.2908505304512168
177.0 1.2873960635980597
178.0 1.2885376537949735
179.0 1.280766345863984
180.0 1.276257839458893
181.0 1.2519010691648802
182.0 1.2636736488299283
183.0 1.269623249275295
184.0 1.2646861209939892
185.0 1.2693238239169686
185.99999999999997 1.2767626759199602
187.0 1.2658917181425333
188.0 1.260454109804239
189.0 1.2667201372056376
190.0 1.2629926069493098
191.0 1.276026421928638
192.0 1.2625783974177625
193.0 1.2606025911163186
194.0 1.26343651274328
195.0 1.2709019847241558
196.00000000000003 1.264104500883811
197.00000000000003 1.268825140024971
197.99999999999997 1.2677726386153023
199.0 1.271690296056615
200.0 1.2621896252494644
201.0 1.2607495342861263
202.0 1.2656009080874449
203.0 1.2617248965190413
204.0 1.2516333767481143
205.0 1.258945752990113
206.00000000000003 1.252053383321093
207.0 1.2542147023807229
208.0 1.245882899852444
209.0 1.2329411727443824
209.99999999999997 1.2255559682231025
210.99999999999997 1.2422386638887322
212.0 1.2429489837552516
213.0 1.2464491914911582
214.00000000000003 1.2386335169303666
215.0 1.2460692926488242
216.0 1.2392733469507482
217.0 1.2475054550384381
218.0 1.2457745540200136
219.0 1.2504373387786054
220.0 1.2367147127222968
220.99999999999997 1.2540677592109126
222.0 1.247252528718647
223.0 1.250499121734897
224.0 1.2436260368600698
225.0 1.2481789098949623
226.0 1.2438547336334318
226.99999999999997 1.2556146856134198
228.0 1.2499618682545222
229.0 1.2431852073506315
230.0 1.2531282458094783
231.0 1.2430783719114689
232.0 1.2447483422627952
233.0 1.2441085122424136
233.99999999999997 1.2474233711094513
235.0 1.2416471542740921
236.0 1.2444097337657236
237.00000000000003 1.243813087760523
238.0 1.2445597532200727
239.00000000000003 1.2474040863152602
240.0 1.2401241270925758
241.0 1.2398688103413258
242.0 1.2423093453731933
242.99999999999997 1.2372635854877339
244.0 1.2445003606952392
244.99999999999997 1.2381097512027548
245.99999999999997 1.249779076253228
247.0 1.2374564334296099
248.0 1.2335299026623348
249.00000000000003 1.2426965793992266
250.0 1.2452558994807519
251.0 1.2384447614515304
252.0 1.2440912598052443
253.00000000000003 1.2413037649141063
254.0 1.2350471328024304
