1.0 2.178767200083414
2.0 2.2119190566766624
3.0 2.212032375010333
4.0 2.214791547892001
5.0 2.2167496075415234
6.0 2.2066654229542872
7.0 2.219886288834066
8.0 2.2165536833151083
9.0 2.2182429384606235
10.0 2.219150034842746
11.0 2.217160740788542
12.0 2.217281063980471
13.0 2.211427707968358
14.0 2.2204860111238065
15.0 2.2216276013207215
16.0 2.2191589081687053
17.0 2.2134451601427108
18.0 2.2207077030389115
19.0 2.2193370857431987
20.0 2.2164942907902763
21.0 2.221225341399662
22.0 2.2184107045668884
23.0 2.219915985096482
24.0 2.218774394899569
25.0 2.217310760242886
26.0 2.213189843391466
27.0 2.217328506894806
28.0 2.2251487958824026
29.0 2.2267045956108666
30.0 2.2213144301869097
31.0 2.2212149299314365
32.0 2.221882918071967
33.0 2.2164422334491367
34.0 2.220347941279956
35.0 2.2164680011378297
36.0 2.216011815407934
37.0 2.2195522947638016
38.0 2.226162727703693
39.0 2.2228968498932558
40.0 2.2220105764475893
41.0 2.2187431604948866
42.0 2.2239983323595265
43.0 2.2194736174447818
44.0 2.219718522727802
45.0 2.221363411243514
46.0 2.2184419389715706
47.0 2.224580307997345
48.0 2.2193756553315747
49.00000000000001 2.218653219418449
50.0 2.220891347329398
51.0 2.2166204110236327
52.0 2.226842665454717
53.0 2.223655464963301
54.0 2.2265962220294306
55.0 2.2302169168465866
56.0 2.2231625781127295
57.0 2.218706129048778
58.0 2.223291774630621
59.0 2.218075172354356
60.0 2.2199769157635822
61.0 2.216990584250814
62.0 2.218099071575344
63.0 2.2247153015566603
64.0 2.2221991654903106
65.0 2.2227514448657124
66.0 2.2260528159799886
67.0 2.22556454355622
68.0 2.2249143020676097
69.0 2.2272152291133587
70.0 2.226723880405053
71.0 2.22660663349766
72.0 2.2256802523213475
73.0 2.2225420328865355
74.0 2.222965115744047
75.0 2.2262888479370457
76.0 2.2146727628423366
77.0 2.215478820826718
78.0 2.2197497571324822
79.0 2.2219423105967953
80.0 2.228082217764837
81.0 2.2326350907997297
82.0 2.2249216372513043
83.0 2.23035344854817
84.0 2.2277867932829487
85.0 2.2282380342606083
86.0 2.2262799746110877
87.0 2.2267520385252033
88.0 2.226980735298568
89.0 2.2283464078420447
90.0 2.229211858351259
91.0 2.224244775784814
92.0 2.2196680035289313
92.99999999999999 2.220368242252658
94.0 2.220840828130531
95.0 2.2218740447460084
96.0 2.2181089610798184
97.0 2.215036453175022
98.00000000000001 2.213837008595545
98.99999999999999 2.2195522947638056
100.0 2.2184404008293055
101.0 2.2165729681092983
102.0 2.216482341179784
103.00000000000001 2.2174873996751145
104.0 2.220123858933396
104.99999999999999 2.220426618598978
106.0 2.221921487660344
107.00000000000001 2.221351461633021
108.0 2.2237518889342445
109.0 2.219178192962897
110.0 2.2208423662727976
111.0 2.2181449763474195
112.0 2.2158737455640853
113.0 2.2169173736477923
114.0 2.2180396790505177
115.0 2.215441789380612
116.0 2.21479495450197
116.99999999999999 2.213057570589042
118.0 2.2201890484996514
119.0 2.223092774119672
120.0 2.22846365474944
121.0 2.2291034847698232
122.0 2.231621158978439
122.99999999999999 2.2317443668165797
124.0 2.2329794963382246
125.0 2.2292712508760903
126.0 2.225258707606105
127.0 2.224580307997347
128.0 2.2270771592695104
129.0 2.2222558680015467
130.0 2.2206527333025563
131.0 2.2250180612222406
132.0 2.229406244435405
133.0 2.23021537870432
134.0 2.2260350693280686
135.0 2.2288659146704988
136.0 2.2299986315414517
137.0 2.2244912192101
138.0 2.2196606683452402
139.0 2.213370741722851
140.0 2.2112063463786864
141.0 2.215201142996751
142.0 2.2139156859145595
143.0 2.221265449130307
144.0 2.2258792528322973
145.0 2.2295682135002446
146.0 2.227746685552306
147.0 2.2275611727941196
148.0 2.228169768409818
149.0 2.229024807450804
150.0 2.2263898863347897
151.0 2.229243092755939
152.0 2.225013802323085
153.0 2.2259756768032393
154.0 2.226762449993432
155.0 2.229369212989296
156.0 2.2309828671003262
157.0 2.2301856824419044
158.0 2.230774993263415
159.0 2.2314310317934516
160.0 2.225717283767457
161.0 2.2197675037844062
162.0 2.228030160423701
163.0 2.225778214434555
164.0 2.223956686486618
165.0 2.221577082121849
166.0 2.221821987404868
167.0 2.2227082608505357
168.0 2.2148420670908737
169.0 2.2169632784198594
170.0 2.2024612143570503
171.0 2.1907643918372957
172.0 2.1993987598460403
173.0 2.201464176898488
174.0 2.199139020306317
175.0 2.2042248879224218
176.0 2.206585207493001
177.0 2.204058659958425
178.0 2.2032872429886936
179.0 2.211475150882696
180.0 2.2105968984737965
181.0 2.1951917225480924
182.0 2.1852730215794782
183.0 2.1798693684027612
184.0 2.1776940673756178
185.0 2.173655234453184
185.99999999999997 2.1777479931844543
187.0 2.1796917127920246
188.0 2.1753371544150077
189.0 2.1765500867472465
190.0 2.1787242077065634
191.0 2.1823375673400247
192.0 2.186311541021633
193.0 2.186351648752276
194.0 2.1810031292012306
195.0 2.184426361649704
196.00000000000003 2.1882221577568193
197.00000000000003 2.189589368442565
197.99999999999997 2.182891384857696
199.0 2.1796313040886854
200.0 2.1819858266178374
201.0 2.180802590548015
202.0 2.1854148561077404
203.0 2.1824459409214594
204.0 2.1810876035616773
205.0 2.1821728775182945
206.00000000000003 2.1762157623515477
207.0 2.1673908878283616
208.0 2.1652396783925556
209.0 2.153359266950482
209.99999999999997 2.1574802876438346
210.99999999999997 2.164408672580451
212.0 2.1672728124335823
213.0 2.1674571425771463
214.00000000000003 2.1697669429488586
215.0 2.1639386687723574
216.0 2.1653772215934275
217.0 2.1525659508184
218.0 2.1440722069742817
219.0 2.143866201605073
220.0 2.145454415806051
220.99999999999997 2.1509865796475824
222.0 2.1552914988639262
223.0 2.1539154148522197
224.0 2.162186944817478
225.0 2.1604263475366348
226.0 2.161284462862154
226.99999999999997 2.1656356146292066
228.0 2.1640615462850623
229.0 2.1666167739035482
230.0 2.1638750173483667
231.0 2.163301915036509
232.0 2.1613037476563424
233.0 2.1620103053852495
233.99999999999997 2.1593834053060057
235.0 2.160582849885481
236.0 2.162705269031305
237.00000000000003 2.159939613255133
238.0 2.1540550228383375
239.00000000000003 2.1593071184184445
240.0 2.154616175539701
241.0 2.1562965573592554
242.0 2.1571708811944275
242.99999999999997 2.1471121339704506
244.0 2.1560354435665836
244.99999999999997 2.1580143261525615
245.99999999999997 2.1609743680128775
247.0 2.1633555105199154
248.0 2.1636528034695033
249.00000000000003 2.159795746369858
250.0 2.164955676878183
251.0 2.160628424332118
252.0 2.1553273476954087
253.00000000000003 2.1562235106455523
254.0 2.159912635202814
