1.0 1.6095583094057337
2.0 1.6378611544326225
3.0 1.6394836818696128
4.0 1.638492111127045
5.0 1.639002744629536
6.0 1.6398978914011642
7.0 1.6424660848086545
8.0 1.6427406863540868
9.0 1.642593743184277
10.0 1.6480151430129157
11.0 1.644363213791079
12.0 1.6437931877637553
13.0 1.6492932649114127
14.0 1.6455240887821787
15.0 1.6476499145379677
16.0 1.6474420407010577
17.0 1.6437546181753786
18.0 1.6403699553152804
19.0 1.6491848913299787
20.0 1.6469418186667943
21.0 1.6486237386286133
22.0 1.6509751848732335
23.0 1.6504822980226628
24.0 1.6500889114275652
25.0 1.653386023642684
26.0 1.651585318631201
27.0 1.650945488610818
28.0 1.648730574067783
29.0 1.6507777225045532
30.0 1.646321273440599
31.0 1.6474253102276475
32.0 1.6397019671747497
33.0 1.6433419467860924
34.0 1.6452703101732014
35.0 1.6451796832436854
36.0 1.6445919105644449
37.0 1.6458121780803752
38.0 1.6477879843818188
39.0 1.6486430234228044
40.0 1.643333073460135
41.0 1.639701967174749
42.0 1.6457616588815052
43.0 1.6483580104091422
44.0 1.6475816486871773
45.0 1.650405158845912
46.0 1.6391126563532388
47.0 1.640911823222453
48.0 1.6456251271799196
49.00000000000001 1.6434399088993012
50.0 1.6477864462395524
51.0 1.6386004847084805
52.0 1.646244134263849
53.0 1.6476499145379684
54.0 1.6429188639285823
55.0 1.6460852414835427
56.0 1.6491432454570676
57.0 1.6383228068785105
58.0 1.6443647519333453
59.0 1.6426114898361965
60.0 1.641940425411132
61.0 1.6378225848442456
62.0 1.6396128783875032
63.0 1.6379429080361794
64.0 1.6467161981779637
65.0 1.6431147881549955
66.0 1.6492041761241656
67.0 1.651634299687805
68.0 1.648191782445142
69.0 1.6508772227600264
70.0 1.6551466209235253
71.0 1.661008850261599
72.0 1.6556780773624717
73.0 1.6535537897489516
74.0 1.654419240258162
75.0 1.659316518831548
76.0 1.653188561274002
77.0 1.6531395802173976
78.0 1.6477598262616695
79.0 1.6474925598999293
80.0 1.6483629551613777
81.0 1.6487321122100496
82.0 1.6528441557355091
83.0 1.6515155146381408
84.0 1.6472565279428708
85.0 1.6466463941849026
86.0 1.6512810208233502
87.0 1.650898045696481
88.0 1.6539159419393639
89.0 1.6545735186116686
90.0 1.6552519182204266
91.0 1.6522741297081869
92.0 1.6502640127175279
92.99999999999999 1.645470493298774
94.0 1.6521850409209418
95.0 1.659245176696223
96.0 1.6594916201215082
97.0 1.6562747233676776
98.00000000000001 1.661706534664544
98.99999999999999 1.6630633338820606
100.0 1.6598375638022682
101.0 1.6619232818274134
102.0 1.6615788762889205
103.00000000000001 1.6591101831369055
104.0 1.6594738734695866
104.99999999999999 1.6599266525895144
106.0 1.6612344707504283
107.00000000000001 1.6625422889113397
108.0 1.6581363590462583
109.0 1.6581363590462586
110.0 1.6595822470510204
111.0 1.660947919594498
112.0 1.6615684648206923
113.0 1.6595525507886064
114.0 1.6602903429221954
115.0 1.6579581814717648
116.0 1.6481131051261217
116.99999999999999 1.646195153207242
118.0 1.6470012111916237
119.0 1.6454677725418827
120.0 1.6485658842460524
121.0 1.6538773723509899
122.0 1.6549877281432221
122.99999999999999 1.643074158460598
124.0 1.6457778673911596
125.0 1.6425150658652565
126.0 1.6454438733208934
127.0 1.648267383479627
128.0 1.6387651745302085
129.0 1.6370639697742002
130.0 1.6440469663727326
131.0 1.6434190859628444
132.0 1.6488493591174451
133.0 1.653087522876261
134.0 1.6525857626997291
135.0 1.6555161082976322
136.0 1.6521715531681793
137.0 1.6505089180005452
138.0 1.6514144762404
139.0 1.6483622693082998
140.0 1.640071454548857
141.0 1.6461623806602914
142.0 1.6425505591690956
143.0 1.6363662853712542
144.0 1.6362594499320866
145.0 1.6395118399897588
146.0 1.6392862195009288
147.0 1.6324679127241302
148.0 1.633257762198859
149.0 1.6378507429643963
150.0 1.6421706603267616
151.0 1.6448264043792298
152.0 1.6456131775694232
153.0 1.6431741806798246
154.0 1.642160248858534
155.0 1.644718030797795
156.0 1.6474123444386404
157.0 1.6427807940847285
158.0 1.6445799609539453
159.0 1.6428891676661628
160.0 1.641530830306379
161.0 1.6410780511864513
162.0 1.6375938880708794
163.0 1.639443574138967
164.0 1.6400729926911217
165.0 1.636651298384913
166.0 1.6431726425375568
167.0 1.6390027446295325
168.0 1.6351741759754674
169.0 1.6315326582218561
170.0 1.6260974125660146
171.0 1.6223657937938467
172.0 1.63043765865009
173.0 1.6275620911502173
174.0 1.6310679294914345
175.0 1.6315608163420083
176.0 1.6278197983329186
177.0 1.6172103098758097
178.0 1.6155021002615384
179.0 1.6226078104834565
180.0 1.6071633206240017
181.0 1.5890036747718477
182.0 1.5767397495254591
183.0 1.5813856790447007
184.0 1.5848940436400472
185.0 1.5766626214054336
185.99999999999997 1.5753554890975963
187.0 1.5744973737720755
188.0 1.5745309986082172
189.0 1.5683173588733903
190.0 1.5708485208347718
191.0 1.5721602675694093
192.0 1.579997450919737
193.0 1.5903273930791761
194.0 1.5924187417096347
195.0 1.592937232359576
196.00000000000003 1.590596361472504
197.00000000000003 1.6046079291162032
197.99999999999997 1.605671363957855
199.0 1.6065031896309245
200.0 1.603990982138301
201.0 1.6029755121747398
202.0 1.6016083014889972
203.0 1.6086819250170445
204.0 1.6044529649096202
205.0 1.5972216564181043
206.00000000000003 1.5973276395680847
207.0 1.5944145186583423
208.0 1.5781523037628635
209.0 1.5680727319174999
209.99999999999997 1.5766003164853872
210.99999999999997 1.578276961369539
212.0 1.577472441527425
213.0 1.5763972487136009
214.00000000000003 1.581367407564582
215.0 1.5744927845474859
216.0 1.5806915622766013
217.0 1.580047639793173
218.0 1.5862631479956988
219.0 1.5851632036716996
220.0 1.5856514760954672
220.99999999999997 1.5852580895003705
222.0 1.577767535683882
223.0 1.5749544369933743
224.0 1.5779457132583765
225.0 1.5870321745339744
226.0 1.5823412316552297
226.99999999999997 1.5766066606927813
228.0 1.580767685274842
229.0 1.5826752257254932
230.0 1.5825668521440583
231.0 1.5754724056795626
232.0 1.5860464008328286
233.0 1.579455252687129
233.99999999999997 1.583549549560668
235.0 1.578678890965164
236.0 1.5754191657237981
237.00000000000003 1.583588119149045
238.0 1.5713456917867128
239.00000000000003 1.578662682455508
240.0 1.5851319692670125
241.0 1.5693652710584718
242.0 1.5780598838812363
242.99999999999997 1.5858979195207528
244.0 1.5739493784980445
244.99999999999997 1.5858014955498114
245.99999999999997 1.5772225914921723
247.0 1.5773548642945954
248.0 1.5747738689874253
249.00000000000003 1.584760943750642
250.0 1.5665096742058633
251.0 1.5710872987509372
252.0 1.5870869526320015
253.00000000000003 1.5769198318265911
254.0 1.5774883197116496
