1.0 1.1329153423235427
2.0 1.1855358256815884
3.0 1.1855551104757782
4.0 1.1857926805751011
5.0 1.1972039681174371
6.0 1.1817514572212138
7.0 1.1926896646709215
8.0 1.1943226035761394
9.0 1.1957981878433168
10.0 1.1978734944002365
11.0 1.19664589170061
12.0 1.1921909807789244
13.0 1.1961144352616624
14.0 1.1945601736754634
15.0 1.1998226807237988
16.0 1.1945601736754656
17.0 1.1948748829515425
18.0 1.1984153623074119
19.0 1.1985341473570725
20.0 1.2012982649909776
21.0 1.198798337434279
22.0 1.201563993210449
23.0 1.205782872175077
24.0 1.2034892803130222
25.0 1.2021147344435854
26.0 1.2023893359890208
27.0 1.2018787024865276
28.0 1.2037758314689506
29.0 1.2001582129363313
30.0 1.1967245690196295
31.0 1.194664618683173
32.0 1.1919638221478277
33.0 1.1953766431280748
34.0 1.1953558201916175
35.0 1.196812119664606
36.0 1.1957804411913973
37.0 1.2041707562063153
38.0 1.1995480791783644
39.0 1.198189741818581
40.0 1.199390724540326
41.0 1.1997841111354213
42.0 1.198112602641829
43.0 1.20283170364072
44.0 1.2044067881633735
45.0 1.1981407607619785
46.0 1.2000972822692304
47.0 1.1965359799769075
48.0 1.201415511898372
49.00000000000001 1.2007772200202584
50.0 1.2011023407645622
51.0 1.2046428201204318
52.0 1.2073074374988608
53.0 1.2026461908825334
54.0 1.2000675860068164
55.0 1.2079561408452042
56.0 1.2013032097432106
57.0 1.2052425424101707
58.0 1.2052024346795267
59.0 1.2030325726193691
60.0 1.2077185707458782
61.0 1.2120666462283964
62.0 1.207484076931087
63.0 1.2089403764040776
64.0 1.2067077152091223
65.0 1.2113111074428862
66.0 1.208132780277429
67.0 1.2078790016684504
68.0 1.2069348738402195
69.0 1.2057844103173443
70.0 1.208115033625509
71.0 1.2081343184196964
72.0 1.2097672573249152
73.0 1.20582297990572
74.0 1.2055973594168905
75.0 1.2041282580442152
76.0 1.2071307980666326
77.0 1.2102377830967628
78.0 1.2046621049146191
79.0 1.2053405045233763
80.0 1.191054829548994
81.0 1.1949238640081452
82.0 1.1963030243043833
83.0 1.1947190664557699
84.0 1.194325679860674
85.0 1.1997945226036504
86.0 1.1995480791783641
87.0 1.2032621216819255
88.0 1.2064805565780234
89.0 1.2046991363607273
90.0 1.1967407775292822
91.0 1.1965062837144895
92.0 1.2089490858407195
92.99999999999999 1.2007657646245165
94.0 1.2070312978111595
95.0 1.206807215464597
96.0 1.2029400772221541
97.0 1.2046115857157487
98.00000000000001 1.2012492839343727
98.99999999999999 1.2051341688287354
100.0 1.2070521207476153
101.0 1.2119895070516433
102.0 1.211487746875112
103.00000000000001 1.2118425638818322
104.0 1.2118425638818329
104.99999999999999 1.2109474171102033
106.0 1.2113408037053
107.00000000000001 1.2109859866985793
108.0 1.2119004182643964
109.0 1.2114387658185082
110.0 1.2115560127259042
111.0 1.2125001405541354
112.0 1.2106905622166906
113.0 1.2124511594975316
114.0 1.2110349677551846
115.0 1.2080926725467864
116.0 1.20714324189188
116.99999999999999 1.2047288326231436
118.0 1.2103862644088408
119.0 1.212127576895493
120.0 1.2143795228846381
121.0 1.215855107151816
122.0 1.2156576447831338
122.99999999999999 1.2081470925703726
124.0 1.21026594121691
125.0 1.2099512319408339
126.0 1.2087726102978125
127.0 1.2112116071874117
128.0 1.204209656120122
129.0 1.2047343925219325
130.0 1.2146066537667284
131.0 1.2147416750750506
132.0 1.2148203523940686
133.0 1.2159499929804887
134.0 1.2125876911991142
135.0 1.2121260387532258
136.0 1.2088512876168318
137.0 1.2111032336059753
138.0 1.209606826402341
139.0 1.199082828484183
140.0 1.2035312565113652
141.0 1.2067462847974932
142.0 1.2123828936467378
143.0 1.21554773305943
144.0 1.2139163322964805
145.0 1.2128919890069623
146.0 1.2149183145072768
147.0 1.2176913054671412
148.0 1.2179377488924263
149.0 1.2143675732741428
150.0 1.2086345404539607
151.0 1.2141315413170846
152.0 1.2111907842509553
153.0 1.2091644587506416
154.0 1.208258900510785
155.0 1.2056239793947718
156.0 1.203685204539437
157.0 1.2066556578679843
158.0 1.2037935781208737
159.0 1.2018563414078056
160.0 1.204216660978385
161.0 1.2091154776940376
162.0 1.2131473057582116
163.0 1.212311551511413
164.0 1.2136683507289303
165.0 1.2060366507840556
166.0 1.2055333524652574
167.0 1.2077571403342535
168.0 1.2009685298198713
169.0 1.206199802463521
170.0 1.1941305524254395
171.0 1.1944468707467348
172.0 1.1998033854884183
173.0 1.200505669557147
174.0 1.1988380896372803
175.0 1.2009430924566116
176.0 1.2025937780137523
177.0 1.1931798055623926
178.0 1.1953233779701005
179.0 1.1826602581817183
180.0 1.197669879462484
181.0 1.1801884887451677
182.0 1.171127916090063
183.0 1.169649128024452
184.0 1.172144117411011
185.0 1.1670447620421442
185.99999999999997 1.1686510809694794
187.0 1.168881315885114
188.0 1.165830647095281
189.0 1.1625142500859724
190.0 1.1673833705392112
191.0 1.1731757958842226
192.0 1.169477961890316
193.0 1.1717017497593125
194.0 1.1653288869187486
195.0 1.1710248882928198
196.00000000000003 1.1627815164477158
197.00000000000003 1.166145356371357
197.99999999999997 1.1615716604000093
199.0 1.1656138999324082
200.0 1.1688782396005744
201.0 1.16718437002826
202.0 1.1700657345695586
203.0 1.1675465222186716
204.0 1.1749749627534374
205.0 1.1610386658187934
206.00000000000003 1.1558147283588391
207.0 1.1449652812105569
208.0 1.15027956334776
209.0 1.1431708193051517
209.99999999999997 1.161725580679073
210.99999999999997 1.1522286745563335
212.0 1.155142289680825
213.0 1.1618938687491005
214.00000000000003 1.1615735288677123
215.0 1.1530833832718874
216.0 1.1513806403736055
217.0 1.1658885014778457
218.0 1.1662329070163395
219.0 1.1534219917689503
220.0 1.1673671620295578
220.99999999999997 1.1520443696149778
222.0 1.152927566776114
223.0 1.1530937947401123
224.0 1.1479292498049871
225.0 1.1511075769704435
226.0 1.1435055732879862
226.99999999999997 1.1530432755412412
228.0 1.1541833275958848
229.0 1.157186553471383
230.0 1.158779384645957
231.0 1.1538628212783848
232.0 1.1563523373668556
233.0 1.1483658204152594
233.99999999999997 1.1473133190055906
235.0 1.154336423334764
236.0 1.1583578399307164
237.00000000000003 1.1533683962855452
238.0 1.1522387556991278
239.00000000000003 1.1471008307418846
240.0 1.1513139126650864
241.0 1.1484992758323118
242.0 1.1536935170298528
242.99999999999997 1.1523633377902136
244.0 1.1522950719394247
244.99999999999997 1.1433570919759077
245.99999999999997 1.144556536555384
247.0 1.167925238446388
248.0 1.1493365682213756
249.00000000000003 1.146719393757278
250.0 1.1544922398305413
251.0 1.1434685418418757
252.0 1.1666933768476
253.00000000000003 1.1619727377064424
254.0 1.146893312432615
