1.0 1.1217602324940588
2.0 1.1605800701333515
3.0 1.163057636611325
4.0 1.161922529308912
5.0 1.170779963485711
6.0 1.1605800701333502
7.0 1.168863549709102
8.0 1.168134630901472
9.0 1.1694945064035225
10.0 1.1699368740552236
11.0 1.1770876367600205
12.0 1.1765770032575285
13.0 1.1735174611417338
14.0 1.176124224137599
15.0 1.1766957883071905
16.0 1.1709997869331188
17.0 1.1714807241731935
18.0 1.1759965657619773
19.0 1.1704609953104772
20.0 1.1796662416357375
21.0 1.1782485117511199
22.0 1.1776503276036476
23.0 1.1770209090514945
24.0 1.1758762425700484
25.0 1.1767760037684791
26.0 1.1762117747825809
27.0 1.1744334308498159
28.0 1.1864429025396241
29.0 1.1770209090514971
30.0 1.1793916400903024
31.0 1.1771808180103094
32.0 1.1756047173091462
33.0 1.1810245789955187
34.0 1.1803164831243462
35.0 1.1690937846247296
36.0 1.1681006757398977
37.0 1.1788320255312075
38.0 1.1728718340799273
39.0 1.169901380751382
40.0 1.1661410779481074
41.0 1.1669413388910626
42.0 1.1672367633729523
43.0 1.1715327815143324
44.0 1.1782724109721117
45.0 1.1797360456287977
46.0 1.1829915119710022
47.0 1.1745610892254412
48.0 1.1780645371352017
49.00000000000001 1.1832548497590196
50.0 1.178998253495207
51.0 1.1785261895810912
52.0 1.1833552023036855
53.0 1.1815159277038252
54.0 1.1796276720473629
55.0 1.1846838434010525
56.0 1.1774439919090065
57.0 1.1838049051390782
58.0 1.1865987190353973
59.0 1.18303895488534
60.0 1.1877626703110338
61.0 1.1890496655354912
62.0 1.1896509259674968
63.0 1.191027009979202
64.0 1.1912036494114282
65.0 1.1915287701557336
66.0 1.1920883847148285
67.0 1.1908013894903715
68.0 1.1919815492756616
69.0 1.1914902005673569
70.0 1.191490200567358
71.0 1.1911457950288638
72.0 1.1885390320330007
73.0 1.1862172820507946
74.0 1.1878992020126158
75.0 1.1853929554507359
76.0 1.1804545529681967
77.0 1.1854289707183334
78.0 1.184260760543539
79.0 1.1880283985305058
80.0 1.1895500514590742
81.0 1.1911457950288638
82.0 1.1864548521501208
83.0 1.1825209861991546
84.0 1.1804649644364256
85.0 1.1825105747309275
86.0 1.1809860094071458
87.0 1.1817727825973365
88.0 1.1863063708380415
89.0 1.1910077251850133
90.0 1.1926703603526452
91.0 1.186000534887923
92.0 1.1846793909966307
92.99999999999999 1.1844085282535357
94.0 1.1916356055949004
95.0 1.1913328459293193
96.0 1.188458816571712
97.0 1.1830181319488846
98.00000000000001 1.1846927167270138
98.99999999999999 1.1869758971208404
100.0 1.186454852150121
101.0 1.1877136892544293
102.0 1.187084270702275
103.00000000000001 1.1867695614261973
104.0 1.1855894016409076
104.99999999999999 1.1862188201930621
106.0 1.1873203026593322
107.00000000000001 1.1874776572973706
108.0 1.1881857531685447
109.0 1.1888151717206996
110.0 1.191726232524414
111.0 1.192591683033626
112.0 1.1906247500581426
113.0 1.1938505201379357
114.0 1.192827714990685
115.0 1.1918049098434342
116.0 1.1869185369530277
116.99999999999999 1.1853607048675432
118.0 1.1856873637541154
119.0 1.186552814263328
120.0 1.186189123930647
121.0 1.1887557791958685
122.0 1.1924239169273598
122.99999999999999 1.1921091799022754
124.0 1.1945644130505346
125.0 1.1894029443999428
126.0 1.183206720991605
127.0 1.1879288982750325
128.0 1.1816524594054068
129.0 1.1834867055585223
130.0 1.1960920546588532
131.0 1.1922634860047894
132.0 1.1946253437176348
133.0 1.1952443508015609
134.0 1.1943893117605735
135.0 1.1962582826228507
136.0 1.1933576332873648
137.0 1.1981762345417308
138.0 1.1941918493918942
139.0 1.183936878359362
140.0 1.187182563140915
141.0 1.184349849330786
142.0 1.187565207942351
143.0 1.186727915553287
144.0 1.1846036279397663
145.0 1.1822818779575612
146.0 1.1842785071954607
147.0 1.181987991617941
148.0 1.1883207467278627
149.0 1.1865408646528337
150.0 1.1883118734019016
151.0 1.189235178293679
152.0 1.1898942931082463
153.0 1.1931393479822263
154.0 1.1927845309755054
155.0 1.1932461834213943
156.0 1.191357927764931
157.0 1.190373692206054
158.0 1.1927845309755054
159.0 1.1936395700164888
160.0 1.1922426630683298
161.0 1.1947024828943842
162.0 1.191151592070288
163.0 1.1963859409984756
164.0 1.1920779732465998
165.0 1.190048571461751
166.0 1.188424505882493
167.0 1.1895428827114938
168.0 1.1806789656401924
169.0 1.1884036829460383
170.0 1.173383952773468
171.0 1.1730925056513786
172.0 1.1798813062490012
173.0 1.1795278162642446
174.0 1.1740975431096436
175.0 1.176480223758945
176.0 1.1830505489681917
177.0 1.1792532147188088
178.0 1.1716215147739353
179.0 1.1733315928559045
180.0 1.1724453194102382
181.0 1.1629328628819111
182.0 1.1581926111679264
183.0 1.1421470419854969
184.0 1.13529152265356
185.0 1.145770631978155
185.99999999999997 1.1450609979647117
187.0 1.150994569438113
188.0 1.1436343947541356
189.0 1.1454350997656215
190.0 1.1411776512126226
191.0 1.1558027592242544
192.0 1.1474436786140163
193.0 1.1433300969462903
194.0 1.1430701657682418
195.0 1.1461416574945318
196.00000000000003 1.1488286359516793
197.00000000000003 1.1467340446005763
197.99999999999997 1.152113798556305
199.0 1.1521404185341841
200.0 1.1552994609054523
201.0 1.1535419399091444
202.0 1.1488197626257182
203.0 1.148172597421647
204.0 1.1411271320137522
205.0 1.1450698712906775
206.00000000000003 1.143506736378518
207.0 1.1449089178270069
208.0 1.145086717265117
209.0 1.1348447315916759
209.99999999999997 1.1413141248694003
210.99999999999997 1.1449969910130828
212.0 1.1422031771167638
213.0 1.1374902286869422
214.00000000000003 1.132042208880425
215.0 1.1450197076194513
216.0 1.1510643734311752
217.0 1.1421634249137687
218.0 1.1423875072603298
219.0 1.1416867465728489
220.0 1.1318520816954358
220.99999999999997 1.1346563070599798
222.0 1.138462514635325
223.0 1.1352085864353847
224.0 1.140067295420394
225.0 1.1423875072603293
226.0 1.1334479891545437
226.99999999999997 1.1305369283508289
228.0 1.13530808669086
229.0 1.1274789243773047
230.0 1.137635633714486
231.0 1.141443379432096
232.0 1.140383542838737
233.0 1.1356332074351638
233.99999999999997 1.1372202415683124
235.0 1.1478135215157677
236.0 1.1411510312347464
237.00000000000003 1.1413172591987442
238.0 1.1409832651284797
239.00000000000003 1.138973148137815
240.0 1.1327013236949925
241.0 1.1429382484934658
242.0 1.1448874348170295
242.99999999999997 1.1347484721317609
244.0 1.1415131834251546
244.99999999999997 1.1416304303325526
245.99999999999997 1.1266030623998662
247.0 1.1374709438927535
248.0 1.1430362106066707
249.00000000000003 1.1385145719764649
250.0 1.1408629419365477
251.0 1.1321297595254036
252.0 1.1373344121911753
253.00000000000003 1.1401089412933072
254.0 1.1362907841074692
