1.0 0.857641143192617
2.0 0.898394038840621
3.0 0.8918823119118242
4.0 0.8986427643060594
5.0 0.902483612896053
6.0 0.8816547269050593
7.0 0.8996462846591214
8.0 0.8963082124241714
9.0 0.9009045997996734
10.0 0.8949418540276173
11.0 0.8877332369402547
12.0 0.8938581182132671
13.0 0.9061949346427226
14.0 0.8925272505737606
15.0 0.8986137538967215
16.0 0.8938477067450417
17.0 0.8923840720883551
18.0 0.9022383772876004
19.0 0.888154781655501
20.0 0.8971524516266874
21.0 0.9039276324331165
22.0 0.8949777028591028
23.0 0.893905916655248
24.0 0.8996524372281938
25.0 0.9027312641381722
26.0 0.9037748922218783
27.0 0.901902845075066
28.0 0.9064973639828697
29.0 0.9007388937994315
30.0 0.8933536372798445
31.0 0.8933729220740316
32.0 0.8982003966543585
33.0 0.9051405647653549
34.0 0.9044575507297942
35.0 0.9046056739674335
36.0 0.9056986411821828
37.0 0.9003516597734035
38.0 0.898801657086366
39.0 0.9005711276931653
40.0 0.9062821549622697
41.0 0.902977352035813
42.0 0.9016417312823981
43.0 0.9072039217117772
44.0 0.8960109194745812
45.0 0.8953757038810002
46.0 0.8985494166196559
47.0 0.900453880785772
48.0 0.9005922784082577
49.00000000000001 0.8985598280878825
50.0 0.9014516040974079
51.0 0.9034169989306228
52.0 0.9007836159568788
53.0 0.9033028283077632
54.0 0.9114941428117305
55.0 0.9076493656480126
56.0 0.8945280000237065
57.0 0.9096459948859116
58.0 0.90529945754566
59.0 0.8941998029948673
60.0 0.906993327117978
61.0 0.9041104244344086
62.0 0.9078719098523065
63.0 0.9167790109387852
64.0 0.9065463450394732
65.0 0.903446695193035
66.0 0.9110973218576589
67.0 0.911238826060485
68.0 0.9092734312272688
69.0 0.9160990731877622
70.0 0.9129029993703852
71.0 0.9126951255334742
72.0 0.9102426408911141
73.0 0.914295291891743
74.0 0.9135455501476576
75.0 0.9179248600348598
76.0 0.9141514250064688
77.0 0.9126638911287935
78.0 0.9178982400569796
79.0 0.9106896229696197
80.0 0.9139752797889908
81.0 0.9038342847467093
82.0 0.9071892513443933
83.0 0.8970607001273563
84.0 0.9033741704430901
85.0 0.9084183921862848
86.0 0.9071892513443951
87.0 0.9087331014623645
88.0 0.9113977188407941
89.0 0.9127738028524963
90.0 0.9111616868837341
91.0 0.9062435853738928
92.0 0.8987780856440146
92.99999999999999 0.9100002899288739
94.0 0.914043051425033
95.0 0.9171322898032416
96.0 0.9074025641482877
97.0 0.9092621674698538
98.00000000000001 0.9046403427310915
98.99999999999999 0.9089706715616875
100.0 0.9103957366299954
101.0 0.9123715429314387
102.0 0.912626859682684
103.00000000000001 0.9126669674133264
104.0 0.9161970353009684
104.99999999999999 0.91757465745494
106.0 0.9154399583731898
107.00000000000001 0.9186464436587949
108.0 0.9172109671222591
109.0 0.9162282697056513
110.0 0.9149501478071552
111.0 0.9152648570832329
112.0 0.9146651347934948
113.0 0.914665134793495
114.0 0.9158645793729729
115.0 0.9142790833820896
116.0 0.910051404792317
116.99999999999999 0.9084455063789191
118.0 0.9089020501832518
119.0 0.9103614259407766
120.0 0.9123788781151287
121.0 0.9131880123840448
122.0 0.9113294529899963
122.99999999999999 0.909463888737689
124.0 0.9117405862370137
125.0 0.9160886617195323
126.0 0.9136496648299339
127.0 0.9153227114657944
128.0 0.9162845859459465
129.0 0.9116869907536104
130.0 0.9130572777238872
131.0 0.9118964027327864
132.0 0.9114852694857676
133.0 0.9127352332641163
134.0 0.9154978127557538
135.0 0.9165013331088159
136.0 0.9175850689231647
137.0 0.9159016108190754
138.0 0.9153894391743145
139.0 0.910994773066655
140.0 0.9126857302437558
141.0 0.9113441233573839
142.0 0.9064082751956221
143.0 0.9061529584443768
144.0 0.9046388045888205
145.0 0.9047664629644446
146.0 0.9057402870550907
147.0 0.9050796340982534
148.0 0.9055235398922205
149.0 0.9073138334354758
150.0 0.908474708426578
151.0 0.9096162986234908
152.0 0.9107771736145926
153.0 0.9085830820080121
154.0 0.9105604264517223
155.0 0.9126951255334719
156.0 0.9144156150836694
157.0 0.9133928099364181
158.0 0.9117390480947452
159.0 0.9132130942196576
160.0 0.9086393982483097
161.0 0.9107444010676435
162.0 0.9101253939837172
163.0 0.9085028665467271
164.0 0.910794920266514
165.0 0.9089348227302007
166.0 0.9080500874268009
167.0 0.9043611267588523
168.0 0.9101535521038662
169.0 0.9111185028685526
170.0 0.9031026199799779
171.0 0.9009104527866049
172.0 0.9015483583937801
173.0 0.9021697559091635
174.0 0.8995066766730017
175.0 0.898756934928918
176.0 0.9006957097842523
177.0 0.8999637146920886
178.0 0.904124739274153
179.0 0.9017227738306631
180.0 0.9065502484109904
181.0 0.8995764034655447
182.0 0.895560850670351
183.0 0.9018714302778659
184.0 0.8955567408994936
185.0 0.9008849594778444
185.99999999999997 0.9015304201035369
187.0 0.911342915540552
188.0 0.9047942655569526
189.0 0.8969755147116247
190.0 0.900797572722182
191.0 0.90026218770951
192.0 0.8938050169446137
193.0 0.8971104805219349
194.0 0.8949000165163815
195.0 0.8963626349945568
196.00000000000003 0.8953927394776381
197.00000000000003 0.894801890513857
197.99999999999997 0.8947945553301637
199.0 0.8997751256493706
200.0 0.8969010962917636
201.0 0.8945924785346788
202.0 0.8923200651367256
203.0 0.8938403715613497
204.0 0.9007917782275529
205.0 0.900272626926745
206.00000000000003 0.8918580571631904
207.0 0.8850114258301365
208.0 0.8722049081690135
209.0 0.8727630682803559
209.99999999999997 0.8676566521077164
210.99999999999997 0.8672409296361083
212.0 0.8726751061622245
213.0 0.864464862391708
214.00000000000003 0.8630471325070967
215.0 0.8702098448223873
216.0 0.8664514356890257
217.0 0.8721486196777231
218.0 0.8682267033372505
219.0 0.8819921578810991
220.0 0.8773443990175355
220.99999999999997 0.8791910088010849
222.0 0.8738721855124529
223.0 0.8758198336937509
224.0 0.8756952516026618
225.0 0.8775777102176981
226.0 0.8730306342242323
226.99999999999997 0.8827048681790735
228.0 0.8664900052774015
229.0 0.8824865828739384
230.0 0.8709256314048988
231.0 0.8791763384337008
232.0 0.8665181633975494
233.0 0.8757307449065046
233.99999999999997 0.8648883007768654
235.0 0.8727305953155398
236.0 0.8855430487051945
237.00000000000003 0.8765383410331529
238.0 0.8768888991407129
239.00000000000003 0.8758927139713454
240.0 0.87700614604811
241.0 0.8778403621526397
242.0 0.8720598864181226
242.99999999999997 0.8883268066609313
244.0 0.8773594249125618
244.99999999999997 0.8811745058138645
245.99999999999997 0.8854705239552435
247.0 0.8778982165352041
248.0 0.871011643907611
249.00000000000003 0.8787663878013062
250.0 0.8766154802099017
251.0 0.8681449497336997
252.0 0.8692745903201166
253.00000000000003 0.87326051361222
254.0 0.8717077901682873
