1.0 1.1043302007860278
2.0 1.1437642842495308
3.0 1.1470653250383767
4.0 1.1490931886809574
5.0 1.1557734256139054
6.0 1.148997947324641
7.0 1.1498799618711506
8.0 1.155378500876543
9.0 1.1557703493293727
10.0 1.1577091241847055
11.0 1.1556129946913327
12.0 1.145044796579488
13.0 1.1548856140259711
14.0 1.156785819292931
15.0 1.1583400808791289
16.0 1.1587720370626005
17.0 1.1557140330890732
18.0 1.1538346507585728
19.0 1.15207559162
20.0 1.1516316858260311
21.0 1.1554780011320165
22.0 1.1613980848526537
23.0 1.1603471215852543
24.0 1.1608874513501608
25.0 1.1584974355171678
26.0 1.1617336170651875
27.0 1.1565898950665146
28.0 1.16113235663318
29.0 1.1597072915648727
30.0 1.1597354496850196
31.0 1.1538658851632546
32.0 1.159135727395282
33.0 1.1620676111354524
34.0 1.1632092013323647
35.0 1.156303343910587
36.0 1.160957255343219
37.0 1.1628455109996838
38.0 1.1659821922922282
39.0 1.1603664063794428
40.0 1.1594118670829825
41.0 1.1575830039513504
42.0 1.161950364228055
43.0 1.1571510477678777
44.0 1.1621447503122029
45.0 1.164240879805577
46.0 1.1618612754408084
47.0 1.160935910443007
48.0 1.15263212989456
49.00000000000001 1.1596938038121096
50.0 1.1580832259856138
51.0 1.159784430741624
52.0 1.159183170309619
53.0 1.1612704264770302
54.0 1.1615419517379295
55.0 1.1617586989008002
56.0 1.1630383589415632
57.0 1.161828502893859
58.0 1.1649385642085237
59.0 1.158890822112264
60.0 1.1608087740311432
61.0 1.157602288745539
62.0 1.1583504923473569
63.0 1.160445083698462
64.0 1.1618716869090369
65.0 1.164438342174258
66.0 1.1648634573887877
67.0 1.1637109615088959
68.0 1.1639469934659539
69.0 1.166494363936988
70.0 1.1660223000228727
71.0 1.1650781721946408
72.0 1.165235526832679
73.0 1.1711853068157307
74.0 1.169788399867571
75.0 1.1661187239938124
76.0 1.1636604423100243
77.0 1.1670154089077087
78.0 1.1659332112356258
79.0 1.1703495525689338
80.0 1.1690179990763503
81.0 1.1715786934108285
82.0 1.163808923622105
83.0 1.1673790992403887
84.0 1.16840190438764
85.0 1.1701135206118762
86.0 1.1695226716480978
87.0 1.1661098506678522
88.0 1.1681851572247703
89.0 1.1665433449935934
90.0 1.1702901600441038
91.0 1.1682638345437892
92.0 1.163504076101489
92.99999999999999 1.1546630420726693
94.0 1.166148420256228
95.0 1.1688739683017557
96.0 1.1646827254935173
97.0 1.1659929340858877
98.00000000000001 1.170575173057764
98.99999999999999 1.1711363257591263
100.0 1.1702708752499134
101.0 1.1699561659738358
102.0 1.1687760061885464
103.00000000000001 1.1678318783603143
104.0 1.1668090732130632
104.99999999999999 1.1669664278511023
106.0 1.1679892329983532
107.00000000000001 1.1685399742314884
108.0 1.1684612969124697
109.0 1.1690907154646237
110.0 1.172316485544416
111.0 1.1724738401824546
112.0 1.1716870669922617
113.0 1.1740473865628407
114.0 1.174519450476957
115.0 1.1704860842705163
116.0 1.1662391833260524
116.99999999999999 1.164386284833118
118.0 1.164978671939163
119.0 1.1689719304149604
120.0 1.1676151311974445
121.0 1.1693460322158715
122.0 1.1711259142908987
122.99999999999999 1.1648064552954158
124.0 1.1638949361248148
125.0 1.16882498724515
126.0 1.1667986617448356
127.0 1.1692970511592666
128.0 1.1693163359534546
129.0 1.1615229452708662
130.0 1.16543485766906
131.0 1.1691100002588108
132.0 1.1687463099261306
133.0 1.1637109615088945
134.0 1.1665923260501938
135.0 1.1675557386726139
136.0 1.1714213387727874
137.0 1.1733585754858542
138.0 1.1693124073797303
139.0 1.1640000457305923
140.0 1.1658442585886932
141.0 1.1666189460280771
142.0 1.171321838517313
143.0 1.1706908818228918
144.0 1.1691678546413766
145.0 1.1677709476932159
146.0 1.1695909374988875
147.0 1.1754917364253368
148.0 1.1723149474021488
149.0 1.1718918645446377
150.0 1.1692762282228106
151.0 1.1703865840150416
152.0 1.1711050913544427
153.0 1.1705053690647031
154.0 1.168980803740922
155.0 1.1693356207476424
156.0 1.1686749677908064
157.0 1.1710352873613852
158.0 1.1690594810599426
159.0 1.1678006439556332
160.0 1.1680262644444628
161.0 1.1667377310777394
162.0 1.1679267641889888
163.0 1.167347864835705
164.0 1.1693444940736037
165.0 1.1724217828413162
166.0 1.168183619082501
167.0 1.1671800987294378
168.0 1.1641606643442868
169.0 1.1609437675904553
170.0 1.1509619961014055
171.0 1.1467515264139467
172.0 1.149632004105405
173.0 1.1502818662645609
174.0 1.1408953660802723
175.0 1.1314887288126072
176.0 1.1288874325327347
177.0 1.1314926573863338
178.0 1.129556958815533
179.0 1.1359907523232
180.0 1.1372110198391316
181.0 1.136989219980214
182.0 1.1134906051296372
183.0 1.1178884938218312
184.0 1.121616346636014
185.0 1.131759923748077
185.99999999999997 1.1354207262958775
187.0 1.1346651875103644
188.0 1.1270037913030777
189.0 1.131839286920172
190.0 1.1271032915585515
191.0 1.1349872319701364
192.0 1.12586373924843
193.0 1.1287643885839178
194.0 1.1334776925413845
195.0 1.1333515723080259
196.00000000000003 1.1401089484177285
197.00000000000003 1.1373062611954488
197.99999999999997 1.1355738220347542
199.0 1.133841382874065
200.0 1.1304582581562337
201.0 1.1256500683700934
202.0 1.1271225763527402
203.0 1.1216521954674987
204.0 1.1192251481883948
205.0 1.1155955800452797
206.00000000000003 1.1248721685058611
207.0 1.1169824912549202
208.0 1.112791048999927
209.0 1.1232617133842027
209.99999999999997 1.1132827033890365
210.99999999999997 1.1178220886711598
212.0 1.1240645723792122
213.0 1.1245663325557465
214.00000000000003 1.1176458047665827
215.0 1.116965867015553
216.0 1.1218276522851016
217.0 1.123735192735755
218.0 1.1215634622078956
219.0 1.1166260759038646
220.0 1.1208137204638091
220.99999999999997 1.1320067227010042
222.0 1.1256130369239876
223.0 1.1163082903432566
224.0 1.117497323454504
225.0 1.123800382302005
226.0 1.1207423783284831
226.99999999999997 1.1101402250550623
228.0 1.1094899835664553
229.0 1.1090402807310638
230.0 1.1214905819303005
231.0 1.1156580488546444
232.0 1.11349211536821
233.0 1.1062136942877927
233.99999999999997 1.114044394743615
235.0 1.113028924780055
236.0 1.1164729801649842
237.00000000000003 1.1164270753929195
238.0 1.110379333296654
239.00000000000003 1.113553046035311
240.0 1.125188415924207
241.0 1.1130809821211947
242.0 1.1098255157789876
242.99999999999997 1.116640746271254
244.0 1.1149202567210534
244.99999999999997 1.1256797646325107
245.99999999999997 1.1200566435360346
247.0 1.1086573056041928
248.0 1.129260351719023
249.00000000000003 1.1177244820856007
250.0 1.1141824645874656
251.0 1.1221273356661512
252.0 1.1188525845297561
253.00000000000003 1.1224925641410926
254.0 1.1173102725540505
