1.0 0.8259188308300734
2.0 0.8526039210672998
3.0 0.8682854565155311
4.0 0.8720266661629433
5.0 0.8712693975968354
6.0 0.859043867144034
7.0 0.8654003550388294
8.0 0.8716390766092695
9.0 0.8769031217998705
10.0 0.8696864836757402
11.0 0.8815698351321902
12.0 0.8485507733051282
13.0 0.8618989672350923
14.0 0.8658860731418193
15.0 0.8809600569018664
16.0 0.8724255194740276
17.0 0.8762675758808552
18.0 0.8853540371564531
19.0 0.8701279990382488
20.0 0.8803541820430586
21.0 0.8698885604712221
22.0 0.8771804693044049
23.0 0.8853910686025611
24.0 0.8835132244143272
25.0 0.880318688739217
26.0 0.8748170734492902
27.0 0.8766474747231912
28.0 0.8907634873745959
29.0 0.8941288654405094
30.0 0.8762274681502132
31.0 0.8833959775069314
32.0 0.8870359571182741
33.0 0.8725354311977321
34.0 0.8934431306480581
35.0 0.882220432148445
36.0 0.8721613293968244
37.0 0.8835548702872376
38.0 0.8785997373312878
39.0 0.8789915857841156
40.0 0.8783043128493973
41.0 0.8923134900616386
42.0 0.8835000921892082
43.0 0.8843223586832423
44.0 0.8809022025193063
45.0 0.8905528927807977
46.0 0.8905513546385323
47.0 0.8837939785288338
48.0 0.8849551838453686
49.00000000000001 0.8844145237550272
50.0 0.8888189154778394
51.0 0.8845005362577375
52.0 0.8876017242464416
53.0 0.8862136906242413
54.0 0.8913365896864567
55.0 0.8931878138968115
56.0 0.8927558577133395
57.0 0.8833843834240793
58.0 0.8841102259471758
59.0 0.885973730093459
60.0 0.8910947606879727
61.0 0.8850811679384073
62.0 0.8982840929811452
63.0 0.892675642252052
64.0 0.8988926885968448
65.0 0.8882874590388903
66.0 0.898273681512919
67.0 0.8999660129429669
68.0 0.9065957306770435
69.0 0.8973280155424196
70.0 0.897479573139031
71.0 0.902209085606152
72.0 0.8926594337423981
73.0 0.9017057872873511
74.0 0.8927469843873752
75.0 0.9035116009403881
76.0 0.9018943763300741
77.0 0.8890522266780043
78.0 0.9063685720459442
79.0 0.8948519872067108
80.0 0.8928795875152366
81.0 0.8997909116530061
82.0 0.8937906124710835
83.0 0.8926609718846651
84.0 0.8930944662104057
85.0 0.9016598825152847
86.0 0.8948149557606037
87.0 0.8948930031720526
88.0 0.8937994857970448
89.0 0.8921858316860154
90.0 0.9000134558573024
91.0 0.9025712377965643
92.0 0.8912926895224016
92.99999999999999 0.8973619187056864
94.0 0.8991881130787361
95.0 0.8984742201661365
96.0 0.8968938631126109
97.0 0.8987681065057571
98.00000000000001 0.9018156990110552
98.99999999999999 0.8995340567594943
100.0 0.899021885114735
101.0 0.9004870579136866
102.0 0.899651303666889
103.00000000000001 0.9022283704003379
104.0 0.8997388543118693
104.99999999999999 0.899394448773375
106.0 0.9022565285204861
107.00000000000001 0.9007319631967033
108.0 0.8998561012192634
109.0 0.898341947363708
110.0 0.8983523588319363
111.0 0.8980673458182739
112.0 0.8993662906532272
113.0 0.9005167541761006
114.0 0.9018245723370131
115.0 0.901854268599429
116.0 0.898645487838195
116.99999999999999 0.9005746085586649
118.0 0.900999229558444
119.0 0.8999868358794206
120.0 0.8990828157818319
121.0 0.8982663463292236
122.0 0.8959920392613558
122.99999999999999 0.893333218924351
124.0 0.8914376280841939
125.0 0.8946456515120661
126.0 0.8945091198104823
127.0 0.8946576011225604
128.0 0.89504057624943
129.0 0.8950182151707072
130.0 0.8890356626407041
131.0 0.8906257730583852
132.0 0.8914125462485791
133.0 0.8930053774231543
134.0 0.8939880748397622
135.0 0.8892169164997329
136.0 0.8905440194548332
137.0 0.8942194923700171
138.0 0.8918641175516726
139.0 0.8947335151746671
140.0 0.8989119456420258
141.0 0.9016668621713322
142.0 0.9027490598434129
143.0 0.9028871296872639
144.0 0.9015793115263508
145.0 0.903803099395348
146.0 0.900460082408162
147.0 0.9017590272431127
148.0 0.9001364998061233
149.0 0.8975224016265662
150.0 0.9002656963240137
151.0 0.9005418360117156
152.0 0.8996852588284637
153.0 0.9004646968349638
154.0 0.8996675121765425
155.0 0.8972879078117768
156.0 0.8991464672058238
157.0 0.8966970588479972
158.0 0.8958998741895772
159.0 0.8959889629768261
160.0 0.8975922056196255
161.0 0.8983211244272563
162.0 0.8957841654244487
163.0 0.8948103413338019
164.0 0.8947806450713863
165.0 0.8946040056391591
166.0 0.893305060804207
167.0 0.898910435248767
168.0 0.8940204918590761
169.0 0.8924083758903124
170.0 0.8913231019336962
171.0 0.8859581822346717
172.0 0.8844609227418481
173.0 0.8889300098161654
174.0 0.8847913463128254
175.0 0.8918040391737732
176.0 0.8861288607361532
177.0 0.8872835831581833
178.0 0.8890858263119358
179.0 0.8877259508098858
180.0 0.8892015350770646
181.0 0.8914000850244814
182.0 0.8870523418537543
183.0 0.8844061687594985
184.0 0.8961865947759134
185.0 0.8998097879683394
185.99999999999997 0.8990817491989116
187.0 0.8925564764725414
188.0 0.9003006424618898
189.0 0.8966053627887607
190.0 0.8881234046658194
191.0 0.903433917144469
192.0 0.897087674281783
193.0 0.9044521078649183
194.0 0.894390806320162
195.0 0.9035247105100958
196.00000000000003 0.8929433801731312
197.00000000000003 0.8983053874769409
197.99999999999997 0.8975675953433497
199.0 0.8948524587660517
200.0 0.8950722822134561
201.0 0.8931319692158552
202.0 0.8959955871052316
203.0 0.8935951598040072
204.0 0.8975614427742796
205.0 0.8919205750258802
206.00000000000003 0.8909660357294195
207.0 0.8836488148954109
208.0 0.890470872885201
209.0 0.8816185269370501
209.99999999999997 0.8901311034760124
210.99999999999997 0.882117114257349
212.0 0.8825256931835914
213.0 0.8774691940512622
214.00000000000003 0.8814262733701416
215.0 0.8829482843731452
216.0 0.8740103044096286
217.0 0.8745714571109905
218.0 0.8769360355807284
219.0 0.8813704790936034
220.0 0.8771589353126668
220.99999999999997 0.8806994146685361
222.0 0.8784343364542726
223.0 0.8853251679810253
224.0 0.8839267228905981
225.0 0.8867027901349938
226.0 0.8827627716149602
226.99999999999997 0.8712878326486332
228.0 0.882632036954801
229.0 0.879363438387477
230.0 0.8802111422447662
231.0 0.8763382069609039
232.0 0.8758067505219557
233.0 0.8749085274657911
233.99999999999997 0.8721771823788419
235.0 0.8810229972705746
236.0 0.8751013754076689
237.00000000000003 0.8886519764585579
238.0 0.8893716664125821
239.00000000000003 0.8736419996501434
240.0 0.875557230812134
241.0 0.8881112911660047
242.0 0.8752795529821653
242.99999999999997 0.8803237747253593
244.0 0.8845160337121093
244.99999999999997 0.8780452087583404
245.99999999999997 0.8699830907722588
247.0 0.8760663261723608
248.0 0.8775284226867759
249.00000000000003 0.8804186605540365
250.0 0.8817488397936688
251.0 0.8794166783432364
252.0 0.8778253853109327
253.00000000000003 0.8793784642825104
254.0 0.879866736706274
