1.0 1.1125759124649675
2.0 1.1586518877539698
3.0 1.1633416480180883
4.0 1.1610688790924897
5.0 1.168081571953436
6.0 1.1635078759820905
7.0 1.1715449121325527
8.0 1.1708962087862114
9.0 1.1662719936159924
10.0 1.1728542684357322
11.0 1.1772305020383989
12.0 1.1549748766965169
13.0 1.1709259050486258
14.0 1.1670024505658874
15.0 1.1721357610963328
16.0 1.1720570837773117
17.0 1.1745747579859298
18.0 1.1724415970464481
19.0 1.1725989516844877
20.0 1.1708680506660631
21.0 1.1713802223108194
22.0 1.1717335011752756
23.0 1.1745080302774065
24.0 1.1757445063029928
25.0 1.1718804443450865
26.0 1.1807709813942695
27.0 1.1774977684001382
28.0 1.1719101406075028
29.0 1.1736529912364215
30.0 1.1709779623897643
31.0 1.175156733623752
32.0 1.1736024720375504
33.0 1.173278889435512
34.0 1.171282260197614
35.0 1.1674120456706383
36.0 1.1690850923065006
37.0 1.1755886898072203
38.0 1.1864581094423812
39.0 1.1811674442738995
40.0 1.1809210008486137
41.0 1.172420774109993
42.0 1.1781672946829391
43.0 1.1794438784391683
44.0 1.1728824265558784
45.0 1.1701896510573049
46.0 1.1714781844240287
47.0 1.1741339284764973
48.0 1.1732822960454807
49.00000000000001 1.1686145665346495
50.0 1.1724921162453215
51.0 1.163163470443595
52.0 1.1778911549952353
53.0 1.171016531978141
54.0 1.171596969473693
55.0 1.1756183860696383
56.0 1.1813128493014438
57.0 1.1818369705566978
58.0 1.184442195410295
59.0 1.1812926844690588
60.0 1.172696913797694
61.0 1.1711619370056836
62.0 1.1739171813136269
63.0 1.1745346502552858
64.0 1.1775363379885155
65.0 1.1812430453083829
66.0 1.178949453446328
67.0 1.1761988235651866
68.0 1.1804875065228742
69.0 1.1762775008842064
70.0 1.178234022391462
71.0 1.1771028436627768
72.0 1.1748300747371756
73.0 1.181863590534578
74.0 1.180034727402945
75.0 1.1811232440802133
76.0 1.1645754032867872
77.0 1.1695513591791897
78.0 1.1640246620536507
79.0 1.1732210350529486
80.0 1.1720417340508444
81.0 1.1732210350529488
82.0 1.174539264682092
83.0 1.1733591048967997
84.0 1.1802040316514826
85.0 1.1792599038232503
86.0 1.1811674442738995
87.0 1.171666251502993
88.0 1.1744486377525758
89.0 1.1775779838614269
90.0 1.1760534185376443
91.0 1.1793177582058136
92.0 1.1631581676169238
92.99999999999999 1.168555046495925
94.0 1.1858078679537698
95.0 1.1832886556028854
96.0 1.1798633630483841
97.0 1.1804250377135068
98.00000000000001 1.182852084992611
98.99999999999999 1.1812118109037
100.0 1.180181670572755
101.0 1.178863440943614
102.0 1.1768579383797542
103.00000000000001 1.1779208512576487
104.0 1.176474963252885
104.99999999999999 1.1770361159542484
106.0 1.176948565309269
107.00000000000001 1.178982225993277
108.0 1.1762582160900152
109.0 1.1787847636245945
110.0 1.1773581604140197
111.0 1.175824721764277
112.0 1.1748910054042725
113.0 1.1755902279494854
114.0 1.1725009895712764
115.0 1.173219496910678
116.0 1.1692741755639717
116.99999999999999 1.1754594932893287
118.0 1.1777025659525122
119.0 1.1760904499837495
120.0 1.1799352271474692
121.0 1.1833792825323979
122.0 1.1862116660170943
122.99999999999999 1.1817849132155565
124.0 1.1798877842331346
125.0 1.181295102649522
126.0 1.1780693325697296
127.0 1.180576595310121
128.0 1.1808496587132888
129.0 1.180827461523885
130.0 1.1742023304676033
131.0 1.1783231111787085
132.0 1.177880743527009
133.0 1.177468072137724
134.0 1.1756496204743205
135.0 1.1760919881260201
136.0 1.1806849688915566
137.0 1.1764660899269281
138.0 1.181067944018423
139.0 1.177493317862657
140.0 1.1736988960084924
141.0 1.1757445063029925
142.0 1.1809476208264957
143.0 1.1847241321394233
144.0 1.18481322092667
145.0 1.185374373628032
146.0 1.183573668616548
147.0 1.1894463094228473
148.0 1.1900950127691892
149.0 1.1887189287574875
150.0 1.1861522734922634
151.0 1.1892592585223933
152.0 1.1880108328863117
153.0 1.1889163911261669
154.0 1.1881296179359722
155.0 1.1870474202638905
156.0 1.1876367310854017
157.0 1.1860720580309765
158.0 1.1850002718271215
159.0 1.184617296700253
160.0 1.1857083676982958
161.0 1.18493200597633
162.0 1.1846277081684804
163.0 1.1825909711999376
164.0 1.184459942062215
165.0 1.1884042194814075
166.0 1.1889742455087313
167.0 1.1846084233742926
168.0 1.1795017328217308
169.0 1.1794334669709394
170.0 1.1747706822123443
171.0 1.1678143055916932
172.0 1.1668285318905534
173.0 1.1641535030438948
174.0 1.1658280878220233
175.0 1.1655446129506297
176.0 1.1727547681802595
177.0 1.1670988745368285
178.0 1.1651512263555335
179.0 1.1683874079035528
180.0 1.165314378034995
181.0 1.1485707298699155
182.0 1.1418693296292188
183.0 1.1462854083106448
184.0 1.147226946022767
185.0 1.1537160395922108
185.99999999999997 1.1526635381825439
187.0 1.1599450355474978
188.0 1.153284083408738
189.0 1.1438100325794718
190.0 1.1425585306588564
191.0 1.1492638494274152
192.0 1.1333964683487765
193.0 1.1538035902371886
194.0 1.1411365418750816
195.0 1.1571763034867926
196.00000000000003 1.1460531052426581
197.00000000000003 1.1492445646332243
197.99999999999997 1.1442389124784087
199.0 1.1532571079032126
200.0 1.1484030133450056
201.0 1.1507247633272104
202.0 1.1447749833441612
203.0 1.14321031028973
204.0 1.1418134033415717
205.0 1.1439064565504107
206.00000000000003 1.1369901876604072
207.0 1.1283664257525
208.0 1.1312005112687857
209.0 1.1174492615215637
209.99999999999997 1.128937273773215
210.99999999999997 1.1209269932934498
212.0 1.1104354401436052
213.0 1.1124213275878407
214.00000000000003 1.119047144497204
215.0 1.1182950123216555
216.0 1.1177539967036703
217.0 1.1227226174123826
218.0 1.125513355024165
219.0 1.1116687011975468
220.0 1.1128963038971755
220.99999999999997 1.1073673827762904
222.0 1.1072050833860168
223.0 1.1031034513287852
224.0 1.0947324211080605
225.0 1.1065220693504652
226.0 1.0957741555218525
226.99999999999997 1.0952858830980867
228.0 1.0995761041980379
229.0 1.0960711181460085
230.0 1.104991351457606
231.0 1.0918094106938492
232.0 1.1003555422045401
233.0 1.0982119697968296
233.99999999999997 1.1011377009679297
235.0 1.1016186382080049
236.0 1.0914573144440192
237.00000000000003 1.0967198214923501
238.0 1.103569362673837
239.00000000000003 1.1015194934801715
240.0 1.0972188609119926
241.0 1.0999073775114119
242.0 1.1072035452437503
242.99999999999997 1.1079964710030106
244.0 1.1113456405592717
244.99999999999997 1.107390951671852
245.99999999999997 1.121082343323475
247.0 1.1174126674497153
248.0 1.113122446349759
249.00000000000003 1.123470821014203
250.0 1.1170447182178795
251.0 1.1214782842393476
252.0 1.1264641296362228
253.00000000000003 1.119971135242058
254.0 1.1179205801953203
