1.0 1.4168592478918034
2.0 1.4702824082739676
3.0 1.474207400898972
4.0 1.4729709248733853
5.0 1.4812617396328298
6.0 1.4666736630673047
7.0 1.4729813363416133
8.0 1.4785184449353803
9.0 1.4816334510022808
10.0 1.478381913233798
11.0 1.4771631838601322
12.0 1.4671086955353134
13.0 1.4818348419446872
14.0 1.4795026804942557
15.0 1.480556720046191
16.0 1.481941677383855
17.0 1.4813330817681547
18.0 1.481677487306648
19.0 1.4856603343142192
20.0 1.4839502562322489
21.0 1.486309037660559
22.0 1.486978563943358
23.0 1.4811950119243051
24.0 1.4888683577420883
25.0 1.4853352135699143
26.0 1.4783121092407374
27.0 1.483564204820844
28.0 1.483634008813905
29.0 1.486899886624339
30.0 1.4860448475833552
31.0 1.48704682979415
32.0 1.4892513328689576
33.0 1.4862022022213925
34.0 1.4899698402083608
35.0 1.4831139800216937
36.0 1.481934342200163
37.0 1.4866237469366383
38.0 1.491454297801498
39.0 1.4878841221832133
40.0 1.4801737449193229
41.0 1.4796526999486033
42.0 1.4854435871513487
43.0 1.478824280885499
44.0 1.4864278227102234
45.0 1.485247662924933
46.0 1.4861636326330168
47.0 1.4853826564842496
48.0 1.4822251522552488
49.00000000000001 1.4865955888164897
50.0 1.4824835452910308
51.0 1.485425840499429
52.0 1.491976880914487
53.0 1.4896848271946985
54.0 1.488375470891519
55.0 1.4909332528307795
56.0 1.4837913634519444
57.0 1.4843525161533073
58.0 1.4880993312038175
59.0 1.4855103148598732
60.0 1.4863179109865217
61.0 1.4792953008720984
62.0 1.4822683362704276
63.0 1.4824850834332988
64.0 1.4784413057586294
65.0 1.4812335815126803
66.0 1.4806635554853564
67.0 1.4821109816323876
68.0 1.4800252636072424
69.0 1.4854941063502205
70.0 1.4826231532771486
71.0 1.4812439929809103
72.0 1.4895170610884336
73.0 1.4854539986195774
74.0 1.4906675246113086
75.0 1.4891221363510674
76.0 1.4872250073686446
77.0 1.4891637822239798
78.0 1.487901868835135
79.0 1.4964302536939027
80.0 1.4796125922179602
81.0 1.4830358246664352
82.0 1.486950405823213
83.0 1.4839606677004786
84.0 1.4828456974814455
85.0 1.4832317488928488
86.0 1.4848141685991951
87.0 1.479091025283484
88.0 1.482701830596169
89.0 1.4842545540400993
90.0 1.4864856770927872
91.0 1.4796288007276137
92.0 1.4845297168668419
92.99999999999999 1.4854785584914314
94.0 1.4941277885058883
95.0 1.4921045392901078
96.0 1.4934301041029416
97.0 1.4905263784829224
98.00000000000001 1.486260056603957
98.99999999999999 1.4857984041580705
100.0 1.4825429378158639
101.0 1.4840393450194975
102.0 1.4836548317503602
103.00000000000001 1.48643977232072
104.0 1.4861844555694725
104.99999999999999 1.4881914962755987
106.0 1.4923702675095827
107.00000000000001 1.49370778193291
108.0 1.4903439420092683
109.0 1.4888089652172587
110.0 1.4867602786382208
111.0 1.4831098875586493
112.0 1.4815556259724492
113.0 1.485419687930355
114.0 1.4841415660318593
115.0 1.4872130577581484
116.0 1.491042642590723
116.99999999999999 1.4938234906980372
118.0 1.4939735101523834
119.0 1.4951729547318624
120.0 1.4952219357884657
121.0 1.4958023732840156
122.0 1.498968750838977
122.99999999999999 1.4952620435191082
124.0 1.4999232901354371
125.0 1.4964125070419836
126.0 1.497660932678064
127.0 1.5013587666719712
128.0 1.5037576558309267
129.0 1.497729198528855
130.0 1.4957429807591844
131.0 1.494543536179707
132.0 1.4932846990753983
133.0 1.490714967525642
134.0 1.4839695410264382
135.0 1.4802211878336597
136.0 1.4809308218470978
137.0 1.4824627223545737
138.0 1.4754438769245577
139.0 1.4661336181235194
140.0 1.477165354904261
141.0 1.4840494009600798
142.0 1.4873198931973166
143.0 1.4865380647593587
144.0 1.4863653539008561
145.0 1.4886469961524165
146.0 1.4898495170164292
147.0 1.4889929398331783
148.0 1.4868196711630521
149.0 1.487548589970682
150.0 1.4853544983641012
151.0 1.485039789088025
152.0 1.4797475857772757
153.0 1.4810642772641482
154.0 1.4814576638592447
155.0 1.483069779828009
156.0 1.4849402888325518
157.0 1.4862778032558788
158.0 1.4823528106308717
159.0 1.484095661259792
160.0 1.483789825309675
161.0 1.4854910300656838
162.0 1.485136213058965
163.0 1.484193623373
164.0 1.4820573861489839
165.0 1.482912425189968
166.0 1.4833250965792535
167.0 1.48174113873064
168.0 1.4830682416857397
169.0 1.4789739448121992
170.0 1.4708196340053354
171.0 1.4707291774591345
172.0 1.4678850880005758
173.0 1.471598744233196
174.0 1.472007156723322
175.0 1.4703877055708692
176.0 1.468410361127158
177.0 1.4685484309710093
178.0 1.4707587310872448
179.0 1.4631536511202536
180.0 1.458429935694558
181.0 1.456993937194266
182.0 1.4397579247197088
183.0 1.4230890748812777
184.0 1.4276702937274428
185.0 1.4349069050456338
185.99999999999997 1.4298591102563556
187.0 1.436734941090285
188.0 1.4445192148102768
189.0 1.4451976144190368
190.0 1.43621782469329
191.0 1.437270326102958
192.0 1.4413867924168917
193.0 1.4497286483389644
194.0 1.4287480938132593
195.0 1.4349516524052923
196.00000000000003 1.4330548537482997
197.00000000000003 1.4250691890858942
197.99999999999997 1.4288206185632089
199.0 1.4300586327310585
200.0 1.432948870598318
201.0 1.4277194664223702
202.0 1.427240919613753
203.0 1.4220476945947234
204.0 1.4216340070269258
205.0 1.4193197561177373
206.00000000000003 1.4181742373470962
207.0 1.4135204533402561
208.0 1.4107430628495095
209.0 1.4038104741779163
209.99999999999997 1.4089099544721453
210.99999999999997 1.4201913314470092
212.0 1.4212537501101503
213.0 1.416750710421055
214.00000000000003 1.4242071451866445
215.0 1.4275529081329348
216.0 1.4260341398505811
217.0 1.4307802163549945
218.0 1.4181853624174081
219.0 1.4205263971937963
220.0 1.4332023188818632
220.99999999999997 1.416651923767664
222.0 1.4192409401116084
223.0 1.4248328268034047
224.0 1.4185698756865432
225.0 1.4309785310128655
226.0 1.4226314000131284
226.99999999999997 1.4180800651205052
228.0 1.4204419228333511
229.0 1.427414507963654
230.0 1.4323221980052638
231.0 1.4249087833655338
232.0 1.427193832227062
233.0 1.4275798836384634
233.99999999999997 1.4313475216254319
235.0 1.4332407220341306
236.0 1.4299410554982297
237.00000000000003 1.421365913578205
238.0 1.420697239584601
239.00000000000003 1.4292152129751385
240.0 1.4225793426719953
241.0 1.4093763873334566
242.0 1.4083121279516178
242.99999999999997 1.419093971739589
244.0 1.4174910846244286
244.99999999999997 1.4236601660911232
245.99999999999997 1.4181175907813675
247.0 1.4199398071291782
248.0 1.4205811752918256
249.00000000000003 1.4222322163766126
250.0 1.429749745698619
251.0 1.4312792557746372
252.0 1.4336074886513448
253.00000000000003 1.4354805519766636
254.0 1.4391338554514495
