1.0 2.1100613122463003
2.0 2.1433421737191143
3.0 2.1372928934805886
4.0 2.1470608306494765
5.0 2.1433911547757183
6.0 2.138315698627838
7.0 2.146155272409622
8.0 2.148889693781109
9.0 2.1478059579667597
10.0 2.143990877065455
11.0 2.146952457068043
12.0 2.141911641934814
13.0 2.145564423445841
14.0 2.1486150922356746
15.0 2.146422538771362
16.0 2.146147937225929
17.0 2.145338802957012
18.0 2.146530912352798
19.0 2.1485260034484286
20.0 2.148969909242396
21.0 2.1449276697099937
22.0 2.14947013127666
23.0 2.1447599036037293
24.0 2.1459786329773936
25.0 2.150089138360587
26.0 2.150442417225039
27.0 2.1505820252111576
28.0 2.14699989998238
29.0 2.1468247986924194
30.0 2.149155422000583
31.0 2.149450846482472
32.0 2.1488615356609606
33.0 2.1459890444456233
34.0 2.1472968626065354
35.0 2.1488407127245077
36.0 2.147129096500271
37.0 2.150769076111614
38.0 2.153484212688912
39.0 2.151171336032669
40.0 2.1513406402812025
41.0 2.152194141179921
42.0 2.14880214313613
43.0 2.149952606659004
44.0 2.150335581785871
45.0 2.15563819656485
46.0 2.1524020150168295
47.0 2.1455990644604923
48.0 2.1495785048580944
49.00000000000001 2.1462547726650962
50.0 2.1394854469449016
51.0 2.14176708919646
52.0 2.1464996779481145
53.0 2.142478261352168
54.0 2.1390712374133467
55.0 2.1426028434432576
56.0 2.1435589208819845
57.0 2.1433406355768474
58.0 2.145761885814524
59.0 2.150679987324367
60.0 2.1431744076128485
61.0 2.1456535122330904
62.0 2.139684447455849
63.0 2.1516241151525963
64.0 2.150503347892138
65.0 2.1494701312766598
66.0 2.1517116657975768
67.0 2.1477184073217797
68.0 2.1474927868329488
69.0 2.1559424943726984
70.0 2.1543793594605396
71.0 2.1544966063679354
72.0 2.148910516717565
73.0 2.1481310787110632
74.0 2.146520500884569
75.0 2.154783157523864
76.0 2.1439642570875748
77.0 2.1449662392983706
78.0 2.1398433402361547
79.0 2.143422389180398
80.0 2.1377267740772634
81.0 2.1422495645788033
82.0 2.1427216284929202
83.0 2.1427914324859776
84.0 2.1389613256896456
85.0 2.1435292246195683
86.0 2.146763868025321
87.0 2.149311238496355
88.0 2.1446604033482544
89.0 2.1468544949548356
90.0 2.14916583346881
91.0 2.1514386023944105
92.0 2.1484596060653387
92.99999999999999 2.1447994893706177
94.0 2.157545737015501
95.0 2.15819597850411
96.0 2.146717963253252
97.0 2.151339102138936
98.00000000000001 2.1476813758756723
98.99999999999999 2.146784690961776
100.0 2.153542067071477
101.0 2.1518705585778832
102.0 2.146314165189927
103.00000000000001 2.1473547169891
104.0 2.1441200735833466
104.99999999999999 2.148092509122688
106.0 2.146412127303134
107.00000000000001 2.147111349848347
108.0 2.148203958988658
109.0 2.149127263880434
110.0 2.145230429375577
111.0 2.1473280970112176
112.0 2.149275745192512
113.0 2.1477318950745423
114.0 2.145833227949852
115.0 2.1467966405722705
116.0 2.1450449166173895
116.99999999999999 2.1489980673625424
118.0 2.151466760514558
119.0 2.15355401668197
120.0 2.1511832856431625
121.0 2.149933321864814
122.0 2.1518616852519195
122.99999999999999 2.144907069155156
124.0 2.1434787054206956
125.0 2.147323482584414
126.0 2.146824798692417
127.0 2.1403123278657343
128.0 2.132826032948405
129.0 2.127730248078822
130.0 2.1303552796903658
131.0 2.1312454817097573
132.0 2.136878683949033
133.0 2.1394260544200674
134.0 2.1379712930893433
135.0 2.1383928378045893
136.0 2.1411777783749484
137.0 2.1416305574948744
138.0 2.1366441901342417
139.0 2.132396961411142
140.0 2.1322652105724766
141.0 2.1386570278817927
142.0 2.1410381703888306
143.0 2.1418932094298153
144.0 2.1403285363753897
145.0 2.1401279977221725
146.0 2.1354771625740727
147.0 2.140515587275841
148.0 2.1347706048451656
149.0 2.132735406018892
150.0 2.132873475862744
151.0 2.1376342227345435
152.0 2.1390993955334956
153.0 2.1383928378045907
154.0 2.1359731257091794
155.0 2.137004804182393
156.0 2.1349784786820782
157.0 2.1395938205263354
158.0 2.143322888924924
159.0 2.139555250937956
160.0 2.1393473771010463
161.0 2.1364363162973317
162.0 2.13102532793692
163.0 2.130021807583857
164.0 2.1322544687788136
165.0 2.1402899667870114
166.0 2.142151602465594
167.0 2.140298840112973
168.0 2.1359434294467645
169.0 2.140940208275623
170.0 2.13532288422057
171.0 2.1295273825910224
172.0 2.128914858401598
173.0 2.1246212306916754
174.0 2.1199866040532283
175.0 2.126446165249582
176.0 2.1254643201221644
177.0 2.116315390037203
178.0 2.1212276945056154
179.0 2.1166597955756945
180.0 2.115346180373356
181.0 2.1031444134487205
182.0 2.0983512218086093
183.0 2.1005278688922004
184.0 2.0966503191815327
185.0 2.0950045783766282
185.99999999999997 2.092303781841283
187.0 2.091794686481058
188.0 2.088441258025644
189.0 2.092127142409055
190.0 2.102670589010719
191.0 2.1009347432400585
192.0 2.095348653589688
193.0 2.106284800933373
194.0 2.1031033974833835
195.0 2.104635983843937
196.00000000000003 2.108625835709764
197.00000000000003 2.1154159843664155
197.99999999999997 2.114618799707995
199.0 2.107159124768546
200.0 2.108429911483349
201.0 2.098519290043808
202.0 2.0975430755217053
203.0 2.099174145959221
204.0 2.1050710163119413
205.0 2.109048918567275
206.00000000000003 2.1003662553550053
207.0 2.093071928341358
208.0 2.087334444983694
209.0 2.0848669621953078
209.99999999999997 2.0884878209017823
210.99999999999997 2.0872298638356677
212.0 2.090604115227537
213.0 2.0925355548991793
214.00000000000003 2.096320939538069
215.0 2.0878985378292763
216.0 2.082568617219343
217.0 2.0798935883726846
218.0 2.0778464399359167
219.0 2.0791527199545627
220.0 2.0853593548311258
220.99999999999997 2.0748759866073674
222.0 2.081122729214578
223.0 2.0824513703119476
224.0 2.0805631146554826
225.0 2.0795966257485285
226.0 2.0754267278405036
226.99999999999997 2.0812264883692135
228.0 2.079492674955572
229.0 2.0764619768130057
230.0 2.0725023431733485
231.0 2.0705210701559147
232.0 2.0739629015455003
233.0 2.0710117330111415
233.99999999999997 2.0659439675746003
235.0 2.0718432283587815
236.0 2.0793626261484923
237.00000000000003 2.0782816362932466
238.0 2.074812829398136
239.00000000000003 2.0707536955030044
240.0 2.0734464710015814
241.0 2.0706939726527422
242.0 2.0783556991854617
242.99999999999997 2.0678137907260643
244.0 2.0707610306866973
244.99999999999997 2.078699582760196
245.99999999999997 2.0751046556317325
247.0 2.073239449453865
248.0 2.0738128820911523
249.00000000000003 2.071799028165093
250.0 2.056226549604579
251.0 2.055588232524254
252.0 2.058036266629133
253.00000000000003 2.0561347148582305
254.0 2.064325013183691
