1.0 1.1380312892546063
2.0 1.1704189253747048
3.0 1.1737877100505836
4.0 1.1790765067513644
5.0 1.1713260217568278
6.0 1.164023179491659
7.0 1.178273525051518
8.0 1.174847216318509
9.0 1.182165745129571
10.0 1.180397812665039
11.0 1.177722261854626
12.0 1.1798351218214085
13.0 1.1806708760682068
14.0 1.170575427723555
15.0 1.1835954246246823
16.0 1.1776826760877395
17.0 1.177583175832264
18.0 1.18576715515254
19.0 1.18588747834447
20.0 1.1963932076469506
21.0 1.1809381424299465
22.0 1.191846131653484
23.0 1.190950984881855
24.0 1.187803892121081
25.0 1.1870171189308887
26.0 1.1842707479489072
27.0 1.1825429232150142
28.0 1.1886203615736908
29.0 1.1860448329825097
30.0 1.1911291624563487
31.0 1.1816511830533558
32.0 1.1848349769348032
33.0 1.1833593926676254
34.0 1.1922707526532628
35.0 1.1872171356203476
36.0 1.1856869396912568
37.0 1.1860344215142815
38.0 1.1820188019597615
39.0 1.1839278805526816
40.0 1.1843864567140348
41.0 1.1814013330181028
42.0 1.190293408209552
43.0 1.1843228052900452
44.0 1.1900870725149106
45.0 1.1844504636656694
46.0 1.1908071179965791
47.0 1.1820068523492666
48.0 1.1885432223969392
49.00000000000001 1.1950749780178087
50.0 1.1984758493875594
51.0 1.1932222156651853
52.0 1.1950155854929765
53.0 1.191442333590157
54.0 1.1935488745517575
55.0 1.1921920753342419
56.0 1.1928912978794552
57.0 1.1922098219861645
58.0 1.1962431881926037
59.0 1.193978440303776
60.0 1.1986065840477187
61.0 1.1911870168389125
62.0 1.1962952455337414
63.0 1.1931466146307022
64.0 1.1940417614023306
65.0 1.1923687147664692
66.0 1.193582499387899
67.0 1.1977307220702784
68.0 1.1983007480976002
69.0 1.1950051740247498
70.0 1.1960279791720012
71.0 1.1930841458213362
72.0 1.1915433719879005
73.0 1.1912286627118227
74.0 1.1878455379939932
75.0 1.1907577294140221
76.0 1.1889157860555812
77.0 1.1921311446671439
78.0 1.1996486739891565
79.0 1.1990948564714847
80.0 1.1921173265889484
81.0 1.2012712014261442
82.0 1.1907164910670625
83.0 1.1933826465877588
84.0 1.1906570985422333
85.0 1.1859676938057588
86.0 1.1914141754700118
87.0 1.1986332040256005
88.0 1.1922588030427668
89.0 1.1941991160403704
90.0 1.1895467427500022
91.0 1.1918596194062452
92.0 1.1860216781068977
92.99999999999999 1.190545627421248
94.0 1.1938026531607357
95.0 1.1979490073754147
96.0 1.2004835481977556
97.0 1.2019970439492416
98.00000000000001 1.1979667540273364
98.99999999999999 1.1965505622849884
100.0 1.1967376131854424
101.0 1.1977411335385058
102.0 1.197632759957072
103.00000000000001 1.199492857493387
104.0 1.1984210712895318
104.99999999999999 1.1981360582758696
106.0 1.1994438764367823
107.00000000000001 1.1977426716807738
108.0 1.1996502121314252
109.0 1.1997674590388197
110.0 1.2003583080025984
111.0 1.2004177005274297
112.0 1.1994438764367825
113.0 1.199718477982217
114.0 1.1967167902489872
115.0 1.1969231259436293
116.0 1.1980704399286484
116.99999999999999 1.2045903191923444
118.0 1.203659679116875
119.0 1.2032767039900052
120.0 1.2018813351841133
121.0 1.2019897087655487
122.0 1.2017448034825307
122.99999999999999 1.1993933572379087
124.0 1.1988426160047732
125.0 1.200888226299276
126.0 1.2033777423877459
127.0 1.2036627554014068
128.0 1.2034548815644972
129.0 1.1999772919794283
130.0 1.205689080901721
131.0 1.204292173953562
132.0 1.2061017522910078
133.0 1.2056890809017236
134.0 1.2054426374764375
135.0 1.1994334649685545
136.0 1.2011153849303757
137.0 1.1999842062016894
138.0 1.1950036358824843
139.0 1.1953659584562097
140.0 1.1948204858067477
141.0 1.2006846113615235
142.0 1.198455026451102
143.0 1.196998726978111
144.0 1.2007455420286233
145.0 1.1971769045526053
146.0 1.196596467057055
147.0 1.2009815739856824
148.0 1.2007752382910388
149.0 1.203065753868562
150.0 1.2023576579973878
151.0 1.2006267569789606
152.0 1.1998800915194126
153.0 1.2015219037505898
154.0 1.202860956316186
155.0 1.2029500451034334
156.0 1.2031934122441847
157.0 1.2020429487213111
158.0 1.2035466911086405
159.0 1.2042162173914364
160.0 1.2006460417731533
161.0 1.1975375186007555
162.0 1.2023665313233491
163.0 1.199198615626121
164.0 1.1974677146076969
165.0 1.1958675482494296
166.0 1.1980319435935913
167.0 1.2010529161210088
168.0 1.1960353143556943
169.0 1.1960426495393874
170.0 1.1896924781029772
171.0 1.1826545399645916
172.0 1.1792312793196178
173.0 1.1725713711083716
174.0 1.169882854508951
175.0 1.1733269098938843
176.0 1.1797294689968656
177.0 1.1803291912866058
178.0 1.173197713375994
179.0 1.1832013244275068
180.0 1.178412777509991
181.0 1.1679564993842537
182.0 1.166167805315172
183.0 1.1576674056464467
184.0 1.1541134410846055
185.0 1.1604323221708248
185.99999999999997 1.160330428937095
187.0 1.1556667918893109
188.0 1.1524215731260117
189.0 1.1515259043906283
190.0 1.1528673473876843
191.0 1.1487899726258812
192.0 1.1540309708846812
193.0 1.1657392210511714
194.0 1.1665795897247688
195.0 1.1622137675903348
196.00000000000003 1.1715763685536273
197.00000000000003 1.1624482614051246
197.99999999999997 1.1623799955543337
199.0 1.165840259448913
200.0 1.155637289812017
201.0 1.1549392498814255
202.0 1.1530895638133414
203.0 1.134063140363432
204.0 1.1509789278418963
205.0 1.141773845405956
206.00000000000003 1.1587415263362462
207.0 1.151410089651142
208.0 1.1415887857146874
209.0 1.132370414603646
209.99999999999997 1.1419414762668987
210.99999999999997 1.1479594631609482
212.0 1.1463159488981833
213.0 1.1456814191576812
214.00000000000003 1.1529564336281335
215.0 1.1497140995110464
216.0 1.1510263682094428
217.0 1.1503107732652573
218.0 1.1614769916352556
219.0 1.1551805795715686
220.0 1.157923874269017
220.99999999999997 1.1509309604170082
222.0 1.1441546575875645
223.0 1.1433144528032841
224.0 1.1516856746623378
225.0 1.1553716951860642
226.0 1.1437938216052903
226.99999999999997 1.1515441427105055
228.0 1.1389844517513237
229.0 1.1391522178575915
230.0 1.1354846020898577
231.0 1.1506515780086632
232.0 1.1501097101014885
233.0 1.1474662459849485
233.99999999999997 1.1452513314419108
235.0 1.1373028898639386
236.0 1.1442882768939304
237.00000000000003 1.1511797942737587
238.0 1.1467989462442871
239.00000000000003 1.1375908152728194
240.0 1.143766737708459
241.0 1.1428997490569806
242.0 1.142833709748325
242.99999999999997 1.1479893813574953
244.0 1.1533571857027256
244.99999999999997 1.1336484340703332
245.99999999999997 1.1496499564191003
247.0 1.1425758109273008
248.0 1.147248321301048
249.00000000000003 1.1202643913088812
250.0 1.1335552276178273
251.0 1.137595929007961
252.0 1.1314720639134603
253.00000000000003 1.1227373433600532
254.0 1.1253958333716259
