1.0 1.175491348617267
2.0 1.2043279325707432
3.0 1.2028726770252698
4.0 1.2067085808630258
5.0 1.2142453949792271
6.0 1.1989399936889271
7.0 1.214932667913946
8.0 1.2114724040193634
9.0 1.2124358166417841
10.0 1.2131246277187708
11.0 1.2091907617678053
12.0 1.2070842208062038
13.0 1.2145720538657985
14.0 1.2144042877595338
15.0 1.2194589209709579
16.0 1.218700305900913
17.0 1.211355157111969
18.0 1.214453268816138
19.0 1.2171579939252102
20.0 1.2155146435517656
21.0 1.2190076799932983
22.0 1.2096018950148217
23.0 1.2193000281906516
24.0 1.2138905779725078
25.0 1.2182698878597078
26.0 1.2204535679980617
27.0 1.2159184416150886
28.0 1.219154623163109
29.0 1.2174727032012866
30.0 1.216920423825884
31.0 1.2184376539659763
32.0 1.2212700374506689
33.0 1.2209449167063635
34.0 1.215416681438559
35.0 1.2029312172609103
36.0 1.2091922999100704
37.0 1.2186632744548038
38.0 1.216519702047095
39.0 1.21907594584409
40.0 1.2173153485632497
41.0 1.2144532688161391
42.0 1.223591787432873
43.0 1.225950568861185
44.0 1.2266779495265465
45.0 1.220198251246815
46.0 1.221082986550216
47.0 1.224219667842761
48.0 1.2197014358225178
49.00000000000001 1.2178171087397796
50.0 1.2184658120861231
51.0 1.2175722034567613
52.0 1.2220375258466751
53.0 1.224997567706993
54.0 1.2268457156328145
55.0 1.2277913816033115
56.0 1.2147888010286712
57.0 1.227375633929494
58.0 1.2288913259273162
59.0 1.2277770415613574
60.0 1.2294524786286793
61.0 1.224083136141176
62.0 1.2250762450260118
63.0 1.2266690762005852
64.0 1.2247526624239742
65.0 1.2202383589774548
66.0 1.2186648125970707
67.0 1.2235725026386832
68.0 1.2265815255556054
69.0 1.223473002383209
70.0 1.2227456217178465
71.0 1.2235813759646428
72.0 1.2215743352585173
73.0 1.2248001053383102
74.0 1.2264033479811125
75.0 1.2237254370350394
76.0 1.224170686786155
77.0 1.2276502354749255
78.0 1.2259594421871451
79.0 1.222410089505315
80.0 1.2216540287560467
81.0 1.2243666110125684
82.0 1.227219817433721
83.0 1.2233839135959628
84.0 1.225024187684873
85.0 1.2222215004625925
86.0 1.2300001435772787
87.0 1.2180456138748195
88.0 1.2144382429211094
89.0 1.2123556011804955
90.0 1.2207563276636422
91.0 1.223551679702228
92.0 1.2219292884055541
92.99999999999999 1.2204564526442703
94.0 1.2249262255716635
95.0 1.2253226884512958
96.0 1.2246413764473214
97.0 1.2258911763363503
98.00000000000001 1.2227737798379925
98.99999999999999 1.2251742071392169
100.0 1.225390954302087
101.0 1.2231004387245663
102.0 1.2243889720912913
103.00000000000001 1.2257264865146207
104.0 1.2250183906434458
104.99999999999999 1.2296603524655865
106.0 1.2322567039932228
107.00000000000001 1.2314699308030292
108.0 1.227772096809121
109.0 1.2280081287661788
110.0 1.2280868060851988
111.0 1.228401515361276
112.0 1.2254117772385413
113.0 1.2230514576679619
114.0 1.2260411957906965
115.0 1.22461459258012
116.0 1.2284004714337606
116.99999999999999 1.227424614986093
118.0 1.2235620911704537
119.0 1.2256373977273716
120.0 1.2258734296844294
121.0 1.2257457713088085
122.0 1.2241706867861533
122.99999999999999 1.2230160510529215
124.0 1.224445288331588
125.0 1.224878782657328
126.0 1.2233349325393583
127.0 1.2273964568659463
128.0 1.22678632310798
129.0 1.2302110659497152
130.0 1.2268050859384123
131.0 1.2247866175855469
132.0 1.226400271696578
133.0 1.2301470867470887
134.0 1.2285646670407426
135.0 1.2296943076271603
136.0 1.2355387903133117
137.0 1.2349109099034248
138.0 1.2307988663779654
139.0 1.224002621097751
140.0 1.2238622687662555
141.0 1.2218605308868051
142.0 1.2258642008308298
143.0 1.2233881724951223
144.0 1.2256594032784534
145.0 1.2236153311262163
146.0 1.2245401741602602
147.0 1.2227483424747374
148.0 1.226014220285172
149.0 1.2286699643376426
150.0 1.2317086835169795
151.0 1.2297907315981
152.0 1.2288763000322855
153.0 1.2299897321090505
154.0 1.233914724734056
155.0 1.2337380853018292
156.0 1.2337766548902043
157.0 1.231278265475773
158.0 1.2277435831613308
159.0 1.2228389694042514
160.0 1.2201654786998624
161.0 1.216161808755838
162.0 1.2181970075821134
163.0 1.2219750570373065
164.0 1.2251414345922678
165.0 1.2231062357659916
166.0 1.2223580321641747
167.0 1.22106949879745
168.0 1.220921017485371
169.0 1.226606607391217
170.0 1.2126608874178486
171.0 1.2088287764609975
172.0 1.2079690427984064
173.0 1.2016551302662268
174.0 1.2133070641924204
175.0 1.206974309082501
176.0 1.2116725871449379
177.0 1.2056722879630153
178.0 1.2095482995314173
179.0 1.2037246397817203
180.0 1.210557616925905
181.0 1.1881197406748794
182.0 1.1816330510830513
183.0 1.1821730160331982
184.0 1.1833283983740777
185.0 1.1929185160429085
185.99999999999997 1.189154640193554
187.0 1.1988705200213081
188.0 1.201304572158667
189.0 1.1993480506514136
190.0 1.2008413815705132
191.0 1.1920696295709925
192.0 1.2021329912217726
193.0 1.1977775805555622
194.0 1.1986831387954195
195.0 1.1908019191407249
196.00000000000003 1.1924718894920479
197.00000000000003 1.19186329387635
197.99999999999997 1.197833896795856
199.0 1.198580562255407
200.0 1.19457843045365
201.0 1.1902126083192115
202.0 1.1942502334248082
203.0 1.1894748161856232
204.0 1.1964388583153969
205.0 1.1832722485698879
206.00000000000003 1.180067823390314
207.0 1.1681650207035643
208.0 1.174280670576176
209.0 1.1790692452426907
209.99999999999997 1.177307634330136
210.99999999999997 1.173846162618715
212.0 1.1762496662044746
213.0 1.185105917766652
214.00000000000003 1.1847630503704267
215.0 1.1810146971776476
216.0 1.1868784646579866
217.0 1.1848729620941287
218.0 1.17953023958451
219.0 1.1774653444958196
220.0 1.1778097500343123
220.99999999999997 1.1814065456304774
222.0 1.1816159576096543
223.0 1.1862860775519402
224.0 1.1817332045170497
225.0 1.1793817582724302
226.0 1.1715333111646866
226.99999999999997 1.1707168417120808
228.0 1.1768135648649392
229.0 1.1734126934951903
230.0 1.166242645996206
231.0 1.1823730345374333
232.0 1.180021588292813
233.0 1.1693631187790987
233.99999999999997 1.1814393181774279
235.0 1.183425535947098
236.0 1.1832369469043766
237.00000000000003 1.178624681344651
238.0 1.1806837793919172
239.00000000000003 1.1813637171429434
240.0 1.1853257412140576
241.0 1.1779211999002794
242.0 1.1862432490644068
242.99999999999997 1.1839704801388065
244.0 1.1797234430540318
244.99999999999997 1.1868711294742946
245.99999999999997 1.1796208665140202
247.0 1.1799178291381793
248.0 1.186253660532632
249.00000000000003 1.1833009538560075
250.0 1.1860442485534564
251.0 1.1803898930522918
252.0 1.180827646277191
253.00000000000003 1.1777445604680523
254.0 1.1849443042294525
