1.0 2.4399617796877524
2.0 2.4622609193702445
3.0 2.4639225383593693
4.0 2.467808961395998
5.0 2.4643143868122
6.0 2.45877181150244
7.0 2.4647705725420934
8.0 2.4646756867134214
9.0 2.468564500181508
10.0 2.4667614047385675
11.0 2.463608845261802
12.0 2.474585622299888
13.0 2.4621484533257654
14.0 2.466749124802639
15.0 2.464926058712432
16.0 2.4610148841656234
17.0 2.4651670354217257
18.0 2.4714770991274913
19.0 2.4717196139790496
20.0 2.4693384714720157
21.0 2.47115505466772
22.0 2.466285934214484
23.0 2.4769717095591575
24.0 2.477527917508284
25.0 2.4696763941160067
26.0 2.4705403064829503
27.0 2.465191786931906
28.0 2.4647181848755233
29.0 2.46324567689288
30.0 2.4627543281845763
31.0 2.46796477789177
32.0 2.4674421947787835
33.0 2.471171263177374
34.0 2.4703355089305763
35.0 2.4659889715903276
36.0 2.465464850335073
37.0 2.4624696454963466
38.0 2.473276265996709
39.0 2.469195456875931
40.0 2.4625498609576324
41.0 2.4664412287464956
42.0 2.4714770991274904
43.0 2.4751394398175575
44.0 2.475464560561862
45.0 2.467779265133583
46.0 2.469889212705151
47.0 2.466378429611696
48.0 2.4688911590680807
49.00000000000001 2.4752343256462295
50.0 2.467364203312841
51.0 2.4646514571669984
52.0 2.4692652608689896
53.0 2.462270314659964
54.0 2.471419244744924
55.0 2.4701974390867263
56.0 2.468672873762945
57.0 2.4718873800853167
58.0 2.47264838558682
59.0 2.4694804698895916
60.0 2.4746866606976288
61.0 2.4725296005371566
62.0 2.471095662142888
63.0 2.4665960290637576
64.0 2.4653803759746276
65.0 2.469054996600621
66.0 2.473162095373846
67.0 2.464112665544357
68.0 2.46360782908329
69.0 2.466615313857945
70.0 2.4637948799837446
71.0 2.469648235995858
72.0 2.4721288787583657
73.0 2.471001106639649
74.0 2.4661744843485143
75.0 2.470356331867032
76.0 2.4691985331604647
77.0 2.4746153185623023
78.0 2.461429945986365
79.0 2.4696378245276285
80.0 2.47406150104463
81.0 2.4713004596952626
82.0 2.473062595118372
83.0 2.479111875356897
84.0 2.472963094862896
85.0 2.4658246120940253
86.0 2.467681303020375
87.0 2.4642862286920475
88.0 2.470739306993898
89.0 2.465358014895903
90.0 2.46552578100217
91.0 2.46261164391392
92.0 2.461413737476709
92.99999999999999 2.4671722076601497
94.0 2.4664386744257176
95.0 2.4618031954980806
96.0 2.4682320442535066
97.0 2.4657355233067753
98.00000000000001 2.468261740515923
98.99999999999999 2.4678089613959946
100.0 2.4768182834948393
101.0 2.4742990711439545
102.0 2.4725534997581438
103.00000000000001 2.474230805293163
104.0 2.4766566699576424
104.99999999999999 2.474413597294457
106.0 2.475022192910158
107.00000000000001 2.4717813969353375
108.0 2.4674155748008997
109.0 2.4692251531383445
110.0 2.47402600774079
111.0 2.475011781441931
112.0 2.4735643552948994
113.0 2.4691568872875505
114.0 2.475996017000806
115.0 2.4712842511856064
116.0 2.4746796558393647
116.99999999999999 2.468631227890029
118.0 2.4740888068755864
119.0 2.4707200221997114
120.0 2.4699223155775303
121.0 2.463912126891139
122.0 2.457692690114887
122.99999999999999 2.4578870761990337
124.0 2.4544904637284426
125.0 2.4566845553350234
126.0 2.4581937644383447
127.0 2.458224998843027
128.0 2.462717627063896
129.0 2.4574520437310277
130.0 2.470644421165225
131.0 2.4669098860506415
132.0 2.4776065948273023
133.0 2.473454443571198
134.0 2.4693142419255913
135.0 2.469027690769661
136.0 2.4746762492294003
137.0 2.4747653380166463
138.0 2.4762883651981626
139.0 2.474241216761391
140.0 2.4724316384239495
141.0 2.4797774730659703
142.0 2.4801836615607518
143.0 2.472746347700025
144.0 2.472363372573157
145.0 2.4710227818652934
146.0 2.4777342532029274
147.0 2.4800263069227153
148.0 2.47445062874057
149.0 2.478150000876745
150.0 2.480954226241294
151.0 2.4758861052771084
152.0 2.4798126360443793
153.0 2.479131160151087
154.0 2.4800872375898133
155.0 2.4837449638530793
156.0 2.4830488175924
157.0 2.4846640098456967
158.0 2.4756396618518237
159.0 2.4787362354137232
160.0 2.4771626890333374
161.0 2.480311319936375
162.0 2.479131160151087
163.0 2.4780103928906265
164.0 2.477783234259529
165.0 2.474155204258679
166.0 2.4739369189535445
167.0 2.4712113709080152
168.0 2.4680330437425626
169.0 2.468622354564074
170.0 2.454614715494104
171.0 2.4606913015635867
172.0 2.4654232044621627
173.0 2.463064423033852
174.0 2.462779410020191
175.0 2.4604962296263633
176.0 2.4597406908408526
177.0 2.4593874119764
178.0 2.459825851054373
179.0 2.4574679219152555
180.0 2.4557107312443827
181.0 2.4558230333995392
182.0 2.447318878087192
183.0 2.4494465723106833
184.0 2.4519381485051785
185.0 2.4531881122835273
185.99999999999997 2.4589805376285394
187.0 2.4551372986070907
188.0 2.4525097126747695
189.0 2.4545063419126674
190.0 2.4568994340301975
191.0 2.4633124046014063
192.0 2.4562804269462712
193.0 2.4536142714255753
194.0 2.4559464328760057
195.0 2.449640297743966
196.00000000000003 2.450456767196574
197.00000000000003 2.4452995574451406
197.99999999999997 2.4470661156567255
199.0 2.4459458703600276
200.0 2.4546732557297437
201.0 2.4572245547745024
202.0 2.4591664059143747
203.0 2.456001210974037
204.0 2.4541885563520562
205.0 2.4539883732264833
206.00000000000003 2.448966157034369
207.0 2.445247500104005
208.0 2.445082288318517
209.0 2.4452720574290647
209.99999999999997 2.4507387039257034
210.99999999999997 2.4515150656476683
212.0 2.4476020226331587
213.0 2.4473289592299903
214.00000000000003 2.4412934970696583
215.0 2.4417887743516857
216.0 2.4428428139036216
217.0 2.4471033387411616
218.0 2.4416314197136506
219.0 2.440022710354857
220.0 2.4436002211568337
220.99999999999997 2.444488885033959
222.0 2.444512262291191
223.0 2.44434655629095
224.0 2.4442694171141977
225.0 2.439813984228754
226.0 2.4401044639584093
226.99999999999997 2.441256465623551
228.0 2.437776231081704
229.0 2.4395811949923445
230.0 2.438747995066325
231.0 2.4419729128569254
232.0 2.4455139141765536
233.0 2.448399207291578
233.99999999999997 2.4476213074273447
235.0 2.452018363966465
236.0 2.4523083217323633
237.00000000000003 2.447617378853621
238.0 2.446529714465546
239.00000000000003 2.44599724184809
240.0 2.4410886995172874
241.0 2.4411859757774157
242.0 2.43947435955318
242.99999999999997 2.4389429031142313
244.0 2.441007798202921
244.99999999999997 2.443801612099238
245.99999999999997 2.4395009795310587
247.0 2.4366404379262168
248.0 2.439561910198159
249.00000000000003 2.4405415313302297
250.0 2.444737360816264
251.0 2.4401303980832116
252.0 2.4438744923768327
253.00000000000003 2.4432732319448274
254.0 2.448483845541341
