1.0 0.6045794400064775
2.0 0.6520872004009242
3.0 0.6527515877463668
4.0 0.6594566039385011
5.0 0.6599333130227157
6.0 0.6427341586166643
7.0 0.6620660876912555
8.0 0.6604898205539808
9.0 0.6656012642204533
10.0 0.6649297055806358
11.0 0.6614663654015217
12.0 0.6575475253455813
13.0 0.6676405832587774
14.0 0.6553540918430726
15.0 0.6684643878950776
16.0 0.659500970568304
17.0 0.6641757049373904
18.0 0.6623749999259095
19.0 0.6521836243718647
20.0 0.6613433214526976
21.0 0.6722528488185008
22.0 0.6657878209061552
23.0 0.6662941955094893
24.0 0.6678646656053394
25.0 0.6722543869607676
26.0 0.6731302489382089
27.0 0.661816923509082
28.0 0.6653114980928807
29.0 0.670171745220158
30.0 0.6637171287760399
31.0 0.6690301550232421
32.0 0.6712821010123886
33.0 0.6672502729482136
34.0 0.672355425358512
35.0 0.6688360992645278
36.0 0.674978396864029
37.0 0.6718536651819779
38.0 0.6719308043587316
39.0 0.6715374177636348
40.0 0.6707313597792527
41.0 0.6740670415827476
42.0 0.6726508498404004
43.0 0.6712153733038658
44.0 0.676828082932117
45.0 0.6705250240846107
46.0 0.6641891926901549
47.0 0.6732732635342947
48.0 0.6729600924004844
49.00000000000001 0.6721105200754924
50.0 0.6728379007408544
51.0 0.6757786578069844
52.0 0.6723168557701344
53.0 0.6697991815615153
54.0 0.6635539770965717
55.0 0.6684616671381876
56.0 0.6642605348254804
57.0 0.6668672978213457
58.0 0.6672028300338797
59.0 0.6633179451395176
60.0 0.6641344145921269
61.0 0.6721298048696791
62.0 0.6711069997224292
63.0 0.6738117248315012
64.0 0.6741264341075774
65.0 0.6668094434387823
66.0 0.6708694296231036
67.0 0.6719234691750364
68.0 0.6742051114265986
69.0 0.6714217089985066
70.0 0.6757979426011714
71.0 0.6690509779596988
72.0 0.675857335126004
73.0 0.6708011637723124
74.0 0.670113890837593
75.0 0.6752988446892301
76.0 0.6820728433285292
77.0 0.6749413654179197
78.0 0.6727889196842499
79.0 0.6734970155554239
80.0 0.6705873290046592
81.0 0.6720511275506608
82.0 0.6787683959297174
83.0 0.6775095588254081
84.0 0.6762507217210999
85.0 0.6779029454205061
86.0 0.6791617825248158
87.0 0.6736543701934644
88.0 0.6803909233667106
89.0 0.6791617825248184
90.0 0.6772735268683545
91.0 0.6808926835432418
92.0 0.6842616970947312
92.99999999999999 0.6813004968690922
94.0 0.6868424635262949
95.0 0.6882096742120394
96.0 0.6895452924186589
97.0 0.6874792172621398
98.00000000000001 0.6877376102979212
98.99999999999999 0.687501578340864
100.0 0.6859280319604779
101.0 0.6845118402181305
102.0 0.683646389708918
103.00000000000001 0.6829382938377442
104.0 0.68223019796657
104.99999999999999 0.6828596165187248
106.0 0.6817581340524549
107.00000000000001 0.682859616518725
108.0 0.6835677123898996
109.0 0.6849052268132273
110.0 0.6852199360893045
111.0 0.6866361278316517
112.0 0.6870295144267483
113.0 0.6857706773224385
114.0 0.6831743257948
115.0 0.6802617268488178
116.0 0.6862302696623024
116.99999999999999 0.6867182117606385
118.0 0.6867294755180561
119.0 0.6885124338776178
120.0 0.6905981519027632
121.0 0.6913656402987693
122.0 0.6929688829415714
122.99999999999999 0.6906012004382914
124.0 0.6894685113163438
125.0 0.68883909276419
126.0 0.6897832205924234
127.0 0.6888390927641919
128.0 0.6887588773029054
129.0 0.6869890486216658
130.0 0.6878587580300367
131.0 0.6937244217270816
132.0 0.6955147152703371
133.0 0.694561714116144
134.0 0.6938239219825539
135.0 0.6952593985190907
136.0 0.6929881677357587
137.0 0.6896050430179284
138.0 0.6861417028388117
139.0 0.6807303841529684
140.0 0.6788841046948468
141.0 0.6806952211745595
142.0 0.682426122192985
143.0 0.6787282881990777
144.0 0.6775481284137886
145.0 0.6776757867894112
146.0 0.6770166719748408
147.0 0.6787282881990794
148.0 0.6777841603708465
149.0 0.6759256009767993
150.0 0.677439754832354
151.0 0.6754238408002678
152.0 0.6749814731485665
153.0 0.6750497389993585
154.0 0.6750690237935456
155.0 0.6748730995671308
156.0 0.6756286383526418
157.0 0.6746459409360336
158.0 0.6749398272756556
159.0 0.6731510718746666
160.0 0.6724711341236406
161.0 0.6735429203274955
162.0 0.6723226528115618
163.0 0.6729921790943593
164.0 0.6762075377059237
165.0 0.6802304924441356
166.0 0.6783719330500865
167.0 0.6791290099778636
168.0 0.6779384387243472
169.0 0.6765889746905241
170.0 0.6712165559184888
171.0 0.6717019159470404
172.0 0.6695933123326208
173.0 0.6686749824888801
174.0 0.6709982706133493
175.0 0.6700348579909308
176.0 0.6666131636847246
177.0 0.6741187433962442
178.0 0.6726045895406898
179.0 0.6724264119661958
180.0 0.6767656141227519
181.0 0.6685338380454275
182.0 0.6567179621674201
183.0 0.6581836293109693
184.0 0.6552655275663802
185.0 0.6674489179315218
185.99999999999997 0.6711378785994694
187.0 0.6658649600829075
188.0 0.6655236308289534
189.0 0.6708617389117664
190.0 0.668688470241643
191.0 0.6656096433316648
192.0 0.6652131804520333
193.0 0.6658425990041869
194.0 0.666935208144497
195.0 0.6604211991755456
196.00000000000003 0.6638918745383564
197.00000000000003 0.6555655664750717
197.99999999999997 0.6661349472015407
199.0 0.6635000260855282
200.0 0.6497700648455221
201.0 0.6574789039671503
202.0 0.662839373128689
203.0 0.6579347593716102
204.0 0.6529572653369374
205.0 0.6617884098612912
206.00000000000003 0.6548054132627595
207.0 0.6515570727106123
208.0 0.6513826230307314
209.0 0.6453804856769103
209.99999999999997 0.6530657750586834
210.99999999999997 0.6477213782664863
212.0 0.6386067588707457
213.0 0.6495560384395442
214.00000000000003 0.647681270535842
215.0 0.6369070922570019
216.0 0.6489551335351829
217.0 0.6404016668408028
218.0 0.639400867244628
219.0 0.6401016279321088
220.0 0.6487900881858033
220.99999999999997 0.6477896441172791
222.0 0.6456923320092854
223.0 0.6476843468203789
224.0 0.6517786436939189
225.0 0.641967878037495
226.0 0.6465978902491407
226.99999999999997 0.6442834754506281
228.0 0.6519684153512609
229.0 0.649590349128762
230.0 0.6539607856900034
231.0 0.6483318675520979
232.0 0.6459372372923038
233.0 0.6513316616154138
233.99999999999997 0.6425228781697889
235.0 0.6391575001038778
236.0 0.6504110774805284
237.00000000000003 0.6476503916588076
238.0 0.65198225863167
239.00000000000003 0.6475269921823383
240.0 0.6384867912064585
241.0 0.6529113605648722
242.0 0.6537529118530937
242.99999999999997 0.6462341999164561
244.0 0.6538601028199054
244.99999999999997 0.6529263864599026
245.99999999999997 0.6503493197264546
247.0 0.6563361311556118
248.0 0.6509208838960423
249.00000000000003 0.64965009718124
250.0 0.650393686356252
251.0 0.6545844072007295
252.0 0.6516008216470695
253.00000000000003 0.6460471490160034
254.0 0.6444288804781708
