1.0 0.6822888426434536
2.0 0.7301819383004314
3.0 0.7309717877751578
4.0 0.7326671954897427
5.0 0.7360873516536824
6.0 0.7256457654431482
7.0 0.736884536312103
8.0 0.7421840748065439
9.0 0.7395209955703829
10.0 0.7408407633417916
11.0 0.7467222774740507
12.0 0.74388681770482
13.0 0.7444406352224912
14.0 0.7414582322834503
15.0 0.7409595483914526
16.0 0.7396664005979269
17.0 0.7429368928351622
18.0 0.7420787775096449
19.0 0.7294352728408823
20.0 0.7444614581589466
21.0 0.7459964349509567
22.0 0.7404724585823076
23.0 0.7352130278185104
24.0 0.737444150871198
25.0 0.7418546951630809
26.0 0.7475684431890756
27.0 0.7385382981537756
28.0 0.7459073461637106
29.0 0.7461048085323919
30.0 0.7437028430889019
31.0 0.7440008218915668
32.0 0.7473933418991154
33.0 0.752507367635371
34.0 0.7478846906074206
35.0 0.7495403209167945
36.0 0.7496140534835768
37.0 0.751542416870685
38.0 0.747636709039867
39.0 0.7472359872610785
40.0 0.7497239652072805
41.0 0.7500876555399603
42.0 0.748531855811495
43.0 0.7512084228004191
44.0 0.7503398960066715
45.0 0.7501246869860686
46.0 0.7514340432892492
47.0 0.7486224827410086
48.0 0.7454946747744231
49.00000000000001 0.7490440274562548
50.0 0.7450715919169122
51.0 0.7468811702543574
52.0 0.7487204448542173
53.0 0.7440295019754743
54.0 0.7430541397425561
55.0 0.7492029202365594
56.0 0.7475506965371551
57.0 0.7421308348507825
58.0 0.7451903769665755
59.0 0.7451132377898236
60.0 0.7459177576319375
61.0 0.7480302595242825
62.0 0.74463963573344
63.0 0.7442952301949494
64.0 0.744010217181289
65.0 0.7469212779850024
66.0 0.747147914652343
67.0 0.7473146645800992
68.0 0.7494389521936206
69.0 0.7479440831322557
70.0 0.7469212779850032
71.0 0.7447969903714816
72.0 0.7479440831322537
73.0 0.74621318211383
74.0 0.7451116996475599
75.0 0.7429247490395506
76.0 0.7466852460279455
77.0 0.745269054285596
78.0 0.7473933418991172
79.0 0.7528220769114496
80.0 0.7437414126772788
81.0 0.7466555497655273
82.0 0.7492029202365605
83.0 0.7473933418991179
84.0 0.7500683707457741
85.0 0.7502257253838118
86.0 0.7483374697273497
87.0 0.7369123363578121
88.0 0.7468426006659812
89.0 0.7477867284942139
90.0 0.7467639233469644
91.0 0.7500683707457748
92.0 0.7488459351800019
92.99999999999999 0.74681934434055
94.0 0.7498412121146762
95.0 0.7502257253838134
96.0 0.751800946046778
97.0 0.7483760393157249
98.00000000000001 0.7523099052666904
98.99999999999999 0.7532154635065461
100.0 0.7511698532120437
101.0 0.7509338212549858
102.0 0.75046175734087
103.00000000000001 0.7510911758930249
104.0 0.752192658359295
104.99999999999999 0.7517992717641984
106.0 0.7511698532120437
107.00000000000001 0.7514058851691018
108.0 0.7499110161077347
109.0 0.7509338212549856
110.0 0.7495963068316572
111.0 0.7495176295126372
112.0 0.7492029202365604
113.0 0.7493602748745997
114.0 0.7491242429175426
115.0 0.7519076453456337
116.0 0.7529468228918574
116.99999999999999 0.753567204228734
118.0 0.7534410839953769
119.0 0.7529690200812602
120.0 0.754523281667458
121.0 0.7530581088685071
122.0 0.7480998996280229
122.99999999999999 0.7416010591884102
124.0 0.7441957299394737
125.0 0.7453477316046144
126.0 0.7484161470463682
127.0 0.7516419171261597
128.0 0.7488946938549856
129.0 0.7464361125890624
130.0 0.7515077758560341
131.0 0.7513330048915081
132.0 0.7522385631313633
133.0 0.7545603131135671
134.0 0.7573244307474707
135.0 0.7587406224898179
136.0 0.7572264686342637
137.0 0.7551318772831582
138.0 0.750411238142
139.0 0.7484637043985127
140.0 0.7450760147053921
141.0 0.7477659055577563
142.0 0.7487397296484027
143.0 0.7461329666525383
144.0 0.7507259474180744
145.0 0.7495754838952012
146.0 0.7495353761645583
147.0 0.7462710364963907
148.0 0.7472344491188111
149.0 0.7467920814671112
150.0 0.7469301513109613
151.0 0.7474215000192657
152.0 0.7482869505284784
153.0 0.748739729648405
154.0 0.7511386188073611
155.0 0.7540793758734923
156.0 0.7551318772831592
157.0 0.755298105247158
158.0 0.7531842291018639
159.0 0.7519832463801186
160.0 0.74976099665339
161.0 0.748767887768555
162.0 0.7473219997637925
163.0 0.7472923035013768
164.0 0.7462293906234815
165.0 0.7469968790194863
166.0 0.7424038982539507
167.0 0.7481265196059042
168.0 0.7485688872576037
169.0 0.7539011982989953
170.0 0.7490559493177428
171.0 0.7466168015268136
172.0 0.742587806110543
173.0 0.744759933723159
174.0 0.7412873898926493
175.0 0.744324570929718
176.0 0.7422909102457118
177.0 0.7416911879559731
178.0 0.7460496749067196
179.0 0.7433241268611909
180.0 0.7436581209314586
181.0 0.7242527094207054
182.0 0.7278703626438159
183.0 0.7283103463580554
184.0 0.7247844376927842
185.0 0.7357711042353383
185.99999999999997 0.7329699551553246
187.0 0.7332950758996285
188.0 0.7395996728894021
189.0 0.7359299970156402
190.0 0.7349264766625829
191.0 0.7310223069740284
192.0 0.726850870923741
193.0 0.7304210465420244
194.0 0.7286411644669955
195.0 0.7215467180024959
196.00000000000003 0.7378537459759473
197.00000000000003 0.7278840875392165
197.99999999999997 0.7250115963238781
199.0 0.7332815881468687
200.0 0.7246864755795749
201.0 0.7253529255778365
202.0 0.7248986083156423
203.0 0.7208771917197022
204.0 0.7238549802319376
205.0 0.7179406935527235
206.00000000000003 0.7150222975653182
207.0 0.7163220491851492
208.0 0.7146874299508527
209.0 0.7113964078653028
209.99999999999997 0.7162568748274061
210.99999999999997 0.7266858255743668
212.0 0.7146273728279574
213.0 0.715299975395289
214.00000000000003 0.72302076412741
215.0 0.7262750478549915
216.0 0.7178430869671646
217.0 0.7147465134052607
218.0 0.7251496661677319
219.0 0.7180347522944229
220.0 0.7259395156424604
220.99999999999997 0.7258608383234408
222.0 0.7217013518836466
223.0 0.7213569463451532
224.0 0.7140071831294047
225.0 0.7221688013709587
226.0 0.719236917630787
226.99999999999997 0.7143338420159777
228.0 0.7091604237548922
229.0 0.7164253570825474
230.0 0.7172611113293438
231.0 0.7208760091050767
232.0 0.7196437919786483
233.0 0.7180343967667742
233.99999999999997 0.7160007360827686
235.0 0.7138779866115174
236.0 0.7070076224935793
237.00000000000003 0.714437601170609
238.0 0.719885620977129
239.00000000000003 0.7169818953571101
240.0 0.7156547924020101
241.0 0.7163763760259431
242.0 0.7196021461057365
242.99999999999997 0.7139076828739328
244.0 0.7232035561287048
244.99999999999997 0.7139863601929509
245.99999999999997 0.7115681862398082
247.0 0.7104917856091507
248.0 0.7198590009992532
249.00000000000003 0.7134059226974019
250.0 0.726334440379823
251.0 0.7143442534842049
252.0 0.7187293604128315
253.00000000000003 0.7126696687060783
254.0 0.7209130405511858
