1.0 2.0091466756676963
2.0 2.0436042903158325
3.0 2.0317610465900247
4.0 2.0379291118782143
5.0 2.0428086437996775
6.0 2.028996928956122
7.0 2.0431619226641304
8.0 2.042237079630089
9.0 2.042127167906384
10.0 2.042335041743295
11.0 2.039759513152113
12.0 2.041855642645486
13.0 2.042296472154919
14.0 2.0469488454452858
15.0 2.0449329314131997
16.0 2.0478825618052894
17.0 2.043495916734397
18.0 2.045945325092223
19.0 2.052202479167659
20.0 2.0479716505925367
21.0 2.0467633326870995
22.0 2.0495556084411506
23.0 2.045198659632673
24.0 2.0440481961097987
25.0 2.0450798745830103
26.0 2.051158851083952
27.0 2.049123652257678
28.0 2.051966447210602
29.0 2.04492405808724
30.0 2.045936451766263
31.0 2.0409990654622336
32.0 2.045502957440523
33.0 2.0445781144064785
34.0 2.043899714797721
35.0 2.0429589935794588
36.0 2.037978092934819
37.0 2.0456410272843737
38.0 2.046625262843249
39.0 2.0492513106333012
40.0 2.042149528985109
41.0 2.0459052173615793
42.0 2.0431812074583195
43.0 2.0440096265214223
44.0 2.0473615168345707
45.0 2.045504495582791
46.0 2.0447073109243683
47.0 2.0450397668523665
48.0 2.045758274191768
49.00000000000001 2.0490137405339772
50.0 2.0553985529850363
51.0 2.0421317823331875
52.0 2.0466950668363073
53.0 2.051190085488636
54.0 2.0463475850132786
55.0 2.0514438640976143
56.0 2.045611331021957
57.0 2.0457567360495
58.0 2.0535102973285704
59.0 2.0525661695003397
60.0 2.051483971828257
61.0 2.046670315326127
62.0 2.0526834164077346
63.0 2.04816757481895
64.0 2.0445692410805187
65.0 2.050471578149235
66.0 2.042796694189183
67.0 2.038597100018743
68.0 2.0371913197446245
69.0 2.037605529276175
70.0 2.0443316709811925
71.0 2.0452684636257303
72.0 2.04610267973026
73.0 2.0499578683622075
74.0 2.046338711687316
75.0 2.043022314678012
76.0 2.0402894314487923
77.0 2.0484051449182745
78.0 2.046663832431623
79.0 2.048424429712463
80.0 2.0428200714464153
81.0 2.0472145736647596
82.0 2.050165742199118
83.0 2.0483264675992583
84.0 2.0427091435442026
85.0 2.043320815444436
86.0 2.048759961924997
87.0 2.0516061634878877
88.0 2.051130692963803
89.0 2.0561764528492676
90.0 2.057660910442408
91.0 2.054286659050536
92.0 2.0563291930605043
92.99999999999999 2.0462653653914766
94.0 2.0508055722195015
95.0 2.050440343744553
96.0 2.0462136076324744
97.0 2.0460922682620346
98.00000000000001 2.0423558646797497
98.99999999999999 2.048681284605977
100.0 2.053873987661253
101.0 2.0538932724554417
102.0 2.0538354180728766
103.00000000000001 2.0561749147070016
104.0 2.0514928451542187
104.99999999999999 2.052045124529621
106.0 2.052034713061394
107.00000000000001 2.051109870027351
108.0 2.050894661006749
109.0 2.0504627048232758
110.0 2.051445402239884
111.0 2.051641326466298
112.0 2.048506183316022
113.0 2.048613018755188
114.0 2.0508842495385204
115.0 2.0492408991650763
116.0 2.0411150525544897
116.99999999999999 2.0419728895528833
118.0 2.04103917319288
119.0 2.0418926740915984
120.0 2.043478170082479
121.0 2.0425918966368104
122.0 2.0411652934262343
122.99999999999999 2.040917311858681
124.0 2.0471848774023433
125.0 2.0450501783205963
126.0 2.043023852820281
127.0 2.045011608732219
128.0 2.0419015474175555
129.0 2.0465153511195466
130.0 2.0370759413049306
131.0 2.0370220154960923
132.0 2.041466514949551
133.0 2.041242432602985
134.0 2.039490708648104
135.0 2.0393912083926313
136.0 2.0387054736001797
137.0 2.044151955264432
138.0 2.0433312269126667
139.0 2.039563811307317
140.0 2.0357013954354897
141.0 2.0380077891972306
142.0 2.0393807969244016
143.0 2.0411251856955914
144.0 2.0444207597684394
145.0 2.043501713775821
146.0 2.042429927571967
147.0 2.0462392114318444
148.0 2.048050327911556
149.0 2.0493107031581306
150.0 2.0496061276400215
151.0 2.0503335083053833
152.0 2.048896493626582
153.0 2.0507535148783624
154.0 2.0471343582034756
155.0 2.0440778923722163
156.0 2.0420901364602786
157.0 2.0435657207274582
158.0 2.039544304131513
159.0 2.0465273007300433
160.0 2.0459765594969084
161.0 2.048896493626583
162.0 2.047795011160314
163.0 2.050330432020851
164.0 2.0486203539388805
165.0 2.0494769311221326
166.0 2.0458473629790155
167.0 2.046387692743922
168.0 2.048511980357445
169.0 2.043868480393038
170.0 2.036619755575034
171.0 2.0281085954044302
172.0 2.0284222885019947
173.0 2.0213679497681363
174.0 2.0258436836262788
175.0 2.0209375317269314
176.0 2.0199949420409684
177.0 2.029780625861776
178.0 2.0264850517889275
179.0 2.024570176154583
180.0 2.0239882005167624
181.0 1.995719750158129
182.0 1.979232764287382
183.0 1.9768942221984414
184.0 1.9906063006462107
185.0 1.9876477969281572
185.99999999999997 1.9871069451994905
187.0 1.9916040239578439
188.0 1.9931494122180833
189.0 1.9894010590253046
190.0 1.9950345915900125
191.0 1.9924431848146114
192.0 1.9964569359014308
193.0 2.000773776979265
194.0 2.0087097747319884
195.0 1.998992356761969
196.00000000000003 2.001729854417993
197.00000000000003 1.9934479129845073
197.99999999999997 1.9954846499530496
199.0 2.001008270794056
200.0 1.9972036013609804
201.0 2.0004710173136804
202.0 2.001128593985985
203.0 1.9979398553523011
204.0 1.9919515057808737
205.0 1.9947349082089638
206.00000000000003 1.9924063172578197
207.0 1.9938551176577979
208.0 1.981033821685484
209.0 1.967684087066452
209.99999999999997 1.9627143942337248
210.99999999999997 1.9664777758683267
212.0 1.9714950473082085
213.0 1.9698486206502284
214.00000000000003 1.960407342367915
215.0 1.9530055218110307
216.0 1.9523062992658116
217.0 1.960845095592807
218.0 1.9576312751235119
219.0 1.9636291838739786
220.0 1.962032946089438
220.99999999999997 1.954582144475947
222.0 1.9524257701685548
223.0 1.9620689336080315
224.0 1.9634969110715543
225.0 1.958730367158325
226.0 1.9562319777438977
226.99999999999997 1.9626727761098197
228.0 1.957488946380504
229.0 1.957386369840493
230.0 1.9499883114212209
231.0 1.9522822336087118
232.0 1.9474528905606845
233.0 1.9498379616414447
233.99999999999997 1.955668956574833
235.0 1.953189851954593
236.0 1.9583142891590755
237.00000000000003 1.952835034947871
238.0 1.9553392214037255
239.00000000000003 1.96125196994067
240.0 1.959537277431897
241.0 1.958149077373583
242.0 1.9594261830935715
242.99999999999997 1.9631378351656714
244.0 1.9633056012719383
244.99999999999997 1.955715547199976
245.99999999999997 1.965013810886206
247.0 1.9581186952580911
248.0 1.9660096405279368
249.00000000000003 1.9661970469560364
250.0 1.9595152718808195
251.0 1.950099430961761
252.0 1.95577271572947
253.00000000000003 1.9471166724950788
254.0 1.9455342527887352
