1.0 1.3252681980237229
2.0 1.3658819041002515
3.0 1.3688168641249556
4.0 1.3694269978829208
5.0 1.3764115326237212
6.0 1.3640723257628065
7.0 1.377002381587498
8.0 1.3749182017046206
9.0 1.380149474348271
10.0 1.3780355982029768
11.0 1.3735390414083828
12.0 1.3761161081418316
13.0 1.3729096228562263
14.0 1.373755788571252
15.0 1.3773764833884068
16.0 1.3801999935471432
17.0 1.3765511406098383
18.0 1.380329190065033
19.0 1.3781840795150568
20.0 1.3801807087529538
21.0 1.3756544556959436
22.0 1.377858958770751
23.0 1.3800723351715192
24.0 1.3796388408457785
25.0 1.379806606952046
26.0 1.3793137201014751
27.0 1.3753027149737564
28.0 1.378311737890679
29.0 1.3793137201014747
30.0 1.3801317276963505
31.0 1.3810831907082752
32.0 1.3802385631355178
33.0 1.3838785427468618
34.0 1.3805636838798234
35.0 1.378713997811736
36.0 1.3812910645451855
37.0 1.3807804310426923
38.0 1.3843120370726028
39.0 1.3817453818073804
40.0 1.3766001216664425
41.0 1.3853155574256653
42.0 1.3843907143916219
43.0 1.3782538835081153
44.0 1.3801004932916674
45.0 1.3863962169554809
46.0 1.3832090164640645
47.0 1.3863279511046884
48.0 1.3801109047598936
49.00000000000001 1.3840126840169882
50.0 1.3767486029785212
51.0 1.3822471419839124
52.0 1.3869959392452202
53.0 1.3856198552335146
54.0 1.3840848784415063
55.0 1.3846861388735112
56.0 1.382993807443464
57.0 1.3839275238034667
58.0 1.387123597620842
59.0 1.3847523446182783
60.0 1.388412130987567
61.0 1.3874174839604645
62.0 1.3825202053870793
63.0 1.386749495819934
64.0 1.3823138696924377
65.0 1.386434786543857
66.0 1.3862566089693635
67.0 1.3835534220025592
68.0 1.3867807302246171
69.0 1.3841249861721499
70.0 1.3847841009867194
71.0 1.386238862317442
72.0 1.387772300967185
73.0 1.3845851004757692
74.0 1.3834924913354598
75.0 1.3816462118773387
76.0 1.385717817346723
77.0 1.3891306383269677
78.0 1.3825024587351582
79.0 1.3875867882089998
80.0 1.3795306311536668
81.0 1.385049829206193
82.0 1.3819991604163602
83.0 1.3852160571701913
84.0 1.3841635557605252
85.0 1.3856584248218906
86.0 1.386179469792611
87.0 1.3842318216113165
88.0 1.3821179454660224
89.0 1.387644642591563
90.0 1.3851863609077768
91.0 1.387093901358427
92.0 1.3840906754829303
92.99999999999999 1.3748884559906938
94.0 1.3849888985390928
95.0 1.386425913217895
96.0 1.3896027022410833
97.0 1.388441827249981
98.00000000000001 1.3884032576616063
98.99999999999999 1.3923965161374028
100.0 1.391767097585248
101.0 1.3891707460576113
102.0 1.3900554813610113
103.00000000000001 1.3897897531415384
104.0 1.390478564218523
104.99999999999999 1.3928388837891021
106.0 1.3947761205021694
107.00000000000001 1.3949141903460203
108.0 1.3945994810699434
109.0 1.3934979986036724
110.0 1.3940487398368078
111.0 1.3935469796602766
112.0 1.392060983924871
113.0 1.3917061669181505
114.0 1.3885100931007748
115.0 1.3870850280324665
116.0 1.3795210719746267
116.99999999999999 1.3777772051671953
118.0 1.382944826386857
119.0 1.3830724847624805
120.0 1.3861705964666498
121.0 1.3867020529055971
122.0 1.3871725786774456
122.99999999999999 1.377351101970656
124.0 1.385275449695019
125.0 1.383672207052219
126.0 1.3855010701838515
127.0 1.385076449184071
128.0 1.384256903446928
129.0 1.3835346314231216
130.0 1.3707368484008562
131.0 1.3806481582402674
132.0 1.3766475645807787
133.0 1.3769622738568565
134.0 1.3824311165998322
135.0 1.3835534220025572
136.0 1.385067575858112
137.0 1.3857178173467213
138.0 1.3848226705750937
139.0 1.3868805608055252
140.0 1.3815158049958185
141.0 1.3831955287113016
142.0 1.3842954730353052
143.0 1.3829996044848871
144.0 1.3849665374603706
145.0 1.384663777794787
146.0 1.387228894917743
147.0 1.3875347308678583
148.0 1.3923637435904523
149.0 1.3876342311233336
150.0 1.387545142336086
151.0 1.3894823790491548
152.0 1.3834242254846667
153.0 1.3866885651528342
154.0 1.3857830069129786
155.0 1.3867865272660416
156.0 1.382065888124882
157.0 1.3850066451910128
158.0 1.3852442152903393
159.0 1.3800900818234407
160.0 1.3798926194547587
161.0 1.385656886679624
162.0 1.3823509011385446
163.0 1.3827458258759089
164.0 1.381595362353036
165.0 1.3788802257757355
166.0 1.3789974726831316
167.0 1.3756544556959422
168.0 1.3717190516027102
169.0 1.3744712196261162
170.0 1.3662568001455415
171.0 1.357552938614563
172.0 1.3643593321231702
173.0 1.362766045744164
174.0 1.3632276981900517
175.0 1.3690498197974785
176.0 1.3647730864502898
177.0 1.36229244368778
178.0 1.3675638240620716
179.0 1.356400518087291
180.0 1.3520539807470404
181.0 1.348252661978429
182.0 1.347250730970659
183.0 1.3311946445308218
184.0 1.3434916155244896
185.0 1.3341112679092706
185.99999999999997 1.3287153054438867
187.0 1.3421032515768583
188.0 1.3315693641542323
189.0 1.3328015812806577
190.0 1.3320992824509088
191.0 1.3333002651726544
192.0 1.34102259204704
193.0 1.336321237700071
194.0 1.3391655707952603
195.0 1.3367354472316226
196.00000000000003 1.3320059347645052
197.00000000000003 1.3396480461776037
197.99999999999997 1.3328073783220813
199.0 1.3307023755027514
200.0 1.3339609181294922
201.0 1.3349316659356003
202.0 1.3322982829618564
203.0 1.3381412275057392
204.0 1.3387602345896694
205.0 1.3250094504132095
206.00000000000003 1.3310379077152783
207.0 1.327123440996305
208.0 1.3321371141878997
209.0 1.3268677726646163
209.99999999999997 1.3207821923373733
210.99999999999997 1.3246812533843666
212.0 1.3237659695293607
213.0 1.3178451999556473
214.00000000000003 1.3261880720562294
215.0 1.3222229717005802
216.0 1.3200543174572597
217.0 1.3132776565533697
218.0 1.3324660490681215
219.0 1.3207712866543937
220.0 1.3206941474776415
220.99999999999997 1.3231123214307827
222.0 1.3108282481955433
223.0 1.3186662838350611
224.0 1.316896813228258
225.0 1.324575956087465
226.0 1.323651113053424
226.99999999999997 1.3203080960662388
228.0 1.3239777719400012
229.0 1.3214481481208864
230.0 1.3170526297240341
231.0 1.312232490327397
232.0 1.3149981461035676
233.0 1.322571991665877
233.99999999999997 1.3237031703945645
235.0 1.32431330415253
236.0 1.3192748794507576
237.00000000000003 1.321598167575229
238.0 1.3256419452498962
239.00000000000003 1.3148303799973007
240.0 1.3170468326826057
241.0 1.31791961837551
242.0 1.321924826461802
242.99999999999997 1.3230768281269436
244.0 1.3199891278910036
244.99999999999997 1.3257696036255242
245.99999999999997 1.3207951858753866
247.0 1.3139888287090817
248.0 1.315087234890817
249.00000000000003 1.3245909819825
250.0 1.3305777934116583
251.0 1.3284654554086335
252.0 1.3339906143919058
253.00000000000003 1.3173318456962655
254.0 1.314507813573775
