1.0 0.99556054820705
2.0 1.0158283651911917
3.0 1.0152957261376216
4.0 1.019955434611683
5.0 1.0197745362802975
6.0 1.0101670300339816
7.0 1.022277540121528
8.0 1.0131224574674975
9.0 1.0246274482238806
10.0 1.0238464720751126
11.0 1.0246467330180702
12.0 1.005700499827233
13.0 1.0221290588094505
14.0 1.0164670125969486
15.0 1.0251619809473627
16.0 1.0284945864663193
17.0 1.0236239278708164
18.0 1.0194941376934352
19.0 1.0192446179836179
20.0 1.0285138712605126
21.0 1.0230079970714223
22.0 1.0237932321193506
23.0 1.0278161868575624
24.0 1.0344918093637117
25.0 1.027216464567825
26.0 1.0258403805561223
27.0 1.0227673506875645
28.0 1.021196880591716
29.0 1.0290765621041398
30.0 1.0235973078929372
31.0 1.0208019558543522
32.0 1.0301780445704107
33.0 1.0279156871130384
34.0 1.0213839314921698
35.0 1.0340277664863637
36.0 1.0328129656864249
37.0 1.035498406001309
38.0 1.0353514628314966
39.0 1.0295783222806718
40.0 1.0402591528731095
41.0 1.0318213949438566
42.0 1.0315259704619664
43.0 1.0258122224359707
44.0 1.0298425123578752
45.0 1.0315155589937366
46.0 1.0281517190700957
47.0 1.0313879006181135
48.0 1.0241587909197314
49.00000000000001 1.03475020239949
50.0 1.0360699701708966
51.0 1.0284112947204982
52.0 1.0373585035376225
53.0 1.0357151531641762
54.0 1.0373762501895412
55.0 1.0388919421873641
56.0 1.0383797705426046
57.0 1.0317812872132088
58.0 1.0354494249447042
59.0 1.0339995806172084
60.0 1.034061391322504
61.0 1.0349234074727423
62.0 1.034050979854277
63.0 1.0346210058815992
64.0 1.0393624679592137
65.0 1.034995107682508
66.0 1.0372352679504764
67.0 1.0410266412691125
68.0 1.0408885714252616
69.0 1.0394619682146866
70.0 1.038498555592268
71.0 1.036253944786816
72.0 1.0351836967252295
73.0 1.0334736186432598
74.0 1.0277166866020875
75.0 1.0262354197312886
76.0 1.0303442725344063
77.0 1.0367734516152671
78.0 1.038740384590752
79.0 1.0413398124029225
80.0 1.0416789151147405
81.0 1.0415133755506139
82.0 1.0403185453979396
83.0 1.044369658256301
84.0 1.040858875162849
85.0 1.043810043697205
86.0 1.0433275683148624
87.0 1.041027657447624
88.0 1.0429044854573513
89.0 1.0414184897219452
90.0 1.0411647111129658
91.0 1.0372991110127918
92.0 1.0363653669037811
92.99999999999999 1.0356572775266
94.0 1.0414601355948545
95.0 1.0415789206445178
96.0 1.0441945569663411
97.0 1.0450367941076408
98.00000000000001 1.043161340350865
98.99999999999999 1.0434864610951688
100.0 1.0446369246180434
101.0 1.0438100436972073
102.0 1.0451965391771385
103.00000000000001 1.0470550985711866
104.0 1.0482545431506642
104.99999999999999 1.0478908528179833
106.0 1.0480185111936065
107.00000000000001 1.047340111584849
108.0 1.0467211045009228
109.0 1.046456914423716
110.0 1.0467716236997926
111.0 1.0474010422519477
112.0 1.044568658767253
113.0 1.040811432248513
114.0 1.041313192425044
115.0 1.0406540776104722
116.0 1.0398924422014
116.99999999999999 1.0411423500342427
118.0 1.0426684535002926
119.0 1.0448818299010612
120.0 1.0489047846392727
121.0 1.050350672644037
122.0 1.0470743833653744
122.99999999999999 1.0430128590387835
124.0 1.0437016701157695
125.0 1.04523664690778
126.0 1.0445389625048325
127.0 1.043437480038562
128.0 1.043455226690483
129.0 1.0378498522459236
130.0 1.0325738574448287
131.0 1.033650258075483
132.0 1.0351258423426626
133.0 1.0351258423426621
134.0 1.033415764260694
135.0 1.0320188573125348
136.0 1.0341030371954125
137.0 1.0383620238906828
138.0 1.0403274187238984
139.0 1.040559522107236
140.0 1.0398129927879975
141.0 1.0413753057067665
142.0 1.0416618568626943
143.0 1.0407667100910678
144.0 1.0415638947494883
145.0 1.039096739739741
146.0 1.0382698588189037
147.0 1.039430733810005
148.0 1.0372871614022947
149.0 1.0395005378030642
150.0 1.0390477586831357
151.0 1.0374252312461458
152.0 1.0381614852374677
153.0 1.0404253808371078
154.0 1.0343182462160185
155.0 1.0388310115202661
156.0 1.0387731571377021
157.0 1.0371001105018407
158.0 1.0401596526176335
159.0 1.0368937748071982
160.0 1.0348377530444675
161.0 1.032124154609435
162.0 1.0343359928679368
163.0 1.0321330279353949
164.0 1.033451257564535
165.0 1.0333324725148723
166.0 1.0349951076825055
167.0 1.03872263793883
168.0 1.0369115214591191
169.0 1.0312348048792335
170.0 1.0326093507486724
171.0 1.0273147570064638
172.0 1.0264912826955939
173.0 1.023498990252079
174.0 1.022559476850655
175.0 1.025096435853459
176.0 1.0253725755411622
177.0 1.029659720356579
178.0 1.0307908990852659
179.0 1.020982854185732
180.0 1.0241403584147342
181.0 1.0134339395577097
182.0 1.011124937662111
183.0 1.0177645387962249
184.0 1.0247221706107315
185.0 1.0205693027582572
185.99999999999997 1.0235256102299672
187.0 1.0220885955511672
188.0 1.0275663116201024
189.0 1.0229984126901788
190.0 1.02134039194935
191.0 1.0126442409843142
192.0 1.0172580446863069
193.0 1.0115130622556254
194.0 1.0160111571924921
195.0 1.0180463560187616
196.00000000000003 1.0180270712245754
197.00000000000003 1.0239055090723
197.99999999999997 1.0204244222412668
199.0 1.0150045605548916
200.0 1.0171423359211769
201.0 1.0097925727054275
202.0 1.0132231403375966
203.0 1.0140307364642434
204.0 1.010083382760517
205.0 1.0065444415469162
206.00000000000003 1.007067024659902
207.0 1.007234268802406
208.0 1.0100478894566751
209.0 0.998673466924334
209.99999999999997 1.0091208198804917
210.99999999999997 1.0111567071066379
212.0 1.003173266439581
213.0 1.0032801018787474
214.00000000000003 1.004972433308797
215.0 1.0126473172688462
216.0 1.0097466679333609
217.0 0.9985135579655189
218.0 1.0080558746455788
219.0 1.0101712889331407
220.0 1.0117656582499852
220.99999999999997 1.006360466930993
222.0 0.9934203551657192
223.0 1.0039839388507623
224.0 1.0060650424491036
225.0 1.00960244552044
226.0 1.004788458692879
226.99999999999997 1.00907406536603
228.0 0.9960313770607455
229.0 0.9986959944391743
230.0 0.9945230202466125
231.0 1.0000929013873343
232.0 0.9963653711310106
233.0 1.0021979042066669
233.99999999999997 1.0032978485306696
235.0 1.0057295102365733
236.0 1.0009093708399424
237.00000000000003 0.9975648157104869
238.0 1.0010192825636448
239.00000000000003 1.0024948668308222
240.0 1.001424618769238
241.0 1.0020170058752806
242.0 1.006673638064807
242.99999999999997 1.0034613557377776
244.0 1.0097169716709467
244.99999999999997 0.995394623324896
245.99999999999997 1.01033751689714
247.0 1.008211691141353
248.0 1.0048389778917481
249.00000000000003 1.0029225641151371
250.0 0.9973958669895959
251.0 0.9995066668503579
252.0 1.005447573507451
253.00000000000003 1.006002929167389
254.0 1.004583661140505
